# Segment list file created Fri Jun 03 14:26:15 BST 2005 by ram on lnx5.sr.bham.ac.uk
# Input: S3H1L1v05_segs.txt (run S3, ifos H1L1, version 05)
# Use only non-playground data
# Minimum segment length to analyze: 182
# Don't analyze data with the following flags: H1:ACOUSTIC_ELEVATED H1:AIRPLANE H1:CALIB_LINE_V03 H1:DAQ_OVERFLOW H1:DUST H1:INJECTION_STOCHASTIC H1:INVALID_TIMING H1:LIGHTDIP H1:NO_CALIB_LINE_V01 H1:NO_CALIB_LINE_V02 H1:NO_EXCITATION_V02 H1:OUTSIDE_S3 H1:PRELOCKLOSS_10 H1:SEISMIC_ELEVATED H1:SEISMIC_HIGH H1:SEISMIC_TRANSIENT H1:UNLOCKED L1:AIRPLANE L1:CALIB_LINE_V03 L1:DAQ_OVERFLOW L1:DCU_TIMING_OFFSET L1:DUST L1:FE_SYNCH_ERROR L1:FE_SYNCH_WARNING L1:INJECTION_STOCHASTIC L1:LIGHTDIP L1:NO_CALIB_LINE_V01 L1:NO_CALIB_LINE_V02 L1:NO_EXCITATION_V02 L1:OUTSIDE_S3 L1:PRELOCKLOSS_10 L1:UNLOCKED
# Total duration of segments to be analyzed: 548866
#seg    start      stop    duration
 120  753582433  753582660    227
 120  753582720  753584557   1837
 121  753590360  753590833    473
 122  753591883  753593911   2028
 124  753595428  753596520   1092
 124  753596580  753596940    360
 124  753597240  753597660    420
 124  753598020  753598560    540
 124  753598800  753599263    463
 125  753601318  753602106    788
 126  753602346  753606793   4447
 127  753608460  753608743    283
 128  753614232  753616963   2731
 129  753618322  753619739   1417
 129  753620353  753620623    270
 130  753622000  753622993    993
 131  753624765  753625304    539
 132  753628866  753629083    217
 134  753633708  753634064    356
 135  753635766  753636013    247
 136  753637415  753637827    412
 136  753637830  753638679    849
 136  753639463  753639973    510
 137  753646406  753646963    557
 138  753649788  753651603   1815
 139  753653423  753653673    250
 139  753653799  753657943   4144
 140  753663737  753664343    606
 141  753666648  753667140    492
 141  753667200  753668143    943
 142  753669348  753670093    745
 143  753768672  753769543    871
 144  753769690  753771060   1370
 144  753771120  753771348    228
 145  753775750  753776040    290
 145  753776100  753776388    288
 146  753782697  753785191   2494
 148  753788884  753789708    824
 149  753792343  753793200    857
 153  753846664  753847008    344
 155  753850804  753854053   3249
 157  753866359  753867373   1014
 166  753945223  753947164   1941
 166  753947167  753947979    812
 166  753948300  753948764    464
 167  753950100  753950340    240
 169  753954408  753954881    473
 169  753954884  753955159    275
 170  753958728  753959353    625
 171  753967190  753967393    203
 172  753976188  753976393    205
 173  753977928  753978144    216
 174  753978625  753979033    408
 176  753990708  753991573    865
 177  754005588  754008323   2735
 177  754008923  754013160   4237
 177  754013220  754014433   1213
 179  754018870  754019679    809
 179  754019682  754020339    657
 179  754020342  754020550    208
 179  754020553  754020891    338
 185  754180913  754182060   1147
 185  754182120  754183304   1184
 186  754189542  754193053   3511
 186  754193653  754194204    551
 187  754195488  754195824    336
 188  754196928  754197613    685
 189  754200228  754203073   2845
 190  754205388  754205793    405
 190  754206393  754207500   1107
 191  754209408  754210573   1165
 192  754213780  754214293    513
 193  754216668  754217115    447
 193  754217118  754218533   1415
 193  754219133  754219633    500
 194  754220411  754224271   3860
 194  754224272  754224903    631
 195  754226208  754226893    685
 196  754227854  754231273   3419
 198  754237265  754237643    378
 198  754238243  754238593    350
 200  754242934  754243573    639
 201  754246054  754246993    939
 202  754248536  754250383   1847
 202  754250983  754251504    521
 203  754252403  754254106   1703
 203  754254107  754255668   1561
 204  754260439  754263123   2684
 204  754263723  754265340   1617
 204  754265400  754267080   1680
 204  754267140  754269493   2353
 204  754270093  754272361   2268
 204  754272362  754273488   1126
 205  754281090  754282233   1143
 208  754331230  754331700    470
 208  754331760  754332066    306
 209  754376697  754376896    199
 211  754376931  754377568    637
 212  754381017  754381302    285
 215  754472435  754472653    218
 216  754475928  754479212   3284
 216  754479227  754479703    476
 217  754481328  754481855    527
 217  754481858  754482073    215
 218  754483179  754483459    280
 218  754483515  754483721    206
 220  754489436  754489633    197
 221  754532640  754532898    258
 221  754532906  754533120    214
 221  754533240  754533579    339
 222  754539713  754540513    800
 223  754545828  754547233   1405
 224  754549126  754549559    433
 225  754550491  754550719    228
 225  754550722  754551203    481
 226  754561613  754562513    900
 226  754563113  754568883   5770
 226  754569483  754573393   3910
 227  754574568  754575253    685
 227  754575853  754577122   1269
 255  755328088  755328604    516
 257  755340468  755340840    372
 257  755340960  755346023   5063
 257  755346623  755347813   1190
 258  755349468  755351927   2459
 258  755351931  755352393    462
 259  755354088  755357820   3732
 260  755359408  755362238   2830
 262  755366068  755367158   1090
 263  755367948  755368813    865
 265  755503325  755503980    655
 265  755504040  755505273   1233
 266  755509989  755511013   1024
 267  755512680  755515058   2378
 268  755515848  755518013   2165
 269  755519568  755524383   4815
 269  755524983  755527873   2890
 270  755532841  755533181    340
 272  755574720  755575343    623
 272  755575943  755576280    337
 272  755576340  755576564    224
 273  755607793  755613218   5425
 274  755614248  755614655    407
 277  755757480  755760073   2593
 277  755760673  755762919   2246
 277  755762922  755763193    271
 278  755780748  755781150    402
 280  755781912  755783217   1305
 281  755783748  755785553   1805
 282  755786868  755790193   3325
 284  755794440  755795040    600
 285  755798928  755799780    852
 286  755801088  755802464   1376
 287  755805660  755806680   1020
 287  755806740  755807430    690
 287  755807508  755808044    536
 312  755905331  755906583   1252
 312  755907183  755907900    717
 312  755907960  755910003   2043
 313  755910044  755910360    316
 313  755910480  755910716    236
 313  755910906  755912953   2047
 314  755913851  755914393    542
 315  755915319  755919323   4004
 317  755924028  755924953    925
 318  755927418  755927891    473
 319  755928551  755928840    289
 319  755928900  755929560    660
 319  755929620  755930520    900
 319  755930580  755932063   1483
 319  755932663  755932968    305
 320  755934327  755935860   1533
 320  755935920  755938308   2388
 321  755943228  755944803   1575
 321  755945403  755945819    416
 322  755946828  755951173   4345
 322  755951773  755957543   5770
 323  755959479  755963003   3524
 323  755963008  755963913    905
 323  755964513  755964948    435
 325  755971788  755976043   4255
 326  755976049  755976653    604
 328  755977511  755979528   2017
 329  755980800  755981100    300
 329  755981160  755982073    913
 330  755988384  755989393   1009
 330  755989993  755992931   2938
 330  755993281  755995763   2482
 331  755996363  755996640    277
 331  755996700  755997193    493
 332  756000120  756002133   2013
 332  756002733  756003588    855
 334  756008198  756008503    305
 334  756009103  756009394    291
 334  756009397  756010830   1433
 335  756011148  756011773    625
 336  756015473  756016393    920
 337  756018233  756019488   1255
 338  756022200  756024600   2400
 338  756024660  756025440    780
 338  756025500  756027613   2113
 338  756028213  756028568    355
 338  756028572  756028908    336
 339  756052908  756053093    185
 340  756062701  756065833   3132
 340  756066433  756068362   1929
 341  756068532  756072203   3671
 341  756072803  756073728    925
 343  756075393  756077760   2367
 343  756077820  756078573    753
 343  756079173  756080340   1167
 344  756081023  756082153   1130
 345  756082866  756083220    354
 345  756083280  756084943   1663
 346  756086558  756086865    307
 347  756088533  756088740    207
 347  756088800  756091313   2513
 349  756094548  756096210   1662
 350  756096443  756097273    830
 353  756100784  756104053   3269
 353  756104653  756107148   2495
 354  756107868  756110028   2160
 355  756111023  756113047   2024
 356  756116331  756116793    462
 356  756117393  756118633   1240
 357  756121021  756122893   1872
 360  756130560  756132108   1548
 361  756141588  756141948    360
 362  756143628  756145004   1376
 364  756152868  756153840    972
 364  756153900  756154860    960
 365  756177121  756177420    299
 365  756177480  756180493   3013
 366  756182314  756183524   1210
 367  756185041  756186863   1822
 367  756187463  756190308   2845
 368  756191396  756193233   1837
 368  756193833  756196668   2835
 369  756200578  756205973   5395
 370  756210296  756212343   2047
 370  756212943  756215808   2865
 372  756217157  756217968    811
 374  756297553  756298308    755
 375  756302123  756303528   1405
 376  756390413  756390703    290
 376  756391303  756392804   1501
 377  756393533  756394333    800
 378  756395033  756397068   2035
 379  756403253  756403443    190
 380  756404093  756404564    471
 381  756415553  756416183    630
 382  756416873  756420944   4071
 383  756422093  756422553    460
 384  756429818  756433008   3190
 385  756437133  756437400    267
 385  756437460  756439993   2533
 386  756448633  756451488   2855
 387  756464222  756466655   2433
 388  756466690  756467143    453
 388  756467743  756468464    721
 389  756469673  756470113    440
 390  756471670  756473513   1843
 390  756474113  756478566   4453
 390  756478567  756478908    341
 390  756478909  756479413    504
 391  756480483  756482727   2244
 392  756485408  756486253    845
 393  756487861  756488220    359
 393  756488280  756490560   2280
 393  756490680  756490920    240
 393  756491040  756492623   1583
 393  756493223  756498993   5770
 394  756501989  756502294    305
 395  756503580  756505320   1740
 395  756505963  756506934    971
 395  756506954  756507713    759
 395  756508366  756509924   1558
 396  756522668  756523188    520
 397  756528057  756529346   1289
 399  756529521  756529768    247
 400  756529811  756530843   1032
 400  756531443  756532680   1237
 400  756532740  756534228   1488
 401  756536111  756536868    757
 402  756538304  756540180   1876
 402  756540240  756542748   2508
 403  756547796  756547985    189
 405  756548496  756549953   1457
 406  756552408  756556264   3856
 407  756556923  756560508   3585
 408  756561348  756562693   1345
 408  756563293  756566220   2927
 408  756566280  756566760    480
 409  756568704  756569063    359
 409  756569663  756571620   1957
 409  756571740  756572928   1188
 410  756590388  756592476   2088
 411  756592619  756594543   1924
 413  756596398  756599400   3002
 414  756601536  756601972    436
 415  756602205  756602504    299
 423  756678853  756679539    686
 424  756679606  756679848    242
 426  756690693  756695688   4995
 428  756702482  756702833    351
 428  756703433  756709203   5770
 428  756709803  756710820   1017
 428  756710880  756711588    708
 429  756712708  756715573   2865
 429  756716173  756716388    215
 430  756718245  756719735   1490
 431  756731889  756732620    731
 432  756808728  756811123   2395
 432  756811723  756814393   2670
 433  756848414  756849343    929
 433  756850260  756851893   1633
 434  756860722  756861600    878
 435  756862813  756863568    755
 436  756864531  756864793    262
 437  756873720  756874693    973
 438  756875825  756876300    475
 438  756876540  756878640   2100
 438  756878700  756880680   1980
 438  756880740  756881193    453
 438  756881793  756882000    207
 438  756882060  756882780    720
 439  756885977  756886248    271
 440  756889020  756891433   2413
 441  756894913  756900303   5390
 441  756900903  756906673   5770
 441  756907273  756907908    635
 442  756908944  756909780    836
 442  756909900  756910200    300
 442  756910260  756911040    780
 442  756911100  756912253   1153
 443  756930168  756932071   1903
 456  757047842  757048393    551
 466  757210093  757211444   1351
 467  757213306  757216140   2834
 468  757218468  757218803    335
 468  757219403  757220047    644
 469  757220354  757225173   4819
 469  757225773  757226686    913
 470  757226926  757227408    482
 471  757228892  757231128   2236
 472  757235579  757237913   2334
 473  757239946  757240140    194
 473  757240200  757242673   2473
 474  757243606  757244028    422
 475  757245171  757249215   4044
 476  757249259  757250653   1394
 476  757251253  757257023   5770
 476  757257623  757259928   2305
 477  757261068  757263393   2325
 477  757263993  757267968   3975
 478  757269468  757269763    295
 478  757270363  757271328    965
 479  757273306  757275168   1862
 480  757277890  757278180    290
 480  757278240  757282503   4263
 480  757283103  757287180   4077
 480  757287240  757288128    888
 481  757291429  757291860    431
 481  757291920  757293900   1980
 481  757293960  757294573    613
 482  757296120  757296360    240
 482  757296480  757296960    480
 482  757297020  757297440    420
 483  757298266  757300980   2714
 483  757301100  757301613    513
 483  757302213  757302433    220
 484  757306427  757307983   1556
 484  757308583  757309740   1157
 484  757309800  757312320   2520
 484  757312440  757313580   1140
 484  757313640  757314000    360
 484  757314060  757314353    293
 484  757315140  757317540   2400
 484  757317600  757318680   1080
 484  757318740  757320723   1983
 484  757321323  757321740    417
 484  757321800  757324244   2444
 485  757325206  757325473    267
 486  757330336  757333463   3127
 486  757334063  757335420   1357
 486  757335480  757336140    660
 486  757336620  757337823   1203
 487  757337926  757339833   1907
 487  757340433  757342068   1635
 488  757345931  757346203    272
 488  757346940  757348393   1453
