# Segment list file created Wed Jun 22 15:28:42 BST 2005 by ram on localhost.localdomain
# Input: S3H1L1v06_segs.txt (run S3, ifos H1L1, version 06)
# Use only non-playground data
# Don't analyze data with the following flags: H1:ACOUSTIC_ELEVATED H1:AIRPLANE H1:CALIB_LINE_V03 H1:DAQ_OVERFLOW H1:DUST H1:INJECTION_STOCHASTIC H1:INVALID_TIMING H1:LIGHTDIP H1:NO_CALIB_LINE_V01 H1:NO_CALIB_LINE_V02 H1:NO_EXCITATION_V02 H1:NONSTATIONARY_PSD_H1L1 H1:OUTSIDE_S3 H1:PRELOCKLOSS_10 H1:SEISMIC_ELEVATED H1:SEISMIC_HIGH H1:SEISMIC_TRANSIENT H1:UNLOCKED L1:AIRPLANE L1:CALIB_LINE_V03 L1:DAQ_OVERFLOW L1:DCU_TIMING_OFFSET L1:DUST L1:FE_SYNCH_ERROR L1:FE_SYNCH_WARNING L1:INJECTION_STOCHASTIC L1:LIGHTDIP L1:NO_CALIB_LINE_V01 L1:NO_CALIB_LINE_V02 L1:NO_EXCITATION_V02 L1:NONSTATIONARY_PSD_H1L1 L1:NONSTATIONARY_PSD_H2L1 L1:OUTSIDE_S3 L1:PRELOCKLOSS_10 L1:UNLOCKED
# Total duration of segments to be analyzed: 357036
#seg    start      stop    duration
 120  753582433  753582643    210
 120  753582720  753582763     43
 120  753582823  753583063    240
 120  753583123  753583183     60
 120  753583393  753583603    210
 120  753583663  753583753     90
 120  753583813  753583933    120
 120  753584023  753584173    150
 120  753584323  753584413     90
 120  753584503  753584557     54
 121  753590360  753590536    176
 121  753590596  753590833    237
 122  753591768  753591877    109
 122  753591883  753592292    409
 122  753592562  753592682    120
 122  753592802  753592832     30
 122  753593042  753593072     30
 122  753593132  753593252    120
 122  753593582  753593672     90
 122  753593762  753593911    149
 123  753593944  753594103    159
 124  753595428  753595616    188
 124  753595706  753595826    120
 124  753595886  753596006    120
 124  753596426  753596520     94
 124  753596580  753596606     26
 124  753596666  753596940    274
 124  753597026  753597120     94
 124  753597240  753597296     56
 124  753597506  753597660    154
 124  753597720  753597776     56
 124  753598076  753598226    150
 124  753598436  753598560    124
 124  753599006  753599156    150
 124  753599216  753599263     47
 125  753601243  753601316     73
 125  753601318  753601362     44
 125  753601422  753601498     76
 125  753601572  753601738    166
 125  753601932  753601948     16
 125  753602052  753602106     54
 126  753602346  753602398     52
 126  753602548  753602578     30
 126  753602998  753603028     30
 126  753603238  753603478    240
 126  753604258  753604288     30
 126  753604678  753604738     60
 126  753604828  753605038    210
 126  753605248  753605308     60
 126  753605368  753605458     90
 126  753605548  753605578     30
 126  753605788  753605968    180
 126  753606058  753606478    420
 126  753606538  753606793    255
 127  753608341  753608400     59
 127  753608707  753608743     36
 128  753614232  753615192    960
 128  753615252  753616032    780
 128  753616092  753616512    420
 128  753616572  753616963    391
 129  753618322  753618587    265
 129  753618647  753619739   1092
 129  753620353  753620623    270
 130  753622000  753622346    346
 130  753622406  753622586    180
 130  753622646  753622993    347
 131  753624765  753624989    224
 131  753625049  753625304    255
 132  753628866  753629083    217
 133  753629929  753630073    144
 134  753633708  753633778     70
 134  753634048  753634064     16
 135  753635766  753635799     33
 135  753635949  753636013     64
 136  753637261  753637372    111
 136  753637432  753637462     30
 136  753637522  753637552     30
 136  753637702  753637732     30
 136  753637822  753637827      5
 136  753637830  753637882     52
 136  753637972  753638092    120
 136  753638182  753638332    150
 136  753638542  753638632     90
 136  753638752  753638863    111
 136  753639463  753639538     75
 136  753639628  753639688     60
 136  753639898  753639973     75
 137  753646406  753646572    166
 137  753646902  753646963     61
 138  753649788  753649945    157
 138  753650035  753650215    180
 138  753650425  753650485     60
 138  753650905  753650965     60
 138  753651025  753651055     30
 138  753651535  753651603     68
 139  753653423  753653508     85
 139  753653598  753653673     75
 139  753653676  753653688     12
 139  753653778  753653796     18
 139  753653799  753653898     99
 139  753653958  753654408    450
 139  753654618  753655128    510
 139  753655188  753655428    240
 139  753655638  753655998    360
 139  753656058  753656418    360
 139  753656478  753656988    510
 139  753657048  753657138     90
 139  753657413  753657943    530
 140  753663737  753663800     63
 140  753663860  753664343    483
 141  753666648  753666941    293
 141  753667271  753667661    390
 141  753667751  753667901    150
 141  753667991  753668143    152
 142  753669348  753669890    542
 142  753670010  753670093     83
 143  753768640  753768669     29
 143  753768672  753768808    136
 143  753768868  753769258    390
 143  753769318  753769408     90
 143  753769468  753769543     75
 144  753769690  753769751     61
 144  753769871  753770831    960
 144  753771120  753771131     11
 144  753771251  753771348     97
 145  753775750  753775811     61
 145  753775931  753776040    109
 145  753776100  753776261    161
 145  753776351  753776388     37
 146  753782697  753783255    558
 146  753783555  753783615     60
 146  753783845  753784005    160
 146  753784085  753784145     60
 146  753784275  753784295     20
 146  753784635  753784665     30
 146  753785085  753785175     90
 146  753785265  753785373    108
 148  753788884  753789067    183
 148  753789247  753789397    150
 148  753789457  753789517     60
 148  753789577  753789708    131
 149  753791704  753791743     39
 149  753792343  753792506    163
 149  753792596  753792836    240
 149  753792926  753793200    274
 152  753842404  753842568    164
 153  753846664  753846781    117
 153  753846871  753847008    137
 155  753850804  753850997    193
 155  753851117  753851147     30
 155  753851237  753851807    570
 155  753851867  753852257    390
 155  753852677  753852827    150
 155  753852887  753853427    540
 155  753853487  753853907    420
 155  753853967  753854053     86
 157  753866359  753866608    249
 157  753866728  753866968    240
 157  753867028  753867058     30
 157  753867118  753867238    120
 157  753867298  753867373     75
 166  753945223  753945298     75
 166  753945448  753945598    150
 166  753945658  753945688     30
 166  753946078  753946108     30
 166  753946168  753946288    120
 166  753946798  753946819     21
 166  753946909  753946939     30
 166  753947158  753947164      6
 166  753947167  753947179     12
 166  753947428  753947458     30
 166  753947788  753947899    111
 166  753947959  753947979     20
 166  753947982  753948049     67
 166  753948300  753948529    229
 166  753948718  753948764     46
 167  753949730  753949775     45
 167  753949779  753949796     17
 167  753950100  753950340    240
 167  753950400  753950460     60
 169  753954408  753954881    473
 169  753954884  753954899     15
 169  753955079  753955159     80
 170  753958728  753958742     14
 170  753958862  753958982    120
 170  753959252  753959353    101
 171  753967190  753967393    203
 172  753976188  753976192      4
 172  753976312  753976393     81
 173  753977928  753977961     33
 173  753978021  753978144    123
 174  753978625  753978889    264
 174  753978949  753979033     84
 176  753990708  753991573    865
 177  754005588  754005739    151
 177  754005799  754006009    210
 177  754006069  754006099     30
 177  754006219  754006249     30
 177  754006309  754006969    660
 177  754007059  754007160    101
 177  754007220  754007449    229
 177  754007509  754007539     30
 177  754007599  754007610     11
 177  754007779  754007809     30
 177  754007869  754007899     30
 177  754008240  754008323     83
 177  754008923  754009008     85
 177  754009068  754009158     90
 177  754009398  754009428     30
 177  754009638  754009848    210
 177  754009998  754010088     90
 177  754010148  754010208     60
 177  754010268  754012248   1980
 177  754012308  754012578    270
 177  754012698  754013160    462
 177  754013220  754013718    498
 177  754013778  754014048    270
 177  754014108  754014433    325
 179  754018870  754019679    809
 179  754019682  754020326    644
 179  754020446  754020550    104
 179  754020553  754020891    338
 179  754020894  754021063    169
 185  754180913  754181343    430
 185  754181403  754181493     90
 185  754181703  754182060    357
 185  754182120  754182603    483
 185  754182663  754183260    597
 186  754189542  754189707    165
 186  754189767  754190637    870
 186  754190697  754190997    300
 186  754191057  754191537    480
 186  754191597  754192197    600
 186  754192257  754193053    796
 186  754193653  754194043    390
 186  754194103  754194204    101
 187  754195488  754195619    131
 187  754195679  754195824    145
 188  754196928  754197235    307
 188  754197295  754197415    120
 188  754197535  754197613     78
 189  754200228  754200679    451
 189  754200739  754201129    390
 189  754201219  754201309     90
 189  754201459  754201639    180
 189  754201699  754201729     30
 189  754201909  754202359    450
 189  754202479  754202629    150
 189  754202689  754203073    384
 190  754205388  754205793    405
 190  754206393  754206503    110
 190  754206593  754206803    210
 190  754206863  754206923     60
 190  754207043  754207193    150
 190  754207343  754207500    157
 191  754209408  754209627    219
 191  754209747  754210017    270
 191  754210077  754210257    180
 191  754210317  754210573    256
 192  754213780  754214293    513
 193  754216668  754216929    261
 193  754216989  754217019     30
 193  754217229  754217409    180
 193  754217619  754217919    300
 193  754218039  754218069     30
 193  754218129  754218369    240
 193  754218429  754218533    104
 193  754219133  754219203     70
 193  754219263  754219633    370
 194  754220411  754220617    206
 194  754220797  754220887     90
 194  754220977  754221607    630
 194  754221667  754221787    120
 194  754221907  754222087    180
 194  754222147  754222207     60
 194  754222267  754222657    390
 194  754222747  754223107    360
 194  754223167  754223677    510
 194  754223737  754223767     30
 194  754223827  754223977    150
 194  754224037  754224157    120
 194  754224277  754224487    210
 194  754224547  754224667    120
 194  754224817  754224903     86
 195  754226208  754226745    537
 195  754226805  754226893     88
 196  754227854  754229593   1739
 196  754229653  754230343    690
 196  754230553  754231003    450
 196  754231153  754231273    120
 197  754232808  754232953    145
 198  754237265  754237514    249
 198  754237574  754237643     69
 198  754238243  754238418    175
 198  754238478  754238593    115
 199  754240474  754240633    159
 200  754242934  754243043    109
 200  754243133  754243433    300
 200  754243493  754243573     80
 201  754246054  754246403    349
 201  754246523  754246993    470
 202  754248536  754248649    113
 202  754248709  754250209   1500
 202  754250269  754250383    114
 202  754250983  754251504    521
 203  754252403  754253538   1135
 203  754253598  754254048    450
 203  754254108  754254198     90
 203  754254258  754254588    330
 203  754254648  754255338    690
 203  754255398  754255548    150
 203  754255608  754255668     60
 204  754260439  754261391    952
 204  754261451  754261811    360
 204  754261871  754262891   1020
 204  754262951  754263123    172
 204  754263723  754263968    245
 204  754264028  754264568    540
 204  754264688  754264718     30
 204  754264778  754264988    210
 204  754265048  754265340    292
 204  754265400  754265738    338
 204  754265798  754266278    480
 204  754266368  754267080    712
 204  754267140  754267178     38
 204  754267238  754267478    240
 204  754267538  754267598     60
 204  754267658  754267928    270
 204  754267988  754268138    150
 204  754268348  754269098    750
 204  754269158  754269493    335
 204  754270093  754270783    690
 204  754270843  754270963    120
 204  754271083  754271323    240
 204  754271383  754271413     30
 204  754271563  754271923    360
 204  754271983  754272313    330
 204  754272463  754272913    450
 204  754273243  754273273     30
 204  754273363  754273488    125
 205  754281090  754281151     61
 205  754281211  754281271     60
 205  754281331  754281511    180
 205  754281811  754281841     30
 205  754281931  754282021     90
 205  754282171  754282233     62
 205  754282833  754282900     67
 205  754282901  754282913     12
 205  754283033  754283088     55
 207  754291203  754291296     93
 207  754291476  754291596    120
 207  754291746  754291788     42
 208  754331176  754331227     51
 208  754331230  754331263     33
 208  754331353  754331413     60
 208  754331503  754331700    197
 208  754331760  754332066    306
 208  754332071  754332073      2
 209  754376697  754376896    199
 210  754376902  754376924     22
 211  754376931  754377241    310
 211  754377301  754377421    120
 211  754377481  754377568     87
 212  754381017  754381085     68
 212  754381205  754381302     97
 212  754381305  754381332     27
 212  754381335  754381356     21
 212  754381359  754381458     99
 212  754381461  754381463      2
 212  754381466  754381513     47
 213  754443540  754443600     60
 213  754443720  754443733     13
 215  754472435  754472653    218
 216  754475928  754476525    597
 216  754476585  754476705    120
 216  754476765  754477665    900
 216  754477905  754478565    660
 216  754478745  754478775     30
 216  754478955  754479165    210
 216  754479375  754479435     60
 216  754479495  754479703    208
 217  754481328  754481421     93
 217  754481601  754481855    254
 217  754481858  754482073    215
 218  754483128  754483176     48
 218  754483179  754483364    185
 218  754483604  754483634     30
 218  754483754  754483813     59
 218  754483817  754483820      3
 219  754488288  754488347     59
 219  754488408  754488493     85
 220  754489436  754489633    197
 221  754532520  754532536     16
 221  754532539  754532580     41
 221  754532686  754532806    120
 221  754533046  754533076     30
 221  754533240  754533256     16
 221  754533436  754533579    143
 221  754533583  754533588      5
 222  754539713  754540035    322
 222  754540185  754540215     30
 222  754540395  754540513    118
 223  754545828  754547233   1405
 224  754549126  754549342    216
 224  754549402  754549559    157
 225  754550491  754550667    176
 225  754550727  754551203    476
 226  754561613  754561646     33
 226  754561706  754562036    330
 226  754562096  754562156     60
 226  754562216  754562276     60
 226  754562336  754562513    177
 226  754563113  754563208     95
 226  754563538  754564498    960
 226  754564588  754564678     90
 226  754564738  754565158    420
 226  754565218  754565398    180
 226  754565458  754565488     30
 226  754565608  754565848    240
 226  754565938  754566028     90
 226  754566088  754566298    210
 226  754566358  754566748    390
 226  754566808  754566988    180
 226  754567198  754567318    120
 226  754567378  754567468     90
 226  754567558  754568398    840
 226  754568488  754568883    395
 226  754569483  754569608    125
 226  754569668  754570088    420
 226  754570148  754570328    180
 226  754570388  754570598    210
 226  754570658  754571738   1080
 226  754571798  754573058   1260
 226  754573118  754573393    275
 227  754574568  754575253    685
 227  754575853  754576063    210
 227  754576183  754576273     90
 227  754576333  754576363     30
 227  754576633  754576693     60
 227  754577023  754577122     99
 255  755328088  755328286    198
 255  755328526  755328604     78
 257  755340468  755340567     99
 257  755340960  755341017     57
 257  755341287  755341317     30
 257  755341377  755341617    240
 257  755342277  755342337     60
 257  755342457  755342697    240
 257  755342757  755342787     30
 257  755342967  755342997     30
 257  755343057  755343117     60
 257  755343507  755343777    270
 257  755343927  755344167    240
 257  755344287  755344377     90
 257  755344587  755344827    240
 257  755344947  755345037     90
 257  755345157  755345187     30
 257  755345247  755345397    150
 257  755345457  755345487     30
 257  755345607  755346023    416
 257  755346623  755346738    115
 257  755346978  755347308    330
 257  755347368  755347428     60
 257  755347488  755347608    120
 257  755347668  755347813    145
 258  755349468  755349563     95
 258  755349623  755349653     30
 258  755349863  755350043    180
 258  755350103  755350493    390
 258  755350553  755350583     30
 258  755350853  755351063    210
 258  755351153  755351303    150
 258  755351723  755351753     30
 258  755351813  755351927    114
 258  755351931  755352203    272
 258  755352323  755352393     70
 258  755352993  755353118    125
 259  755354088  755354207    119
 259  755354447  755354561    114
 259  755354837  755354987    150
 259  755355311  755355767    456
 259  755356157  755356727    570
 259  755356787  755357057    270
 259  755357117  755357471    354
 259  755357651  755357687     36
 259  755357807  755357820     13
 260  755359408  755359545    137
 260  755359779  755359929    150
 260  755360259  755360529    270
 260  755360859  755360895     36
 260  755361735  755361879    144
 260  755362209  755362238     29
 262  755366163  755366309    146
 262  755366519  755366549     30
 262  755366763  755366793     30
 262  755366943  755367003     60
 262  755367093  755367158     65
 263  755367948  755368019     71
 263  755368079  755368229    150
 263  755368289  755368349     60
 263  755368589  755368813    224
 265  755503325  755503609    284
 265  755503669  755503789    120
 265  755503969  755503980     11
 265  755504040  755504079     39
 265  755504569  755504599     30
 265  755504659  755504739     80
 265  755504959  755505019     60
 265  755505109  755505129     20
 265  755505189  755505273     84
 266  755509989  755510051     62
 266  755510411  755510487     76
 266  755510757  755510787     30
 266  755510937  755511013     76
 267  755512885  755512915     30
 267  755512975  755512978      3
 267  755513158  755513305    147
 267  755513398  755513578    180
 267  755513818  755513875     57
 267  755513968  755514328    360
 267  755514538  755515058    520
 268  755515848  755516637    789
 268  755516817  755517288    471
 268  755517348  755518013    665
 269  755519568  755519647     79
 269  755519707  755519737     30
 269  755520127  755520277    150
 269  755520367  755520397     30
 269  755520517  755520547     30
 269  755520757  755520762      5
 269  755521452  755521477     25
 269  755522017  755522052     35
 269  755522172  755522287    115
 269  755522442  755522562    120
 269  755522622  755522647     25
 269  755522767  755522952    185
 269  755523192  755523217     25
 269  755523457  755523487     30
 269  755523547  755523697    150
 269  755524297  755524383     86
 269  755524983  755525078     95
 269  755525138  755525288    150
 269  755525348  755525378     30
 269  755525528  755525588     60
 269  755525648  755525708     60
 269  755526308  755526398     90
 269  755526655  755526805    150
 269  755526865  755526985    120
 269  755527225  755527255     30
 269  755527508  755527598     90
 269  755527808  755527873     65
 270  755532841  755532907     66
 270  755533087  755533176     89
 270  755533326  755533331      5
 270  755533334  755533386     52
 270  755533626  755533670     44
 270  755533676  755533693     17
 271  755535648  755535671     23
 271  755535731  755535793     62
 272  755574900  755575003    103
 272  755575080  755575183    103
 272  755575243  755575343    100
 272  755575943  755576028     85
 272  755576124  755576280    156
 272  755576340  755576564    224
 273  755607793  755607906    113
 273  755607966  755608056     90
 273  755608303  755608446    143
 273  755608656  755608993    337
 273  755609053  755609136     83
 273  755609196  755609496    300
 273  755609766  755609796     30
 273  755610186  755610216     30
 273  755610336  755610343      7
 273  755610433  755610583    150
 273  755610823  755611033    210
 273  755611393  755611421     28
 273  755611691  755611723     32
 273  755611811  755611843     32
 273  755611933  755612021     88
 273  755612261  755612413    152
 273  755612773  755612803     30
 273  755613103  755613218    115
 274  755614248  755614320     72
 274  755614380  755614530    150
 274  755614740  755614813     73
 275  755616408  755616433     25
 276  755618275  755618293     18
 277  755757480  755757546     66
 277  755757696  755757756     60
 277  755757846  755757876     30
 277  755757966  755758056     90
 277  755758326  755759226    900
 277  755759422  755759452     30
 277  755759992  755760073     81
 277  755760673  755761033    360
 277  755761273  755761303     30
 277  755761538  755761628     90
 277  755761808  755761988    180
 277  755762143  755762173     30
 277  755762233  755762293     60
 277  755762383  755762803    420
 277  755763043  755763193    150
 278  755780748  755780809     61
 278  755781109  755781150     41
 279  755781888  755781900     12
 280  755781912  755781994     82
 280  755782054  755782114     60
 280  755782354  755782564    210
 280  755782954  755783014     60
 280  755783074  755783217    143
 281  755783748  755783960    212
 281  755784020  755784110     90
 281  755784440  755784590    150
 281  755784650  755784710     60
 281  755784800  755784830     30
 281  755784890  755785190    300
 281  755785400  755785553    153
 282  755786868  755786886     18
 282  755787036  755787276    240
 282  755787516  755787576     60
 282  755787786  755787876     90
 282  755787936  755788506    570
 282  755788566  755788686    120
 282  755788746  755788986    240
 282  755789376  755789406     30
 282  755789616  755789706     90
 282  755790126  755790193     67
 283  755792828  755792850     22
 284  755794806  755794896     90
 284  755794956  755795040     84
 285  755798928  755799285    357
 285  755799345  755799780    435
 286  755801088  755801158     70
 286  755801390  755801458     68
 286  755802058  755802118     60
 286  755802178  755802388    210
 287  755805660  755805721     61
 287  755805781  755805982    201
 287  755806042  755806162    120
 287  755806372  755806492    120
 287  755806552  755806612     60
 287  755806672  755806680      8
 287  755806852  755806972    120
 288  755809968  755810053     85
 289  755811900  755812004    104
 312  755905331  755905363     32
 312  755905483  755905633    150
 312  755905903  755905933     30
 312  755906353  755906583    230
 312  755907183  755907333    150
 312  755907693  755907783     90
 312  755908173  755908503    330
 312  755908953  755909133    180
 312  755909193  755909223     30
 312  755909433  755909553    120
 312  755909673  755909763     90
 312  755909883  755910003    120
 313  755910044  755910148    104
 313  755910598  755910628     30
 313  755910838  755910886     48
 313  755910906  755910958     52
 313  755911468  755911498     30
 313  755911558  755911798    240
 313  755912248  755912953    705
 314  755913851  755913993    142
 314  755914203  755914233     30
 314  755914293  755914393    100
 315  755915319  755915821    502
 315  755916091  755916481    390
 315  755916541  755917081    540
 315  755917555  755917591     36
 315  755917951  755917981     30
 315  755918335  755918341      6
 315  755918455  755918581    126
 315  755918671  755918731     60
 315  755918791  755918851     60
 315  755919061  755919121     60
 315  755919181  755919323    142
 317  755924028  755924096     68
 317  755924156  755924276    120
 317  755924516  755924606     90
 317  755924876  755924953     77
 318  755927418  755927505     87
 318  755927565  755927623     58
 318  755927715  755927743     28
 319  755928675  755928825    150
 319  755929815  755929875     60
 319  755930115  755930145     30
 319  755930355  755930399     44
 319  755930849  755930895     46
 319  755931105  755931359    254
 319  755931419  755931629    210
 319  755931869  755931929     60
 319  755931989  755932063     74
 319  755932663  755932968    305
 320  755934327  755934410     83
 320  755934470  755934500     30
 320  755934590  755934620     30
 320  755934800  755935124    324
 320  755935244  755935250      6
 320  755935310  755935394     84
 320  755935820  755935844     24
 320  755935920  755936000     80
 320  755936324  755936354     30
 320  755936444  755936654    210
 320  755937374  755937704    330
 320  755938244  755938308     64
 321  755943228  755943313     85
 321  755943433  755943643    210
 321  755943853  755943883     30
 321  755944723  755944803     80
 321  755945403  755945491     88
 321  755945701  755945819    118
 322  755946828  755946916     88
 322  755947096  755947156     60
 322  755947366  755947396     30
 322  755947456  755947606    150
 322  755947666  755947756     90
 322  755948116  755948236    120
 322  755948296  755948356     60
 322  755948446  755948836    390
 322  755949166  755949346    180
 322  755949406  755949436     30
 322  755949886  755950126    240
 322  755950276  755950336     60
 322  755950426  755950516     90
 322  755950666  755950726     60
 322  755950786  755951173    387
 322  755951773  755951898    125
 322  755952198  755952288     90
 322  755952768  755952798     30
 322  755953008  755953098     90
 322  755953248  755953488    240
 322  755953578  755953608     30
 322  755953668  755953788    120
 322  755953938  755954178    240
 322  755954238  755954418    180
 322  755954658  755954778    120
 322  755954838  755954898     60
 322  755955438  755955468     30
 322  755955588  755955618     30
 322  755956098  755956188     90
 322  755956248  755956338     90
 322  755956398  755956668    270
 322  755956788  755956908    120
 322  755957208  755957388    180
 322  755957478  755957543     65
 323  755959479  755959616    137
 323  755959796  755959856     60
 323  755959916  755960246    330
 323  755960466  755960486     20
 323  755960816  755961066    250
 323  755961126  755961276    150
 323  755961336  755961386     50
 323  755961446  755961486     40
 323  755961576  755961626     50
 323  755961786  755961936    150
 323  755961996  755962116    120
 323  755962266  755962746    480
 323  755962806  755962896     90
 323  755963136  755963266    130
 323  755963416  755963466     50
 323  755963556  755963716    160
 323  755963806  755963913    107
 323  755964513  755964623    110
 323  755964803  755964948    145
 324  755966148  755966208     60
 325  755971788  755971858     70
 325  755972038  755972203    165
 325  755972533  755973043    510
 325  755973253  755973673    420
 325  755974003  755974153    150
 325  755974363  755974603    240
 325  755974887  755974917     30
 325  755974977  755975067     90
 325  755975247  755975277     30
 325  755975817  755976043    226
 326  755976049  755976111     62
 326  755976201  755976231     30
 326  755976591  755976653     62
 328  755977511  755977902    391
 328  755978022  755978052     30
 328  755978112  755978652    540
 328  755978832  755978889     57
 328  755979279  755979369     90
 328  755979459  755979528     69
 329  755980800  755981042    242
 329  755981160  755981222     62
 329  755981282  755981312     30
 329  755981762  755981852     90
 329  755981912  755981942     30
 329  755982002  755982073     71
 330  755988384  755988468     84
 330  755988708  755988798     90
 330  755988888  755988948     60
 330  755989308  755989393     85
 330  755989993  755990263    270
 330  755990323  755990353     30
 330  755990773  755990833     60
 330  755991013  755991073     60
 330  755991253  755991703    450
 330  755991763  755991823     60
 330  755992003  755992128    125
 330  755992248  755992278     30
 330  755992338  755992926    588
 330  755993201  755993261     60
 330  755993281  755993478    197
 330  755993868  755994138    270
 330  755994348  755994568    220
 330  755994628  755994658     30
 330  755994718  755994748     30
 330  755994928  755995218    290
 330  755995368  755995488    120
 330  755995548  755995763    215
 331  755996363  755996448     85
 331  755997108  755997193     85
 332  756000120  756000186     66
 332  756000396  756000406     10
 332  756000466  756000856    390
 332  756001116  756001146     30
 332  756001426  756001936    510
 332  756002026  756002133    107
 332  756002733  756002813     80
 332  756002873  756003293    420
 332  756003533  756003588     55
 334  756008198  756008260     62
 334  756008410  756008503     93
 334  756009103  756009216    113
 334  756009906  756010056    150
 334  756010116  756010176     60
 334  756010236  756010296     60
 334  756010356  756010416     60
 334  756010506  756010566     60
 334  756010746  756010830     84
 335  756011148  756011250    102
 335  756011550  756011773    223
 336  756015473  756015543     70
 336  756015603  756015633     30
 336  756015963  756016113    150
 336  756016323  756016393     70
 337  756018233  756018303     70
 337  756018843  756019053    210
 337  756019203  756019293     90
 337  756019383  756019488    105
 338  756022200  756022266     66
 338  756022506  756022656    150
 338  756022776  756022956    180
 338  756023016  756023076     60
 338  756023256  756023526    270
 338  756023586  756023796    210
 338  756023886  756023946     60
 338  756024096  756024126     30
 338  756024186  756024306    120
 338  756024366  756024600    234
 338  756024660  756024816    156
 338  756025026  756025056     30
 338  756025885  756025975     90
 338  756026065  756026365    300
 338  756026425  756026875    450
 338  756027085  756027186    101
 338  756027396  756027415     19
 338  756027535  756027613     78
 338  756028213  756028303     90
 338  756028363  756028483    120
 338  756028543  756028568     25
 338  756028572  756028626     54
 338  756028836  756028908     72
 339  756052908  756053093    185
 340  756062701  756062962    261
 340  756063471  756063531     60
 340  756063591  756063681     90
 340  756063741  756063832     91
 340  756063892  756063952     60
 340  756064161  756064192     31
 340  756064312  756064642    330
 340  756064882  756065242    360
 340  756065302  756065833    531
 340  756066433  756066497     64
 340  756066973  756067003     30
 340  756067093  756067213    120
 340  756067813  756067817      4
 340  756067877  756067903     26
 340  756067963  756068147    184
 340  756068267  756068362     95
 341  756068532  756068777    245
 341  756068867  756068897     30
 341  756068957  756069677    720
 341  756069737  756069939    202
 341  756069999  756070037     38
 341  756070097  756070119     22
 341  756070299  756070427    128
 341  756070509  756070667    158
 341  756070727  756070869    142
 341  756071109  756071117      8
 341  756071267  756071469    202
 341  756071649  756071889    240
 341  756072129  756072203     74
 341  756072803  756072888     85
 341  756073098  756073158     60
 341  756073218  756073728    510
 343  756075393  756075723    330
 343  756075783  756076263    480
 343  756076473  756076863    390
 343  756076923  756077343    420
 343  756077403  756077463     60
 343  756077703  756077760     57
 343  756077823  756078063    240
 343  756078303  756078363     60
 343  756078483  756078573     90
 343  756079173  756079260     87
 343  756079350  756079440     90
 343  756079748  756079860    112
 343  756080498  756080607    109
 344  756081023  756081108     85
 344  756081228  756081258     30
 344  756081438  756081498     60
 344  756081558  756081798    240
 344  756082038  756082153    115
 345  756082866  756082974    108
 345  756083280  756083364     84
 345  756083454  756084084    630
 345  756084504  756084943    439
 345  756085543  756085668    125
 346  756086558  756086621     63
 346  756086801  756086865     64
 347  756088533  756088633    100
 347  756088693  756088740     47
 347  756088873  756088903     30
 347  756088993  756089083     90
 347  756089173  756089383    210
 347  756089593  756090253    660
 347  756090493  756090583     90
 347  756090853  756090883     30
 347  756091033  756091313    280
 347  756091913  756092028    115
 348  756093499  756093600    101
 349  756094548  756094749    201
 349  756094839  756094959    120
 349  756095049  756095079     30
 349  756095319  756095379     60
 349  756096129  756096210     81
 350  756096443  756096768    325
 350  756096828  756097068    240
 350  756097188  756097273     85
 351  756098283  756098328     45
 353  756100784  756100918    134
 353  756101157  756101217     60
 353  756101277  756101308     31
 353  756101488  756101517     29
 353  756101668  756101698     30
 353  756102088  756102418    330
 353  756102628  756102868    240
 353  756102928  756102958     30
 353  756103198  756103512    314
 353  756103678  756103738     60
 353  756103798  756103812     14
 353  756103872  756104053    181
 353  756104653  756104743     90
 353  756104863  756104953     90
 353  756105103  756105223    120
 353  756105283  756105313     30
 353  756105463  756105763    300
 353  756106243  756106273     30
 353  756106513  756106543     30
 353  756106603  756106753    150
 353  756106813  756106843     30
 353  756107083  756107148     65
 354  756107868  756107995    127
 354  756108055  756108115     60
 354  756108175  756108295    120
 354  756108355  756108445     90
 354  756108505  756108565     60
 354  756109135  756109225     90
 354  756109285  756109915    630
 354  756109975  756110028     53
 355  756111023  756111108     85
 355  756111168  756111198     30
 355  756111528  756111588     60
 355  756111648  756111678     30
 355  756111948  756112458    510
 355  756112518  756112728    210
 355  756113028  756113047     19
 355  756113051  756113086     35
 356  756116331  756116592    261
 356  756116712  756116793     81
 356  756117393  756117503    110
 356  756117563  756117683    120
 356  756117743  756117833     90
 356  756117893  756118223    330
 356  756118403  756118633    230
 357  756121021  756121456    435
 357  756121576  756121606     30
 357  756121666  756121726     60
 357  756121906  756122206    300
 357  756122296  756122446    150
 357  756122626  756122893    267
 360  756130560  756130626     66
 360  756130716  756130746     30
 360  756131136  756131406    270
 360  756131616  756131736    120
 360  756132066  756132108     42
 361  756141588  756141610     22
 361  756141880  756141948     68
 362  756143628  756143697     69
 362  756143787  756143817     30
 362  756143877  756143907     30
 362  756144477  756144567     90
 362  756144777  756144807     30
 362  756144897  756145004    107
 363  756151608  756151668     60
 364  756152868  756152927     59
 364  756153737  756153797     60
 364  756154577  756154607     30
 364  756154787  756154860     73
 364  756154920  756155013     93
 365  756177121  756177216     95
 365  756177276  756177326     50
 365  756177386  756177416     30
 365  756177536  756177596     60
 365  756177656  756177716     60
 365  756177836  756178526    690
 365  756178586  756178766    180
 365  756178996  756179026     30
 365  756180016  756180106     90
 365  756180166  756180226     60
 365  756180406  756180493     87
 366  756182314  756182393     79
 366  756182633  756182663     30
 366  756183143  756183233     90
 366  756183443  756183524     81
 367  756185041  756185054     13
 367  756185201  756185321    120
 367  756185381  756185411     30
 367  756185534  756185804    270
 367  756185924  756185981     57
 367  756186134  756186161     27
 367  756186221  756186341    120
 367  756186674  756186863    189
 367  756187463  756187917    454
 367  756188097  756188127     30
 367  756188187  756188367    180
 367  756188748  756188787     39
 367  756188847  756188868     21
 367  756189078  756189117     39
 367  756189987  756190308    321
 368  756191396  756191594    198
 368  756191684  756191864    180
 368  756191924  756192194    270
 368  756192314  756192704    390
 368  756193154  756193233     79
 368  756193833  756194153    320
 368  756194213  756194483    270
 368  756194543  756194603     60
 368  756194663  756195177    514
 368  756195237  756195267     30
 368  756195533  756195597     64
 368  756195657  756195807    150
 368  756195957  756196163    206
 368  756196223  756196463    240
 368  756196617  756196668     51
 369  756200578  756200815    237
 369  756200965  756201025     60
 369  756201115  756201145     30
 369  756201215  756201355    140
 369  756201445  756201475     30
 369  756201535  756201725    190
 369  756201805  756202085    280
 369  756202295  756202435    140
 369  756202495  756202535     40
 369  756202595  756202685     90
 369  756202745  756202825     80
 369  756202895  756203305    410
 369  756203485  756203575     90
 369  756203675  756203785    110
 369  756203845  756204065    220
 369  756204155  756204185     30
 369  756204275  756204425    150
 369  756204485  756204835    350
 369  756204895  756205766    871
 369  756205826  756205973    147
 370  756210296  756210419    123
 370  756210539  756210569     30
 370  756210719  756210809     90
 370  756210899  756211049    150
 370  756211109  756211169     60
 370  756211229  756211439    210
 370  756211499  756211619    120
 370  756211679  756211829    150
 370  756211919  756211949     30
 370  756212159  756212343    184
 370  756212943  756213008     65
 370  756213128  756213278    150
 370  756213458  756213518     60
 370  756213578  756213638     60
 370  756213698  756213968    270
 370  756214028  756214058     30
 370  756214118  756214298    180
 370  756214358  756214388     30
 370  756215348  756215408     60
 370  756215468  756215498     30
 370  756215558  756215808    250
 371  756217077  756217136     59
 372  756217157  756217335    178
 372  756217395  756217605    210
 372  756217815  756217968    153
 374  756297553  756297673    120
 374  756297733  756297763     30
 374  756298003  756298308    305
 375  756302123  756302238    115
 375  756302448  756302988    540
 375  756303048  756303528    480
 376  756390413  756390703    290
 376  756391303  756391408    105
 376  756391468  756391768    300
 376  756391978  756392038     60
 376  756392248  756392488    240
 376  756392728  756392804     76
 377  756393533  756393603     70
 377  756393663  756393803    140
 377  756393863  756393963    100
 377  756394143  756394333    190
 378  756395033  756395101     68
 378  756395371  756395521    150
 378  756395581  756396481    900
 378  756396961  756397068    107
 379  756403355  756403443     88
 380  756404093  756404163     70
 380  756404223  756404283     60
 380  756404343  756404403     60
 381  756415553  756415581     28
 381  756415821  756415851     30
 381  756416110  756416183     73
 382  756416873  756417080    207
 382  756417170  756417251     81
 382  756417461  756417500     39
 382  756417740  756417890    150
 382  756418100  756418310    210
 382  756418370  756418400     30
 382  756419060  756419150     90
 382  756419666  756419690     24
 382  756419750  756420080    330
 382  756420140  756420500    360
 382  756420694  756420770     76
 382  756420890  756420944     54
 383  756422093  756422117     24
 383  756422327  756422553    226
 384  756429818  756429895     77
 384  756429955  756430255    300
 384  756430315  756431569   1254
 384  756431899  756431935     36
 384  756432319  756432505    186
 384  756432859  756433008    149
 385  756437133  756437213     80
 385  756437603  756437663     60
 385  756437723  756437753     30
 385  756437963  756438143    180
 385  756438443  756438533     90
 385  756438833  756439043    210
 385  756439103  756439133     30
 385  756439193  756439223     30
 385  756439703  756439993    290
 386  756448633  756449203    570
 386  756449383  756449528    145
 386  756449773  756449893    120
 386  756449983  756450068     85
 386  756450583  756450673     90
 386  756450733  756450853    120
 386  756450973  756451488    515
 387  756464222  756464328    106
 387  756464388  756464898    510
 387  756464958  756465108    150
 387  756465168  756465528    360
 387  756465858  756466655    797
 388  756466690  756466766     76
 388  756466886  756467143    257
 388  756467743  756468464    721
 389  756469673  756469760     87
 389  756469820  756470113    293
 390  756471670  756472201    531
 390  756472531  756472711    180
 390  756472771  756473311    540
 390  756473371  756473513    142
 390  756474113  756474603    490
 390  756474663  756474693     30
 390  756474753  756474813     60
 390  756474873  756475113    240
 390  756475473  756476043    570
 390  756476133  756476223     90
 390  756476343  756476403     60
 390  756476463  756476583    120
 390  756476703  756478473   1770
 390  756478833  756478908     75
 390  756478909  756479413    504
 391  756480483  756480908    425
 391  756481178  756481328    150
 391  756481718  756482198    480
 391  756482258  756482468    210
 391  756482708  756482727     19
 391  756482732  756482748     16
 392  756485408  756485620    212
 392  756485680  756485950    270
 392  756486010  756486070     60
 392  756486160  756486253     93
 393  756487861  756488220    359
 393  756488280  756488412    132
 393  756488592  756489702   1110
 393  756489942  756490560    618
 393  756490680  756490684      4
 393  756490744  756490920    176
 393  756491040  756492274   1234
 393  756492484  756492623    139
 393  756493223  756493888    665
 393  756493978  756494158    180
 393  756494338  756494428     90
 393  756494518  756494698    180
 393  756494908  756495178    270
 393  756495388  756495475     87
 393  756495535  756495568     33
 393  756495808  756496078    270
 393  756496168  756496438    270
 393  756496528  756497155    627
 393  756497368  756497578    210
 393  756497788  756497908    120
 393  756498175  756498535    360
 393  756498745  756498865    120
 393  756498925  756498993     68
 394  756501989  756502294    305
 395  756503361  756503432     71
 395  756503492  756503520     28
 395  756503580  756503792    212
 395  756503972  756504392    420
 395  756504632  756504872    240
 395  756504932  756505320    388
 395  756505963  756506668    705
 395  756506758  756506818     60
 395  756507238  756507358    120
 395  756507418  756507478     60
 395  756507688  756507713     25
 395  756507716  756507742     26
 395  756507748  756507749      1
 395  756507757  756507808     51
 395  756508048  756508108     60
 395  756508408  756509278    870
 395  756509338  756509368     30
 395  756509428  756509924    496
 396  756522668  756522760     92
 396  756522910  756523188    278
 397  756528057  756528161    104
 397  756528371  756528401     30
 397  756528461  756528521     60
 397  756528581  756529346    765
 399  756529521  756529614     93
 399  756529704  756529768     64
 400  756529811  756529937    126
 400  756530177  756530477    300
 400  756530537  756530843    306
 400  756531443  756531678    235
 400  756532008  756532458    450
 400  756532518  756532680    162
 400  756532740  756532878    138
 400  756532938  756533028     90
 400  756533118  756533208     90
 400  756533268  756533658    390
 400  756533718  756534228    510
 401  756536111  756536868    757
 402  756538304  756539626   1322
 402  756539686  756540180    494
 402  756540240  756540898    658
 402  756540958  756541078    120
 402  756541138  756541258    120
 402  756541318  756541528    210
 402  756541588  756542008    420
 402  756542128  756542338    210
 402  756542458  756542748    290
 403  756547796  756547985    189
 404  756548211  756548278     67
 405  756548496  756548624    128
 405  756548684  756548774     90
 405  756548834  756549404    570
 405  756549464  756549524     60
 405  756549584  756549953    369
 406  756552408  756552755    347
 406  756552815  756553655    840
 406  756553985  756555485   1500
 406  756555605  756555905    300
 406  756555965  756556025     60
 406  756556115  756556264    149
 407  756556923  756556988     65
 407  756557198  756557258     60
 407  756557318  756557378     60
 407  756557438  756558248    810
 407  756558368  756558428     60
 407  756558578  756558818    240
 407  756558908  756559358    450
 407  756559418  756559448     30
 407  756559508  756559538     30
 407  756559808  756560018    210
 407  756560078  756560228    150
 407  756560288  756560508    220
 408  756561348  756561406     58
 408  756561466  756561496     30
 408  756561706  756561886    180
 408  756562096  756562336    240
 408  756562426  756562693    267
 408  756563293  756563466    173
 408  756563736  756563916    180
 408  756564306  756564516    210
 408  756564726  756564786     60
 408  756564876  756565626    750
 408  756566016  756566220    204
 408  756566280  756566316     36
 408  756566646  756566760    114
 408  756566820  756566910     90
 408  756566970  756566984     14
 408  756566987  756567060     73
 408  756567120  756567186     66
 408  756567246  756567288     42
 409  756568704  756568793     89
 409  756568853  756569063    210
 409  756569663  756570228    565
 409  756570348  756570378     30
 409  756570948  756571068    120
 409  756571128  756571620    492
 409  756571740  756571818     78
 409  756572028  756572658    630
 409  756572718  756572778     60
 409  756572873  756572928     55
 410  756590388  756591030    642
 410  756591420  756592476   1056
 411  756592619  756593491    872
 411  756593731  756593791     60
 411  756594241  756594361    120
 411  756594421  756594543    122
 412  756595983  756596104    121
 413  756596398  756596705    307
 413  756596765  756596915    150
 413  756596975  756597035     60
 413  756597095  756597455    360
 413  756597515  756597575     60
 413  756597785  756597905    120
 413  756597995  756598055     60
 413  756598175  756598715    540
 413  756598775  756599225    450
 413  756599285  756599400    115
 413  756599460  756599593    133
 414  756601536  756601604     68
 414  756601754  756601972    218
 415  756602205  756602279     74
 415  756602489  756602504     15
 423  756678853  756678928     75
 423  756678988  756679539    551
 424  756679606  756679848    242
 426  756690693  756690773     80
 426  756690893  756691223    330
 426  756691343  756691583    240
 426  756691643  756691763    120
 426  756691823  756691913     90
 426  756691973  756692063     90
 426  756692273  756692303     30
 426  756692363  756692453     90
 426  756692573  756692603     30
 426  756692783  756692813     30
 426  756692873  756693293    420
 426  756693353  756693563    210
 426  756693623  756693653     30
 426  756693713  756693803     90
 426  756694103  756694463    360
 426  756694733  756695003    270
 426  756695063  756695123     60
 426  756695183  756695273     90
 426  756695333  756695543    210
 426  756695603  756695688     85
 427  756697063  756697138     75
 427  756697198  756697244     46
 428  756702482  756702833    351
 428  756703433  756703648    215
 428  756703858  756704458    600
 428  756704668  756704788    120
 428  756704848  756704938     90
 428  756705088  756705118     30
 428  756705208  756707068   1860
 428  756707248  756707758    510
 428  756707908  756708988   1080
 428  756709138  756709203     65
 428  756709803  756709951    148
 428  756710011  756710641    630
 428  756710701  756710820    119
 428  756710880  756710976     96
 428  756711096  756711588    492
 429  756712708  756712790     82
 429  756712970  756713076    106
 429  756713196  756713210     14
 429  756713450  756713586    136
 429  756714036  756714080     44
 429  756714366  756714396     30
 429  756714456  756714486     30
 429  756714560  756714696    136
 429  756714890  756715040    150
 429  756715506  756715573     67
 429  756716173  756716388    215
 430  756718245  756718439    194
 430  756718499  756718709    210
 430  756718769  756719309    540
 430  756719369  756719459     90
 430  756719579  756719639     60
 430  756719699  756719735     36
 430  756719738  756719773     35
 431  756731889  756731981     92
 431  756732131  756732251    120
 431  756732311  756732461    150
 431  756732731  756732768     37
 432  756808728  756808780     52
 432  756808840  756808990    150
 432  756809080  756809170     90
 432  756809470  756809920    450
 432  756810040  756810220    180
 432  756810310  756810340     30
 432  756810490  756810970    480
 432  756811030  756811123     93
 432  756811723  756811798     75
 432  756811888  756812098    210
 432  756812188  756812878    690
 432  756812998  756813598    600
 432  756813958  756814168    210
 432  756814228  756814393    165
 433  756848313  756848378     65
 433  756848528  756848648    120
 433  756848708  756848738     30
 433  756848858  756848888     30
 433  756848948  756849343    395
 433  756849943  756850080    137
 433  756850260  756850708    448
 433  756851038  756851098     60
 433  756851338  756851398     60
 433  756851458  756851893    435
 434  756860722  756861047    325
 434  756861107  756861600    493
 435  756862813  756862926    113
 435  756863016  756863167    151
 435  756863257  756863376    119
 435  756863436  756863568    132
 436  756864531  756864602     71
 436  756864662  756864793    131
 437  756873720  756873816     96
 437  756873996  756874536    540
 437  756874626  756874693     67
 438  756875825  756876300    475
 438  756876360  756876480    120
 438  756876540  756876739    199
 438  756876799  756877009    210
 438  756877159  756877489    330
 438  756877819  756878029    210
 438  756878089  756878149     60
 438  756878269  756878640    371
 438  756878700  756878779     79
 438  756878839  756878959    120
 438  756879049  756879649    600
 438  756879859  756880369    510
 438  756880579  756880680    101
 438  756880740  756880909    169
 438  756881089  756881193    104
 438  756881793  756882000    207
 438  756882060  756882126     66
 438  756882216  756882366    150
 438  756882456  756882546     90
 438  756882666  756882726     60
 438  756882840  756882846      6
 438  756882906  756882948     42
 439  756885977  756886064     87
 439  756886184  756886248     64
 440  756889020  756889373    353
 440  756889433  756889613    180
 440  756889673  756889793    120
 440  756889913  756890123    210
 440  756890183  756890244     61
 440  756890393  756890633    240
 440  756890963  756891023     60
 440  756891083  756891173     90
 440  756891233  756891293     60
 440  756891353  756891433     80
 441  756895025  756895548    523
 441  756895818  756895968    150
 441  756896118  756896208     90
 441  756896268  756896508    240
 441  756896568  756896688    120
 441  756896868  756896928     60
 441  756897108  756897185     77
 441  756897245  756897395    150
 441  756897678  756897815    137
 441  756897875  756897888     13
 441  756897978  756898175    197
 441  756899105  756899148     43
 441  756899208  756899225     17
 441  756899285  756899795    510
 441  756900018  756900168    150
 441  756900228  756900303     75
 441  756900903  756901028    125
 441  756901118  756901568    450
 441  756901628  756901838    210
 441  756901928  756902018     90
 441  756902168  756902468    300
 441  756902528  756902708    180
 441  756902918  756903428    510
 441  756903488  756903668    180
 441  756903728  756903908    180
 441  756904148  756904268    120
 441  756904328  756904553    225
 441  756904763  756905168    405
 441  756905288  756905318     30
 441  756905378  756905693    315
 441  756905753  756905783     30
 441  756905858  756906008    150
 441  756906068  756906158     90
 441  756906218  756906673    455
 441  756907273  756907513    240
 441  756907573  756907908    335
 442  756908944  756909008     64
 442  756909128  756909428    300
 442  756909488  756909578     90
 442  756909638  756909668     30
 442  756910268  756910568    300
 442  756910688  756911040    352
 442  756911288  756911348     60
 442  756911558  756911648     90
 442  756911888  756911978     90
 442  756912188  756912253     65
 443  756930168  756930219     51
 443  756930669  756930699     30
 443  756931119  756931209     90
 443  756931479  756931509     30
 443  756931659  756931689     30
 443  756931899  756931929     30
 443  756932079  756932153     74
 444  756942166  756942168      2
 456  757047842  757047967    125
 456  757048147  757048393    246
 466  757210093  757210325    232
 466  757210385  757210475     90
 466  757210535  757210786    251
 466  757210895  757211056    161
 466  757211116  757211315    199
 466  757211375  757211444     69
 467  757213306  757213351     45
 467  757213471  757214371    900
 467  757214431  757214971    540
 467  757215031  757215043     12
 467  757215121  757215553    432
 467  757215703  757216140    437
 467  757216260  757216273     13
 468  757218468  757218803    335
 468  757219403  757219515    112
 468  757219755  757220047    292
 469  757220354  757220423     69
 469  757220483  757220803    320
 469  757220863  757222643   1780
 469  757222703  757223183    480
 469  757223243  757223513    270
 469  757223693  757224953   1260
 469  757225013  757225173    160
 469  757225773  757226686    913
 470  757226926  757227247    321
 470  757227307  757227408    101
 471  757228892  757229151    259
 471  757229242  757229751    509
 471  757229811  757230711    900
 471  757230771  757231128    357
 472  757235579  757237466   1887
 472  757237646  757237913    267
 472  757238513  757238684    171
 473  757239946  757239968     22
 473  757240028  757240140    112
 473  757240200  757240268     68
 473  757240328  757240358     30
 473  757240478  757241168    690
 473  757241228  757242673   1445
 474  757243606  757244028    422
 475  757245171  757245330    159
 475  757245390  757247103   1713
 475  757247433  757247853    420
 475  757247913  757247973     60
 475  757248183  757248243     60
 475  757248303  757249215    912
 476  757249259  757250016    757
 476  757250076  757250653    577
 476  757251253  757251828    575
 476  757251888  757252038    150
 476  757252128  757252308    180
 476  757252398  757253178    780
 476  757253418  757253718    300
 476  757253928  757254318    390
 476  757254378  757254918    540
 476  757254978  757255128    150
 476  757255188  757255218     30
 476  757255398  757255548    150
 476  757255608  757255758    150
 476  757255818  757255998    180
 476  757256058  757256658    600
 476  757256718  757257023    305
 476  757257623  757257738    115
 476  757257798  757258878   1080
 476  757258938  757259058    120
 476  757259148  757259298    150
 476  757259358  757259928    570
 477  757261068  757263393   2325
 477  757263993  757265813   1820
 477  757266023  757266083     60
 477  757266353  757266473    120
 477  757266683  757267673    990
 477  757267883  757267968     85
 478  757269468  757269763    295
 478  757270363  757271008    645
 478  757271068  757271128     60
 478  757271188  757271218     30
 478  757271278  757271328     50
 479  757273306  757273379     73
 479  757273439  757273709    270
 479  757273769  757274339    570
 479  757274399  757274579    180
 479  757274639  757274669     30
 479  757274729  757274759     30
 479  757274849  757274969    120
 479  757275059  757275168    109
 480  757277890  757278180    290
 480  757278240  757278456    216
 480  757278516  757278576     60
 480  757278636  757279386    750
 480  757279596  757280136    540
 480  757280346  757280946    600
 480  757281126  757281396    270
 480  757281456  757282116    660
 480  757282236  757282503    267
 480  757283103  757285148   2045
 480  757285328  757286438   1110
 480  757286498  757287180    682
 480  757287240  757287758    518
 480  757287818  757287938    120
 480  757287998  757288128    130
 481  757291429  757291626    197
 481  757291686  757291860    174
 481  757291920  757292406    486
 481  757292616  757293516    900
 481  757293721  757293811     90
 481  757294176  757294266     90
 481  757294381  757294476     95
 482  757295843  757296000    157
 482  757296120  757296360    240
 482  757296480  757296960    480
 482  757297020  757297091     71
 482  757297151  757297271    120
 482  757297361  757297440     79
 483  757298278  757298292     14
 483  757298472  757298562     90
 483  757298652  757298982    330
 483  757299072  757299132     60
 483  757299252  757299282     30
 483  757299358  757299418     60
 483  757299522  757299582     60
 483  757299642  757299658     16
 483  757299868  757300348    480
 483  757300468  757300980    512
 483  757301100  757301613    513
 483  757302213  757302293     80
 483  757302353  757302433     80
 484  757306427  757307983   1556
 484  757308583  757309740   1157
 484  757309800  757311708   1908
 484  757311768  757312098    330
 484  757312218  757312320    102
 484  757312440  757312638    198
 484  757312758  757313580    822
 484  757313640  757314000    360
 484  757314060  757314078     18
 484  757314138  757314198     60
 484  757314258  757314353     95
 484  757314953  757315080    127
 484  757315140  757316008    868
 484  757316278  757316878    600
 484  757316938  757317540    602
 484  757317600  757317958    358
 484  757318048  757318680    632
 484  757318740  757319308    568
 484  757319368  757320208    840
 484  757320388  757320723    335
 484  757321323  757321740    417
 484  757321800  757322018    218
 484  757322228  757322378    150
 484  757322498  757322768    270
 484  757322978  757323368    390
 484  757323488  757324178    690
 485  757325206  757325473    267
 486  757330336  757333119   2783
 486  757333179  757333463    284
 486  757334063  757335420   1357
 486  757335480  757335613    133
 486  757335673  757335793    120
 486  757335853  757336140    287
 486  757336200  757336260     60
 486  757336320  757336500    180
 486  757336620  757337533    913
 486  757337683  757337823    140
 487  757337926  757339689   1763
 487  757339749  757339833     84
 487  757340433  757341375    942
 487  757341795  757342068    273
 488  757345931  757346007     76
 488  757346067  757346203    136
 488  757347028  757347058     30
 488  757347118  757347208     90
 488  757347268  757347358     90
 488  757347418  757347628    210
 488  757347838  757348393    555
