# Segment list file created Tue Sep 06 13:37:07 BST 2005 by ram on localhost.localdomain
# Input: S3H2L1v06_segs.txt (run S3, ifos H2L1, version 06)
# Use only non-playground data
# Don't analyze data with the following flags: H2:ACOUSTIC_ELEVATED H2:AIRPLANE H2:CALIB_LINE_V03 H2:DAQ_OVERFLOW H2:DUST H2:INJECTION_STOCHASTIC H2:INVALID_TIMING H2:LIGHTDIP H2:NO_CALIB_LINE_V01 H2:NO_CALIB_LINE_V02 H2:NO_EXCITATION_V02 H2:NONSTATIONARY_PSD_H2L1 H2:OUTSIDE_S3 H2:PRELOCKLOSS_10 H2:SEISMIC_ELEVATED H2:SEISMIC_HIGH H2:SEISMIC_TRANSIENT H2:UNLOCKED L1:AIRPLANE L1:CALIB_LINE_V03 L1:DAQ_OVERFLOW L1:DCU_TIMING_OFFSET L1:DUST L1:FE_SYNCH_ERROR L1:FE_SYNCH_WARNING L1:INJECTION_STOCHASTIC L1:INVALID_TIMING L1:LIGHTDIP L1:NO_CALIB_LINE_V01 L1:NO_CALIB_LINE_V02 L1:NO_EXCITATION_V02 L1:NONSTATIONARY_PSD_H1L1 L1:NONSTATIONARY_PSD_H2L1 L1:OUTSIDE_S3 L1:PRELOCKLOSS_10 L1:UNLOCKED
# Total duration of segments to be analyzed: 320785
#seg    start      stop    duration
 126  753582433  753582643    210
 126  753582720  753582763     43
 126  753582823  753583063    240
 126  753583123  753583183     60
 126  753583393  753583603    210
 126  753583663  753583753     90
 126  753583813  753583933    120
 126  753584023  753584173    150
 126  753584323  753584413     90
 126  753584503  753584557     54
 127  753590360  753590536    176
 127  753590596  753590833    237
 128  753591768  753591877    109
 128  753591883  753592292    409
 128  753592562  753592682    120
 128  753592802  753592832     30
 128  753593042  753593072     30
 128  753593132  753593252    120
 128  753593582  753593672     90
 128  753593762  753593911    149
 129  753593944  753594103    159
 130  753595428  753595616    188
 130  753595706  753595826    120
 130  753595886  753596006    120
 130  753596426  753596520     94
 130  753596580  753596606     26
 130  753596666  753596940    274
 130  753597026  753597120     94
 130  753597240  753597296     56
 130  753597506  753597660    154
 130  753597720  753597776     56
 130  753598076  753598226    150
 130  753598436  753598560    124
 130  753599006  753599156    150
 130  753599216  753599263     47
 131  753601243  753601316     73
 131  753601318  753601362     44
 131  753601422  753601498     76
 131  753601572  753601738    166
 131  753601932  753601948     16
 131  753602052  753602188    136
 131  753602248  753602398    150
 131  753602548  753602578     30
 131  753602998  753603028     30
 131  753603238  753603478    240
 131  753604258  753604288     30
 131  753604678  753604738     60
 131  753604828  753605038    210
 131  753605248  753605308     60
 131  753605368  753605458     90
 131  753605548  753605578     30
 131  753605788  753605968    180
 131  753606058  753606478    420
 131  753606538  753606793    255
 132  753608341  753608400     59
 132  753608707  753608743     36
 133  753614232  753615192    960
 133  753615252  753616032    780
 133  753616092  753616512    420
 133  753616572  753616963    391
 134  753618322  753618587    265
 134  753618647  753619739   1092
 134  753620353  753620623    270
 135  753622000  753622346    346
 135  753622406  753622586    180
 135  753622646  753622993    347
 136  753624765  753624989    224
 136  753625049  753625304    255
 137  753629929  753629984     55
 138  753633708  753633778     70
 138  753634048  753634168    120
 138  753634378  753634453     75
 139  753635388  753635409     21
 139  753635649  753635799    150
 139  753635949  753636013     64
 140  753637261  753637372    111
 140  753637432  753637462     30
 140  753637522  753637552     30
 140  753637702  753637732     30
 140  753637822  753637827      5
 140  753637830  753637882     52
 140  753637972  753638092    120
 140  753638182  753638332    150
 140  753638542  753638632     90
 140  753638752  753638863    111
 140  753639463  753639538     75
 140  753639628  753639688     60
 140  753639898  753639973     75
 141  753646406  753646572    166
 141  753646902  753646963     61
 142  753649788  753649945    157
 142  753650035  753650215    180
 142  753650425  753650485     60
 142  753650905  753650965     60
 142  753651025  753651055     30
 142  753651535  753651603     68
 143  753655686  753655998    312
 143  753656058  753656418    360
 143  753656478  753656988    510
 143  753657048  753657138     90
 143  753657413  753657943    530
 144  753663737  753663800     63
 144  753663860  753664343    483
 145  753666648  753666941    293
 145  753667271  753667661    390
 145  753667751  753667901    150
 145  753667991  753668143    152
 146  753669348  753669890    542
 146  753670010  753670093     83
 147  753768640  753768669     29
 147  753768672  753768808    136
 147  753768868  753769258    390
 147  753769318  753769408     90
 147  753769468  753769543     75
 148  753769690  753769751     61
 148  753769871  753770831    960
 148  753771120  753771131     11
 148  753771251  753771348     97
 149  753775750  753775811     61
 149  753775931  753776040    109
 149  753776100  753776261    161
 149  753776351  753776388     37
 150  753782697  753783255    558
 150  753783555  753783615     60
 150  753783845  753784005    160
 150  753784085  753784145     60
 150  753784275  753784295     20
 152  753788884  753789067    183
 152  753789247  753789284     37
 160  753944289  753944351     62
 160  753944411  753944444     33
 161  753946798  753946819     21
 161  753946909  753946939     30
 161  753947158  753947164      6
 161  753947167  753947179     12
 161  753947428  753947458     30
 161  753947788  753947899    111
 161  753947959  753947979     20
 161  753947982  753948049     67
 161  753948300  753948529    229
 161  753948718  753948764     46
 163  753954408  753954881    473
 163  753954884  753954899     15
 163  753955079  753955159     80
 164  753958728  753958742     14
 164  753958862  753958982    120
 164  753959252  753959353    101
 165  753967190  753967393    203
 166  753976188  753976192      4
 166  753976312  753976393     81
 167  753977928  753977961     33
 167  753978021  753978144    123
 168  753978625  753978889    264
 168  753978949  753979033     84
 170  753990708  753991573    865
 171  754006850  754006969    119
 171  754007059  754007160    101
 171  754007220  754007449    229
 171  754007509  754007539     30
 171  754007599  754007610     11
 171  754007779  754007809     30
 171  754007869  754007899     30
 171  754008240  754008323     83
 171  754008923  754009008     85
 171  754009068  754009158     90
 171  754009398  754009428     30
 171  754009638  754009848    210
 171  754009998  754010088     90
 171  754010148  754010208     60
 171  754010268  754012248   1980
 171  754012308  754012578    270
 171  754012698  754013160    462
 171  754013220  754013718    498
 171  754013778  754014048    270
 171  754014108  754014433    325
 173  754018870  754019679    809
 173  754019682  754020326    644
 173  754020446  754020550    104
 173  754020553  754020891    338
 173  754020894  754021063    169
 177  754180913  754181343    430
 177  754181403  754181493     90
 177  754181703  754182060    357
 177  754182120  754182603    483
 177  754182663  754183260    597
 177  754183350  754183440     90
 178  754189542  754189707    165
 178  754189767  754190637    870
 178  754190697  754190997    300
 178  754191057  754191537    480
 178  754191597  754192197    600
 178  754192257  754193053    796
 178  754193653  754194043    390
 178  754194103  754194204    101
 179  754195488  754195619    131
 179  754195679  754195824    145
 180  754196928  754197235    307
 180  754197295  754197415    120
 180  754197535  754197613     78
 181  754200228  754200679    451
 181  754200739  754201129    390
 181  754201219  754201309     90
 181  754201459  754201639    180
 181  754201699  754201729     30
 181  754201909  754202359    450
 181  754202479  754202629    150
 181  754202689  754203073    384
 182  754206393  754206503    110
 182  754206593  754206803    210
 182  754206863  754206923     60
 182  754207043  754207193    150
 182  754207343  754207500    157
 183  754209408  754209627    219
 183  754209747  754210017    270
 183  754210077  754210257    180
 183  754210317  754210573    256
 184  754213780  754214293    513
 185  754216668  754216929    261
 185  754216989  754217019     30
 185  754217229  754217409    180
 185  754217619  754217919    300
 185  754218039  754218069     30
 185  754218129  754218369    240
 185  754218429  754218533    104
 185  754219133  754219203     70
 185  754219263  754219633    370
 186  754220411  754220617    206
 186  754220797  754220887     90
 186  754220977  754221607    630
 186  754221667  754221787    120
 186  754221907  754222087    180
 186  754222147  754222207     60
 186  754222267  754222657    390
 186  754222747  754223107    360
 186  754223167  754223677    510
 186  754223737  754223767     30
 186  754223827  754223977    150
 186  754224037  754224157    120
 186  754224277  754224487    210
 186  754224547  754224667    120
 186  754224817  754224903     86
 187  754226208  754226745    537
 187  754226805  754226893     88
 188  754227854  754229593   1739
 188  754229653  754230343    690
 188  754230553  754231003    450
 188  754231153  754231273    120
 189  754237265  754237514    249
 189  754237574  754237643     69
 189  754238243  754238418    175
 189  754238478  754238593    115
 190  754240474  754240633    159
 191  754242934  754243043    109
 191  754243133  754243433    300
 191  754243493  754243573     80
 192  754246054  754246403    349
 192  754246523  754246724    201
 193  754248536  754248649    113
 193  754248709  754250209   1500
 193  754250269  754250383    114
 193  754250983  754251504    521
 194  754252403  754253538   1135
 194  754253598  754254048    450
 194  754254108  754254198     90
 194  754254258  754254588    330
 194  754254648  754255338    690
 194  754255398  754255548    150
 194  754255608  754255668     60
 195  754260439  754261391    952
 195  754261451  754261811    360
 195  754261871  754262891   1020
 195  754262951  754263123    172
 195  754263723  754263968    245
 195  754264028  754264568    540
 195  754264688  754264718     30
 195  754264778  754264988    210
 195  754265048  754265340    292
 195  754265400  754265738    338
 195  754265798  754266278    480
 195  754266368  754267080    712
 195  754267140  754267178     38
 195  754267238  754267478    240
 195  754267538  754267598     60
 195  754267658  754267928    270
 195  754267988  754268138    150
 195  754268348  754269098    750
 195  754269158  754269493    335
 195  754270093  754270783    690
 195  754270843  754270963    120
 195  754271083  754271323    240
 195  754271383  754271413     30
 195  754271563  754271923    360
 195  754271983  754272313    330
 195  754272463  754272913    450
 195  754273243  754273273     30
 195  754273363  754273488    125
 196  754281090  754281151     61
 196  754281211  754281271     60
 196  754281331  754281511    180
 196  754281811  754281841     30
 196  754281931  754282021     90
 196  754282171  754282233     62
 196  754282833  754282913     80
 196  754283033  754283088     55
 197  754286669  754286931    262
 197  754286991  754287004     13
 197  754287007  754287081     74
 197  754287381  754287399     18
 197  754287407  754287750    343
 197  754287754  754287883    129
 197  754287886  754288068    182
 198  754290989  754291083     94
 198  754291086  754291132     46
 198  754291135  754291296    161
 198  754291476  754291596    120
 198  754291746  754291788     42
 199  754373216  754373233     17
 200  754376697  754376896    199
 201  754376902  754376924     22
 202  754376931  754377241    310
 202  754377301  754377421    120
 202  754377481  754377568     87
 203  754381017  754381085     68
 203  754381205  754381302     97
 203  754381305  754381332     27
 203  754381335  754381356     21
 203  754381359  754381458     99
 203  754381461  754381463      2
 203  754381466  754381513     47
 211  754532520  754532536     16
 211  754532539  754532580     41
 211  754532686  754532806    120
 211  754533046  754533076     30
 211  754533240  754533256     16
 211  754533436  754533579    143
 211  754533583  754533588      5
 212  754539707  754540035    328
 212  754540185  754540215     30
 212  754540395  754540513    118
 213  754545828  754547233   1405
 214  754549126  754549342    216
 214  754549402  754549559    157
 215  754550491  754550667    176
 215  754550727  754551203    476
 216  754560467  754561646   1179
 216  754561706  754562036    330
 216  754562096  754562156     60
 216  754562216  754562276     60
 216  754562336  754562513    177
 216  754563113  754563208     95
 216  754563538  754564498    960
 216  754564588  754564678     90
 216  754564738  754565158    420
 216  754565218  754565398    180
 216  754565458  754565488     30
 216  754565608  754565848    240
 216  754565938  754566028     90
 216  754566088  754566298    210
 216  754566358  754566748    390
 216  754566808  754566988    180
 216  754567198  754567318    120
 216  754567378  754567468     90
 216  754567558  754568398    840
 216  754568488  754568883    395
 216  754569483  754569608    125
 216  754569668  754570088    420
 216  754570148  754570328    180
 216  754570388  754570598    210
 216  754570658  754571738   1080
 216  754571798  754573058   1260
 216  754573118  754573393    275
 217  754574568  754575253    685
 217  754575853  754576063    210
 217  754576183  754576273     90
 217  754576333  754576363     30
 217  754576633  754576693     60
 217  754577023  754577122     99
 245  755328088  755328286    198
 245  755328526  755328604     78
 247  755340468  755340567     99
 247  755340960  755341017     57
 247  755341287  755341317     30
 247  755341377  755341617    240
 247  755342277  755342337     60
 247  755342457  755342697    240
 247  755342757  755342787     30
 247  755342967  755342997     30
 247  755343057  755343117     60
 247  755343507  755343777    270
 247  755343927  755344167    240
 247  755344287  755344377     90
 247  755344587  755344827    240
 247  755344947  755345037     90
 247  755345157  755345187     30
 247  755345247  755345397    150
 247  755345457  755345487     30
 247  755345607  755346023    416
 247  755346623  755346738    115
 247  755346978  755347308    330
 247  755347368  755347428     60
 247  755347488  755347608    120
 247  755347668  755347813    145
 248  755349468  755349563     95
 248  755349623  755349653     30
 248  755349863  755350043    180
 248  755350103  755350493    390
 248  755350553  755350583     30
 248  755350853  755351063    210
 248  755351153  755351303    150
 248  755351723  755351753     30
 248  755351813  755351927    114
 248  755351931  755352203    272
 248  755352323  755352393     70
 248  755352993  755353118    125
 249  755354088  755354207    119
 249  755354447  755354561    114
 249  755354837  755354987    150
 249  755355311  755355767    456
 249  755356157  755356727    570
 249  755356787  755357057    270
 249  755357117  755357471    354
 249  755357651  755357687     36
 249  755357807  755357820     13
 250  755359408  755359545    137
 250  755359779  755359929    150
 250  755360259  755360529    270
 250  755360859  755360895     36
 250  755361735  755361879    144
 250  755362209  755362238     29
 251  755365733  755365740      7
 251  755365800  755366043    243
 251  755366163  755366309    146
 251  755366519  755366549     30
 251  755366763  755366793     30
 251  755366943  755367003     60
 251  755367093  755367158     65
 252  755367948  755368019     71
 252  755368079  755368229    150
 252  755368289  755368349     60
 252  755368589  755368813    224
 254  755504040  755504079     39
 254  755504569  755504599     30
 254  755504659  755504739     80
 254  755504959  755505019     60
 254  755505109  755505129     20
 254  755505189  755505273     84
 255  755510040  755510051     11
 255  755510411  755510487     76
 255  755510757  755510787     30
 255  755510937  755511013     76
 256  755512243  755512318     75
 256  755512885  755512915     30
 256  755512975  755512978      3
 256  755513158  755513305    147
 256  755513398  755513578    180
 256  755513818  755513875     57
 256  755513968  755514328    360
 256  755514538  755515058    520
 257  755515848  755516637    789
 257  755516817  755517284    467
 258  755520757  755520762      5
 258  755521452  755521477     25
 258  755522017  755522052     35
 258  755522172  755522287    115
 258  755522442  755522562    120
 258  755522622  755522647     25
 258  755522767  755522952    185
 258  755523192  755523217     25
 258  755523457  755523464      7
 259  755525160  755525288    128
 259  755525348  755525378     30
 259  755525528  755525588     60
 259  755525648  755525708     60
 259  755526308  755526398     90
 259  755526655  755526805    150
 259  755526865  755526985    120
 259  755527225  755527255     30
 259  755527508  755527598     90
 259  755527808  755527873     65
 260  755532841  755532907     66
 260  755533087  755533176     89
 260  755533326  755533331      5
 260  755533334  755533386     52
 260  755533626  755533670     44
 260  755533676  755533693     17
 261  755535648  755535671     23
 261  755535731  755535793     62
 262  755574457  755574570    113
 262  755574900  755575003    103
 262  755575080  755575183    103
 262  755575243  755575343    100
 262  755575943  755576028     85
 262  755576124  755576280    156
 262  755576340  755576664    324
 262  755577204  755577266     62
 263  755607840  755607906     66
 263  755607966  755608056     90
 263  755608303  755608446    143
 263  755608656  755608993    337
 263  755609053  755609136     83
 263  755609196  755609496    300
 263  755609766  755609796     30
 263  755610186  755610216     30
 263  755610336  755610343      7
 263  755610433  755610464     31
 264  755611393  755611421     28
 264  755611691  755611723     32
 264  755611811  755611843     32
 264  755611933  755612021     88
 264  755612261  755612413    152
 265  755614260  755614320     60
 265  755614380  755614530    150
 265  755614740  755614813     73
 266  755618275  755618293     18
 268  755757480  755757546     66
 268  755757696  755757756     60
 268  755757846  755757876     30
 268  755757966  755758056     90
 268  755758326  755758364     38
 269  755759220  755759226      6
 269  755759422  755759452     30
 269  755759992  755760073     81
 270  755761273  755761303     30
 270  755761538  755761628     90
 270  755761808  755761988    180
 271  755780748  755780809     61
 271  755781109  755781150     41
 272  755781888  755781900     12
 273  755781912  755781994     82
 273  755782054  755782114     60
 273  755782354  755782564    210
 273  755782954  755783014     60
 273  755783074  755783217    143
 274  755783748  755783960    212
 274  755784020  755784110     90
 274  755784440  755784590    150
 274  755784650  755784710     60
 274  755784800  755784830     30
 274  755784890  755785190    300
 274  755785400  755785553    153
 275  755786868  755786886     18
 275  755787036  755787276    240
 275  755787516  755787576     60
 275  755787786  755787876     90
 275  755787936  755788506    570
 275  755788566  755788686    120
 275  755788746  755788986    240
 275  755789376  755789406     30
 275  755789616  755789706     90
 275  755790126  755790193     67
 276  755792828  755792850     22
 277  755793768  755793816     48
 277  755794806  755794896     90
 277  755794956  755795040     84
 278  755801088  755801158     70
 278  755801390  755801458     68
 278  755802058  755802118     60
 278  755802178  755802388    210
 278  755802688  755802718     30
 278  755802838  755802929     91
 279  755803033  755803080     47
 280  755805660  755805721     61
 281  755808086  755808176     90
 281  755808386  755808464     78
 282  755809968  755810053     85
 304  755917031  755917081     50
 304  755917555  755917591     36
 304  755917951  755917981     30
 304  755918335  755918341      6
 304  755918455  755918504     49
 306  755924028  755924096     68
 306  755924156  755924276    120
 306  755924516  755924606     90
 306  755924876  755924953     77
 307  755927418  755927505     87
 307  755927565  755927623     58
 307  755927715  755927743     28
 307  755928675  755928825    150
 307  755929815  755929875     60
 307  755930115  755930145     30
 307  755930355  755930399     44
 307  755930849  755930895     46
 307  755931105  755931164     59
 309  755932663  755932968    305
 310  755934327  755934410     83
 311  755935031  755935124     93
 311  755935244  755935250      6
 311  755935310  755935394     84
 311  755935820  755935844     24
 311  755935920  755936000     80
 311  755936324  755936354     30
 311  755936444  755936654    210
 311  755937374  755937704    330
 311  755938244  755938308     64
 312  755943228  755943313     85
 312  755943433  755943643    210
 312  755943853  755943883     30
 312  755944723  755944803     80
 313  755946828  755946916     88
 313  755947096  755947156     60
 313  755947366  755947396     30
 313  755947456  755947606    150
 313  755947666  755947756     90
 313  755948116  755948236    120
 313  755948296  755948356     60
 313  755948446  755948836    390
 313  755949166  755949346    180
 313  755949406  755949436     30
 313  755949886  755950126    240
 313  755950276  755950336     60
 313  755950426  755950516     90
 313  755950666  755950726     60
 313  755950786  755951173    387
 313  755951773  755951898    125
 313  755952198  755952288     90
 313  755952768  755952798     30
 313  755953008  755953098     90
 313  755953248  755953488    240
 313  755953578  755953608     30
 313  755953668  755953788    120
 313  755953938  755954178    240
 313  755954238  755954418    180
 313  755954658  755954778    120
 313  755954838  755954898     60
 313  755955438  755955468     30
 313  755955588  755955618     30
 313  755956098  755956188     90
 313  755956248  755956338     90
 313  755956398  755956668    270
 313  755956788  755956908    120
 313  755957208  755957388    180
 313  755957478  755957543     65
 314  755959479  755959616    137
 314  755959796  755959856     60
 314  755959916  755960246    330
 314  755960466  755960486     20
 314  755960816  755961066    250
 314  755961126  755961276    150
 314  755961336  755961386     50
 314  755961446  755961486     40
 314  755961576  755961626     50
 314  755961786  755961824     38
 315  755963136  755963266    130
 315  755963416  755963466     50
 315  755963556  755963716    160
 315  755963806  755963913    107
 315  755964513  755964623    110
 315  755964803  755964948    145
 316  755966148  755966208     60
 317  755971788  755971858     70
 317  755972038  755972084     46
 318  755974571  755974603     32
 318  755974887  755974917     30
 318  755974977  755975067     90
 318  755975247  755975277     30
 318  755975817  755976043    226
 319  755976049  755976111     62
 319  755976201  755976231     30
 319  755976591  755976653     62
 321  755978832  755978889     57
 321  755979279  755979369     90
 321  755979459  755979528     69
 322  755980800  755981042    242
 322  755981160  755981222     62
 322  755981282  755981312     30
 322  755981762  755981852     90
 322  755981912  755981942     30
 322  755982002  755982073     71
 323  755984471  755984557     86
 323  755984617  755984707     90
 323  755984857  755985007    150
 323  755985067  755985127     60
 323  755985367  755985429     62
 324  755985592  755985686     94
 324  755985806  755985896     90
 324  755985956  755986020     64
 325  755988384  755988468     84
 325  755988708  755988798     90
 325  755988888  755988948     60
 325  755989308  755989393     85
 325  755989993  755990263    270
 325  755990323  755990353     30
 325  755990773  755990833     60
 325  755991013  755991073     60
 325  755991253  755991703    450
 325  755991763  755991823     60
 325  755992003  755992064     61
 326  755992871  755992904     33
 326  755993204  755993233     29
 327  755994060  755994138     78
 327  755994348  755994568    220
 327  755994628  755994658     30
 327  755994718  755994748     30
 327  755994928  755995004     76
 329  755996363  755996448     85
 329  755997108  755997164     56
 330  756000120  756000186     66
 330  756000396  756000406     10
 330  756000466  756000856    390
 330  756001116  756001146     30
 331  756002733  756002813     80
 331  756002873  756003293    420
 331  756003533  756003588     55
 333  756008198  756008260     62
 333  756008410  756008503     93
 333  756009103  756009216    113
 333  756009906  756010056    150
 333  756010116  756010176     60
 333  756010236  756010296     60
 333  756010356  756010416     60
 333  756010506  756010566     60
 333  756010746  756010830     84
 334  756011148  756011250    102
 334  756011550  756011773    223
 335  756015473  756015543     70
 335  756015603  756015633     30
 335  756015963  756016113    150
 335  756016323  756016393     70
 336  756018233  756018303     70
 337  756019440  756019488     48
 338  756022200  756022266     66
 338  756022506  756022656    150
 338  756022776  756022956    180
 338  756023016  756023076     60
 338  756023256  756023526    270
 338  756023586  756023796    210
 338  756023886  756023946     60
 338  756024096  756024126     30
 339  756025026  756025056     30
 339  756025885  756025975     90
 339  756026065  756026365    300
 339  756026425  756026875    450
 339  756027085  756027186    101
 339  756027396  756027415     19
 339  756027535  756027613     78
 340  756028560  756028568      8
 340  756028572  756028626     54
 340  756028836  756028908     72
 341  756052908  756053093    185
 342  756062700  756062962    262
 342  756063471  756063531     60
 342  756063591  756063681     90
 342  756063741  756063832     91
 342  756063892  756063952     60
 342  756064161  756064192     31
 342  756064312  756064642    330
 342  756064882  756065242    360
 342  756065302  756065833    531
 342  756066433  756066497     64
 342  756066973  756067003     30
 342  756067093  756067213    120
 342  756067813  756067817      4
 342  756067877  756067903     26
 342  756067963  756068084    121
 343  756068640  756068777    137
 343  756068867  756068897     30
 343  756068957  756069677    720
 343  756069737  756069939    202
 343  756069999  756070037     38
 343  756070097  756070119     22
 343  756070299  756070427    128
 343  756070509  756070667    158
 343  756070727  756070869    142
 343  756071109  756071117      8
 343  756071267  756071469    202
 343  756071649  756071889    240
 343  756072129  756072203     74
 343  756072803  756072888     85
 343  756073098  756073158     60
 343  756073218  756073728    510
 345  756075393  756075723    330
 345  756075783  756076263    480
 345  756076473  756076863    390
 345  756076923  756077343    420
 345  756077403  756077463     60
 345  756077703  756077760     57
 345  756077823  756078063    240
 345  756078303  756078363     60
 345  756078483  756078573     90
 346  756079380  756079440     60
 346  756079748  756079860    112
 346  756080498  756080607    109
 347  756081023  756081108     85
 347  756081228  756081258     30
 347  756081438  756081498     60
 347  756081558  756081798    240
 347  756082038  756082153    115
 348  756082866  756082974    108
 348  756083280  756083364     84
 348  756083454  756084084    630
 348  756084504  756084943    439
 348  756085543  756085668    125
 349  756086558  756086621     63
 349  756086801  756086865     64
 350  756088533  756088633    100
 350  756088693  756088740     47
 350  756088873  756088903     30
 350  756088993  756089083     90
 350  756089173  756089383    210
 350  756089593  756090253    660
 350  756090493  756090583     90
 350  756090853  756090883     30
 350  756091033  756091313    280
 351  756093499  756093600    101
 352  756094548  756094749    201
 352  756094839  756094959    120
 352  756095049  756095079     30
 352  756095319  756095379     60
 352  756096129  756096210     81
 353  756096443  756096768    325
 353  756096828  756097068    240
 353  756097188  756097273     85
 354  756098283  756098328     45
 356  756100784  756100918    134
 356  756101157  756101217     60
 356  756101277  756101308     31
 356  756101488  756101517     29
 356  756101668  756101684     16
 357  756102660  756102868    208
 357  756102928  756102958     30
 357  756103198  756103512    314
 357  756103678  756103738     60
 357  756103798  756103812     14
 357  756103872  756104053    181
 357  756104653  756104743     90
 357  756104863  756104953     90
 357  756105103  756105223    120
 357  756105283  756105313     30
 357  756105463  756105763    300
 357  756106243  756106273     30
 357  756106513  756106543     30
 357  756106603  756106753    150
 357  756106813  756106843     30
 357  756107083  756107148     65
 358  756107868  756107995    127
 358  756108055  756108115     60
 358  756108175  756108295    120
 358  756108355  756108445     90
 358  756108505  756108565     60
 358  756109135  756109225     90
 358  756109285  756109915    630
 358  756109975  756110028     53
 359  756111023  756111108     85
 359  756111168  756111198     30
 359  756111528  756111588     60
 359  756111648  756111678     30
 359  756111948  756112458    510
 359  756112518  756112728    210
 359  756113028  756113047     19
 359  756113051  756113086     35
 360  756116331  756116592    261
 360  756116712  756116793     81
 360  756117393  756117503    110
 360  756117563  756117683    120
 360  756117743  756117833     90
 360  756117893  756118223    330
 360  756118403  756118633    230
 361  756119460  756119986    526
 361  756120196  756120316    120
 361  756120376  756120466     90
 361  756120676  756121456    780
 361  756121576  756121606     30
 361  756121666  756121726     60
 361  756121906  756122206    300
 361  756122296  756122446    150
 361  756122626  756122893    267
 364  756130560  756130626     66
 364  756130716  756130746     30
 364  756131136  756131406    270
 364  756131616  756131736    120
 364  756132066  756132108     42
 365  756141588  756141610     22
 365  756141880  756141948     68
 366  756143628  756143697     69
 366  756143787  756143817     30
 366  756143877  756143907     30
 367  756152868  756152927     59
 367  756153737  756153797     60
 367  756154577  756154607     30
 367  756154787  756154860     73
 367  756154920  756155013     93
 368  756172018  756172089     71
 368  756172329  756172364     35
 369  756176400  756176406      6
 369  756176496  756176586     90
 369  756176796  756177036    240
 369  756177096  756177216    120
 369  756177276  756177326     50
 369  756177386  756177416     30
 369  756177536  756177596     60
 369  756177656  756177704     48
 370  756178740  756178766     26
 370  756178996  756179026     30
 370  756180016  756180106     90
 370  756180166  756180226     60
 370  756180406  756180493     87
 371  756182314  756182393     79
 371  756182633  756182663     30
 372  756184200  756184211     11
 372  756184481  756184631    150
 372  756184691  756185054    363
 372  756185201  756185321    120
 372  756185381  756185411     30
 372  756185534  756185804    270
 372  756185924  756185981     57
 372  756186134  756186161     27
 372  756186221  756186341    120
 372  756186674  756186764     90
 373  756187620  756187917    297
 373  756188097  756188127     30
 373  756188187  756188367    180
 373  756188748  756188787     39
 373  756188847  756188868     21
 373  756189078  756189117     39
 373  756189987  756190308    321
 374  756191396  756191594    198
 374  756191684  756191864    180
 374  756191924  756192194    270
 374  756192314  756192704    390
 374  756193154  756193233     79
 374  756193833  756194153    320
 374  756194213  756194483    270
 375  756195120  756195177     57
 375  756195237  756195267     30
 375  756195533  756195597     64
 375  756195657  756195807    150
 375  756195957  756196163    206
 375  756196223  756196463    240
 375  756196617  756196668     51
 376  756200578  756200815    237
 376  756200965  756201025     60
 376  756201115  756201145     30
 376  756201215  756201355    140
 376  756201445  756201475     30
 376  756201535  756201725    190
 376  756201805  756202085    280
 376  756202295  756202435    140
 376  756202495  756202535     40
 376  756202595  756202685     90
 376  756202745  756202825     80
 376  756202895  756203305    410
 376  756203485  756203575     90
 376  756203675  756203785    110
 376  756203845  756204065    220
 376  756204155  756204185     30
 376  756204275  756204425    150
 376  756204485  756204524     39
 377  756205500  756205766    266
 377  756205826  756205973    147
 378  756210296  756210419    123
 378  756210539  756210569     30
 378  756210719  756210809     90
 378  756210899  756211049    150
 378  756211109  756211169     60
 378  756211229  756211439    210
 378  756211499  756211619    120
 378  756211679  756211829    150
 378  756211919  756211949     30
 378  756212159  756212343    184
 378  756212943  756213008     65
 378  756213128  756213278    150
 378  756213458  756213518     60
 378  756213578  756213638     60
 378  756213698  756213968    270
 378  756214028  756214058     30
 378  756214118  756214298    180
 378  756214358  756214388     30
 378  756215348  756215408     60
 378  756215468  756215498     30
 378  756215558  756215808    250
 379  756217077  756217136     59
 380  756217157  756217335    178
 380  756217395  756217605    210
 380  756217815  756217968    153
 382  756302123  756302204     81
 383  756337193  756337256     63
 383  756337316  756337364     48
 384  756393353  756393603    250
 384  756393663  756393803    140
 384  756393863  756393963    100
 384  756394143  756394803    660
 384  756395013  756395101     88
 384  756395371  756395521    150
 384  756395581  756395820    239
 384  756395880  756396481    601
 384  756396961  756397033     72
 385  756403148  756403235     87
 385  756403355  756403443     88
 386  756404093  756404163     70
 386  756404223  756404283     60
 386  756404343  756404403     60
 386  756404643  756404673     30
 386  756404763  756404833     70
 387  756416110  756416183     73
 387  756416783  756417080    297
 387  756417170  756417251     81
 387  756417461  756417500     39
 388  756419666  756419690     24
 388  756419750  756420080    330
 388  756420140  756420480    340
 388  756420694  756420770     76
 388  756420890  756420944     54
 389  756429818  756429895     77
 389  756429955  756430255    300
 389  756430315  756430784    469
 390  756431513  756431569     56
 390  756431899  756431935     36
 390  756432319  756432505    186
 390  756432859  756433008    149
 391  756437133  756437213     80
 391  756437603  756437663     60
 391  756437723  756437753     30
 391  756437963  756438143    180
 393  756441233  756441663    430
 394  756448633  756449203    570
 394  756449383  756449528    145
 394  756449773  756449893    120
 394  756449983  756450068     85
 394  756450583  756450673     90
 394  756450733  756450764     31
 395  756464222  756464328    106
 395  756464388  756464898    510
 395  756464958  756465108    150
 395  756465168  756465528    360
 395  756465858  756466655    797
 396  756466690  756466766     76
 396  756466886  756467143    257
 396  756467743  756468464    721
 397  756469820  756470113    293
 398  756471670  756472201    531
 398  756472531  756472711    180
 398  756472771  756473311    540
 398  756473371  756473513    142
 398  756474113  756474603    490
 398  756474663  756474693     30
 398  756474753  756474813     60
 398  756474873  756475113    240
 398  756475473  756476043    570
 398  756476133  756476223     90
 398  756476343  756476403     60
 398  756476463  756476583    120
 398  756476703  756478473   1770
 398  756478833  756478908     75
 398  756478909  756478964     55
 399  756480483  756480908    425
 399  756481178  756481328    150
 399  756481718  756482198    480
 399  756482258  756482468    210
 399  756482708  756482727     19
 399  756482732  756482748     16
 400  756485408  756485620    212
 400  756485680  756485950    270
 400  756486010  756486070     60
 400  756486160  756486253     93
 401  756489353  756489702    349
 401  756489942  756490560    618
 401  756490680  756490684      4
 401  756490744  756490920    176
 401  756491040  756492274   1234
 401  756492484  756492623    139
 401  756493223  756493364    141
 402  756495388  756495475     87
 402  756495535  756495568     33
 402  756495808  756496078    270
 402  756496168  756496438    270
 402  756496528  756497155    627
 402  756497368  756497578    210
 402  756497788  756497908    120
 402  756498175  756498535    360
 402  756498745  756498865    120
 402  756498925  756498993     68
 403  756501989  756502294    305
 404  756503361  756503432     71
 404  756503492  756503520     28
 404  756503580  756503792    212
 404  756503972  756504392    420
 404  756504632  756504872    240
 404  756504932  756505320    388
 404  756505963  756506053     90
 405  756511193  756511235     42
 405  756511385  756511505    120
 405  756511655  756511733     78
 406  756522668  756522760     92
 406  756522910  756523188    278
 407  756528057  756528161    104
 407  756528371  756528401     30
 407  756528461  756528521     60
 407  756528581  756529346    765
 409  756529521  756529614     93
 409  756529704  756529768     64
 410  756529811  756529937    126
 410  756530177  756530477    300
 410  756530537  756530843    306
 410  756531443  756531678    235
 410  756532008  756532458    450
 410  756532518  756532680    162
 410  756532740  756532878    138
 410  756532938  756533028     90
 410  756533118  756533208     90
 410  756533268  756533444    176
 411  756534173  756534228     55
 412  756536111  756536868    757
 413  756538373  756539626   1253
 413  756539686  756539744     58
 414  756540173  756540180      7
 414  756540240  756540898    658
 414  756540958  756541078    120
 414  756541138  756541258    120
 414  756541318  756541528    210
 414  756541588  756542008    420
 414  756542128  756542338    210
 414  756542458  756542748    290
 415  756547796  756547985    189
 416  756548211  756548278     67
 417  756548496  756548624    128
 417  756548684  756548774     90
 417  756548834  756549404    570
 417  756549464  756549524     60
 417  756549584  756549953    369
 418  756552408  756552755    347
 418  756552815  756553655    840
 418  756553985  756555485   1500
 418  756555605  756555905    300
 418  756555965  756556025     60
 418  756556115  756556264    149
 419  756556923  756556988     65
 419  756557198  756557258     60
 419  756557318  756557378     60
 419  756557438  756558248    810
 419  756558368  756558428     60
 419  756558578  756558818    240
 420  756559508  756559538     30
 420  756559808  756560018    210
 420  756560078  756560228    150
 420  756560288  756560508    220
 421  756561348  756561406     58
 421  756561466  756561496     30
 421  756561706  756561886    180
 421  756562096  756562336    240
 421  756562426  756562693    267
 421  756563293  756563466    173
 421  756563736  756563916    180
 421  756564306  756564516    210
 421  756564726  756564786     60
 421  756564876  756565626    750
 421  756566016  756566220    204
 421  756566280  756566316     36
 421  756566646  756566760    114
 421  756566820  756566910     90
 421  756566970  756566984     14
 421  756566987  756567060     73
 421  756567120  756567186     66
 421  756567246  756567288     42
 422  756568704  756568793     89
 422  756568853  756569063    210
 422  756569663  756570228    565
 422  756570348  756570378     30
 422  756570948  756571068    120
 422  756571128  756571484    356
 423  756572393  756572658    265
 423  756572718  756572778     60
 423  756572873  756572928     55
 424  756576353  756576487    134
 424  756576667  756576727     60
 424  756576787  756576853     66
 425  756590388  756591030    642
 425  756591420  756592476   1056
 426  756592619  756593491    872
 426  756593731  756593791     60
 426  756594241  756594361    120
 426  756594421  756594543    122
 427  756595983  756596104    121
 428  756596398  756596705    307
 428  756596765  756596915    150
 428  756596975  756597035     60
 428  756597095  756597455    360
 428  756597515  756597575     60
 428  756597785  756597905    120
 428  756597995  756598055     60
 428  756598175  756598715    540
 428  756598775  756599225    450
 428  756599285  756599400    115
 428  756599460  756599593    133
 429  756601853  756601972    119
 430  756602205  756602279     74
 430  756602489  756602519     30
 430  756602579  756602624     45
 431  756613041  756613653    612
 431  756614253  756614314     61
 431  756614554  756615240    686
 431  756615300  756616114    814
 431  756616174  756616624    450
 431  756616684  756616864    180
 431  756616924  756617675    751
 432  756621380  756621576    196
 432  756621786  756622056    270
 432  756622116  756622176     60
 432  756622236  756622776    540
 432  756622836  756623166    330
 432  756623376  756623436     60
 432  756623496  756625296   1800
 432  756625356  756626046    690
 432  756626106  756626393    287
 432  756626993  756627573    580
 432  756627693  756627723     30
 432  756627783  756628413    630
 432  756628533  756628563     30
 432  756628773  756628926    153
 432  756628929  756628968     39
 434  756640740  756641028    288
 434  756641137  756641197     60
 434  756641224  756641464    240
 434  756641542  756642071    529
 434  756642641  756643721   1080
 434  756643961  756644231    270
 434  756644291  756645503   1212
 435  756647354  756647803    449
 435  756647863  756648433    570
 439  756678533  756678928    395
 439  756678988  756679424    436
 440  756690693  756690773     80
 440  756690893  756691223    330
 440  756691343  756691583    240
 440  756691643  756691763    120
 440  756691823  756691913     90
 440  756691973  756692063     90
 440  756692273  756692303     30
 440  756692363  756692453     90
 440  756692573  756692603     30
 440  756692783  756692813     30
 440  756692873  756693293    420
 440  756693353  756693563    210
 440  756693623  756693653     30
 440  756693713  756693803     90
 440  756694103  756694463    360
 440  756694733  756695003    270
 440  756695063  756695123     60
 440  756695183  756695273     90
 440  756695333  756695543    210
 440  756695603  756695688     85
 441  756697063  756697138     75
 441  756697198  756697244     46
 442  756702482  756702833    351
 442  756703433  756703648    215
 442  756703858  756704458    600
 442  756704668  756704788    120
 442  756704848  756704938     90
 442  756705088  756705118     30
 442  756705208  756707068   1860
 442  756707248  756707758    510
 442  756707908  756708988   1080
 442  756709138  756709203     65
 442  756709803  756709951    148
 442  756710011  756710641    630
 442  756710701  756710820    119
 442  756710880  756710976     96
 442  756711096  756711588    492
 443  756712708  756712790     82
 443  756712970  756713076    106
 443  756713196  756713210     14
 443  756713450  756713586    136
 443  756714036  756714080     44
 443  756714366  756714396     30
 443  756714456  756714486     30
 443  756714560  756714696    136
 443  756714890  756715040    150
 443  756715506  756715573     67
 443  756716173  756716388    215
 444  756718245  756718439    194
 444  756718499  756718709    210
 444  756718769  756719309    540
 444  756719369  756719459     90
 444  756719579  756719639     60
 444  756719699  756719735     36
 444  756719738  756719773     35
 445  756731889  756731981     92
 445  756732131  756732251    120
 445  756732311  756732461    150
 445  756732731  756732768     37
 446  756808728  756808780     52
 446  756808840  756808990    150
 446  756809080  756809170     90
 446  756809470  756809920    450
 446  756810040  756810220    180
 446  756810310  756810340     30
 446  756810490  756810970    480
 446  756811030  756811123     93
 446  756811723  756811798     75
 446  756811888  756812098    210
 446  756812188  756812878    690
 446  756812998  756813598    600
 447  756848313  756848378     65
 447  756848528  756848648    120
 447  756848708  756848738     30
 447  756848858  756848888     30
 447  756848948  756849343    395
 447  756849943  756850080    137
 447  756850260  756850708    448
 447  756851038  756851098     60
 447  756851338  756851398     60
 447  756851458  756851893    435
 448  756861673  756861720     47
 449  756863113  756863167     54
 449  756863257  756863376    119
 449  756863436  756863568    132
 450  756864531  756864602     71
 450  756864662  756864793    131
 451  756873720  756873816     96
 451  756873996  756874536    540
 451  756874626  756874693     67
 452  756875825  756876300    475
 452  756876360  756876480    120
 452  756876540  756876739    199
 452  756876799  756877009    210
 452  756877159  756877489    330
 452  756877819  756878029    210
 452  756878089  756878149     60
 452  756878269  756878640    371
 452  756878700  756878779     79
 452  756878839  756878959    120
 452  756879049  756879649    600
 452  756879859  756880369    510
 452  756880579  756880680    101
 452  756880740  756880909    169
 452  756881089  756881193    104
 452  756881793  756882000    207
 452  756882060  756882126     66
 452  756882216  756882366    150
 452  756882456  756882546     90
 452  756882666  756882726     60
 452  756882840  756882846      6
 452  756882906  756882948     42
 453  756885977  756886064     87
 453  756886184  756886248     64
 454  756888613  756888684     71
 454  756888864  756888924     60
 454  756889020  756889373    353
 454  756889433  756889613    180
 454  756889673  756889793    120
 454  756889913  756890123    210
 454  756890183  756890244     61
 454  756890393  756890633    240
 454  756890963  756891023     60
 454  756891083  756891173     90
 454  756891233  756891293     60
 454  756891353  756891433     80
 455  756894793  756894905    112
 455  756895025  756895548    523
 455  756895818  756895968    150
 455  756896118  756896208     90
 455  756896268  756896508    240
 455  756896568  756896688    120
 455  756896868  756896928     60
 455  756897108  756897185     77
 455  756897245  756897395    150
 455  756897678  756897815    137
 455  756897875  756897888     13
 455  756897978  756898175    197
 455  756899105  756899148     43
 455  756899208  756899225     17
 455  756899285  756899795    510
 455  756900018  756900168    150
 455  756900228  756900303     75
 455  756900903  756901028    125
 455  756901118  756901568    450
 455  756901628  756901838    210
 455  756901928  756902018     90
 455  756902168  756902468    300
 455  756902528  756902708    180
 455  756902918  756903428    510
 455  756903488  756903668    180
 455  756903728  756903908    180
 456  756904513  756904553     40
 456  756904763  756905168    405
 456  756905288  756905318     30
 456  756905378  756905693    315
 456  756905753  756905783     30
 456  756905858  756906008    150
 456  756906068  756906158     90
 456  756906218  756906673    455
 456  756907273  756907513    240
 456  756907573  756907908    335
 457  756908944  756909008     64
 457  756909128  756909428    300
 457  756909488  756909578     90
 457  756909638  756909668     30
 457  756910268  756910568    300
 457  756910688  756911040    352
 457  756911288  756911348     60
 457  756911558  756911648     90
 457  756911888  756911978     90
 457  756912188  756912253     65
 458  756930168  756930219     51
 458  756930669  756930699     30
 458  756931119  756931209     90
 458  756931479  756931509     30
 458  756931659  756931689     30
 458  756931899  756931929     30
 458  756932079  756932153     74
 459  756942166  756942168      2
 478  757047842  757047967    125
 478  757048147  757048184     37
 488  757210246  757210325     79
 488  757210385  757210475     90
 488  757210535  757210786    251
 488  757210895  757211056    161
 488  757211116  757211315    199
 488  757211375  757211520    145
 488  757211580  757212005    425
 488  757212065  757212433    368
 488  757213033  757213351    318
 488  757213471  757214371    900
 488  757214431  757214971    540
 488  757215031  757215043     12
 488  757215121  757215553    432
 488  757215703  757216140    437
 488  757216260  757216273     13
 489  757218468  757218803    335
 489  757219403  757219515    112
 489  757219755  757220047    292
 490  757220354  757220423     69
 490  757220483  757220803    320
 490  757220863  757222643   1780
 490  757222703  757223183    480
 490  757223243  757223513    270
 490  757223693  757224253    560
 491  757225773  757227247   1474
 491  757227307  757227408    101
 492  757228892  757229151    259
 492  757229242  757229593    351
 493  757230406  757230711    305
 493  757230771  757231128    357
 494  757235579  757237466   1887
 494  757237646  757237913    267
 495  757239166  757239968    802
 495  757240028  757240140    112
 495  757240200  757240268     68
 495  757240328  757240358     30
 495  757240478  757241168    690
 495  757241228  757242711   1483
 495  757242731  757244028   1297
 496  757245171  757245330    159
 496  757245390  757246424   1034
 497  757247506  757247853    347
 497  757247913  757247973     60
 497  757248183  757248243     60
 497  757248303  757249215    912
 498  757249259  757250016    757
 498  757250076  757250653    577
 498  757251253  757251828    575
 498  757251888  757252038    150
 498  757252128  757252308    180
 498  757252398  757253178    780
 498  757253418  757253718    300
 498  757253928  757254318    390
 498  757254378  757254918    540
 498  757254978  757255128    150
 498  757255188  757255218     30
 498  757255398  757255548    150
 498  757255608  757255758    150
 498  757255818  757255998    180
 498  757256058  757256658    600
 498  757256718  757257023    305
 498  757257623  757257738    115
 498  757257798  757258878   1080
 498  757258938  757259058    120
 498  757259148  757259298    150
 498  757259358  757259928    570
 499  757261068  757262293   1225
 500  757263166  757263393    227
 500  757263993  757265813   1820
 500  757266023  757266083     60
 500  757266353  757266473    120
 500  757266683  757267673    990
 500  757267883  757267968     85
 501  757269706  757269763     57
 502  757270906  757271008    102
 502  757271068  757271128     60
 502  757271188  757271218     30
 502  757271278  757271328     50
 503  757273306  757273379     73
 503  757273439  757273709    270
 503  757273769  757274339    570
 503  757274399  757274579    180
 503  757274639  757274669     30
 503  757274729  757274759     30
 503  757274849  757274969    120
 503  757275059  757275168    109
 504  757277890  757278180    290
 504  757278240  757278456    216
 504  757278516  757278576     60
 504  757278636  757279386    750
 504  757279596  757280136    540
 504  757280346  757280946    600
 504  757281126  757281396    270
 504  757281456  757282116    660
 504  757282236  757282503    267
 504  757283103  757285148   2045
 504  757285328  757286438   1110
 504  757286498  757287180    682
 504  757287240  757287758    518
 504  757287818  757287938    120
 504  757287998  757288128    130
 505  757291429  757291626    197
 505  757291686  757291860    174
 505  757291920  757292406    486
 505  757292616  757293516    900
 505  757293721  757293811     90
 505  757294176  757294266     90
 505  757294381  757294476     95
 505  757294980  757295243    263
 505  757295843  757296000    157
 505  757296120  757296360    240
 505  757296480  757296960    480
 505  757297020  757297091     71
 505  757297151  757297271    120
 505  757297361  757297680    319
 505  757297740  757297948    208
 505  757298278  757298292     14
 505  757298472  757298562     90
 505  757298652  757298982    330
 505  757299072  757299132     60
 505  757299252  757299282     30
 505  757299358  757299418     60
 505  757299522  757299582     60
 505  757299642  757299658     16
 505  757299868  757300348    480
 505  757300468  757300980    512
 505  757301100  757301613    513
 505  757302213  757302293     80
 505  757302353  757302433     80
 506  757306427  757306873    446
 507  757308583  757309740   1157
 507  757309800  757311708   1908
 507  757311768  757312098    330
 507  757312218  757312320    102
 507  757312440  757312638    198
 507  757312758  757313053    295
 508  757315140  757315606    466
 509  757315726  757316008    282
 509  757316278  757316446    168
 511  757316866  757316878     12
 511  757316938  757317406    468
 513  757317600  757317884    284
 515  757321323  757321740    417
 515  757321800  757322018    218
 515  757322228  757322378    150
 515  757322498  757322768    270
 515  757322978  757323368    390
 515  757323488  757324178    690
 515  757324388  757324724    336
 516  757325446  757325473     27
 517  757332406  757333119    713
 517  757333179  757333463    284
 517  757334063  757335420   1357
 517  757335480  757335613    133
 517  757335673  757335793    120
 517  757335853  757336140    287
 517  757336200  757336260     60
 517  757336320  757336500    180
 517  757336620  757337533    913
 517  757337683  757337823    140
 518  757337926  757339689   1763
 518  757339749  757339833     84
 518  757340433  757341375    942
 518  757341795  757342068    273
 519  757345931  757346007     76
 519  757346067  757346203    136
 519  757347028  757347058     30
 519  757347118  757347208     90
 519  757347268  757347358     90
 519  757347418  757347628    210
 519  757347838  757348393    555
