794630423 794640177
794641198 794648398
794651946 794657346
794658261 794670861
794674103 794675903
794676797 794680397
794685144 794690544
794691607 794691894
794692257 794692348
794692628 794693407
794699442 794701242
794702590 794724190
794726557 794730157
794731059 794734659
794737362 794760762
794760885 794762685
794875424 794878497
794887256 794918673
794920151 794921951
794923011 794928411
794930043 794933643
794937353 794939153
794942785 794946385
794947020 794954220
794957022 794958822
794959736 794965136
794965669 794969269
794969804 794971604
794972003 794984603
794985798 794987010
794993004 794996598
795001884 795003684
795005185 795006985
795008853 795016053
795115986 795121386
795124900 795132100
795133048 795144980
795146051 795154648
795155115 795156915
795160334 795170965
795172099 795182899
795183624 795187224
795187694 795194894
795195077 795200477
795201073 795208273
795209005 795214405
795224251 795233251
795233707 795246307
795408715 795428515
795429044 795443444
795450029 795457229
795461254 795470254
795472694 795486995
795487701 795488894
795489555 795496755
795497960 795514160
795515482 795517282
795524915 795526715
795529035 795530835
795531859 795540859
795541955 795545555
795553209 795555009
795556242 795561642
795563127 795564927
795566640 795568440
795569160 795574379
795671534 795678679
