444086.000000 1177444110.000000
1177444336.000000 1177444360.000000
1177444364.000000 1177444375.000000
1177444375.500000 1177444436.000000
1177444437.000000 1177444470.000000
1177444470.750000 1177444495.000000
1177444496.000000 1177444506.000000
1177444507.000000 1177444518.000000
1177444544.000000 1177444553.500000
1177444972.000000 1177444980.000000
1177445001.000000 1177445012.000000
1177445013.000000 1177445023.500000
1177445024.500000 1177445047.500000
1177445048.000000 1177445059.000000
1177445100.000000 1177445109.000000
1177445112.000000 1177445123.000000
1177445124.000000 1177445173.000000
1177445173.500000 1177445185.000000
1177445212.500000 1177445219.000000
1177445220.000000 1177445228.000000
1177445293.500000 1177445298.500000
1177445300.000000 1177445327.000000
1177445340.750000 1177445363.000000
1177445455.000000 1177445463.000000
1177445493.500000 1177445517.000000
1177445519.000000 1177445530.000000
1177445683.000000 1177445694.000000
1177445696.000000 1177445730.000000
1177445731.000000 1177445756.000000
1177445757.000000 1177445768.000000
1177445769.000000 1177445782.000000
1177445782.500000 1177445806.000000
1177445857.500000 1177445864.000000
1177445892.000000 1177445897.000000
1177445914.500000 1177445923.000000
1177445944.000000 1177445946.500000
1177445949.875000 1177445958.000000
1177445959.000000 1177445968.000000
1177446164.000000 1177446173.000000
1177446187.000000 1177446196.750000
1177446199.000000 1177446207.000000
1177446208.000000 1177446221.000000
1177446256.000000 1177446287.000000
1177446309.500000 1177446315.000000
1177446354.000000 1177446369.000000
1177446580.000000 1177446588.000000
1177446606.000000 1177446615.000000
1177446635.000000 1177446654.000000
1177446655.500000 1177446665.000000
1177446670.000000 1177446677.500000
1177446679.000000 1177446687.000000
1177446693.000000 1177446699.000000
1177446709.000000 1177446729.000000
1177446731.000000 1177446766.000000
1177446781.000000 1177446788.500000
1177446791.000000 1177446799.500000
1177446800.500000 1177446809.500000
1177446814.000000 1177446820.375000
1177446825.000000 1177446832.500000
1177446836.000000 1177446843.750000
1177446847.750000 1177446854.500000
1177446859.500000 1177446865.750000
1177446870.000000 1177446876.750000
1177446895.000000 1177446906.000000
1177446907.500000 1177446918.000000
1177446921.500000 1177446927.000000
1177446973.000000 1177446979.250000
1177446982.500000 1177446988.000000
1177447114.000000 1177447123.000000
1177447162.000000 1177447169.000000
1177447172.000000 1177447192.000000
1177447369.500000 1177447376.000000
1177447382.000000 1177447429.000000
1177447455.000000 1177447461.000000
1177447464.000000 1177447482.000000
1177447488.500000 1177447495.000000
1177447497.000000 1177447503.000000
1177447503.500000 1177447521.000000
1177520314.000000 1177520316.000000
1177520332.000000 1177520339.000000
1177520364.000000 1177520370.000000
1177520374.000000 1177520380.000000
1177520399.000000 1177520407.000000
1177520480.500000 1177520486.000000
1177520700.000000 1177520728.062500
1177520786.500000 1177520808.000000
1177520811.000000 1177520821.000000
1177520822.000000 1177520829.000000
1177520833.000000 1177520840.000000
1177520867.000000 1177520874.000000
1177520906.000000 1177520925.000000
1177521014.000000 1177521023.000000
1177521027.000000 1177521048.000000
1177521059.000000 1177521065.500000
1177521069.500000 1177521080.000000
1177521081.500000 1177521113.000000
1177521144.500000 1177521152.000000
1177521154.500000 1177521163.000000
1177521163.500000 1177521173.500000
1177521185.500000 1177521192.500000
1177521195.750000 1177521202.500000
1177521220.000000 1177521229.000000
1177521235.000000 1177521252.500000
1177521254.000000 1177521260.500000
1177521304.000000 1177521311.500000
1177521328.000000 1177521346.000000
1177521349.000000 1177521358.000000
1177521361.500000 1177521383.000000
1177521419.500000 1177521425.500000
1177521429.500000 1177521439.000000
1177521439.500000 1177521450.000000
1177521489.000000 1177521507.500000
1177521509.000000 1177521526.000000
1177521529.000000 1177521534.000000
1177521570.000000 1177521580.562500
1177521584.000000 1177521594.000000
1177521596.000000 1177521605.000000
1177521608.500000 1177521628.000000
1177521697.500000 1177521702.500000
1177521987.625000 1177521996.000000
1177522005.000000 1177522022.000000
1177522024.000000 1177522033.000000
1177522097.000000 1177522107.000000
1177522109.000000 1177522140.000000
1177522304.000000 1177522312.000000
1177522316.000000 1177522325.000000
1177522327.000000 1177522335.000000
1177522338.000000 1177522347.000000
1177522349.000000 1177522369.000000
1177522486.000000 1177522497.000000
1177522498.000000 1177522513.500000
1177522516.000000 1177522534.000000
1177522535.000000 1177522537.500000
1177522561.000000 1177522573.000000
1177522588.500000 1177522597.500000
1177522598.500000 1177522620.000000
1177522634.000000 1177522654.000000
1177522654.500000 1177522664.500000
1177522714.000000 1177522723.000000
1177522820.500000 1177522831.000000
1177522846.000000 1177522859.000000
1177522861.000000 1177522868.500000
1177522887.000000 1177522898.000000
1177522900.000000 1177522922.500000
1177522923.500000 1177522935.000000
1177522939.500000 1177522949.000000
1177522951.500000 1177522956.000000
1177522980.500000 1177522986.000000
1177522991.000000 1177523006.500000
1177523088.500000 1177523094.000000
1177523106.500000 1177523114.500000
1177523145.000000 1177523151.000000
1177523157.000000 1177523172.000000
1177523188.000000 1177523197.000000
1177523204.000000 1177523210.125000
1177523215.500000 1177523223.500000
1177523246.000000 1177523256.500000
1177523257.000000 1177523268.000000
1177523270.500000 1177523279.000000
1177523281.000000 1177523285.500000
1177523373.000000 1177523381.000000
1177523401.500000 1177523423.500000
1177523424.500000 1177523434.000000
1177523472.500000 1177523478.000000
1177523651.000000 1177523670.000000
1177523680.000000 1177523686.000000
1177523690.000000 1177523708.000000
1177523748.500000 1177523753.000000
1177523776.000000 1177523786.000000
1177523790.000000 1177523796.500000
1177523830.000000 1177523835.500000
1177523869.000000 1177523873.500000
1177523898.500000 1177523904.000000
1177523907.000000 1177523915.000000
1177523917.500000 1177523925.500000
1177523939.000000 1177523950.000000
1177523950.625000 1177523961.000000
1177524065.500000 1177524072.000000
1177524120.500000 1177524129.000000
1177524131.000000 1177524152.000000
1177524154.000000 1177524173.250000
1177524204.500000 1177524237.000000
1177524258.500000 1177524289.000000
1177524340.500000 1177524345.000000
1177524349.500000 1177524358.000000
1177524360.000000 1177524367.000000
1177524372.000000 1177524378.000000
1177524409.000000 1177524415.000000
1177524463.000000 1177524468.000000
1177524490.000000 1177524501.500000
1177524514.500000 1177524557.500000
1177524558.000000 1177524565.000000
1177524601.000000 1177524609.000000
1177524610.500000 1177524634.000000
1177524634.500000 1177524658.000000
1177524658.500000 1177524670.000000
1177524675.000000 1177524681.000000
1177524699.000000 1177524709.125000
1177524711.000000 1177524721.000000
1177524722.500000 1177524730.000000
1177524734.500000 1177524788.000000
1177524804.000000 1177524814.000000
1177524818.000000 1177524828.000000
1177524828.375000 1177524838.000000
1177524843.000000 1177524851.000000
1177524855.000000 1177524864.000000
1177524866.000000 1177524874.000000
1177524877.000000 1177524886.000000
1177524887.000000 1177524896.000000
1177524901.500000 1177524908.125000
1177524909.000000 1177524921.000000
1177524922.000000 1177524932.000000
1177524935.250000 1177524944.000000
1177524947.000000 1177524968.000000
1177524970.000000 1177524975.000000
1177525028.000000 1177525083.000000
1177525086.000000 1177525093.000000
1177525099.000000 1177525118.000000
1177525141.500000 1177525160.000000
1177525161.000000 1177525195.000000
1177525196.000000 1177525208.000000
1177525208.500000 1177525235.500000
1177525249.000000 1177525258.000000
1177525261.000000 1177525268.000000
1177525334.000000 1177525343.000000
1177525456.000000 1177525463.000000
1177525500.000000 1177525537.000000
1177525608.000000 1177525612.000000
1177525630.000000 1177525636.000000
1177525657.000000 1177525674.000000
1177525719.500000 1177525726.000000
1177525731.000000 1177525756.000000
1177525796.000000 1177525803.000000
1177525807.000000 1177525851.000000
1177525851.500000 1177525864.000000
1177525865.000000 1177525875.000000
1177525930.000000 1177525936.000000
1177525939.000000 1177525947.000000
1177526010.000000 1177526028.250000
1177526044.000000 1177526052.000000
1177526054.375000 1177526064.000000
1177526068.000000 1177526079.000000
1177526112.500000 1177526146.000000
1177526191.500000 1177526198.000000
1177526203.000000 1177526209.000000
1177526229.500000 1177526249.500000
1177526250.000000 1177526260.500000
1177526268.000000 1177526330.000000
1177526445.000000 1177526453.000000
1177526456.500000 1177526515.000000
1177526517.000000 1177526550.000000
1177526609.000000 1177526636.000000
1177526636.375000 1177526647.500000
1177526651.000000 1177526659.000000
1177526661.500000 1177526682.000000
1177526709.500000 1177526715.000000
1177526719.500000 1177526741.500000
1177526744.000000 1177526758.000000
1177526782.500000 1177526784.500000
1177526812.000000 1177526817.000000
1177526858.500000 1177526864.000000
1177527002.000000 1177527030.000000
1177527047.000000 1177527054.000000
1177527072.000000 1177527077.000000
1177527139.000000 1177527162.000000
1177527165.000000 1177527171.500000
1177527234.000000 1177527244.000000
1177527246.000000 1177527256.000000
1177527258.000000 1177527266.250000
1177527303.500000 1177527312.750000
1177527316.500000 1177527325.000000
1177527326.500000 1177527347.500000
1177527348.000000 1177527357.500000
1177527359.000000 1177527368.250000
1177527455.000000 1177527463.500000
1177527468.000000 1177527474.500000
1177527505.500000 1177527514.000000
1177527544.000000 1177527563.000000
1177527578.000000 1177527583.500000
1177527598.000000 1177527624.500000
1177527625.000000 1177527635.000000
1177527670.875000 1177527678.000000
1177527809.000000 1177527814.500000
1177527846.000000 1177527855.000000
1177527855.562500 1177527865.000000
1177527921.000000 1177527930.000000
1177527932.000000 1177527943.000000
1177527951.875000 1177527958.500000
1177527986.000000 1177527992.250000
1177527993.500000 1177528002.000000
1177528005.500000 1177528049.000000
1177528055.000000 1177528064.500000
1177528065.500000 1177528075.000000
1177528076.000000 1177528084.500000
1177528117.500000 1177528127.000000
1177528130.000000 1177528137.000000
1177528163.500000 1177528178.000000
1177528180.000000 1177528190.000000
1177528193.000000 1177528201.000000
1177528282.000000 1177528291.000000
1177528291.500000 1177528312.000000
1177528316.500000 1177528368.500000
1177528379.500000 1177528386.000000
1177528387.000000 1177528396.500000
1177528399.500000 1177528410.000000
1177528410.500000 1177528422.000000
1177528422.375000 1177528431.750000
1177528437.500000 1177528444.000000
1177528451.000000 1177528463.000000
1177528465.500000 1177528474.500000
1177528476.750000 1177528487.000000
1177528510.375000 1177528519.000000
1177528521.000000 1177528536.000000
1177528549.000000 1177528555.500000
1177528560.000000 1177528567.000000
1177528570.250000 1177528577.500000
1177528627.000000 1177528637.000000
1177528638.000000 1177528646.000000
1177528648.500000 1177528691.000000
1177528693.000000 1177528702.500000
1177528706.500000 1177528731.000000
1177528747.000000 1177528756.500000
1177528758.000000 1177528778.500000
1177528799.500000 1177528808.000000
1177528810.750000 1177528818.000000
1177528820.375000 1177528830.000000
1177528832.500000 1177528837.500000
1177528847.000000 1177528866.000000
1177528867.500000 1177528876.000000
1177528878.000000 1177528884.250000
1177528931.000000 1177528936.000000
1177528941.500000 1177528948.000000
1177528966.000000 1177528974.500000
1177528979.500000 1177528986.000000
1177528990.000000 1177529001.000000
1177529094.000000 1177529117.000000
1177529118.000000 1177529126.000000
1177529274.000000 1177529283.500000
1177529292.000000 1177529312.500000
1177529317.500000 1177529323.000000
1177529446.000000 1177529452.500000
1177529454.000000 1177529462.000000
1177529465.500000 1177529485.000000
1177529488.000000 1177529510.000000
1177529513.000000 1177529570.000000
1177529597.250000 1177529619.000000
1177529714.000000 1177529731.000000
1177529772.500000 1177529777.000000
1177529778.000000 1177529806.000000
1177529808.500000 1177529819.000000
1177529836.000000 1177529842.000000
1177529844.000000 1177529850.500000
1177529854.500000 1177529860.500000
1177529864.500000 1177529871.000000
1177529972.500000 1177529979.000000
1177529995.000000 1177530039.500000
1177530082.000000 1177530108.000000
1177530110.500000 1177530119.000000
1177530121.000000 1177530128.000000
1177530294.000000 1177530326.000000
1177530409.000000 1177530450.000000
1177530453.000000 1177530461.000000
1177530493.000000 1177530499.000000
1177530589.000000 1177530594.000000
1177530762.000000 1177530768.500000
1177530829.000000 1177530835.000000
1177530843.500000 1177530872.000000
1177530874.500000 1177530885.000000
1177530886.000000 1177530897.000000
1177530901.000000 1177530910.000000
1177530912.000000 1177530930.000000
1177530948.000000 1177530953.500000
1177531215.000000 1177531225.125000
1177531230.500000 1177531236.500000
1177531276.000000 1177531334.000000
1177531419.000000 1177531426.000000
1177531501.000000 1177531507.000000
1177531542.000000 1177531591.000000
1177531609.500000 1177531611.500000
1177531613.000000 1177531615.500000
1177531641.000000 1177531646.000000
1177531664.000000 1177531666.500000
1177531703.000000 1177531712.000000
1177531714.500000 1177531724.000000
1177531738.000000 1177531766.000000
1177531795.000000 1177531805.000000
1177532150.000000 1177532160.000000
1177532188.000000 1177532200.000000
1177532221.000000 1177532228.000000
1177532273.000000 1177532301.000000
1177532362.500000 1177532365.500000
1177532611.000000 1177532665.000000
1177532667.000000 1177532678.000000
1177532724.500000 1177532746.000000
1177532749.000000 1177532758.000000
1177532825.500000 1177532832.000000
1177532837.000000 1177532843.000000
1177532847.500000 1177532852.500000
1177532857.500000 1177532863.000000
1177532866.500000 1177532873.000000
1177532876.500000 1177532883.000000
1177532923.000000 1177532929.000000
1177532964.000000 1177532970.000000
1177532990.500000 1177532997.000000
1177533024.000000 1177533033.000000
1177533142.000000 1177533157.000000
1177533199.000000 1177533206.000000
1177533235.000000 1177533250.000000
1177533252.500000 1177533261.000000
1177533264.000000 1177533271.000000
1177533528.000000 1177533537.000000
1177533649.000000 1177533660.000000
1177533661.000000 1177533682.000000
1177533683.000000 1177533689.000000
1177533816.000000 1177533826.000000
1177533827.000000 1177533858.000000
1177533875.000000 1177533905.000000
1177534285.000000 1177534308.000000
1177534414.000000 1177534424.000000
1177534438.500000 1177534447.000000
1177534449.000000 1177534456.000000
1177534474.000000 1177534480.000000
1177534484.500000 1177534491.500000
1177534495.000000 1177534503.000000
1177534512.500000 1177534514.250000
1177534522.000000 1177534523.500000
1177534546.000000 1177534555.500000
1177534556.500000 1177534590.000000
1177534705.000000 1177534712.000000
1177534742.000000 1177534751.000000
1177534752.000000 1177534762.000000
1177534764.000000 1177534776.000000
1177534777.500000 1177534786.000000
1177534829.000000 1177534838.000000
1177534841.000000 1177534849.000000
1177534852.000000 1177534859.250000
1177534890.000000 1177534898.000000
1177534902.000000 1177534908.000000
1177534942.000000 1177534950.000000
1177535057.000000 1177535065.000000
1177535084.500000 1177535086.250000
1177535137.000000 1177535159.000000
1177535161.500000 1177535242.000000
1177535269.000000 1177535293.000000
1177535295.500000 1177535305.000000
1177535308.000000 1177535317.000000
1177535381.500000 1177535431.125000
1177535665.000000 1177535674.125000
1177535720.000000 1177535724.000000
1177535727.000000 1177535777.000000
1177535787.500000 1177535822.000000
1177535823.500000 1177535831.000000
1177535927.500000 1177535937.000000
1177536137.000000 1177536147.000000
1177536148.000000 1177536187.000000
1177536244.500000 1177536252.000000
1177536255.000000 1177536265.000000
1177536265.500000 1177536288.500000
1177536289.000000 1177536319.000000
1177536331.000000 1177536341.000000
1177536353.000000 1177536386.000000
1177536494.000000 1177536513.000000
1177536526.500000 1177536535.000000
1177536538.500000 1177536548.000000
1177536549.000000 1177536559.000000
1177536636.000000 1177536642.000000
1177536645.000000 1177536674.500000
1177536676.000000 1177536682.000000
1177536722.000000 1177536729.000000
1177536732.500000 1177536765.000000
1177536767.000000 1177536787.625000
1177536817.000000 1177536824.000000
1177536827.000000 1177536835.000000
1177536837.000000 1177536848.000000
1177536959.000000 1177536968.000000
1177536970.000000 1177536978.000000
1177536981.500000 1177537016.000000
1177537156.000000 1177537181.000000
1177537206.500000 1177537209.000000
1177537295.000000 1177537314.500000
1177537337.500000 1177537354.000000
1177537356.500000 1177537366.000000
1177537436.500000 1177537445.000000
1177537447.500000 1177537457.000000
1177537458.000000 1177537468.000000
1177537471.500000 1177537489.000000
1177537588.000000 1177537599.000000
1177537701.000000 1177537716.000000
1177537758.000000 1177537765.000000
1177537911.000000 1177537918.000000
1177537920.000000 1177537937.000000
1177537965.000000 1177537971.000000
1177537975.000000 1177537983.000000
1177537985.000000 1177537997.000000
1177538043.000000 1177538049.000000
1177538131.500000 1177538151.000000
1177538151.500000 1177538161.000000
1177538162.500000 1177538184.000000
1177538188.000000 1177538221.000000
1177538223.000000 1177538244.000000
1177538397.000000 1177538404.000000
1177538439.000000 1177538506.000000
1177538580.500000 1177538622.000000
1177538645.500000 1177538650.500000
1177538655.000000 1177538662.000000
1177538667.000000 1177538674.000000
1177538693.000000 1177538702.000000
1177538706.000000 1177538712.000000
1177538759.000000 1177538788.000000
1177538876.500000 1177538893.000000
1177538896.500000 1177538901.500000
1177538918.000000 1177538919.500000
1177538939.000000 1177538952.000000
1177538973.000000 1177538978.000000
1177539084.000000 1177539092.000000
1177539095.000000 1177539103.500000
1177539121.000000 1177539136.000000
1177539163.000000 1177539207.000000
1177539208.000000 1177539227.000000
1177539253.000000 1177539301.000000
1177539383.500000 1177539385.000000
1177539501.000000 1177539523.000000
1177539577.000000 1177539587.250000
1177539625.000000 1177539660.000000
1177539721.000000 1177539730.500000
1177539733.500000 1177539742.000000
1177539747.000000 1177539755.000000
1177539758.000000 1177539767.000000
1177539768.000000 1177539778.000000
1177539830.000000 1177539846.000000
1177540018.000000 1177540050.000000
1177540069.000000 1177540082.000000
1177540102.937500 1177540110.500000
1177540164.625000 1177540226.000000
1177540255.500000 1177540275.000000
1177540276.000000 1177540312.000000
1177540315.000000 1177540325.000000
1177540327.000000 1177540336.000000
1177540337.000000 1177540347.000000
1177540349.000000 1177540360.000000
1177540361.000000 1177540385.000000
1177540386.000000 1177540395.000000
1177540411.500000 1177540465.000000
1177540485.625000 1177540496.000000
1177540498.000000 1177540521.000000
1177540522.000000 1177540533.000000
1177540552.500000 1177540561.000000
1177540563.000000 1177540571.000000
1177540574.500000 1177540583.000000
1177540584.500000 1177540595.000000
1177540597.000000 1177540608.000000
1177540612.000000 1177540619.500000
1177540624.000000 1177540633.000000
1177540637.000000 1177540646.000000
1177540681.000000 1177540689.000000
1177540821.000000 1177540838.000000
1177540841.000000 1177540850.500000
1177540851.000000 1177540873.000000
1177541010.000000 1177541046.000000
1177541049.000000 1177541084.000000
1177541086.250000 1177541111.000000
1177541112.500000 1177541144.000000
1177541147.000000 1177541154.000000
1177541169.500000 1177541199.000000
1177541328.000000 1177541335.000000
1177541339.000000 1177541348.000000
1177541350.000000 1177541358.500000
1177541360.000000 1177541407.000000
1177541410.000000 1177541421.500000
1177541423.000000 1177541432.000000
1177541435.000000 1177541456.000000
1177541462.000000 1177541487.000000
1177541490.000000 1177541512.000000
1177541515.750000 1177541523.500000
1177541554.000000 1177541567.000000
1177654348.000000 1177654352.500000
1177654368.000000 1177654371.500000
1177654697.000000 1177654701.000000
1177654826.000000 1177654828.500000
1177654978.500000 1177654982.500000
1177655063.500000 1177655069.500000
1177655074.000000 1177655082.000000
1177655693.500000 1177655696.000000
1177655814.500000 1177655821.000000
1177658629.000000 1177658635.000000
1177658705.000000 1177658708.000000
1177658790.000000 1177658793.000000
1177659138.000000 1177659147.000000
1177659226.000000 1177659295.000000
1177659297.000000 1177659351.000000
1177659353.000000 1177659374.000000
1177659487.000000 1177659504.000000
1177659575.000000 1177659582.000000
1177659603.500000 1177659613.000000
1177659614.500000 1177659639.000000
1177659698.000000 1177659700.500000
1177659742.000000 1177659758.000000
1177660019.000000 1177660033.000000
1177660086.000000 1177660089.000000
1177660478.500000 1177660483.000000
1177660889.000000 1177660892.500000
1177660981.000000 1177660986.000000
1177661015.500000 1177661019.500000
1177661494.000000 1177661496.500000
1177661710.500000 1177661714.500000
1177661762.000000 1177661764.500000
1177661827.000000 1177661829.500000
1177661964.500000 1177661966.500000
1177662129.000000 1177662132.000000
1177662446.750000 1177662447.500000
1177662574.750000 1177662577.500000
1177663155.750000 1177663157.000000
1177663410.500000 1177663412.000000
1177663665.500000 1177663670.500000
1177663863.000000 1177663865.500000
1177663943.000000 1177663945.500000
1177664089.500000 1177664093.500000
1177664183.500000 1177664185.500000
1177664501.250000 1177664504.500000
1177664678.000000 1177664680.000000
1177664750.437500 1177664750.625000
1177664801.000000 1177664805.500000
1177665161.500000 1177665164.000000
1177665312.500000 1177665315.500000
1177665412.000000 1177665416.000000
1177665497.000000 1177665499.500000
1177665505.500000 1177665508.000000
1177665512.500000 1177665516.000000
1177666113.000000 1177666115.000000
1177666701.500000 1177666705.500000
1177666853.500000 1177666855.500000
1177666915.500000 1177666917.500000
1177667134.500000 1177667137.000000
1177667167.500000 1177667171.000000
1177667404.500000 1177667407.000000
1177667597.000000 1177667598.500000
1177667601.000000 1177667605.000000
1177667617.750000 1177667621.250000
1177667912.500000 1177667915.500000
1177668171.500000 1177668174.500000
1177668208.500000 1177668211.500000
1177668599.500000 1177668602.000000
1177669110.000000 1177669113.000000
1177669161.000000 1177669164.250000
1177669201.000000 1177669203.000000
1177669319.000000 1177669321.500000
1177669471.000000 1177669474.500000
1177670378.000000 1177670380.500000
1177670415.500000 1177670418.000000
1177670749.000000 1177670756.500000
1177670929.500000 1177670932.500000
1177671238.000000 1177671251.250000
1177671264.500000 1177671269.000000
1177671496.500000 1177671501.500000
1177671610.000000 1177671613.250000
1177672159.000000 1177672161.500000
1177672229.000000 1177672231.500000
1177672439.500000 1177672449.000000
1177672583.500000 1177672586.000000
1177707328.000000 1177707329.250000
1177707332.625000 1177707333.750000
1177707350.750000 1177707355.375000
1177707355.750000 1177707357.750000
1177707377.875000 1177707383.000000
1177708753.000000 1177708754.500000
1177710908.000000 1177710911.000000
1177715071.000000 1177715072.000000
1177715696.250000 1177715696.750000
1177717758.500000 1177717760.500000
1177722488.500000 1177722493.250000
1177722495.000000 1177722499.500000
1177722511.000000 1177722514.000000
1177728327.000000 1177728329.250000
1177736047.000000 1177736049.562500
1177737081.000000 1177737083.000000
1177737987.000000 1177737988.500000
1177742088.000000 1177742090.000000
1177752300.375000 1177752301.000000
1177756325.000000 1177756326.500000
1177760128.000000 1177760131.250000
1177813008.437500 1177813012.000000
1177813240.000000 1177813243.000000
1177818446.250000 1177818449.000000
1177820941.000000 1177820943.500000
1177824521.875000 1177824529.000000
1177824783.000000 1177824790.000000
1177824811.000000 1177824819.000000
1177844254.500000 1177844256.250000
1177845219.750000 1177845221.125000
1177846472.500000 1177846475.000000
1177846810.500000 1177846813.000000
1177859392.187500 1177859395.289063
1177859654.250000 1177859656.625000
1177859781.875000 1177859782.375000
1177860078.625000 1177860079.625000
1177860080.375000 1177860082.500000
1177860163.375000 1177860168.500000
1177860206.500000 1177860209.312500
1177860784.500000 1177860788.375000
1177860867.375000 1177860870.000000
1177861033.500000 1177861035.750000
1177861093.000000 1177861097.375000
1177861376.750000 1177861381.000000
1177861553.000000 1177861557.000000
1177861666.750000 1177861675.000000
1177861943.625000 1177861948.000000
1177862217.250000 1177862219.250000
1177862276.625000 1177862279.125000
1177862282.875000 1177862286.937500
1177863004.500000 1177863006.750000
1177863031.500000 1177863033.000000
1177863563.500000 1177863566.500000
1177864001.250000 1177864002.375000
1177864234.625000 1177864251.437500
1177864253.500000 1177864255.375000
1177864706.875000 1177864708.500000
1177865005.000000 1177865025.875000
1177865814.625000 1177865820.875000
1177866207.687500 1177866209.000000
1177868521.437500 1177868522.937500
1177868915.500000 1177868917.000000
1177868956.000000 1177868957.375000
1177869182.500000 1177869185.250000
1177869405.500000 1177869412.000000
1177869614.000000 1177869631.500000
1177869648.250000 1177869653.593750
1177869758.000000 1177869781.000000
1177869895.125000 1177869896.250000
1177870212.812500 1177870214.125000
1177870219.750000 1177870228.500000
1177870954.125000 1177870960.093750
1177870963.875000 1177870969.125000
1177871268.250000 1177871270.500000
1177871432.250000 1177871437.125000
1177872287.375000 1177872287.937500
1177872842.000000 1177872845.250000
1177872858.000000 1177872860.500000
1177873080.500000 1177873090.062500
1177873485.500000 1177873487.500000
1177873736.500000 1177873740.500000
1177873741.375000 1177873742.000000
1177873806.000000 1177873808.750000
1177873890.000000 1177873896.062500
1177874021.000000 1177874026.000000
1177874302.125000 1177874305.000000
1177874348.906250 1177874355.000000
1177874572.812500 1177874577.156250
1177875993.750000 1177875996.125000
1177876077.406250 1177876084.500000
1177876254.000000 1177876260.000000
1177876260.625000 1177876262.562500
1177876263.750000 1177876275.000000
1177876523.000000 1177876550.750000
1177876803.000000 1177876806.750000
1177876869.312500 1177876870.187500
1177876984.000000 1177876990.000000
1177877082.750000 1177877086.875000
1177878194.000000 1177878203.000000
1177878204.000000 1177878211.000000
1177878217.000000 1177878226.000000
1177878279.000000 1177878283.000000
1177878440.000000 1177878449.000000
1177878639.000000 1177878647.000000
1177879716.000000 1177879722.000000
1177880118.000000 1177880129.000000
1177880471.250000 1177880482.000000
1177880742.000000 1177880748.250000
1177880990.750000 1177881037.000000
1177881125.000000 1177881131.000000
1177881183.000000 1177881193.000000
1177881413.000000 1177881422.000000
1177881549.000000 1177881558.500000
1177881581.000000 1177881591.000000
1177881603.000000 1177881610.000000
1177881614.000000 1177881622.000000
1177881625.000000 1177881645.000000
1177881845.500000 1177881856.187500
1177881872.000000 1177881904.000000
1177881920.500000 1177881940.000000
1177881960.000000 1177881969.000000
1177881975.000000 1177881983.000000
1177882012.000000 1177882021.000000
1177882172.000000 1177882182.000000
1177883532.000000 1177883558.000000
1177883737.500000 1177883746.000000
1177893905.000000 1177893912.000000
1177893917.000000 1177893936.000000
1177989740.500000 1177989742.500000
1177993274.500000 1177993277.250000
1177995321.500000 1177995324.250000
1177995872.500000 1177995873.500000
1177995877.000000 1177995880.000000
1177995897.000000 1177995907.500000
1177995908.000000 1177995911.500000
1177995911.875000 1177995915.187500
1177995941.500000 1177995942.500000
1177998665.000000 1177998669.000000
1178019017.750000 1178019019.000000
1178027392.000000 1178027398.000000
1178027588.000000 1178027601.000000
1178029891.000000 1178029935.000000
1178029976.000000 1178029982.000000
1178030355.000000 1178030367.250000
1178030947.000000 1178030952.000000
1178030954.000000 1178030963.000000
1178031429.000000 1178031433.000000
1178065632.500000 1178065634.250000
1178066709.000000 1178066715.000000
1178067021.000000 1178067033.000000
1178088160.000000 1178088162.000000
1178089944.000000 1178089947.000000
1178124947.000000 1178124954.000000
1178126136.000000 1178126140.000000
1178133172.000000 1178133181.000000
1178139131.000000 1178139138.000000
1178140896.000000 1178140903.125000
1178154170.000000 1178154173.000000
1178161213.500000 1178161216.000000
1178163705.500000 1178163708.500000
1178165621.500000 1178165624.500000
1178170699.000000 1178170702.750000
1178199559.750000 1178199560.500000
1178227279.000000 1178227280.500000
1178231953.000000 1178231953.250000
1178234919.500000 1178234920.500000
1178248017.000000 1178248019.500000
1178267604.000000 1178267611.000000
1180774919.000000 1180774922.750000
1180789947.000000 1180789950.125000
1180823821.437500 1180823828.406250
1180825013.500000 1180825017.500000
1180863237.500000 1180863247.000000
1180863247.500000 1180863257.000000
1180863258.000000 1180863267.500000
1180863268.500000 1180863296.000000
1180972845.000000 1180972854.000000
1180972866.000000 1180972870.500000
1181156175.000000 1181156188.000000
1181156232.000000 1181156239.500000
1181200722.500000 1181200725.500000
1181202856.750000 1181202858.750000
1181241867.500000 1181241877.125000
1181241879.000000 1181241881.000000
1181242460.406250 1181242463.000000
1181244551.500000 1181244556.500000
1181245280.250000 1181245284.812500
1181247330.750000 1181247334.500000
1181248978.500000 1181248990.437500
1181249214.000000 1181249221.250000
1181249722.000000 1181249729.812500
1181249774.500000 1181249783.000000
1181250047.750000 1181250054.000000
1181251065.500000 1181251076.000000
1181255345.750000 1181255349.500000
1181268179.500000 1181268182.500000
1181272871.000000 1181272879.000000
1181273108.500000 1181273112.500000
1181273416.000000 1181273425.000000
1181306770.000000 1181306782.000000
1181307157.000000 1181307263.500000
1181307268.000000 1181307296.000000
1181307302.500000 1181307305.500000
1181307364.625000 1181307371.000000
1181307388.500000 1181307395.625000
1181307396.500000 1181307402.250000
1181307405.750000 1181307410.250000
1181307412.000000 1181307416.500000
1181307418.000000 1181307423.000000
1181307429.500000 1181307434.000000
1181307463.000000 1181307467.500000
1181307471.500000 1181307479.750000
1181307490.500000 1181307495.000000
1181307518.000000 1181307521.000000
1181327196.500000 1181327201.875000
1181327582.750000 1181327587.250000
1181328386.000000 1181328393.500000
1181329006.000000 1181329008.078125
1181334626.500000 1181334628.000000
1181358971.500000 1181358973.000000
1181364117.000000 1181364136.000000
1181364292.000000 1181364300.500000
1181364512.500000 1181364524.000000
1181364525.000000 1181364536.000000
1181364687.500000 1181364702.000000
1181364704.000000 1181364721.000000
1181364723.000000 1181364730.000000
1181364732.000000 1181364739.000000
1181364908.000000 1181365061.000000
1181379348.000000 1181379381.000000
1181379384.000000 1181379393.000000
1181379407.000000 1181379415.000000
1181379589.000000 1181379597.000000
1181379599.000000 1181379618.000000
1181379623.000000 1181379648.000000
1181379763.500000 1181379778.000000
1181379798.000000 1181379812.500000
1181379813.500000 1181379821.000000
1181379823.500000 1181379830.000000
1181379832.500000 1181379867.125000
1181379867.500000 1181379875.000000
1181379888.500000 1181379904.000000
1181379904.500000 1181379910.000000
1181379955.000000 1181379997.000000
1181379999.000000 1181380006.000000
1181380008.000000 1181380015.000000
1181380060.000000 1181380088.000000
1181380236.000000 1181380238.000000
1181397031.000000 1181397034.250000
1181438671.000000 1181438678.625000
1181438681.500000 1181438689.000000
1181438691.500000 1181438699.500000
1181438702.500000 1181438710.250000
1181438713.000000 1181438720.500000
1181438723.500000 1181438730.250000
1181438734.000000 1181438741.000000
1181438752.500000 1181438755.000000
1181443295.000000 1181443316.000000
1181457780.000000 1181457823.000000
1181457824.000000 1181457879.000000
1181457942.000000 1181457951.000000
1181458013.000000 1181458021.000000
1181458052.375000 1181458084.000000
1181483379.500000 1181483383.000000
1181483397.500000 1181483402.000000
1181484569.000000 1181484574.500000
1181490157.500000 1181490167.375000
1181501208.500000 1181501209.250000
1181510772.000000 1181510781.000000
1181510809.000000 1181510875.000000
1181510942.000000 1181510948.250000
1181510951.500000 1181510959.000000
1181510960.500000 1181510968.062500
1181510970.500000 1181510977.500000
1181510979.000000 1181510985.500000
1181510987.000000 1181510990.500000
1181511024.500000 1181511029.000000
1181511034.500000 1181511037.500000
1181511044.000000 1181511081.000000
1181511083.500000 1181511112.500000
1181511176.000000 1181511184.000000
1181511184.500000 1181511191.250000
1181511194.000000 1181511209.000000
1181511209.500000 1181511216.000000
1181511217.000000 1181511224.500000
1181511225.500000 1181511232.500000
1181511234.500000 1181511241.250000
1181511243.500000 1181511250.500000
1181511251.500000 1181511258.000000
1181511259.500000 1181511265.000000
1181511268.000000 1181511274.000000
1181511276.000000 1181511281.500000
1181511306.500000 1181511312.250000
1181511314.000000 1181511320.375000
1181511323.000000 1181511329.500000
1181511331.000000 1181511337.500000
1181511340.500000 1181511347.500000
1181511348.000000 1181511358.000000
1181511381.000000 1181511387.000000
1181511389.500000 1181511394.250000
1181511430.000000 1181511433.000000
1181511437.500000 1181511443.000000
1181511445.500000 1181511452.000000
1181511452.500000 1181511460.000000
1181511461.500000 1181511484.000000
1181511529.000000 1181511542.000000
1181511572.000000 1181511579.000000
1181511651.000000 1181511674.000000
1181513668.000000 1181513671.500000
1181519711.000000 1181519713.000000
1181520425.000000 1181520448.000000
1181520450.000000 1181520496.500000
1181520508.000000 1181520526.000000
1181540680.500000 1181540684.125000
1181540684.500000 1181540687.000000
1181542919.500000 1181542922.000000
1181556740.500000 1181556744.000000
1181560448.625000 1181560453.500000
1181563468.187500 1181563470.000000
1181564042.500000 1181564045.000000
1181565919.500000 1181565921.500000
1181573454.500000 1181573458.500000
1181610125.000000 1181610180.000000
1181618743.812500 1181618745.000000
1181634842.000000 1181634843.000000
1181637858.000000 1181637859.500000
1181643410.000000 1181643414.000000
1181643811.000000 1181643814.000000
1181647712.500000 1181647713.500000
1181650989.500000 1181650990.500000
1181654889.500000 1181654892.500000
1181654947.000000 1181654957.000000
1181654972.500000 1181654975.500000
1181654977.000000 1181654983.000000
1181655007.875000 1181655015.000000
1181655017.000000 1181655023.500000
1181655026.000000 1181655032.000000
1181655040.000000 1181655041.000000
1181655062.500000 1181655066.000000
1181655261.000000 1181655263.812500
1181655756.000000 1181655759.000000
1181655768.500000 1181655772.250000
1181655791.000000 1181655792.500000
1181655850.000000 1181655854.000000
1181655952.875000 1181655955.000000
1181655962.000000 1181655969.500000
1181696181.000000 1181696299.000000
1181696352.000000 1181696380.000000
1181696443.000000 1181696446.500000
1181696477.000000 1181696508.000000
1181696533.875000 1181696549.000000
1181696588.000000 1181696628.000000
1181779751.000000 1181779755.500000
1181784112.750000 1181784114.250000
1181798745.500000 1181798748.500000
1181812740.250000 1181812741.500000
1181813809.500000 1181813841.000000
1181814169.875000 1181814173.000000
1181816062.000000 1181816068.500000
1181824328.750000 1181824330.500000
1181829625.000000 1181829626.000000
1181849677.000000 1181849679.500000
1181850383.750000 1181850384.500000
1181851414.000000 1181851436.000000
1181851438.000000 1181851495.000000
1181851549.750000 1181851582.000000
1181851584.500000 1181851616.000000
1181851617.500000 1181851649.000000
1181851707.500000 1181851742.062500
1181851751.000000 1181851756.000000
1181851757.000000 1181851796.000000
1181851819.500000 1181851829.000000
1181851830.500000 1181851840.000000
1181851842.000000 1181851854.500000
1181860271.000000 1181860274.500000
1181867204.250000 1181867206.000000
1181906567.187500 1181906570.500000
1181908472.000000 1181908474.500000
1181917200.000000 1181917203.000000
1181918421.000000 1181918422.500000
1181921128.500000 1181921130.000000
1181924112.750000 1181924116.000000
1181964329.000000 1181964335.000000
1181970311.000000 1181970326.000000
1181972625.000000 1181972637.000000
1181973033.000000 1181973059.000000
1181974248.000000 1181974267.000000
1181975116.000000 1181975127.000000
1181977345.000000 1181977353.000000
1181977677.000000 1181977704.000000
1181978762.000000 1181978783.000000
1181978846.000000 1181978866.000000
1181979211.000000 1181979219.000000
1181979854.000000 1181979870.000000
1181980719.000000 1181980731.000000
1181981484.000000 1181981496.000000
1181981842.000000 1181981856.000000
1181981950.000000 1181981959.000000
1181981967.500000 1181981976.000000
1181982096.000000 1181982113.000000
1181982156.000000 1181982166.000000
1181982406.000000 1181982424.000000
1181982625.000000 1181982643.000000
1181982683.000000 1181982697.000000
1181982845.000000 1181982858.000000
1181983132.000000 1181983144.000000
1181983431.000000 1181983441.000000
1181983629.000000 1181983642.000000
1181984028.000000 1181984037.000000
1181984270.000000 1181984287.000000
1181984464.000000 1181984473.000000
1181984524.000000 1181984538.000000
1181984589.000000 1181984599.000000
1181984640.500000 1181984653.000000
1181984676.000000 1181984689.000000
1181984756.000000 1181984768.000000
1181984930.000000 1181984936.500000
1181984937.000000 1181984951.000000
1181984959.500000 1181984965.000000
1181984968.000000 1181984982.000000
1181984996.000000 1181984999.500000
1181985120.750000 1181985134.000000
1181985230.000000 1181985238.000000
1181985385.000000 1181985402.000000
1181985421.000000 1181985455.000000
1181985568.000000 1181985576.000000
1181985849.500000 1181985868.000000
1181985920.000000 1181985934.000000
1181985976.000000 1181985996.000000
1181986009.000000 1181986023.000000
1181986061.250000 1181986074.000000
1181986212.000000 1181986219.000000
1181986461.000000 1181986479.000000
1181986627.000000 1181986640.000000
1181986663.000000 1181986681.000000
1181986696.000000 1181986704.000000
1181986933.500000 1181986955.000000
1181986993.000000 1181986998.000000
1181987080.000000 1181987084.500000
1181987091.000000 1181987095.000000
1181987134.000000 1181987141.000000
1181987213.000000 1181987221.125000
1181987281.000000 1181987291.000000
1181987317.000000 1181987323.500000
1181987389.000000 1181987395.250000
1181987431.000000 1181987442.000000
1181987520.000000 1181987535.000000
1181987567.000000 1181987582.000000
1181987632.000000 1181987646.000000
1181987720.000000 1181987729.000000
1181987744.000000 1181987748.000000
1181987799.000000 1181987815.000000
1181987863.000000 1181987875.000000
1181987986.625000 1181988001.000000
1181988036.000000 1181988042.000000
1181988049.500000 1181988052.500000
1181988075.000000 1181988084.000000
1181988263.000000 1181988278.000000
1181988300.000000 1181988314.000000
1181988376.000000 1181988387.000000
1181988438.000000 1181988452.000000
1181988538.000000 1181988546.000000
1181988560.000000 1181988577.000000
1181988613.000000 1181988625.000000
1181988643.000000 1181988652.000000
1181988704.000000 1181988718.000000
1181988775.000000 1181988792.000000
1181988941.000000 1181988951.000000
1181988963.000000 1181988967.000000
1181989263.000000 1181989275.000000
1181989412.000000 1181989417.250000
1181989463.000000 1181989481.000000
1181989547.000000 1181989554.000000
1181989562.000000 1181989574.000000
1181989582.000000 1181989591.000000
1181989612.000000 1181989622.000000
1181989698.000000 1181989711.000000
1181989845.000000 1181989855.000000
1181989861.500000 1181989866.500000
1181990132.000000 1181990142.000000
1181990271.000000 1181990283.125000
1181990334.000000 1181990350.500000
1181990628.000000 1181990631.500000
1181990785.890625 1181990800.000000
1181990812.000000 1181990821.000000
1181990938.000000 1181990950.000000
1181991076.000000 1181991088.000000
1181991264.500000 1181991271.000000
1181991288.750000 1181991302.000000
1181991315.000000 1181991323.000000
1181991353.000000 1181991365.000000
1181991366.500000 1181991379.000000
1181991444.000000 1181991451.000000
1181991500.500000 1181991514.000000
1181991552.500000 1181991557.250000
1181991624.000000 1181991645.000000
1181991790.000000 1181991798.000000
1181991878.000000 1181991886.000000
1181991979.000000 1181991987.000000
1181992199.000000 1181992209.500000
1181992360.000000 1181992365.000000
1181992559.000000 1181992567.000000
1181992655.000000 1181992663.000000
1181992667.000000 1181992675.000000
1181992701.000000 1181992709.000000
1181993164.500000 1181993183.000000
1181993316.000000 1181993327.500000
1181993379.000000 1181993397.500000
1181993405.000000 1181993420.000000
1181993809.000000 1181993816.000000
1181993850.000000 1181993855.000000
1181993890.000000 1181993906.000000
1181993923.000000 1181993938.000000
1181994002.000000 1181994009.000000
1181994105.000000 1181994114.000000
1181994310.000000 1181994314.000000
1181994327.000000 1181994343.500000
1181994349.000000 1181994359.000000
1181994382.000000 1181994391.000000
1181994484.000000 1181994498.000000
1181994776.000000 1181994783.000000
1181994800.000000 1181994816.000000
1181995056.750000 1181995067.000000
1181995101.000000 1181995114.000000
1181995120.000000 1181995130.000000
1181995733.000000 1181995747.375000
1181995916.000000 1181995922.500000
1181996111.000000 1181996128.000000
1181996206.000000 1181996217.000000
1181996223.000000 1181996232.000000
1181996431.000000 1181996443.000000
1181996471.000000 1181996477.000000
1181996628.250000 1181996639.000000
1181996644.000000 1181996660.000000
1181996742.000000 1181996749.000000
1181996860.000000 1181996863.500000
1181996906.000000 1181996921.000000
1181997140.000000 1181997152.000000
1181997162.000000 1181997174.000000
1181997388.000000 1181997402.000000
1181997506.000000 1181997520.000000
1181997601.000000 1181997603.500000
1181997810.000000 1181997819.000000
1181997910.000000 1181997914.000000
1181997995.000000 1181998022.000000
1181998119.000000 1181998127.000000
1181998314.000000 1181998324.000000
1181998407.000000 1181998412.000000
1181998487.000000 1181998499.000000
1181998569.000000 1181998577.375000
1181998591.000000 1181998605.000000
1181998608.000000 1181998625.000000
1181998693.000000 1181998699.000000
1181998774.000000 1181998787.000000
1181998819.000000 1181998832.000000
1181998933.000000 1181998941.000000
1181999041.000000 1181999052.000000
1181999066.000000 1181999079.000000
1181999159.000000 1181999168.000000
1181999174.000000 1181999185.000000
1181999226.000000 1181999240.000000
1181999499.000000 1181999508.000000
1181999629.000000 1181999647.000000
1181999989.000000 1181999997.000000
1182000015.000000 1182000023.000000
1182000031.750000 1182000047.500000
1182000197.500000 1182000203.000000
1182000235.500000 1182000252.000000
1182000339.500000 1182000345.500000
1182000414.000000 1182000421.000000
1182000535.000000 1182000544.000000
1182000596.000000 1182000608.500000
1182000612.000000 1182000622.000000
1182000739.000000 1182000746.000000
1182000751.000000 1182000755.000000
1182000782.000000 1182000793.000000
1182001020.000000 1182001039.000000
1182001197.000000 1182001204.000000
1182001251.000000 1182001258.000000
1182001301.000000 1182001321.000000
1182001323.000000 1182001335.000000
1182001743.500000 1182001758.500000
1182001799.000000 1182001806.000000
1182001852.000000 1182001862.000000
1182001877.000000 1182001890.000000
1182002017.000000 1182002020.000000
1182002043.000000 1182002050.500000
1182002103.500000 1182002110.000000
1182002125.000000 1182002138.000000
1182002152.000000 1182002157.375000
1182002183.000000 1182002189.000000
1182002241.000000 1182002249.000000
1182002453.500000 1182002469.000000
1182212579.000000 1182212587.000000
1182212698.500000 1182212703.000000
1182212823.000000 1182212840.500000
1182212998.000000 1182213003.000000
1182213005.000000 1182213020.500000
1182213165.500000 1182213169.500000
1182213177.000000 1182213182.000000
1182213349.000000 1182213353.000000
1182213404.500000 1182213412.500000
1182213582.000000 1182213592.500000
1182213593.000000 1182213600.000000
1182213641.000000 1182213646.000000
1182213718.500000 1182213722.000000
1182213734.000000 1182213746.000000
1182213934.000000 1182213938.000000
1182213975.000000 1182213982.000000
1182214025.500000 1182214034.000000
1182214038.000000 1182214043.000000
1182214159.000000 1182214164.000000
1182214169.000000 1182214175.000000
1182214183.000000 1182214190.000000
1182214194.000000 1182214200.000000
1182214206.000000 1182214210.250000
1182214231.000000 1182214239.500000
1182214259.000000 1182214265.500000
1182215982.250000 1182216000.500000
1182216052.000000 1182216056.000000
1182216148.000000 1182216151.000000
1182216183.500000 1182216185.500000
1182216213.500000 1182216221.000000
1182216243.500000 1182216251.000000
1182216393.000000 1182216397.000000
1182216441.000000 1182216443.000000
1182216542.000000 1182216547.000000
1182216644.000000 1182216650.000000
1182216707.000000 1182216712.000000
1182216716.968750 1182216723.000000
1182216938.500000 1182216944.000000
1182216971.000000 1182216977.000000
1182216977.500000 1182216980.500000
1182216982.500000 1182216990.000000
1182217092.500000 1182217099.000000
1182217169.000000 1182217178.000000
1182217222.000000 1182217232.500000
1182217659.500000 1182217667.500000
1182217674.000000 1182217682.000000
1182217740.500000 1182217744.500000
1182217980.000000 1182217983.500000
1182218093.000000 1182218102.000000
1182218113.750000 1182218122.000000
1182218143.750000 1182218147.000000
1182218324.000000 1182218326.000000
1182218386.500000 1182218390.000000
1182218482.500000 1182218487.000000
1182218515.000000 1182218527.000000
1182218679.000000 1182218685.000000
1182218755.000000 1182218759.000000
1182218833.000000 1182218845.000000
1182219439.000000 1182219447.000000
1182219846.000000 1182219851.000000
1182219858.000000 1182219863.000000
1182219867.000000 1182219883.500000
1182219884.000000 1182219889.000000
1182220186.000000 1182220190.000000
1182220275.000000 1182220280.500000
1182220462.000000 1182220467.000000
1182220538.000000 1182220547.000000
1182220596.500000 1182220599.500000
1182220918.000000 1182220923.500000
1182220959.000000 1182220973.000000
1182220976.000000 1182220979.500000
1182221000.000000 1182221004.000000
1182221030.000000 1182221033.500000
1182221035.250000 1182221040.500000
1182221136.000000 1182221138.500000
1182221202.000000 1182221234.000000
1182221330.000000 1182221339.000000
1182221387.000000 1182221401.000000
1182221446.500000 1182221450.000000
1182221472.500000 1182221479.000000
1182221517.000000 1182221522.000000
1182221584.000000 1182221596.000000
1182221715.500000 1182221718.500000
1182221809.500000 1182221811.500000
1182221910.000000 1182221914.000000
1182221939.000000 1182221953.000000
1182222078.000000 1182222117.000000
1182222286.000000 1182222304.000000
1182222434.000000 1182222458.000000
1182222667.000000 1182222671.500000
1182222674.000000 1182222694.000000
1182222765.000000 1182222768.000000
1182222947.000000 1182222961.000000
1182223125.000000 1182223133.000000
1182223144.000000 1182223147.500000
1182223450.500000 1182223458.000000
1182223611.000000 1182223620.000000
1182223657.000000 1182223667.000000
1182223814.000000 1182223824.000000
1182223825.500000 1182223837.000000
1182223956.000000 1182223963.500000
1182223971.000000 1182223978.000000
1182224402.500000 1182224407.125000
1182224558.000000 1182224576.000000
1182224614.000000 1182224618.500000
1182224775.000000 1182224781.000000
1182224786.000000 1182224803.000000
1182225291.500000 1182225296.000000
1182226134.000000 1182226149.500000
1182226229.000000 1182226243.000000
1182226479.000000 1182226485.000000
1182226603.000000 1182226606.000000
1182227115.000000 1182227130.000000
1182227214.500000 1182227217.000000
1182227225.000000 1182227235.000000
1182227586.000000 1182227599.500000
1182228137.000000 1182228147.500000
1182228649.750000 1182228665.000000
1182230205.000000 1182230208.000000
1182230552.000000 1182230563.000000
1182231067.000000 1182231071.000000
1182231749.000000 1182231772.000000
1182231944.000000 1182231957.000000
1182232070.000000 1182232074.000000
1182232711.000000 1182232713.500000
1182233138.500000 1182233143.500000
1182233391.000000 1182233395.000000
1182234064.000000 1182234068.000000
1182234074.000000 1182234078.000000
1182234081.500000 1182234085.500000
1182234251.000000 1182234277.000000
1182235310.000000 1182235314.500000
1182235318.000000 1182235326.000000
1182235557.000000 1182235562.000000
1182236034.000000 1182236045.000000
1182236248.000000 1182236253.250000
1182237714.000000 1182237728.000000
1182237840.000000 1182237845.000000
1182237848.000000 1182237857.000000
1182237971.750000 1182237980.250000
1182237993.000000 1182238011.000000
1182238429.000000 1182238440.500000
1182238549.000000 1182238556.000000
1182238646.000000 1182238651.000000
1182238868.000000 1182238886.000000
1182239440.000000 1182239454.000000
1182240047.000000 1182240055.000000
1182240141.000000 1182240145.500000
1182240276.500000 1182240279.500000
1182241299.500000 1182241303.000000
1182241357.000000 1182241361.500000
1182241815.000000 1182241819.000000
1182242323.000000 1182242326.500000
1182242465.000000 1182242472.000000
1182242733.250000 1182242737.625000
1182243002.500000 1182243005.500000
1182243386.000000 1182243395.000000
1182243396.750000 1182243404.500000
1182243990.000000 1182243993.125000
1182243998.000000 1182244003.000000
1182244315.000000 1182244321.000000
1182244507.000000 1182244510.000000
1182244552.000000 1182244557.000000
1182244570.000000 1182244575.000000
1182244629.000000 1182244632.000000
1182244777.500000 1182244780.000000
1182244805.000000 1182244810.000000
1182244910.000000 1182244913.000000
1182245025.000000 1182245037.000000
1182245079.000000 1182245084.000000
1182245089.000000 1182245095.000000
1182245189.500000 1182245192.000000
1182245244.000000 1182245249.000000
1182245338.562500 1182245342.000000
1182245384.000000 1182245388.000000
1182245394.000000 1182245400.000000
1182245405.000000 1182245412.000000
1182245417.000000 1182245422.000000
1182245723.000000 1182245744.000000
1182245793.000000 1182245796.500000
1182245800.000000 1182245805.000000
1182245865.000000 1182245870.000000
1182245957.000000 1182245963.250000
1182245987.500000 1182245990.500000
1182246239.000000 1182246245.000000
1182246340.500000 1182246343.500000
1182246726.500000 1182246729.500000
1182247032.000000 1182247037.500000
1182247043.500000 1182247049.000000
1182247060.000000 1182247063.500000
1182247251.000000 1182247254.000000
1182247391.000000 1182247397.000000
1182247570.500000 1182247574.000000
1182247755.000000 1182247763.000000
1182247763.500000 1182247772.000000
1182248395.000000 1182248400.000000
1182248600.500000 1182248604.000000
1182248832.000000 1182248835.500000
1182248901.000000 1182248904.000000
1182249119.500000 1182249122.500000
1182249258.000000 1182249262.000000
1182249264.875000 1182249269.250000
1182249328.000000 1182249331.000000
1182249394.437500 1182249397.500000
1182249885.000000 1182249903.000000
1182249906.000000 1182249912.500000
1182250190.500000 1182250196.000000
1182250284.500000 1182250288.000000
1182251304.500000 1182251307.500000
1182251882.500000 1182251885.000000
1182251961.500000 1182251967.000000
1182252180.500000 1182252185.000000
1182252283.500000 1182252286.500000
1182252421.000000 1182252426.000000
1182252773.500000 1182252778.000000
1182253308.500000 1182253311.500000
1182254929.000000 1182254935.000000
1182254943.000000 1182254946.000000
1182254995.500000 1182254999.250000
1182255576.000000 1182255584.000000
1182255727.500000 1182255732.000000
1182256119.750000 1182256123.625000
1182256807.000000 1182256811.000000
1182256944.500000 1182256947.500000
1182257141.000000 1182257144.500000
1182257662.000000 1182257665.500000
1182257733.000000 1182257738.000000
1182257887.000000 1182257893.000000
1182258487.000000 1182258497.000000
1182259055.000000 1182259062.000000
1182259130.000000 1182259137.500000
1182259143.000000 1182259148.000000
1182259317.000000 1182259322.500000
1182259490.000000 1182259499.000000
1182259530.000000 1182259537.250000
1182259540.000000 1182259548.000000
1182259594.000000 1182259598.000000
1182259761.000000 1182259767.000000
1182259770.875000 1182259776.000000
1182260536.000000 1182260539.000000
1182261055.500000 1182261060.375000
1182261101.000000 1182261105.000000
1182262177.000000 1182262182.000000
1182262320.500000 1182262323.000000
1182262545.000000 1182262554.000000
1182264959.000000 1182264965.000000
1182265073.000000 1182265099.000000
1182265173.000000 1182265178.000000
1182265211.000000 1182265217.000000
1182265249.000000 1182265256.000000
1182265335.500000 1182265343.000000
1182265732.000000 1182265738.000000
1182267205.000000 1182267212.000000
1182267216.000000 1182267222.000000
1182267234.000000 1182267241.000000
1182267243.000000 1182267251.000000
1182267253.000000 1182267273.000000
1182267282.000000 1182267289.000000
1182267292.000000 1182267300.000000
1182267408.000000 1182267415.000000
1182267437.000000 1182267442.000000
1182267663.000000 1182267669.000000
1182267822.000000 1182267831.000000
1182267833.000000 1182267842.312500
1182267844.000000 1182267854.000000
1182268554.000000 1182268559.250000
1182268773.000000 1182268783.000000
1182268785.000000 1182268797.000000
1182268799.000000 1182268808.000000
1182268871.000000 1182268876.000000
1182268897.000000 1182268903.000000
1182270127.000000 1182270138.000000
1182270422.000000 1182270430.000000
1182270593.000000 1182270599.000000
1182270982.000000 1182270990.000000
1182270993.000000 1182271003.000000
1182271005.000000 1182271013.000000
1182271044.000000 1182271051.000000
1182271739.000000 1182271756.000000
1182271918.000000 1182271926.000000
1182271929.000000 1182271937.000000
1182272930.000000 1182272938.000000
1182273015.500000 1182273027.000000
1182273031.000000 1182273052.000000
1182273053.000000 1182273059.000000
1182273166.000000 1182273186.000000
1182274124.000000 1182274134.000000
1182274461.000000 1182274469.000000
1182274681.000000 1182274704.000000
1182274706.000000 1182274730.000000
1182274732.000000 1182274742.000000
1182274745.000000 1182274754.000000
1182274796.000000 1182274805.000000
1182274807.500000 1182274816.000000
1182274819.000000 1182274829.000000
1182274832.000000 1182274841.000000
1182274845.500000 1182274851.500000
1182274856.500000 1182274863.000000
1182274868.000000 1182274878.000000
1182274928.000000 1182274937.000000
1182275361.000000 1182275367.000000
1182276059.000000 1182276066.000000
1182276317.000000 1182276352.625000
1182276363.000000 1182276371.000000
1182276414.000000 1182276438.000000
1182276468.000000 1182276485.000000
1182276489.000000 1182276497.000000
1182276601.000000 1182276611.000000
1182276613.500000 1182276623.000000
1182276625.750000 1182276670.000000
1182276698.000000 1182276706.000000
1182276722.000000 1182276729.000000
1182276734.000000 1182276741.000000
1182276743.000000 1182276751.000000
1182279115.000000 1182279120.000000
1182280278.000000 1182280284.000000
1182280304.000000 1182280348.000000
1182280416.500000 1182280422.000000
1182280426.000000 1182280465.000000
1182280483.000000 1182280488.000000
1182280525.000000 1182280530.000000
1182280612.000000 1182280620.000000
1182280621.000000 1182280634.000000
1182283209.000000 1182283213.000000
1182283841.000000 1182283850.000000
1182283918.000000 1182283923.000000
1182284068.000000 1182284074.500000
1182285239.000000 1182285249.000000
1182285253.000000 1182285263.000000
1182285327.500000 1182285333.000000
1182285360.000000 1182285366.000000
1182285369.000000 1182285377.000000
1182285534.000000 1182285539.000000
1182286048.000000 1182286052.000000
1182286174.000000 1182286178.500000
1182286290.000000 1182286321.000000
1182286586.000000 1182286591.000000
1182286710.000000 1182286717.000000
1182286740.000000 1182286746.000000
1182286748.000000 1182286756.000000
1182287746.000000 1182287752.000000
1182288286.375000 1182288290.000000
1182289089.000000 1182289092.500000
1182301746.875000 1182301753.000000
1182301815.000000 1182301820.000000
1182311216.000000 1182311223.000000
1182311339.000000 1182311347.000000
1182311348.500000 1182311368.000000
1182311573.500000 1182311579.000000
1182311583.500000 1182311592.000000
1182311594.000000 1182311598.000000
1182329704.000000 1182329713.000000
1182329792.000000 1182329801.000000
1182329887.000000 1182329895.000000
1182329937.000000 1182329959.125000
1182330280.000000 1182330289.000000
1182330290.000000 1182330311.062500
1182356752.500000 1182356767.000000
1182356769.000000 1182356804.000000
1182357029.000000 1182357079.000000
1182357088.000000 1182357112.000000
1182357274.000000 1182357342.000000
1182357343.000000 1182357351.000000
1182357395.500000 1182357400.000000
1182357495.000000 1182357518.000000
1182357520.000000 1182357531.000000
1182357575.000000 1182357597.000000
1182357598.000000 1182357609.000000
1182357610.500000 1182357620.000000
1182357622.000000 1182357693.000000
1182371255.000000 1182371264.000000
1182371271.000000 1182371280.687500
1182371281.500000 1182371292.000000
1182371293.500000 1182371302.000000
1182371304.500000 1182371335.000000
1182371349.500000 1182371368.500000
1182371579.000000 1182371589.000000
1182371592.000000 1182371601.000000
1182371603.000000 1182371613.000000
1182371616.000000 1182371626.375000
1182371800.000000 1182371823.000000
1182371900.000000 1182371909.000000
1182442898.000000 1182442902.500000
1182445693.000000 1182445704.000000
1182449280.000000 1182449295.000000
1182449353.000000 1182449389.000000
1182449445.000000 1182449460.000000
1182449661.000000 1182449671.500000
1182449675.000000 1182449701.000000
1182450497.000000 1182450505.000000
1182450544.000000 1182450554.500000
1182450585.000000 1182450592.000000
1182450594.000000 1182450603.125000
1182450647.000000 1182450656.000000
1182450687.000000 1182450698.000000
1182450700.000000 1182450711.000000
1182450751.000000 1182450755.000000
1182450786.000000 1182450794.000000
1182450901.000000 1182450914.000000
1182710834.000000 1182710840.062500
1182710844.500000 1182710849.500000
1182710937.000000 1182710963.000000
1182711908.000000 1182711917.000000
1182712266.000000 1182712288.000000
1182712333.000000 1182712344.000000
1182719148.000000 1182719179.000000
1182745678.000000 1182745717.000000
1182745911.000000 1182745954.000000
1182780136.500000 1182780138.000000
1182810122.000000 1182810142.000000
1182822608.000000 1182822658.000000
1182822659.000000 1182822668.000000
1182887520.000000 1182887523.250000
1182897470.000000 1182897507.000000
1182897519.000000 1182897536.000000
1182897568.000000 1182897579.000000
1182897582.000000 1182897587.000000
1182897694.000000 1182897697.000000
1182897702.000000 1182897710.375000
1183000947.000000 1183000953.000000
1183027904.000000 1183027937.000000
1183027952.000000 1183027982.000000
1183028011.500000 1183028033.000000
1183028034.000000 1183028044.000000
1183028045.000000 1183028063.000000
1183028099.000000 1183028107.000000
1183028725.000000 1183028772.000000
1183028773.000000 1183028797.000000
1183028798.000000 1183028804.000000
1183028814.000000 1183028819.000000
1183028823.000000 1183028828.000000
1183029035.000000 1183029098.000000
1183116587.500000 1183116588.750000
1183163705.000000 1183163707.000000
1183169081.500000 1183169082.250000
1183181682.500000 1183181684.000000
1183200992.000000 1183200993.250000
1183201082.500000 1183201083.250000
1183212771.500000 1183212771.875000
1183220781.500000 1183220807.000000
1183237970.500000 1183237972.250000
1183246829.000000 1183246841.500000
1183246867.750000 1183246872.812500
1183247082.812500 1183247090.906250
1183261809.500000 1183261811.000000
1183335378.000000 1183335379.500000
1183412853.625000 1183412855.250000
1183437923.000000 1183437933.000000
1183437934.000000 1183437945.000000
1183437946.000000 1183437968.000000
1183437968.500000 1183437979.000000
1183437993.500000 1183438001.500000
1183438051.000000 1183438060.000000
1183438062.000000 1183438071.000000
1183438072.500000 1183438092.500000
1183438094.000000 1183438114.000000
1183438246.000000 1183438255.000000
1183438266.500000 1183438275.000000
1183438786.000000 1183438833.250000
1183438863.000000 1183438910.000000
1183474519.875000 1183474520.265625
1183513319.500000 1183513320.062500
1183532109.750000 1183532111.500000
1183537378.000000 1183537430.000000
1183537658.000000 1183537693.000000
1183554140.000000 1183554236.000000
1183554318.000000 1183554350.000000
1183554526.500000 1183554528.500000
1183554529.875000 1183554533.500000
1183556801.500000 1183556803.000000
1183590090.250000 1183590091.500000
1183590518.000000 1183590522.000000
1183590523.812500 1183590527.750000
1183590634.000000 1183590637.312500
1183590969.000000 1183590976.500000
1183591311.125000 1183591319.375000
1183592476.250000 1183592480.875000
1183592511.000000 1183592514.000000
1183592623.250000 1183592650.000000
1183635995.000000 1183635996.500000
1183665797.500000 1183665799.500000
1183668764.250000 1183668766.156250
1183670717.125000 1183670721.500000
1183670734.000000 1183670739.000000
1183670907.625000 1183670911.625000
1183670966.250000 1183670967.250000
1183671046.750000 1183671053.250000
1183671535.500000 1183671537.750000
1183671539.000000 1183671550.500000
1183671590.000000 1183671596.000000
1183671701.000000 1183671713.000000
1183671715.000000 1183671728.750000
1183671821.250000 1183671823.375000
1183671843.000000 1183671875.000000
1183671918.000000 1183671996.000000
1183672050.000000 1183672077.031250
1183672107.625000 1183672115.625000
1183672205.000000 1183672214.500000
1183672215.500000 1183672225.500000
1183672228.000000 1183672236.500000
1183672303.906250 1183672313.000000
1183672404.500000 1183672518.000000
1183672568.500000 1183672577.000000
1183672801.312500 1183672817.812500
1183673100.250000 1183673105.250000
1183673135.375000 1183673140.250000
1183674028.750000 1183674032.250000
1183675049.500000 1183675067.500000
1183676089.250000 1183676091.125000
1183676218.000000 1183676237.250000
1183677188.250000 1183677220.000000
1183689573.937500 1183689576.000000
1183689851.000000 1183689869.000000
1183689870.000000 1183689880.000000
1183689882.000000 1183689892.000000
1183690260.500000 1183690288.000000
1183690290.000000 1183690298.000000
1183690481.000000 1183690489.000000
1183690490.500000 1183690500.000000
1183690501.000000 1183690509.000000
1183690722.000000 1183690729.000000
1183690794.000000 1183690814.000000
1183691224.750000 1183691226.500000
1183691278.000000 1183691315.000000
1183691422.000000 1183691462.000000
1183691502.000000 1183691510.000000
1183691536.000000 1183691544.000000
1183691544.500000 1183691552.000000
1183691586.500000 1183691602.000000
1183691721.000000 1183691765.500000
1183793469.000000 1183793502.000000
1183793503.000000 1183793520.000000
1183793559.000000 1183793575.000000
1183793584.000000 1183793618.000000
1183793660.500000 1183793670.000000
1183793683.500000 1183793695.000000
1183793696.500000 1183793707.000000
1183793707.500000 1183793717.000000
1183793719.000000 1183793728.250000
1183793731.000000 1183793741.000000
1183793742.500000 1183793752.000000
1183793752.500000 1183793762.500000
1183793785.000000 1183793820.500000
1183793852.000000 1183793876.000000
1183793915.000000 1183793923.000000
1183793932.000000 1183793939.500000
1183793952.000000 1183793970.000000
1183811253.000000 1183811396.000000
1183953380.000000 1183953445.000000
1183953898.000000 1183953928.000000
1184006770.750000 1184006782.500000
1184007672.000000 1184007693.000000
1184007831.000000 1184007840.000000
1184007855.500000 1184007887.000000
1184071763.000000 1184071766.000000
1184075582.000000 1184075588.000000
1184080525.000000 1184080530.000000
1184090475.500000 1184090477.500000
1184090494.000000 1184090495.500000
1184090505.500000 1184090520.000000
1184090550.000000 1184090552.500000
1184092138.500000 1184092141.000000
1184092246.000000 1184092248.500000
1184092443.000000 1184092444.500000
1184096434.000000 1184096441.500000
1184096477.875000 1184096486.500000
1184096488.500000 1184096498.500000
1184096499.000000 1184096511.500000
1184096512.500000 1184096523.000000
1184096525.000000 1184096535.000000
1184096537.000000 1184096620.812500
1184097394.000000 1184097403.093750
1184105287.000000 1184105289.000000
1184176215.500000 1184176218.000000
1184260648.500000 1184260656.000000
1184260661.000000 1184260685.000000
1184261799.000000 1184261801.000000
1184261846.000000 1184261860.500000
1184261917.500000 1184261921.000000
1184263024.000000 1184263103.000000
1184263152.500000 1184263160.000000
1184263168.000000 1184263172.000000
1184263188.000000 1184263192.000000
1184263193.000000 1184263204.000000
1184263298.000000 1184263304.000000
1184263323.000000 1184263330.000000
1184263348.500000 1184263374.500000
1184263384.500000 1184263389.000000
1184278166.875000 1184278170.500000
1184292661.000000 1184292782.000000
1184292799.500000 1184292802.500000
1184292883.000000 1184292890.000000
1184325686.000000 1184325719.000000
1184325721.000000 1184325732.000000
1184325739.000000 1184325756.000000
1184325816.000000 1184325827.000000
1184325829.000000 1184325851.000000
1184325864.000000 1184325901.000000
1184338213.500000 1184338216.500000
1184370364.000000 1184370374.000000
1184411964.750000 1184411967.750000
1184459787.000000 1184459788.500000
1184461050.750000 1184461053.750000
1184461160.750000 1184461164.000000
1184461165.125000 1184461167.062500
1184461487.000000 1184461506.000000
1184461653.000000 1184461672.000000
1184461704.500000 1184461725.000000
1184461775.000000 1184461871.000000
1184461872.000000 1184461902.000000
1184461932.000000 1184461940.000000
1184463233.000000 1184463235.875000
1184463787.500000 1184463793.500000
1184464341.000000 1184464343.500000
1184467149.500000 1184467152.250000
1184471571.500000 1184471574.000000
1184489499.750000 1184489502.000000
1184499477.250000 1184499480.000000
1184500497.250000 1184500499.000000
1184505294.500000 1184505296.500000
1184506770.000000 1184506838.000000
1184506924.000000 1184507025.000000
1184507025.875000 1184507111.000000
1184507136.000000 1184507182.000000
1184507183.750000 1184507192.000000
1184507192.500000 1184507199.125000
1184507200.500000 1184507208.500000
1184507210.000000 1184507217.500000
1184507218.000000 1184507227.000000
1184507228.000000 1184507236.125000
1184507237.000000 1184507245.500000
1184507246.500000 1184507254.500000
1184507255.500000 1184507263.750000
1184507264.750000 1184507273.000000
1184507273.750000 1184507292.000000
1184507292.875000 1184507302.000000
1184507302.750000 1184507309.625000
1184507336.375000 1184507342.625000
1184507345.000000 1184507352.000000
1184507354.125000 1184507360.812500
1184507363.000000 1184507369.625000
1184507371.750000 1184507377.750000
1184507380.000000 1184507387.125000
1184507388.750000 1184507395.500000
1184507397.500000 1184507404.375000
1184507406.500000 1184507412.750000
1184507414.750000 1184507422.187500
1184507423.250000 1184507430.625000
1184507432.000000 1184507439.500000
1184507440.750000 1184507447.875000
1184507449.000000 1184507456.625000
1184507458.000000 1184507465.000000
1184507466.250000 1184507474.000000
1184507475.750000 1184507482.750000
1184507484.500000 1184507491.250000
1184507493.750000 1184507499.750000
1184507510.625000 1184507516.250000
1184507527.500000 1184507533.000000
1184507553.000000 1184507569.500000
1184507603.000000 1184507620.000000
1184507621.000000 1184507629.000000
1184513793.250000 1184513796.000000
1184521010.250000 1184521012.125000
1184526513.500000 1184526515.000000
1184527173.750000 1184527178.250000
1184527199.500000 1184527204.500000
1184548417.000000 1184548506.000000
1184593176.750000 1184593187.750000
1184593190.750000 1184593193.000000
1184593219.500000 1184593225.000000
1184605833.750000 1184605838.875000
1184605839.250000 1184605849.000000
1184619406.000000 1184619408.125000
1184625878.500000 1184625908.000000
1184666180.500000 1184666188.500000
1184666202.000000 1184666210.500000
1184666212.000000 1184666231.000000
1184666355.000000 1184666363.000000
1184666373.500000 1184666391.000000
1184753345.000000 1184753346.500000
1184781109.750000 1184781111.250000
1184783550.625000 1184783552.750000
1184783830.250000 1184783831.500000
1184784384.000000 1184784478.000000
1184827715.500000 1184827717.250000
1184847633.250000 1184847635.250000
1184851195.500000 1184851199.000000
1184851403.000000 1184851405.500000
1184851407.000000 1184851410.000000
1184851941.000000 1184851944.000000
1184854253.000000 1184854254.500000
1184862921.500000 1184862962.000000
1184862976.000000 1184863020.000000
1184863044.500000 1184863073.000000
1184863175.000000 1184863211.000000
1184864845.500000 1184864847.500000
1184868925.250000 1184868927.250000
1184871820.000000 1184871843.000000
1184871844.000000 1184871874.000000
1184872230.750000 1184872239.625000
1184872296.000000 1184872386.000000
1184895880.250000 1184895882.000000
1184896189.000000 1184896197.000000
1184896207.500000 1184896211.000000
1184897436.000000 1184897452.000000
1184897457.750000 1184897471.500000
1184897669.000000 1184897695.500000
1184904235.750000 1184904237.500000
1184923395.250000 1184923396.250000
1184929646.625000 1184929647.500000
1184933262.250000 1184933263.250000
1184934007.000000 1184934011.000000
1184935343.750000 1184935345.000000
1184937994.500000 1184937995.500000
1184940538.000000 1184940567.000000
1184944185.750000 1184944187.000000
1184949487.500000 1184949495.000000
1184950107.562500 1184950111.625000
1184950552.000000 1184950576.000000
1184950787.000000 1184950793.000000
1184950812.000000 1184950842.000000
1184950843.500000 1184950924.000000
1184950928.000000 1184950933.000000
1184950992.000000 1184951002.281250
1184951002.500000 1184951011.000000
1184951011.500000 1184951019.000000
1184951023.000000 1184951028.000000
1184951040.500000 1184951049.000000
1184951051.500000 1184951082.500000
1184951083.000000 1184951119.000000
1184951119.500000 1184951139.500000
1184951140.000000 1184951148.500000
1184951150.000000 1184951159.000000
1184951176.750000 1184951201.000000
1184951236.437500 1184951238.250000
1184951241.500000 1184951247.000000
1184951340.000000 1184951348.000000
1184951348.500000 1184951357.000000
1184951388.000000 1184951399.000000
1184951509.968750 1184951517.000000
1184951520.000000 1184951528.500000
1184951531.000000 1184951547.000000
1184951613.000000 1184951619.000000
1184951671.000000 1184951680.000000
1184951717.500000 1184951725.000000
1184951909.000000 1184951918.000000
1184951920.250000 1184951921.500000
1184951940.625000 1184951943.500000
1184952263.500000 1184952269.000000
1184953185.250000 1184953187.375000
1184957106.500000 1184957108.500000
1184963696.000000 1184963697.375000
1184971984.000000 1184971985.750000
1184982488.250000 1184982489.000000
1184989524.000000 1184989529.000000
1184989537.250000 1184989540.000000
1185084927.000000 1185084931.000000
1185088694.000000 1185088696.500000
1185104341.000000 1185104375.000000
1185104604.000000 1185104684.000000
1185104906.000000 1185104930.000000
1185104985.000000 1185105001.000000
1185105083.000000 1185105097.000000
1185105132.000000 1185105156.000000
1185106160.000000 1185106183.000000
1185138211.500000 1185138213.500000
1185156757.250000 1185156760.500000
1185159053.500000 1185159059.000000
1185187201.000000 1185187205.000000
1185205429.000000 1185205432.000000
1185244567.000000 1185244571.000000
1185247106.000000 1185247117.000000
1185247225.500000 1185247231.250000
1185247290.000000 1185247296.000000
1185247353.000000 1185247370.000000
1185247371.000000 1185247377.000000
1185247379.500000 1185247386.500000
1185247387.000000 1185247412.500000
1185247431.000000 1185247439.000000
1185247440.500000 1185247459.500000
1185247493.500000 1185247499.250000
1185247528.500000 1185247533.500000
1185247535.375000 1185247542.000000
1185247542.500000 1185247549.500000
1185247550.000000 1185247556.000000
1185247624.500000 1185247630.000000
1185247633.000000 1185247636.000000
1185247663.500000 1185247670.250000
1185247691.000000 1185247698.500000
1185247700.000000 1185247707.500000
1185247806.000000 1185247813.500000
1185247814.000000 1185247829.500000
1185247885.000000 1185247893.000000
1185248021.500000 1185248054.500000
1185251570.500000 1185251575.500000
1185252625.500000 1185252634.750000
1185259536.500000 1185259542.750000
1185270805.500000 1185270809.000000
1185273698.500000 1185273707.500000
1185292731.500000 1185292736.000000
1185306591.500000 1185306594.500000
1185437320.000000 1185437379.500000
1185437382.000000 1185437389.000000
1185437392.500000 1185437398.750000
1185437402.000000 1185437408.500000
1185437411.000000 1185437418.000000
1185437420.500000 1185437427.500000
1185437429.500000 1185437437.000000
1185437494.000000 1185437501.500000
1185437503.000000 1185437520.500000
1185437531.000000 1185437538.250000
1185437540.500000 1185437547.000000
1185437568.500000 1185437572.500000
1185437576.000000 1185437581.000000
1185437584.000000 1185437590.250000
1185437593.000000 1185437599.250000
1185437603.000000 1185437609.000000
1185530314.250000 1185530319.500000
1186199989.000000 1186199992.500000
1186234803.000000 1186234836.000000
1186271204.000000 1186271252.000000
1186271254.000000 1186271278.000000
1186271752.000000 1186271787.000000
1186271796.000000 1186271827.000000
1186271966.500000 1186271972.000000
1186272046.000000 1186272063.000000
1186272106.000000 1186272161.000000
1186272190.500000 1186272196.000000
1186272197.000000 1186272204.000000
1186272236.000000 1186272239.750000
1186272265.500000 1186272271.000000
1186272297.250000 1186272310.000000
1186272376.000000 1186272388.750000
1186272419.250000 1186272432.000000
1186272444.000000 1186272452.000000
1186272458.000000 1186272461.000000
1186291503.875000 1186291508.500000
1186294385.000000 1186294469.000000
1186294538.000000 1186294556.000000
1186294593.500000 1186294601.000000
1186294603.000000 1186294610.000000
1186294621.000000 1186294629.125000
1186294666.500000 1186294680.500000
1186294719.000000 1186294727.000000
1186294751.000000 1186294759.500000
1186294760.000000 1186294768.000000
1186294771.000000 1186294776.500000
1186294787.000000 1186294792.000000
1186294794.500000 1186294801.000000
1186294802.500000 1186294810.000000
1186294810.500000 1186294817.000000
1186294846.500000 1186294854.000000
1186294871.500000 1186294895.500000
1186294896.000000 1186294904.000000
1186294905.000000 1186294913.000000
1186294914.500000 1186294922.000000
1186294925.500000 1186294933.000000
1186294933.500000 1186294955.000000
1186295025.500000 1186295038.000000
1186295040.500000 1186295048.250000
1186295050.000000 1186295058.000000
1186295089.500000 1186295107.000000
1186295108.000000 1186295111.750000
1186295136.000000 1186295138.500000
1186295184.000000 1186295198.000000
1186295208.000000 1186295225.000000
1186295238.000000 1186295246.000000
1186295328.250000 1186295332.500000
1186295334.000000 1186295374.000000
1186295416.000000 1186295421.000000
1186295456.500000 1186295483.000000
1186295483.500000 1186295532.000000
1186295550.000000 1186295570.000000
1186295594.500000 1186295609.000000
1186295659.000000 1186295664.000000
1186295673.000000 1186295680.000000
1186295793.000000 1186295867.500000
1186295967.500000 1186296013.000000
1186296483.000000 1186296528.000000
1186307771.500000 1186307775.500000
1186311512.500000 1186311516.000000
1186410979.000000 1186410986.125000
1186411199.250000 1186411201.000000
1186411305.500000 1186411307.000000
1186454298.750000 1186454302.500000
1186466538.000000 1186466569.000000
1186466594.500000 1186466634.000000
1186466635.000000 1186466641.000000
1186466880.500000 1186466919.000000
1186466927.000000 1186466946.000000
1186466969.000000 1186466977.000000
1186466984.000000 1186466991.000000
1186467179.000000 1186467216.000000
1186467219.000000 1186467222.000000
1186467238.000000 1186467290.000000
1186467407.000000 1186467429.000000
1186467702.000000 1186467734.000000
1186467948.000000 1186467965.000000
1186468045.750000 1186468125.000000
1186468164.000000 1186468173.000000
1186468297.000000 1186468305.000000
1186468308.000000 1186468316.000000
1186468434.000000 1186468446.000000
1186468496.000000 1186468520.000000
1186468522.000000 1186468528.000000
1186468688.500000 1186468716.000000
1186468742.000000 1186468748.000000
1186468853.000000 1186468901.500000
1186468910.250000 1186468916.000000
1186468917.000000 1186468953.000000
1186468953.500000 1186468957.000000
1186468973.000000 1186468977.500000
1186469123.000000 1186469127.000000
1186469133.000000 1186469150.000000
1186469217.500000 1186469223.000000
1186469235.000000 1186469240.000000
1186469412.000000 1186469432.000000
1186469665.000000 1186469679.000000
1186470123.000000 1186470155.000000
1186470275.000000 1186470283.000000
1186470307.000000 1186470319.000000
1186471220.000000 1186471222.000000
1186478883.000000 1186478894.500000
1186488371.000000 1186488372.500000
1186490144.500000 1186490147.000000
1186496460.500000 1186496473.000000
1186498803.500000 1186498807.000000
1186501100.500000 1186501103.000000
1186525346.500000 1186525349.500000
1186578901.000000 1186578952.000000
1186579088.000000 1186579104.000000
1186579873.000000 1186579893.000000
1186666228.000000 1186666232.500000
1186679491.500000 1186679498.000000
1186679522.000000 1186679528.000000
1186679529.000000 1186679537.000000
1186679539.000000 1186679546.500000
1186679570.500000 1186679577.500000
1186679579.500000 1186679587.000000
1186679606.500000 1186679613.500000
1186679638.500000 1186679645.000000
1186679686.000000 1186679693.000000
1186679706.000000 1186679713.000000
1186679714.000000 1186679722.500000
1186679723.500000 1186679733.000000
1186679734.500000 1186679742.000000
1186679759.250000 1186679765.000000
1186679771.000000 1186679782.000000
1186679784.000000 1186679788.500000
1186693170.000000 1186693175.750000
1186704478.750000 1186704485.625000
1186706934.000000 1186707009.000000
1186707039.000000 1186707100.000000
1186707167.500000 1186707175.000000
1186707200.000000 1186707207.000000
1186707222.000000 1186707246.000000
1186707355.000000 1186707363.000000
1186707374.500000 1186707380.000000
1186707382.500000 1186707388.500000
1186707423.000000 1186707429.500000
1186707457.500000 1186707464.250000
1186707487.000000 1186707503.000000
1186737777.000000 1186737784.000000
1186748429.000000 1186748433.000000
1186774458.000000 1186774467.500000
1186775370.000000 1186775396.125000
1186775413.000000 1186775445.000000
1186775466.500000 1186775475.468750
1186776722.750000 1186776726.000000
1186777670.000000 1186777673.500000
1186779441.500000 1186779444.062500
1186789535.500000 1186789540.000000
1186791116.875000 1186791128.500000
1186800320.500000 1186800322.750000
1186814887.000000 1186814909.000000
1186814955.000000 1186815061.500000
1186815169.000000 1186815178.000000
1186815180.500000 1186815188.500000
1186815191.000000 1186815199.500000
1186815201.500000 1186815210.250000
1186815213.000000 1186815221.250000
1186815223.000000 1186815232.000000
1186815233.000000 1186815241.500000
1186815245.000000 1186815252.500000
1186815253.500000 1186815261.000000
1186815263.000000 1186815270.250000
1186815273.000000 1186815279.000000
1186815281.500000 1186815287.000000
1186815332.500000 1186815392.000000
1186815393.000000 1186815412.000000
1186815456.000000 1186815465.000000
1186815466.000000 1186815495.000000
1186815495.500000 1186815503.000000
1186815608.000000 1186815635.000000
1186815793.000000 1186815839.000000
1186816004.500000 1186816010.500000
1186816012.500000 1186816018.500000
1186816020.500000 1186816033.500000
1186816117.000000 1186816123.000000
1186816131.500000 1186816138.000000
1186816183.000000 1186816189.000000
1186816198.500000 1186816204.750000
1186816207.000000 1186816221.000000
1186816223.500000 1186816236.500000
1186816246.000000 1186816254.000000
1186816354.000000 1186816359.500000
1186816368.000000 1186816375.000000
1186816383.500000 1186816421.500000
1186816422.000000 1186816430.000000
1186816430.500000 1186816437.500000
1186887350.000000 1186887453.000000
1186887453.500000 1186887461.250000
1186887463.000000 1186887500.000000
1186887596.000000 1186887603.000000
1186887603.500000 1186887626.625000
1186887628.000000 1186887642.500000
1186887644.000000 1186887650.500000
1186887706.000000 1186887737.000000
1186902316.000000 1186902318.000000
1186914377.500000 1186914381.750000
1186933483.750000 1186933491.000000
1187061124.000000 1187061139.000000
1187061167.000000 1187061189.000000
1187061316.000000 1187061350.000000
1187061371.000000 1187061385.500000
1187061402.000000 1187061431.500000
1187061433.000000 1187061459.000000
1187061579.000000 1187061602.000000
1187061631.000000 1187061654.000000
1187061670.000000 1187061686.000000
1187061709.000000 1187061718.000000
1187061722.500000 1187061743.000000
1187121010.500000 1187121015.500000
1187135326.000000 1187135338.500000
1187144157.000000 1187144205.000000
1187144674.000000 1187144677.000000
1187212082.000000 1187212090.062500
1187212132.000000 1187212164.000000
1187212165.000000 1187212175.500000
1187212210.000000 1187212220.500000
1187212223.000000 1187212231.500000
1187212248.000000 1187212256.000000
1187212260.375000 1187212267.500000
1187212271.500000 1187212279.000000
1187212312.500000 1187212322.500000
1187212334.500000 1187212345.000000
1187212347.000000 1187212357.000000
1187212361.500000 1187212408.000000
1187212559.000000 1187212588.500000
1187212614.000000 1187212641.000000
1187212645.000000 1187212675.000000
1187212715.000000 1187212757.000000
1187212925.000000 1187212934.000000
1187212935.000000 1187212945.000000
1187212975.000000 1187212995.000000
1187213245.000000 1187213257.312500
1187213257.937500 1187213313.500000
1187213430.000000 1187213451.500000
1187213454.500000 1187213475.000000
1187213597.000000 1187213617.000000
1187213739.000000 1187213758.000000
1187214429.000000 1187214454.000000
1187219698.500000 1187219703.312500
1187220022.984375 1187220026.500000
1187220046.500000 1187220051.750000
1187220280.000000 1187220290.500000
1187244591.000000 1187244597.000000
1187258505.500000 1187258509.000000
1187269934.500000 1187269939.000000
1187298844.000000 1187298848.500000
1187300202.500000 1187300208.500000
1187300376.000000 1187300383.000000
1187335413.000000 1187335416.500000
1187346944.750000 1187346958.000000
1187359431.000000 1187359448.000000
1187359448.500000 1187359461.000000
1187359673.000000 1187359689.000000
1187359751.000000 1187359786.500000
1187359838.000000 1187359872.500000
1187359873.000000 1187359884.000000
1187359891.500000 1187359900.000000
1187359900.500000 1187359935.000000
1187359938.000000 1187359947.000000
1187359948.000000 1187359957.000000
1187359964.000000 1187359970.000000
1187359990.500000 1187359997.000000
1187360014.500000 1187360049.000000
1187360049.500000 1187360059.500000
1187360060.000000 1187360089.250000
1187360089.500000 1187360100.500000
1187360130.500000 1187360156.500000
1187360157.000000 1187360165.750000
1187386207.000000 1187386210.125000
1187387244.250000 1187387246.531250
1187387941.000000 1187387960.000000
1187390130.250000 1187390135.187500
1187390361.750000 1187390366.000000
1187476317.000000 1187476326.000000
1187476379.500000 1187476388.000000
1187476499.000000 1187476508.000000
1187476510.000000 1187476535.000000
1187476613.000000 1187476646.000000
1187476686.500000 1187476693.500000
1187476783.750000 1187476816.000000
1187476942.000000 1187476975.000000
1187561709.000000 1187561727.000000
1187561844.000000 1187561852.000000
1187562227.000000 1187562272.070313
1187579239.500000 1187579242.500000
1187640815.000000 1187640835.500000
1187640836.000000 1187640846.000000
1187645113.000000 1187645137.000000
1187645185.000000 1187645206.000000
1187645373.500000 1187645406.000000
1187645563.000000 1187645573.000000
1187645633.000000 1187645651.000000
1187645651.500000 1187645670.000000
1187646201.000000 1187646237.000000
1187646730.000000 1187646742.500000
1187646742.750000 1187646766.000000
1187726119.500000 1187726129.000000
1187730008.000000 1187730015.000000
