H1 science mode segment list
START-GPS   STOP-GPS   LENGTH
729273613 729274500 887
729276619 729280260 3641
729280320 729286684 6364
729287259 729287343 84
729288268 729288900 632
729290379 729291180 801
729292383 729292500 117
729306904 729308340 1436
729326651 729333180 6529
729333960 729335100 1140
729336690 729359653 22963
729360949 729368340 7391
729368400 729374308 5908
729374778 729375420 642
729375540 729376200 660
729376260 729376683 423
729378502 729381248 2746
729382587 729383040 453
729383220 729385005 1785
729387034 729388169 1135
729388450 729395263 6813
729396245 729397409 1164
729397431 729404175 6744
729404717 729429840 25123
729429960 729438780 8820
729439471 729456694 17223
729458933 729461100 2167
729472797 729473244 447
729493233 729493320 87
729500780 729503460 2680
729503520 729503671 151
729503673 729503700 27
729509424 729512520 3096
729521980 729524340 2360
729528494 729538560 10066
729538740 729559320 20580
729574308 729579432 5124
729581812 729583080 1268
729583140 729599400 16260
729599580 729606300 6720
729606480 729614760 8280
729617629 729619260 1631
729619320 729619980 660
729628385 729633900 5515
729646231 729651300 5069
729651420 729651840 420
729651900 729661140 9240
729669733 729698100 28367
729704409 729711242 6833
729711311 729713280 1969
729713340 729713436 96
729715408 729716700 1292
729717000 729718140 1140
729718920 729719280 360
729719400 729725400 6000
729727213 729729840 2627
729732060 729732158 98
729732902 729737340 4438
729739201 729785760 46559
729785820 729792420 6600
729792480 729803700 11220
729839532 729841560 2028
729844377 729844382 5
729845214 729851340 6126
729867453 729867660 207
729881640 729883800 2160
729883920 729884640 720
729884700 729887462 2762
729887919 729893100 5181
729914912 729939448 24536
729940127 729941400 1273
729941940 729951704 9764
729955213 729964784 9571
729964800 729968640 3840
729970631 729973258 2627
729973425 729979200 5775
729979320 729986940 7620
729987300 729991680 4380
729991740 729992760 1020
729992820 729993120 300
729996989 729997440 451
729998892 729999840 948
729999900 730022040 22140
730026408 730053154 26746
730053313 730074840 21527
730075020 730077000 1980
730077120 730110376 33256
730121223 730122977 1754
730123040 730123920 880
730123980 730124580 600
730124640 730135920 11280
730136160 730138080 1920
730138140 730139040 900
730139100 730139672 572
730141007 730143720 2713
730143840 730148460 4620
730148520 730152720 4200
730153680 730153698 18
730156898 730157520 622
730159440 730160580 1140
730259624 730314660 55036
730334640 730349947 15307
730351210 730353600 2390
730353968 730356960 2992
730357020 730361588 4568
730361952 730362000 48
730362180 730365660 3480
730365780 730368660 2880
730369020 730369620 600
730369980 730375348 5368
730378281 730380000 1719
730383696 730393800 10104
730393860 730394160 300
730394220 730395608 1388
730399019 730401360 2341
730401420 730405800 4380
730405860 730406462 602
730411996 730415400 3404
730415460 730415760 300
730415820 730419600 3780
730425600 730426260 660
730426320 730432380 6060
730432440 730438212 5772
730438714 730472893 34179
730473905 730476780 2875
730476840 730481820 4980
730486813 730487760 947
730490914 730491060 146
730491240 730499700 8460
730503114 730503960 846
730508769 730509540 771
730509660 730510860 1200
730510920 730522620 11700
730522740 730529580 6840
730534486 730534920 434
730535280 730535609 329
730536405 730540560 4155
730546468 730556220 9752
730556460 730562580 6120
730562940 730565919 2979
730567105 730569780 2675
730570860 730576980 6120
730577280 730585620 8340
730585740 730586520 780
730586820 730588440 1620
730588740 730590720 1980
730592193 730633440 41247
730637895 730659901 22006
730660561 730661640 1079
730661700 730664014 2314
730665884 730665967 83
730666037 730668242 2205
730668263 730670981 2718
730674485 730677600 3115
730677660 730681124 3464
730692420 730741124 48704
730761601 730761840 239
730761900 730763220 1320
730790378 730793005 2627
730793037 730793040 3
730793100 730808460 15360
730808520 730823520 15000
730823580 730824000 420
730824060 730824120 60
730824180 730827480 3300
730827540 730828140 600
730828200 730828320 120
730828380 730830420 2040
730830480 730830780 300
730830840 730831140 300
730831260 730831800 540
730831860 730834500 2640
730834620 730835700 1080
730835820 730836420 600
730836480 730836840 360
730836900 730837200 300
730837260 730837920 660
730837980 730838820 840
730838880 730839420 540
730839480 730839720 240
730839780 730840200 420
730840260 730840440 180
730840500 730840800 300
730840860 730841520 660
730841580 730841700 120
730842300 730843440 1140
730843620 730844880 1260
730845000 730845540 540
730845600 730845720 120
730845780 730846260 480
730846320 730846980 660
730847100 730847280 180
730847520 730847700 180
730856701 730859557 2856
730862476 730870765 8289
730871085 730872508 1423
730872928 730892280 19352
730892340 730892387 47
730892713 730913700 20987
730913760 730913940 180
730980062 730981680 1618
730981800 730999440 17640
730999500 730999800 300
730999860 731004360 4500
731004420 731005020 600
731005080 731015100 10020
731050839 731058861 8022
731061496 731088868 27372
731088911 731089747 836
731094064 731105915 11851
731121643 731166480 44837
731166540 731167080 540
731167260 731201520 34260
731201760 731220240 18480
731220300 731240700 20400
731240760 731264280 23520
731264700 731265240 540
731265600 731273940 8340
731274000 731299320 25320
731299380 731326740 27360
731326800 731357340 30540
731357400 731359980 2580
731425875 731433960 8085
731434020 731434800 780
731434860 731437320 2460
731437380 731437800 420
731437860 731437980 120
731438040 731439120 1080
731439180 731441520 2340
731441580 731441760 180
731441820 731441940 120
731442000 731442180 180
731442300 731442360 60
731569409 731587020 17611
731587080 731604540 17460
731604600 731604960 360
731605020 731615640 10620
731615940 731618076 2136
731626500 731627400 900
731659359 731682360 23001
731685334 731691300 5966
731691360 731696640 5280
731696700 731707783 11083
731708701 731712060 3359
731712120 731713737 1617
731716114 731725438 9324
731731062 731744280 13218
731744340 731769120 24780
731774216 731782943 8727
731784477 731792861 8384
731806680 731830412 23732
731832659 731847240 14581
731849729 731874152 24423
731878860 731878880 20
731878885 731894460 15575
731896433 731902791 6358
731903124 731903627 503
731904324 731913720 9396
731913780 731928600 14820
731931248 731948270 17022
731948736 731954129 5393
731966230 731970061 3831
731971509 731972336 827
731972726 731976420 3694
731979254 731980860 1606
731981184 731985480 4296
731988169 731990066 1897
731992439 731998020 5581
731998080 732013860 15780
732016543 732028440 11897
732028560 732032040 3480
732033666 732034020 354
732034260 732035400 1140
732036240 732038640 2400
732038700 732040740 2040
732040800 732042120 1320
732042180 732046140 3960
732049012 732049440 428
732049500 732051300 1800
732051420 732052620 1200
732052680 732061680 9000
732061740 732089362 27622
732090392 732110580 20188
732113572 732131460 17888
732131520 732138360 6840
732138420 732144240 5820
732144360 732148680 4320
732153315 732208620 55305
732208680 732209040 360
732209100 732211680 2580
732211740 732218220 6480
732218280 732229680 11400
732229740 732231360 1620
732231420 732231900 480
732231960 732233700 1740
732239472 732240480 1008
732240540 732250860 10320
732250920 732282540 31620
732282600 732294240 11640
732295424 732325860 30436
732325920 732356280 30360
732356340 732385200 28860
732385440 732407844 22404
732411671 732446373 34702
732449953 732455880 5927
732459149 732470394 11245
732470396 732473220 2824
732473280 732475500 2220
732475620 732475800 180
732475980 732479467 3487
732484788 732497580 12792
732500730 732500760 30
732507299 732542280 34981
732545430 732555870 10440
732559000 732560220 1220
732560280 732564261 3981
732564912 732570240 5328
732583235 732585240 2005
732585727 732593535 7808
732601807 732605743 3936
732607216 732616980 9764
732621846 732621900 54
732621960 732622020 60
732626709 732632820 6111
732632880 732640740 7860
732640860 732644712 3852
732650745 732658740 7995
732662130 732662220 90
732662280 732666660 4380
732666720 732672060 5340
732675144 732680179 5035
732682179 732686989 4810
732692310 732713520 21210
732713580 732720124 6544
732731577 732733721 2144
732755808 732757200 1392
732762624 732814440 51816
732814500 732821460 6960
732821520 732834900 13380
732835020 732836116 1096
732847550 732851958 4408
732901651 732901680 29
732901740 732903240 1500
732903300 732905700 2400
732905820 732906141 321
732906545 732907080 535
732907140 732908640 1500
732921085 732922620 1535
732925313 732925980 667
732930121 732934800 4679
732934860 732938512 3652
732938655 732974469 35814
732976953 733002540 25587
733002600 733008120 5520
733022358 733070444 48086
733072025 733095240 23215
733095360 733099941 4581
733099996 733101540 1544
733101600 733108800 7200
733114211 733143487 29276
733144269 733152060 7791
733152120 733164240 12120
733164300 733167847 3547
733169635 733171140 1505
733171200 733179900 8700
733179960 733180860 900
733192773 733195980 3207
733196356 733230744 34388
733232778 733234140 1362
733234200 733244340 10140
733244400 733247964 3564
733248000 733252020 4020
733252080 733255559 3479
733267551 733268520 969
733268580 733284480 15900
733284540 733290840 6300
733290900 733301580 10680
733305432 733317660 12228
733317720 733324140 6420
733324200 733327512 3312
733328627 733330980 2353
733331040 733336200 5160
733350864 733355880 5016
733355940 733362840 6900
733362960 733378226 15266
733381501 733398960 17459
733401472 733430220 28748
733430280 733435200 4920
733447322 733484940 37618
733486556 733506720 20164
733506780 733511182 4402
733512512 733530332 17820
733535204 733578632 43428
733581578 733593572 11994
733593600 733595160 1560
733595220 733611300 16080
733611360 733617617 6257
733621797 733685820 64023
733691490 733696020 4530
733696080 733703572 7492
733703583 733710300 6717
733714097 733715792 1695
733715800 733751220 35420
733751280 733751640 360
733751700 733761540 9840
733782005 733783440 1435
733790724 733792647 1923
733793010 733793700 690
733793760 733794286 526
733794420 733799220 4800
733799280 733800840 1560
733802855 733812780 9925
733812900 733828500 15600
733828980 733852200 23220
733852260 733855620 3360
733859357 733863840 4483
733863840 733872600 8760
733872720 733874880 2160
733877911 733881600 3689
733884735 733918980 34245
733927963 733929420 1457
733929480 733930740 1260
733934918 733943220 8302
733956745 733960140 3395
733960200 733961760 1560
733961820 733971420 9600
733971540 733972767 1227
734007862 734010960 3098
734011020 734012564 1544
734074443 734075820 1377
734078543 734090940 12397
734091000 734103600 12600
734103660 734170200 66540
734178466 734181783 3317
734182324 734183460 1136
734183520 734192220 8700
734192280 734223660 31380
734223720 734224592 872
734227620 734252160 24540
734257440 734317740 60300
734317800 734325063 7263
734327737 734348220 20483
734350137 734351040 903
734353142 734357220 4078
734357340 734367613 10273
