0.00000 1.57080 0.40000 0.40000 
0.00000 1.17900 0.43585 0.39300 
0.78540 1.17900 0.43585 0.39300 
1.57080 1.17900 0.43585 0.39300 
2.35620 1.17900 0.43585 0.39300 
3.14160 1.17900 0.43585 0.39300 
3.92700 1.17900 0.43585 0.39300 
4.71240 1.17900 0.43585 0.39300 
5.49780 1.17900 0.43585 0.39300 
0.00000 0.78600 0.40181 0.39300 
0.48340 0.78600 0.40181 0.39300 
0.96680 0.78600 0.40181 0.39300 
1.45020 0.78600 0.40181 0.39300 
1.93360 0.78600 0.40181 0.39300 
2.41700 0.78600 0.40181 0.39300 
2.90040 0.78600 0.40181 0.39300 
3.38380 0.78600 0.40181 0.39300 
3.86720 0.78600 0.40181 0.39300 
4.35060 0.78600 0.40181 0.39300 
4.83400 0.78600 0.40181 0.39300 
5.31740 0.78600 0.40181 0.39300 
5.80080 0.78600 0.40181 0.39300 
0.00000 0.39300 0.38544 0.39300 
0.39300 0.39300 0.38544 0.39300 
0.78600 0.39300 0.38544 0.39300 
1.17900 0.39300 0.38544 0.39300 
1.57200 0.39300 0.38544 0.39300 
1.96500 0.39300 0.38544 0.39300 
2.35800 0.39300 0.38544 0.39300 
2.75100 0.39300 0.38544 0.39300 
3.14400 0.39300 0.38544 0.39300 
3.53700 0.39300 0.38544 0.39300 
3.93000 0.39300 0.38544 0.39300 
4.32300 0.39300 0.38544 0.39300 
4.71600 0.39300 0.38544 0.39300 
5.10900 0.39300 0.38544 0.39300 
5.50200 0.39300 0.38544 0.39300 
5.89500 0.39300 0.38544 0.39300 
0.00000 0.00000 0.39300 0.39300 
0.39300 0.00000 0.39300 0.39300 
0.78600 0.00000 0.39300 0.39300 
1.17900 0.00000 0.39300 0.39300 
1.57200 0.00000 0.39300 0.39300 
1.96500 0.00000 0.39300 0.39300 
2.35800 0.00000 0.39300 0.39300 
2.75100 0.00000 0.39300 0.39300 
3.14400 0.00000 0.39300 0.39300 
3.53700 0.00000 0.39300 0.39300 
3.93000 0.00000 0.39300 0.39300 
4.32300 0.00000 0.39300 0.39300 
4.71600 0.00000 0.39300 0.39300 
5.10900 0.00000 0.39300 0.39300 
5.50200 0.00000 0.39300 0.39300 
5.89500 0.00000 0.39300 0.39300 
0.00000 -0.39300 0.38544 0.39300 
0.39300 -0.39300 0.38544 0.39300 
0.78600 -0.39300 0.38544 0.39300 
1.17900 -0.39300 0.38544 0.39300 
1.57200 -0.39300 0.38544 0.39300 
1.96500 -0.39300 0.38544 0.39300 
2.35800 -0.39300 0.38544 0.39300 
2.75100 -0.39300 0.38544 0.39300 
3.14400 -0.39300 0.38544 0.39300 
3.53700 -0.39300 0.38544 0.39300 
3.93000 -0.39300 0.38544 0.39300 
4.32300 -0.39300 0.38544 0.39300 
4.71600 -0.39300 0.38544 0.39300 
5.10900 -0.39300 0.38544 0.39300 
5.50200 -0.39300 0.38544 0.39300 
5.89500 -0.39300 0.38544 0.39300 
0.00000 -0.78600 0.40181 0.39300 
0.48340 -0.78600 0.40181 0.39300 
0.96680 -0.78600 0.40181 0.39300 
1.45020 -0.78600 0.40181 0.39300 
1.93360 -0.78600 0.40181 0.39300 
2.41700 -0.78600 0.40181 0.39300 
2.90040 -0.78600 0.40181 0.39300 
3.38380 -0.78600 0.40181 0.39300 
3.86720 -0.78600 0.40181 0.39300 
4.35060 -0.78600 0.40181 0.39300 
4.83400 -0.78600 0.40181 0.39300 
5.31740 -0.78600 0.40181 0.39300 
5.80080 -0.78600 0.40181 0.39300 
0.00000 -1.17900 0.43585 0.39300 
0.78540 -1.17900 0.43585 0.39300 
1.57080 -1.17900 0.43585 0.39300 
2.35620 -1.17900 0.43585 0.39300 
3.14160 -1.17900 0.43585 0.39300 
3.92700 -1.17900 0.43585 0.39300 
4.71240 -1.17900 0.43585 0.39300 
5.49780 -1.17900 0.43585 0.39300 
0.00000 -1.57080 0.40000 0.40000 
