794359343 0
794361143 0
794368943 0
794370743 0
794372543 0
794374343 0
794376143 0
794377943 0
794379743 0
794381543 0
794383343 0
794385143 0
794386943 0
794388743 0
794390543 0
794392343 0
794394143 0
794395943 0
794397743 0
794399543 0
794401343 0
794403143 0
794404943 0
794408543 0
794411805 0
794413605 0
794417923 0
794420621 0
794422421 0
794424221 0
794426021 0
794429442 0
794431242 0
794435135 0
794438368 0
794448048 0
794449848 0
794468006 0
794469806 0
794472136 0
794473936 0
794475736 0
794481679 0
794484229 0
794486739 0
794488539 0
794490339 0
794492139 0
794496797 0
794498597 0
794500397 0
794502197 0
794505283 0
794507083 0
794508883 0
794523662 0
794527291 0
794529091 0
794530891 0
794532691 0
794534491 0
794536291 0
794540133 0
794541933 0
794543733 0
794545533 0
794549844 0
794551644 0
794553444 0
794555244 0
794557416 0
794559216 0
794561016 0
794565705 0
794567505 0
794569305 0
794571105 0
794572905 0
794574705 0
794584695 0
794586914 0
794588714 0
794590514 0
794592314 0
794594114 0
794595914 0
794597737 0
794608753 0
794612389 0
794615811 0
794619869 0
794631177 0
794632977 0
794634777 0
794636577 0
794638377 0
794641198 0
794642998 0
794644798 0
794646598 0
794651946 0
794653746 0
794655546 0
794658261 0
794660061 0
794661861 0
794663661 0
794665461 0
794667261 0
794669061 0
794674103 0
794676797 0
794678597 0
794685144 0
794686944 0
794688744 0
794699442 0
794702590 0
794704390 0
794706190 0
794707990 0
794709790 0
794711590 0
794713390 0
794715190 0
794716990 0
794718790 0
794720590 0
794722390 0
794726557 0
794728357 0
794731059 0
794732859 0
794737362 0
794739162 0
794740962 0
794742762 0
794744562 0
794746362 0
794748162 0
794749962 0
794751762 0
794753562 0
794755362 0
794757162 0
794758962 0
794760885 0
794763054 0
794766686 0
794768486 0
794770286 0
794772086 0
794773886 0
794775686 0
794777486 0
794779286 0
794781086 0
794782886 0
794784686 0
794790872 0
794792672 0
794794472 0
794796272 0
794798072 0
794800892 0
794802692 0
794804492 0
794806292 0
794808092 0
794809892 0
794811692 0
794813492 0
794818892 0
794823110 0
794826155 0
794827955 0
794829755 0
794831555 0
794833355 0
794835155 0
794839723 0
794845460 0
794847260 0
794856541 0
794860135 0
794861935 0
794871824 0
794873624 0
794875424 0
794888073 0
794889873 0
794891673 0
794893473 0
794895273 0
794897073 0
794898873 0
794900673 0
794902473 0
794904273 0
794906073 0
794907873 0
794909673 0
794911473 0
794913273 0
794915073 0
794916873 0
794920151 0
794923011 0
794924811 0
794926611 0
794930043 0
794931843 0
794937353 0
794942785 0
794944585 0
794947020 0
794948820 0
794950620 0
794952420 0
794957022 0
794959736 0
794961536 0
794963336 0
794965669 0
794967469 0
794969804 0
794972003 0
794973803 0
794975603 0
794977403 0
794979203 0
794981003 0
794982803 0
794994798 0
795001884 0
795005185 0
795008853 0
795010653 0
795012453 0
795014253 0
795020312 0
795040208 0
795064996 0
795066796 0
795068596 0
795071868 0
795078555 0
795083689 0
795087321 0
795090287 0
795092087 0
795095407 0
795111144 0
795115986 0
795117786 0
795119586 0
795124900 0
795126700 0
795128500 0
795130300 0
795133048 0
795134848 0
795136648 0
795138448 0
795140248 0
795142048 0
795147448 0
795149248 0
795151048 0
795152848 0
795155115 0
795161965 0
795163765 0
795165565 0
795167365 0
795169165 0
795172099 0
795173899 0
795175699 0
795177499 0
795179299 0
795181099 0
795183624 0
795185424 0
795187694 0
795189494 0
795191294 0
795193094 0
795195077 0
795196877 0
795198677 0
795201073 0
795202873 0
795204673 0
795206473 0
795209005 0
795210805 0
795212605 0
795224251 0
795226051 0
795227851 0
795229651 0
795231451 0
795233707 0
795235507 0
795237307 0
795239107 0
795240907 0
795242707 0
795244507 0
795246307 0
795249633 0
795251433 0
795253233 0
795257197 0
795258997 0
795264397 0
795266197 0
795267997 0
795269797 0
795271597 0
795274684 0
795276484 0
795279181 0
795287483 0
795303360 0
795306053 0
795307853 0
795309653 0
795311453 0
795313253 0
795315053 0
795316853 0
795318653 0
795330509 0
795333555 0
795335355 0
795339134 0
795340934 0
795346334 0
795348134 0
795350908 0
795352708 0
795354508 0
795356308 0
795358108 0
795359908 0
795361708 0
795363508 0
795365308 0
795368382 0
795371268 0
795373068 0
795374868 0
795376668 0
795378468 0
795384684 0
795387684 0
795392120 0
795395711 0
795397511 0
795399311 0
795406915 0
795408715 0
795410515 0
795412315 0
795414115 0
795415915 0
795417715 0
795419515 0
795421315 0
795423115 0
795424915 0
795426715 0
795429044 0
795430844 0
795432644 0
795434444 0
795436244 0
795438044 0
795439844 0
795441644 0
795450029 0
795451829 0
795453629 0
795455429 0
795461254 0
795463054 0
795464854 0
795466654 0
795468454 0
795472694 0
795474494 0
795476294 0
795478094 0
795479894 0
795481694 0
795483494 0
795489555 0
795491355 0
795493155 0
795494955 0
795497960 0
795499760 0
795501560 0
795503360 0
795505160 0
795506960 0
795508760 0
795510560 0
795512360 0
795515482 0
795524915 0
795529035 0
795531859 0
795533659 0
795535459 0
795537259 0
795539059 0
795541955 0
795543755 0
795547809 0
795549609 0
795551409 0
795553209 0
795556242 0
795558042 0
795559842 0
795563127 0
795566640 0
795569160 0
795570960 0
795673279 0
795675079 0
795676879 0
