794355894 0
794357694 0
794359494 0
794361294 0
794363094 0
794364894 0
794366694 0
794369620 0
794372922 0
794374722 0
794376522 0
794378322 0
794380122 0
794381922 0
794384983 0
794386783 0
794388583 0
794390383 0
794392183 0
794393983 0
794396718 0
794398518 0
794400318 0
794402118 0
794403918 0
794407518 0
794410345 0
794412145 0
794413945 0
794419556 0
794421356 0
794444792 0
794448227 0
794452805 0
794454605 0
794456405 0
794458205 0
794460005 0
794461805 0
794463605 0
794465405 0
794467205 0
794469005 0
794470805 0
794472605 0
794474405 0
794477560 0
794479360 0
794481160 0
794482960 0
794484760 0
794486560 0
794489458 0
794491258 0
794493058 0
794494858 0
794496658 0
794498458 0
794500258 0
794502058 0
794503858 0
794505658 0
794507458 0
794509258 0
794512858 0
794514658 0
794516458 0
794518258 0
794524631 0
794526431 0
794528231 0
794530031 0
794531831 0
794536346 0
794538146 0
794540650 0
794542450 0
794544250 0
794548490 0
794550290 0
794552090 0
794553890 0
794555690 0
794557490 0
794559290 0
794561754 0
794563554 0
794565354 0
794567154 0
794568954 0
794570754 0
794572554 0
794574354 0
794576154 0
794577954 0
794579754 0
794581554 0
794583354 0
794585154 0
794594021 0
794595821 0
794597621 0
794599421 0
794601221 0
794603021 0
794604821 0
794606621 0
794608421 0
794610221 0
794612021 0
794615039 0
794616839 0
794618639 0
794630499 0
794632299 0
794634099 0
794635899 0
794637699 0
794639499 0
794641299 0
794643099 0
794644899 0
794646699 0
794648499 0
794650299 0
794652099 0
794653899 0
794655699 0
794658465 0
794660265 0
794662065 0
794663865 0
794666522 0
794668322 0
794670122 0
794671922 0
794673722 0
794675522 0
794678697 0
794680497 0
794682297 0
794684097 0
794685897 0
794687697 0
794696431 0
794698231 0
794701372 0
794703172 0
794704972 0
794706772 0
794709394 0
794711194 0
794712994 0
794714794 0
794716594 0
794718394 0
794724644 0
794726444 0
794728244 0
794730044 0
794731844 0
794733644 0
794735444 0
794737244 0
794739044 0
794740844 0
794743854 0
794745654 0
794747454 0
794749254 0
794751054 0
794752854 0
794754654 0
794756454 0
794758254 0
794760608 0
794762408 0
794764208 0
794766008 0
794767808 0
794769608 0
794771408 0
794773208 0
794775008 0
794781733 0
794783533 0
794785333 0
794787133 0
794788933 0
794790733 0
794792533 0
794794333 0
794796133 0
794797933 0
794799733 0
794801533 0
794803541 0
794805341 0
794807141 0
794808941 0
794810741 0
794812541 0
794816141 0
794820652 0
794822452 0
794824252 0
794826052 0
794827852 0
794829652 0
794831452 0
794833252 0
794835052 0
794838928 0
794840728 0
794842528 0
794844328 0
794846128 0
794847928 0
794849728 0
794851528 0
794853328 0
794855128 0
794860528 0
794862328 0
794864128 0
794867296 0
794871207 0
794873007 0
794885406 0
794887206 0
794889006 0
794890806 0
794893958 0
794895758 0
794897558 0
794899358 0
794902336 0
794905581 0
794908433 0
794910233 0
794912809 0
794914609 0
794916409 0
794919479 0
794922249 0
794926166 0
794927966 0
794929766 0
794931566 0
794933965 0
794935765 0
794937565 0
794939365 0
794941165 0
794942965 0
794944765 0
794947208 0
794949008 0
794950808 0
794957673 0
794959473 0
794961273 0
794963073 0
794966125 0
794968869 0
794970669 0
794972469 0
794974269 0
794976069 0
794977869 0
794979669 0
794981469 0
794983269 0
794985069 0
794994069 0
794995869 0
794997669 0
794999469 0
795001269 0
795003069 0
795004869 0
795009766 0
795011566 0
795013366 0
795015166 0
795016966 0
795018766 0
795020566 0
795022983 0
795025550 0
795027350 0
795029150 0
795036323 0
795094874 0
795096674 0
795098474 0
795100274 0
795104751 0
795106551 0
795108351 0
795110151 0
795111951 0
795113751 0
795115551 0
795117351 0
795120047 0
795121847 0
795123647 0
795125447 0
795127247 0
795129047 0
795133842 0
795135642 0
795139294 0
795141094 0
795142894 0
795147216 0
795149016 0
795151622 0
795153422 0
795157301 0
795159101 0
795160901 0
795163667 0
795169741 0
795171541 0
795173341 0
795175141 0
795176941 0
795178741 0
795180541 0
795182341 0
795184141 0
795185941 0
795187741 0
795189541 0
795191341 0
795193141 0
795194941 0
795196741 0
795198541 0
795200341 0
795202141 0
795203941 0
795205741 0
795207541 0
795209341 0
795219696 0
795222151 0
795227188 0
795228988 0
795230788 0
795232588 0
795234388 0
795237393 0
795239193 0
795240993 0
795243969 0
795245769 0
795247569 0
795249369 0
795251169 0
795252969 0
795254769 0
795256569 0
795258369 0
795263769 0
795265569 0
795267369 0
795269169 0
795270969 0
795272769 0
795274569 0
795278442 0
795283670 0
795285470 0
795299660 0
795301460 0
795303260 0
795305060 0
795308096 0
795314311 0
795316111 0
795325985 0
795327785 0
795329585 0
795331385 0
795333732 0
795336879 0
795339954 0
795341754 0
795345945 0
795347745 0
795349545 0
795351345 0
795355718 0
795357518 0
795359318 0
795361118 0
795362918 0
795365734 0
795367534 0
795369724 0
795371524 0
795373324 0
795375124 0
795376924 0
795378724 0
795380524 0
795382324 0
795384124 0
795396540 0
795399475 0
795408410 0
795410210 0
795412595 0
795414395 0
795423768 0
795432050 0
795433850 0
795435650 0
795437450 0
795439250 0
795441618 0
795450949 0
795452749 0
795454549 0
795456349 0
795459374 0
795461174 0
795462974 0
795464774 0
795466574 0
795468374 0
795470174 0
795478369 0
795480169 0
795481969 0
795483769 0
795489169 0
795491328 0
795493128 0
795494928 0
795496728 0
795498528 0
795500328 0
795502128 0
795503928 0
795505728 0
795507528 0
795509328 0
795511128 0
795512928 0
795514728 0
795516528 0
795518328 0
795524726 0
795526526 0
795528326 0
795530126 0
795531926 0
795537855 0
795540693 0
795542493 0
795544800 0
795548419 0
795550219 0
795552019 0
795553819 0
795562102 0
795563902 0
795570071 0
795571871 0
795583870 0
795586322 0
795588122 0
795590713 0
795592513 0
795594313 0
795596113 0
795597913 0
795599713 0
795601513 0
795603313 0
795605113 0
795606913 0
795608713 0
795610513 0
795612313 0
795614113 0
795615913 0
795617713 0
795619513 0
795621313 0
795623113 0
795624913 0
795626713 0
795628513 0
795630313 0
795632113 0
795633913 0
795635713 0
795637513 0
795640625 0
795642425 0
795644225 0
795646025 0
795647825 0
795649625 0
795655656 0
795657456 0
795659256 0
795664343 0
795666143 0
795667943 0
795669743 0
795671543 0
795673343 0
795675143 0
795677345 0
794431831 0 
794433631 0
794435431 0
794446199 0
794447999 0
794449799 0
794451599 0
794453399 0
794455199 0
794456999 0
794458799 0
794460599 0
794462399 0
794464199 0
794465999 0
794467799 0
794469599 0
794471399 0
794473199 0
794474999 0
794476799 0
794478599 0
794480399 0
794482199 0
794483999 0
794485799 0
794487599 0
794489399 0
794491199 0
794492999 0
794494799 0
794496599 0
794498399 0
794500199 0
794501999 0
794507097 0
794508897 0
794512497 0
794514297 0
794516097 0
794517897 0
794523281 0
794525081 0
794526881 0
794528681 0
794530481 0
794532281 0
794535604 0
794537404 0
794539204 0
794541004 0
794542804 0
794544604 0
794546404 0
794548204 0
794550004 0
794551804 0
794553604 0
794555404 0
794557204 0
794559004 0
794560804 0
794562604 0
794564404 0
794566204 0
794568004 0
794569804 0
794571604 0
794573404 0
794575204 0
794577004 0
794578804 0
794580604 0
794582404 0
794584204 0
794586004 0
794587804 0
794596213 0
794598013 0
794599813 0
794601613 0
794603413 0
794605213 0
794607013 0
794611675 0
794613475 0
794615275 0
794617075 0
794618875 0
794620675 0
794631475 0
794633275 0
794635075 0
794636875 0
794638675 0
794640475 0
794642275 0
794644075 0
794645875 0
794647675 0
794649475 0
794651275 0
794653075 0
794654875 0
794656675 0
794658475 0
794660275 0
794662075 0
794663875 0
794665675 0
794667475 0
794669275 0
794671075 0
794672875 0
794674675 0
794676475 0
794678275 0
794680075 0
794681875 0
794683675 0
794685475 0
794687275 0
794689075 0
794699935 0
794701735 0
794703535 0
794705335 0
794707135 0
794708935 0
794710735 0
794712535 0
794714335 0
794716135 0
794717935 0
794722905 0
794724705 0
794726505 0
794728305 0
794730105 0
794731905 0
794733705 0
794735505 0
794737305 0
794739105 0
794740905 0
794742705 0
794744505 0
794746305 0
794748105 0
794749905 0
794751705 0
794753505 0
794755305 0
794757105 0
794758905 0
794760705 0
794762505 0
794764305 0
794766105 0
794767905 0
794769705 0
794771505 0
794773305 0
794775105 0
794780809 0
794782609 0
794786573 0
794788373 0
794790173 0
794791973 0
794793773 0
794795573 0
794797373 0
794799173 0
794800973 0
794802773 0
794804573 0
794806373 0
794808173 0
794809973 0
794811773 0
794813573 0
794818973 0
794820773 0
794822573 0
794824373 0
794826173 0
794827973 0
794829773 0
794831573 0
794835980 0
794837780 0
794839580 0
794841380 0
794843180 0
794844980 0
794846780 0
794848580 0
794850380 0
794852180 0
794853980 0
794855780 0
794861180 0
794862980 0
794864780 0
794866580 0
794868380 0
794877165 0
794878965 0
794885484 0
794887284 0
794889084 0
794890884 0
794892684 0
794894484 0
794896284 0
794898084 0
794899884 0
794901684 0
794903484 0
794905284 0
794907084 0
794908884 0
794910684 0
794912484 0
794914284 0
794916084 0
794917884 0
794919684 0
794921484 0
794923284 0
794925084 0
794926884 0
794928684 0
794930484 0
794932284 0
794934084 0
794935884 0
794937684 0
794939484 0
794941284 0
794943084 0
794944884 0
794946684 0
794948484 0
794950284 0
794960663 0
794962463 0
794966215 0
794968015 0
794969815 0
794971615 0
794973415 0
794975215 0
794977015 0
794978815 0
794980615 0
794982415 0
794984215 0
794993215 0
794995015 0
794996815 0
794998615 0
795000415 0
795002215 0
795004015 0
795005815 0
795007615 0
795009415 0
795011215 0
795013015 0
795017628 0
795019428 0
795021228 0
795023028 0
795024828 0
795026628 0
795028428 0
795036991 0
795063725 0
795065525 0
795067325 0
795069125 0
795070925 0
795072725 0
795074525 0
795076325 0
795078125 0
795079925 0
795081725 0
795083525 0
795085325 0
795087125 0
795088925 0
795090725 0
795092525 0
795094325 0
795096125 0
795097925 0
795099725 0
795104723 0
795106523 0
795108323 0
795110123 0
795111923 0
795113723 0
795115523 0
795117323 0
795119123 0
795120923 0
795122723 0
795124523 0
795126323 0
795128123 0
795129923 0
795131723 0
795133523 0
795135323 0
795138775 0
795140575 0
795142375 0
795147775 0
795149575 0
795151375 0
795153175 0
795154975 0
795156775 0
795158575 0
795160375 0
795162175 0
795163975 0
795168102 0
795169902 0
795171702 0
795173502 0
795175302 0
795177102 0
795178902 0
795180702 0
795182502 0
795184302 0
795186102 0
795187902 0
795189702 0
795191502 0
795193302 0
795195102 0
795196902 0
795198702 0
795200502 0
795202302 0
795204102 0
795205902 0
795207702 0
795209502 0
795219362 0
795221162 0
795225771 0
795227571 0
795229371 0
795231171 0
795232971 0
795234771 0
795236571 0
795238371 0
795240171 0
795241971 0
795243771 0
795245571 0
795247371 0
795249171 0
795250971 0
795252771 0
795254571 0
795257525 0
795259325 0
795262925 0
795264725 0
795268146 0
795269946 0
795272778 0
795274578 0
795276378 0
795278178 0
795283833 0
795285633 0
795293839 0
795295639 0
795297439 0
795299239 0
795301039 0
795302839 0
795304639 0
795306439 0
795308239 0
795310039 0
795311839 0
795313639 0
795315439 0
795317239 0
795326275 0
795328075 0
795329875 0
795331675 0
795333475 0
795335275 0
795337075 0
795338875 0
795340675 0
795342475 0
795346075 0
795347875 0
795358413 0
795360213 0
795362013 0
795363813 0
795365613 0
795367413 0
795369213 0
795371013 0
795372813 0
795374613 0
795376413 0
795378213 0
795380013 0
795381813 0
795383613 0
795385413 0
795387213 0
795389013 0
795390813 0
795392613 0
795394413 0
795396213 0
795398013 0
795407013 0
795408813 0
795410613 0
795412413 0
795414213 0
795432544 0
795434344 0
795437786 0
795439586 0
795441386 0
795446784 0
795448584 0
795450384 0
795452184 0
795453984 0
795455784 0
795457584 0
795459384 0
795461184 0
795462984 0
795464784 0
795466584 0
795468384 0
795470184 0
795473648 0
795478084 0
795479884 0
795481684 0
795483484 0
795488884 0
795490684 0
795492484 0
795494284 0
795496084 0
795497884 0
795499684 0
795501484 0
795503284 0
795505084 0
795506884 0
795508684 0
795510484 0
795512284 0
795514084 0
795515884 0
795517684 0
795522999 0
795524799 0
795526599 0
795528399 0
795530199 0
795531999 0
795533799 0
795535599 0
795537399 0
795539199 0
795540999 0
795542799 0
795544599 0
795546399 0
795548199 0
795549999 0
795551799 0
795556980 0
795558780 0
795560580 0
795562380 0
795564180 0
795569034 0
795570834 0
795584779 0
795586579 0
795596611 0
795598411 0
795602119 0
795603919 0
795605719 0
795607519 0
795609319 0
795612963 0
795614763 0
795616563 0
795618363 0
795620163 0
795621963 0
795623763 0
795625563 0
795627363 0
795629163 0
795630963 0
795632763 0
795634563 0
795636363 0
795638163 0
795639963 0
795641763 0
795643563 0
795645363 0
795668248 0
795670048 0
795671848 0
795677067 0
794359343 0
794361143 0
794368943 0
794370743 0
794372543 0
794374343 0
794376143 0
794377943 0
794379743 0
794381543 0
794383343 0
794385143 0
794386943 0
794388743 0
794390543 0
794392343 0
794394143 0
794395943 0
794397743 0
794399543 0
794401343 0
794403143 0
794404943 0
794408543 0
794411805 0
794413605 0
794417923 0
794420621 0
794422421 0
794424221 0
794426021 0
794429442 0
794431242 0
794435135 0
794438368 0
794448048 0
794449848 0
794468006 0
794469806 0
794472136 0
794473936 0
794475736 0
794481679 0
794484229 0
794486739 0
794488539 0
794490339 0
794492139 0
794496797 0
794498597 0
794500397 0
794502197 0
794505283 0
794507083 0
794508883 0
794523662 0
794527291 0
794529091 0
794530891 0
794532691 0
794534491 0
794536291 0
794540133 0
794541933 0
794543733 0
794545533 0
794549844 0
794551644 0
794553444 0
794555244 0
794557416 0
794559216 0
794561016 0
794565705 0
794567505 0
794569305 0
794571105 0
794572905 0
794574705 0
794584695 0
794586914 0
794588714 0
794590514 0
794592314 0
794594114 0
794595914 0
794597737 0
794608753 0
794612389 0
794615811 0
794619869 0
794631177 0
794632977 0
794634777 0
794636577 0
794638377 0
794641198 0
794642998 0
794644798 0
794646598 0
794651946 0
794653746 0
794655546 0
794658261 0
794660061 0
794661861 0
794663661 0
794665461 0
794667261 0
794669061 0
794674103 0
794676797 0
794678597 0
794685144 0
794686944 0
794688744 0
794699442 0
794702590 0
794704390 0
794706190 0
794707990 0
794709790 0
794711590 0
794713390 0
794715190 0
794716990 0
794718790 0
794720590 0
794722390 0
794726557 0
794728357 0
794731059 0
794732859 0
794737362 0
794739162 0
794740962 0
794742762 0
794744562 0
794746362 0
794748162 0
794749962 0
794751762 0
794753562 0
794755362 0
794757162 0
794758962 0
794760885 0
794763054 0
794766686 0
794768486 0
794770286 0
794772086 0
794773886 0
794775686 0
794777486 0
794779286 0
794781086 0
794782886 0
794784686 0
794790872 0
794792672 0
794794472 0
794796272 0
794798072 0
794800892 0
794802692 0
794804492 0
794806292 0
794808092 0
794809892 0
794811692 0
794813492 0
794818892 0
794823110 0
794826155 0
794827955 0
794829755 0
794831555 0
794833355 0
794835155 0
794839723 0
794845460 0
794847260 0
794856541 0
794860135 0
794861935 0
794871824 0
794873624 0
794875424 0
794888073 0
794889873 0
794891673 0
794893473 0
794895273 0
794897073 0
794898873 0
794900673 0
794902473 0
794904273 0
794906073 0
794907873 0
794909673 0
794911473 0
794913273 0
794915073 0
794916873 0
794920151 0
794923011 0
794924811 0
794926611 0
794930043 0
794931843 0
794937353 0
794942785 0
794944585 0
794947020 0
794948820 0
794950620 0
794952420 0
794957022 0
794959736 0
794961536 0
794963336 0
794965669 0
794967469 0
794969804 0
794972003 0
794973803 0
794975603 0
794977403 0
794979203 0
794981003 0
794982803 0
794994798 0
795001884 0
795005185 0
795008853 0
795010653 0
795012453 0
795014253 0
795020312 0
795040208 0
795064996 0
795066796 0
795068596 0
795071868 0
795078555 0
795083689 0
795087321 0
795090287 0
795092087 0
795095407 0
795111144 0
795115986 0
795117786 0
795119586 0
795124900 0
795126700 0
795128500 0
795130300 0
795133048 0
795134848 0
795136648 0
795138448 0
795140248 0
795142048 0
795147448 0
795149248 0
795151048 0
795152848 0
795155115 0
795161965 0
795163765 0
795165565 0
795167365 0
795169165 0
795172099 0
795173899 0
795175699 0
795177499 0
795179299 0
795181099 0
795183624 0
795185424 0
795187694 0
795189494 0
795191294 0
795193094 0
795195077 0
795196877 0
795198677 0
795201073 0
795202873 0
795204673 0
795206473 0
795209005 0
795210805 0
795212605 0
795224251 0
795226051 0
795227851 0
795229651 0
795231451 0
795233707 0
795235507 0
795237307 0
795239107 0
795240907 0
795242707 0
795244507 0
795246307 0
795249633 0
795251433 0
795253233 0
795257197 0
795258997 0
795264397 0
795266197 0
795267997 0
795269797 0
795271597 0
795274684 0
795276484 0
795279181 0
795287483 0
795303360 0
795306053 0
795307853 0
795309653 0
795311453 0
795313253 0
795315053 0
795316853 0
795318653 0
795330509 0
795333555 0
795335355 0
795339134 0
795340934 0
795346334 0
795348134 0
795350908 0
795352708 0
795354508 0
795356308 0
795358108 0
795359908 0
795361708 0
795363508 0
795365308 0
795368382 0
795371268 0
795373068 0
795374868 0
795376668 0
795378468 0
795384684 0
795387684 0
795392120 0
795395711 0
795397511 0
795399311 0
795406915 0
795408715 0
795410515 0
795412315 0
795414115 0
795415915 0
795417715 0
795419515 0
795421315 0
795423115 0
795424915 0
795426715 0
795429044 0
795430844 0
795432644 0
795434444 0
795436244 0
795438044 0
795439844 0
795441644 0
795450029 0
795451829 0
795453629 0
795455429 0
795461254 0
795463054 0
795464854 0
795466654 0
795468454 0
795472694 0
795474494 0
795476294 0
795478094 0
795479894 0
795481694 0
795483494 0
795489555 0
795491355 0
795493155 0
795494955 0
795497960 0
795499760 0
795501560 0
795503360 0
795505160 0
795506960 0
795508760 0
795510560 0
795512360 0
795515482 0
795524915 0
795529035 0
795531859 0
795533659 0
795535459 0
795537259 0
795539059 0
795541955 0
795543755 0
795547809 0
795549609 0
795551409 0
795553209 0
795556242 0
795558042 0
795559842 0
795563127 0
795566640 0
795569160 0
795570960 0
795673279 0
795675079 0
795676879 0