# Created Thu Feb 28 23:53:40 EST 2008 by pshawhan on gravity.physics.umd.edu using command:
# /group/gre/software/LIGO/ligotools/bin/segwizard S4 v10 L1
# Input: S4L1v10_segs.txt (run S4, ifos L1, version 10)
# Total duration of segments: 2128264
   1  793128844  793130726   1882
   2  793131437  793135635   4198
   3  793142194  793142231     37
   4  793142295  793142352     57
   5  793142390  793147745   5355
   6  793148299  793152000   3701
   7  793154127  793156030   1903
   8  793162420  793162750    330
   9  793166407  793190952  24545
  10  793191605  793191972    367
  11  793194920  793197885   2965
  12  793199648  793211672  12024
  13  793213244  793229629  16385
  14  793230989  793233352   2363
  15  793234888  793253981  19093
  16  793254583  793271156  16573
  17  793272235  793410928 138693
  18  793411900  793414666   2766
  19  793415238  793416493   1255
  20  793417079  793425640   8561
  21  793425708  793425772     64
  22  793425811  793425813      2
  23  793428190  793441084  12894
  24  793441532  793442312    780
  25  793442970  793459065  16095
  26  793477271  793516372  39101
  27  793517593  793527086   9493
  28  793527666  793528354    688
  29  793529512  793537151   7639
  30  793538262  793549525  11263
  31  793551160  793573781  22621
  32  793575395  793578474   3079
  33  793578940  793588242   9302
  34  793591342  793597600   6258
  35  793598265  793598768    503
  36  793599374  793600571   1197
  37  793602211  793603230   1019
  38  793605813  793606857   1044
  39  793609176  793609801    625
  40  793610664  793610734     70
  41  793612085  793612683    598
  42  793612953  793613585    632
  43  793617933  793618585    652
  45  793620892  793620965     73
  46  793621788  793622266    478
  47  793627776  793627845     69
  48  793668064  793668407    343
  49  793669308  793669958    650
  50  793670993  793673732   2739
  51  793674439  793677798   3359
  52  793703763  793719897  16134
  53  793723924  793725709   1785
  54  793725752  793738414  12662
  55  793750481  793761883  11402
  56  793763206  793767229   4023
  57  793767679  793784111  16432
  58  793784732  793787380   2648
  59  793788056  793796485   8429
  60  793805513  793805691    178
  61  793808248  793831883  23635
  62  793831894  793832529    635
  63  793832578  793873834  41256
  64  793877308  793879456   2148
  65  793879839  793881135   1296
  66  793881409  793895966  14557
  67  793898250  793908886  10636
  68  793930050  793950154  20104
  69  793951441  793958124   6683
  70  793958930  793975738  16808
  71  793976166  793985940   9774
  72  793986886  794001766  14880
  73  794004919  794011736   6817
  74  794018388  794027184   8796
  75  794028147  794088933  60786
  76  794096013  794121293  25280
  77  794122270  794122718    448
  78  794131532  794132615   1083
  79  794133537  794150309  16772
  80  794158558  794198143  39585
  81  794198580  794212488  13908
  82  794216478  794234989  18511
  83  794235097  794254538  19441
  84  794255098  794259011   3913
  85  794259435  794263864   4429
  87  794264595  794268967   4372
  88  794269296  794336613  67317
  89  794354965  794355380    415
  90  794358589  794363698   5109
  91  794368749  794433937  65188
  92  794435079  794436992   1913
  93  794437744  794441913   4169
  94  794447858  794451839   3981
  95  794452839  794454558   1719
  96  794463084  794464327   1243
  97  794467897  794477955  10058
  98  794479274  794484084   4810
  99  794484148  794494565  10417
 100  794495210  794495451    241
 101  794495948  794511117  15169
 102  794518193  794518839    646
 103  794523357  794525768   2411
 104  794526248  794562831  36583
 105  794564851  794577359  12508
 106  794584280  794599557  15277
 107  794608688  794610618   1930
 108  794611586  794618428   6842
 109  794619365  794648696  29331
 110  794651105  794671647  20542
 111  794672387  794675975   3588
 112  794676612  794680583   3971
 113  794682321  794683959   1638
 114  794685119  794690570   5451
 115  794691527  794693776   2249
 116  794699246  794701439   2193
 117  794702248  794724533  22285
 118  794725814  794734815   9001
 119  794735382  794736618   1236
 120  794737334  794765129  27795
 121  794766396  794786776  20380
 122  794790002  794800742  10740
 123  794800804  794820780  19976
 124  794822233  794837321  15088
 125  794838856  794842390   3534
 126  794843118  794843125      7
 127  794843692  794844140    448
 128  794844615  794849335   4720
 129  794849930  794851714   1784
 130  794852479  794853269    790
 131  794853869  794855492   1623
 132  794856362  794858520   2158
 133  794859535  794864336   4801
 134  794867121  794867656    535
 135  794868287  794869072    785
 136  794870049  794870081     32
 137  794871505  794881240   9735
 138  794885696  794928571  42875
 139  794929426  794934261   4835
 140  794936465  794940042   3577
 141  794940884  794941506    622
 142  794942565  794955567  13002
 143  794956286  794998170  41884
 144  795001391  795004178   2787
 145  795004935  795007236   2301
 146  795008032  795016875   8843
 147  795017911  795018093    182
 148  795018561  795019308    747
 149  795020026  795022398   2372
 150  795023059  795023801    742
 151  795024627  795025798   1171
 152  795026904  795028686   1782
 153  795030078  795030682    604
 154  795034734  795036076   1342
 155  795037563  795039127   1564
 156  795039884  795042333   2449
 157  795048015  795048517    502
 158  795049321  795049454    133
 159  795050360  795050948    588
 160  795051436  795052309    873
 161  795053249  795054298   1049
 162  795056347  795057106    759
 163  795060462  795062491   2029
 164  795063786  795070852   7066
 165  795071747  795073790   2043
 166  795074405  795074515    110
 167  795074523  795074526      3
 168  795074532  795074662    130
 169  795078428  795080482   2054
 170  795081454  795082561   1107
 171  795083663  795085516   1853
 172  795086797  795089645   2848
 173  795090280  795093895   3615
 174  795094982  795097633   2651
 175  795099705  795101229   1524
 176  795106277  795106442    165
 177  795107228  795108757   1529
 178  795110586  795110593      7
 179  795110681  795113408   2727
 180  795114409  795114939    530
 181  795115858  795121514   5656
 182  795122918  795123575    657
 183  795124110  795157224  33114
 184  795160115  795214616  54501
 185  795223834  795255894  32060
 186  795256629  795282846  26217
 187  795287278  795289488   2210
 188  795302885  795320870  17985
 189  795329858  795337748   7890
 190  795338572  795382085  43513
 191  795384630  795386538   1908
 192  795387110  795390058   2948
 193  795391230  795394811   3581
 194  795395467  795443813  48346
 195  795449814  795459903  10089
 196  795460401  795471738  11337
 197  795472249  795514432  42183
 198  795514957  795518555   3598
 199  795521717  795522980   1263
 200  795524120  795527510   3390
 201  795528411  795541257  12846
 202  795541845  795545665   3820
 204  795546542  795546932    390
 205  795547425  795547426      1
 206  795547493  795555326   7833
 207  795555898  795561910   6012
 208  795562355  795565700   3345
 209  795566258  795601582  35324
 210  795602844  795609214   6370
 211  795610002  795631110  21108
 212  795631607  795641941  10334
 213  795642682  795645761   3079
 214  795646386  795679251  32865
 215  795679741  795686927   7186
 216  795687526  795708610  21084
 217  795726158  795727153    995
 218  795818500  795820973   2473
 219  795821474  795863774  42300
 220  795894831  795896475   1644
 221  795897294  795913536  16242
