793555944 0
793557744 0
793559544 0
793561344 0
793563144 0
793564944 0
793567587 0
793573166 0
793575715 0
793577515 0
793579315 0
793581115 0
793582915 0
793584715 0
793586515 0
793588315 0
793590115 0
793591915 0
793593715 0
793595515 0
793597315 0
793599115 0
793600915 0
793602715 0
793604515 0
793606315 0
793608115 0
793609915 0
793611715 0
793613515 0
793615315 0
793617115 0
793618915 0
793620715 0
793622515 0
793624315 0
793626115 0
793627915 0
793638444 0
793640244 0
793643220 0
793645020 0
793646820 0
793648620 0
793651091 0
793652891 0
793654691 0
793656491 0
793658291 0
793661067 0
793664383 0
793666183 0
793667983 0
793669783 0
793674816 0
793676616 0
793678416 0
793680216 0
793682016 0
793683816 0
793766877 0
793768677 0
793770477 0
793772277 0
793774077 0
793775877 0
793777677 0
793779477 0
793781277 0
793784554 0
793786354 0
793788154 0
793789954 0
793791754 0
793793554 0
793803176 0
793804976 0
793806776 0
793808576 0
793810376 0
793812176 0
793813976 0
793815776 0
793817576 0
793819376 0
793821176 0
793823647 0
793825447 0
793827247 0
793829047 0
793830847 0
793844008 0
793850708 0
793852508 0
793856442 0
793858242 0
793860042 0
793861842 0
793863642 0
793865442 0
793867862 0
793870211 0
793872011 0
793873811 0
793875611 0
793877411 0
793879211 0
793881011 0
793882811 0
793884611 0
793886411 0
793891287 0
793893087 0
793894887 0
793898241 0
793900041 0
793901841 0
793903641 0
793905441 0
793909017 0
793936862 0
793938662 0
793940462 0
793942262 0
793944062 0
793946243 0
793948043 0
793949843 0
793951643 0
793953443 0
793955243 0
793957043 0
793958843 0
793960643 0
793962443 0
793964243 0
793966540 0
793968340 0
793970900 0
793972700 0
793975832 0
793977632 0
793979432 0
793981232 0
793983032 0
793984832 0
793986632 0
793988432 0
793990232 0
793992032 0
793993832 0
793995632 0
793997432 0
793999232 0
794004757 0
794006557 0
794008357 0
794011116 0
794012916 0
794014716 0
794016516 0
794018316 0
794020116 0
794026693 0
794028493 0
794030293 0
794032093 0
794033893 0
794035693 0
794040434 0
794048832 0
794050632 0
794052432 0
794054232 0
794056032 0
794060562 0
794068628 0
794070428 0
794072228 0
794076532 0
794244737 0
794246537 0
794248337 0
794251034 0
794252834 0
794259904 0
794264027 0
794265827 0
794267627 0
794269427 0
794276679 0
794278479 0
794280279 0
794284440 0
794286240 0
794288040 0
794289840 0
794291640 0
794293440 0
794295240 0
794297040 0
794298840 0
794300640 0
794302440 0
794304240 0
794306040 0
794307840 0
794309640 0
794311440 0
794313240 0
794315040 0
794316840 0
794318640 0
794320440 0
794322240 0
794324040 0
794325840 0
794327640 0
794329440 0
794331240 0
794333040 0
794334840 0
794343294 0
794345094 0
794346894 0
794348694 0
794350494 0
794352294 0
794354094 0
794355894 0
794357694 0
794359494 0
794361294 0
794363094 0
794364894 0
794366694 0
794369620 0
794372922 0
794374722 0
794376522 0
794461805 0
794463605 0
794465405 0
794467205 0
794469005 0
794470805 0
794472605 0
794474405 0
794477560 0
794479360 0
794481160 0
794482960 0
794484760 0
794486560 0
794489458 0
794491258 0
794493058 0
794494858 0
794496658 0
794498458 0
794500258 0
794502058 0
794503858 0
794505658 0
794507458 0
794509258 0
794511058 0
794512858 0
794514658 0
794516458 0
794518258 0
794524631 0
794526431 0
794528231 0
794530031 0
794531831 0
794536346 0
794538146 0
794540650 0
794542450 0
794544250 0
794548490 0
794550290 0
794552090 0
794553890 0
794555690 0
794557490 0
794559290 0
794561754 0
794563554 0
794565354 0
794567154 0
794568954 0
794570754 0
794572554 0
794574354 0
794576154 0
794577954 0
794579754 0
794581554 0
794585154 0
794594021 0
794595821 0
794597621 0
794599421 0
794601221 0
794603021 0
794604821 0
794606621 0
794608421 0
794610221 0
794612021 0
794615039 0
794616839 0
794618639 0
794623299 0
794625099 0
794626899 0
794628699 0
794630499 0
794632299 0
794634099 0
794635899 0
794637699 0
794639499 0
794641299 0
794643099 0
794644899 0
794646699 0
794648499 0
794650299 0
794652099 0
794653899 0
794655699 0
794658465 0
794660265 0
794662065 0
794663865 0
794666522 0
794668322 0
794670122 0
794671922 0
794673722 0
794675522 0
794678697 0
794680497 0
794682297 0
794684097 0
794685897 0
794687697 0
794690179 0
794696431 0
794698231 0
794701372 0
794703172 0
794704972 0
794706772 0
794709394 0
794711194 0
794712994 0
794718394 0
794724644 0
794726444 0
794728244 0
794730044 0
794731844 0
794733644 0
794735444 0
794737244 0
794739044 0
794740844 0
794743854 0
794745654 0
794747454 0
794749254 0
794751054 0
794752854 0
794754654 0
794756454 0
794758254 0
794760608 0
794762408 0
794764208 0
794766008 0
794767808 0
794769608 0
794771408 0
794773208 0
794775008 0
794781733 0
794783533 0
794785333 0
794787133 0
794788933 0
794790733 0
794792533 0
794794333 0
794796133 0
794797933 0
794799733 0
794801533 0
794803541 0
794805341 0
794807141 0
794808941 0
794810741 0
794812541 0
794814341 0
794816141 0
794818852 0
794820652 0
794822452 0
794824252 0
794826052 0
794827852 0
794829652 0
794831452 0
794833252 0
794835052 0
794838928 0
794885406 0
794887206 0
794889006 0
794890806 0
794893958 0
794895758 0
794897558 0
794899358 0
794902336 0
794905581 0
794908433 0
794910233 0
794912809 0
794914609 0
794916409 0
794919479 0
794922249 0
794926166 0
794927966 0
794929766 0
794931566 0
794933965 0
794935765 0
794937565 0
794939365 0
794941165 0
794942965 0
794944765 0
794947208 0
794949008 0
794950808 0
794957673 0
794959473 0
794961273 0
794963073 0
794966125 0
794968869 0
794970669 0
794972469 0
794974269 0
794976069 0
794977869 0
794979669 0
794981469 0
794983269 0
794985069 0
794986869 0
794988669 0
794990469 0
794992269 0
794994069 0
794995869 0
794997669 0
794999469 0
795001269 0
795003069 0
795004869 0
795009766 0
795011566 0
795013366 0
795149016 0
795151622 0
795153422 0
795157301 0
795159101 0
795160901 0
795163667 0
795169741 0
795171541 0
795173341 0
795175141 0
795176941 0
795178741 0
795180541 0
795182341 0
795184141 0
795185941 0
795187741 0
795189541 0
795191341 0
795193141 0
795194941 0
795196741 0
795198541 0
795200341 0
795202141 0
795203941 0
795205741 0
795207541 0
795209341 0
795219696 0
795222151 0
795227188 0
795228988 0
795230788 0
795232588 0
795234388 0
795237393 0
795239193 0
795240993 0
795243969 0
795245769 0
795247569 0
795249369 0
795251169 0
795252969 0
795254769 0
795256569 0
795258369 0
795260169 0
795261969 0
795263769 0
795265569 0
795267369 0
795269169 0
795270969 0
795272769 0
795274569 0
795278442 0
795283670 0
795493128 0
795494928 0
795496728 0
795498528 0
795500328 0
795502128 0
795503928 0
795505728 0
795507528 0
795509328 0
795511128 0
795512928 0
795514728 0
795516528 0
795518328 0
795524726 0
795526526 0
795528326 0
795530126 0
795531926 0
795537855 0
795540693 0
795542493 0
795544800 0
795548419 0
795550219 0
795552019 0
795553819 0
795562102 0
795563902 0
795570071 0
795571871 0
795573671 0
795575471 0
795577271 0
795580270 0
795582070 0
795583870 0
795586322 0
795588122 0
795590713 0
795592513 0
795594313 0
795596113 0
795597913 0
795599713 0
795601513 0
795603313 0
795605113 0
795606913 0
795608713 0
795610513 0
795612313 0
795614113 0
795615913 0
795617713 0
795619513 0
795621313 0
795623113 0
795624913 0
