# Timestamps spanning ~2 days, with regular gaps of 1800 seconds
1122334455.0
1122336255.0
1122338055.0
1122339855.0
1122341655.0
1122343455.0
1122345255.0
1122347055.0
1122348855.0
1122350655.0
1122352455.0
1122354255.0
1122356055.0
1122357855.0
1122359655.0
1122361455.0
1122363255.0
1122365055.0
1122366855.0
1122368655.0
1122370455.0
1122372255.0
1122374055.0
1122375855.0
1122377655.0
1122379455.0
1122381255.0
1122383055.0
1122384855.0
1122386655.0
1122388455.0
1122390255.0
1122392055.0
1122393855.0
1122395655.0
1122397455.0
1122399255.0
1122401055.0
1122402855.0
1122404655.0
1122406455.0
1122408255.0
1122410055.0
1122411855.0
1122413655.0
1122415455.0
1122417255.0
1122419055.0
1122420855.0
1122422655.0
1122424455.0
1122426255.0
1122428055.0
1122429855.0
1122431655.0
1122433455.0
1122435255.0
1122437055.0
1122438855.0
1122440655.0
1122442455.0
1122444255.0
1122446055.0
1122447855.0
1122449655.0
1122451455.0
1122453255.0
1122455055.0
1122456855.0
1122458655.0
1122460455.0
1122462255.0
1122464055.0
1122465855.0
1122467655.0
1122469455.0
1122471255.0
1122473055.0
1122474855.0
1122476655.0
1122478455.0
1122480255.0
1122482055.0
1122483855.0
1122485655.0
1122487455.0
1122489255.0
1122491055.0
1122492855.0
1122494655.0
1122496455.0
1122498255.0
1122500055.0
1122501855.0
# Timestamps spanning ~4 days, with irregular gaps of between 1800 and 3600 seconds
1133553311.0
1133555636.0
1133557830.0
1133559998.0
1133563407.0
1133565447.0
1133567750.0
1133570213.0
1133573739.0
1133576891.0
1133579317.0
1133581775.0
1133583970.0
1133586898.0
1133590346.0
1133593722.0
1133597320.0
1133599513.0
1133601614.0
1133604767.0
1133608145.0
1133611071.0
1133613975.0
1133615876.0
1133618424.0
1133620656.0
1133623997.0
1133627588.0
1133630894.0
1133633927.0
1133636002.0
1133638938.0
1133641210.0
1133643663.0
1133647235.0
1133650723.0
1133653399.0
1133656833.0
1133658863.0
1133660691.0
1133662975.0
1133665653.0
1133668514.0
1133671664.0
1133674436.0
1133676288.0
1133679863.0
1133682878.0
1133685839.0
1133687864.0
1133690620.0
1133693691.0
1133697183.0
1133700487.0
1133703301.0
1133705252.0
1133707360.0
1133709961.0
1133711910.0
1133714081.0
1133716030.0
1133719027.0
1133721611.0
1133724352.0
1133727881.0
1133730867.0
1133733556.0
1133736803.0
1133739028.0
1133742095.0
1133745357.0
1133748003.0
1133750029.0
1133753243.0
1133756278.0
1133759132.0
1133762058.0
1133764218.0
1133767810.0
1133770982.0
1133774389.0
1133777013.0
1133780048.0
1133783146.0
1133786618.0
1133789357.0
1133792783.0
1133795701.0
1133799062.0
1133801598.0
1133805029.0
1133807545.0
1133809360.0
1133811542.0
1133813596.0
1133816643.0
1133820085.0
1133821998.0
1133824905.0
1133827299.0
1133830683.0
1133832520.0
1133835822.0
1133838225.0
1133840080.0
1133843136.0
1133846400.0
1133849834.0
1133853429.0
1133856045.0
1133857958.0
1133860670.0
1133863718.0
1133866231.0
1133868802.0
1133871842.0
1133874912.0
1133876974.0
1133879407.0
1133882464.0
1133884871.0
1133887885.0
1133890604.0
1133893836.0
1133896921.0
