# Timestamps spanning ~4 days, with irregular gaps of between 1800 and 3600 seconds
1122334455.0
1122336780.0
1122338974.0
1122341142.0
1122344551.0
1122346591.0
1122348894.0
1122351357.0
1122354883.0
1122358035.0
1122360461.0
1122362919.0
1122365114.0
1122368042.0
1122371490.0
1122374866.0
1122378464.0
1122380657.0
1122382758.0
1122385911.0
1122389289.0
1122392215.0
1122395119.0
1122397020.0
1122399568.0
1122401800.0
1122405141.0
1122408732.0
1122412038.0
1122415071.0
1122417146.0
1122420082.0
1122422354.0
1122424807.0
1122428379.0
1122431867.0
1122434543.0
1122437977.0
1122440007.0
1122441835.0
1122444119.0
1122446797.0
1122449658.0
1122452808.0
1122455580.0
1122457432.0
1122461007.0
1122464022.0
1122466983.0
1122469008.0
1122471764.0
1122474835.0
1122478327.0
1122481631.0
1122484445.0
1122486396.0
1122488504.0
1122491105.0
1122493054.0
1122495225.0
1122497174.0
1122500171.0
1122502755.0
1122505496.0
1122509025.0
1122512011.0
1122514700.0
1122517947.0
1122520172.0
1122523239.0
1122526501.0
1122529147.0
1122531173.0
1122534387.0
1122537422.0
1122540276.0
1122543202.0
1122545362.0
1122548954.0
1122552126.0
1122555533.0
1122558157.0
1122561192.0
1122564290.0
1122567762.0
1122570501.0
1122573927.0
1122576845.0
1122580206.0
1122582742.0
1122586173.0
1122588689.0
1122590504.0
1122592686.0
1122594740.0
1122597787.0
1122601229.0
1122603142.0
1122606049.0
1122608443.0
1122611827.0
1122613664.0
1122616966.0
1122619369.0
1122621224.0
1122624280.0
1122627544.0
1122630978.0
1122634573.0
1122637189.0
1122639102.0
1122641814.0
1122644862.0
1122647375.0
1122649946.0
1122652986.0
1122656056.0
1122658118.0
1122660551.0
1122663608.0
1122666015.0
1122669029.0
1122671748.0
1122674980.0
1122678065.0
# Timestamps spanning ~2 days, with regular gaps of 1800 seconds
1133553311.0
1133555111.0
1133556911.0
1133558711.0
1133560511.0
1133562311.0
1133564111.0
1133565911.0
1133567711.0
1133569511.0
1133571311.0
1133573111.0
1133574911.0
1133576711.0
1133578511.0
1133580311.0
1133582111.0
1133583911.0
1133585711.0
1133587511.0
1133589311.0
1133591111.0
1133592911.0
1133594711.0
1133596511.0
1133598311.0
1133600111.0
1133601911.0
1133603711.0
1133605511.0
1133607311.0
1133609111.0
1133610911.0
1133612711.0
1133614511.0
1133616311.0
1133618111.0
1133619911.0
1133621711.0
1133623511.0
1133625311.0
1133627111.0
1133628911.0
1133630711.0
1133632511.0
1133634311.0
1133636111.0
1133637911.0
1133639711.0
1133641511.0
1133643311.0
1133645111.0
1133646911.0
1133648711.0
1133650511.0
1133652311.0
1133654111.0
1133655911.0
1133657711.0
1133659511.0
1133661311.0
1133663111.0
1133664911.0
1133666711.0
1133668511.0
1133670311.0
1133672111.0
1133673911.0
1133675711.0
1133677511.0
1133679311.0
1133681111.0
1133682911.0
1133684711.0
1133686511.0
1133688311.0
1133690111.0
1133691911.0
1133693711.0
1133695511.0
1133697311.0
1133699111.0
1133700911.0
1133702711.0
1133704511.0
1133706311.0
1133708111.0
1133709911.0
1133711711.0
1133713511.0
1133715311.0
1133717111.0
1133718911.0
1133720711.0
# Timestamps spanning ~2 days, with regular gaps of 1800 seconds
1144774411.0
1144776211.0
1144778011.0
1144779811.0
1144781611.0
1144783411.0
1144785211.0
1144787011.0
1144788811.0
1144790611.0
1144792411.0
1144794211.0
1144796011.0
1144797811.0
1144799611.0
1144801411.0
1144803211.0
1144805011.0
1144806811.0
1144808611.0
1144810411.0
1144812211.0
1144814011.0
1144815811.0
1144817611.0
1144819411.0
1144821211.0
1144823011.0
1144824811.0
1144826611.0
1144828411.0
1144830211.0
1144832011.0
1144833811.0
1144835611.0
1144837411.0
1144839211.0
1144841011.0
1144842811.0
1144844611.0
1144846411.0
1144848211.0
1144850011.0
1144851811.0
1144853611.0
1144855411.0
1144857211.0
1144859011.0
1144860811.0
1144862611.0
1144864411.0
1144866211.0
1144868011.0
1144869811.0
1144871611.0
1144873411.0
1144875211.0
1144877011.0
1144878811.0
1144880611.0
1144882411.0
1144884211.0
1144886011.0
1144887811.0
1144889611.0
1144891411.0
1144893211.0
1144895011.0
1144896811.0
1144898611.0
1144900411.0
1144902211.0
1144904011.0
1144905811.0
1144907611.0
1144909411.0
1144911211.0
1144913011.0
1144914811.0
1144916611.0
1144918411.0
1144920211.0
1144922011.0
1144923811.0
1144925611.0
1144927411.0
1144929211.0
1144931011.0
1144932811.0
1144934611.0
1144936411.0
1144938211.0
1144940011.0
1144941811.0
