    1 870020122 870020130      8
    2 870020142 870020148      6
    3 870030784 870030785      1
    4 870031573 870031574      1
    5 870045137 870045143      6
    6 870045156 870045158      2
    7 870085715 870085716      1
    8 870097550 870097555      5
    9 870097562 870097568      6
   10 870097582 870097588      6
   11 870097887 870097893      6
   12 870097942 870097948      6
   13 870101995 870102000      5
   14 870106890 870106895      5
   15 870106955 870106965     10
   16 870108230 870108238      8
   17 870108240 870108300     60
   18 870110612 870110613      1
   19 870119657 870119658      1
   20 870126230 870126235      5
   21 870129465 870129470      5
   22 870129840 870129903     63
   23 870132727 870132728      1
   24 870136707 870136713      6
   25 870136722 870136728      6
   26 870136737 870136743      6
   27 870136755 870136760      5
   28 870139562 870139568      6
   29 870182510 870182518      8
   30 870182537 870182543      6
   31 870185925 870185930      5
   32 870190590 870190595      5
   33 870197506 870197509      3
   34 870199162 870199168      6
   35 870200260 870200265      5
   36 870200285 870200290      5
   37 870209100 870209105      5
   38 870209117 870209123      6
   39 870210335 870210340      5
   40 870213120 870213180     60
   41 870213242 870213248      6
   42 870229200 870229260     60
   43 870231482 870231488      6
   44 870231540 870231600     60
   45 870275737 870275748     11
   46 870275775 870275780      5
   47 870286695 870286710     15
   48 870286715 870286720      5
   49 870286765 870286773      8
   50 870286787 870286793      6
   51 870287052 870287058      6
   52 870287105 870287110      5
   53 870293602 870293608      6
   54 870299200 870299205      5
   55 870299235 870299245     10
   56 870369946 870369947      1
   57 870378570 870378575      5
   58 870384020 870384025      5
   59 870431460 870431520     60
   60 870446267 870446273      6
   61 870447902 870447908      6
   62 870449385 870449390      5
   63 870449395 870449400      5
   64 870451102 870451108      6
   65 870455146 870455147      1
   66 870455872 870455878      6
   67 870455890 870455895      5
   68 870455905 870455915     10
   69 870455930 870455940     10
   70 870457500 870457560     60
   71 870457565 870457570      5
   72 870457585 870457590      5
   73 870457612 870457613      1
   74 870459000 870459060     60
   75 870465325 870465330      5
   76 870465352 870465358      6
   77 870469007 870469015      8
   78 870477342 870477348      6
   79 870477360 870477368      8
   80 870480572 870480578      6
   81 870500522 870500528      6
   82 870526425 870526430      5
   83 870529020 870529028      8
   84 870529057 870529063      6
   85 870553075 870553078      3
   86 870556845 870556850      5
   87 870556865 870556870      5
   88 870566347 870566353      6
   89 870571420 870571425      5
   90 870571432 870571443     11
   91 870571452 870571460      8
   92 870571482 870571488      6
   93 870571535 870571540      5
   94 870621087 870621093      6
   95 870623270 870623275      5
   96 870623322 870623343     21
