1	870019214 870024090
2	870030576 870031052
3	870034948 870035215
4	870035262 870038662
5	870040119 870041303
6	870041360 870048671
7	870048727 870058100
8	870060185 870060535
9	870064842 870067503
10	870067559 870067966
11	870069182 870071441
12	870072320 870082215
13	870082263 870093975
14	870094030 870103390
15	870106126 870114205
16	870114189 870122269
17	870123750 870133681
18	870133665 870143596
19	870143580 870153511
20	870153574 870161375
21	870161431 870171240
22	870171295 870177590
23	870178203 870186127
24	870186190 870198479
25	870198463 870210752
26	870212486 870214700
27	870216573 870228634
28	870228618 870240680
29	870240806 870247375
30	870247430 870254661
31	870254645 870261876
32	870263407 870273244
33	870274936 870282465
34	870282449 870289978
35	870290752 870292466
36	870306753 870310943
37	870311007 870322923
38	870322907 870334823
39	870334870 870342094
40	870343021 870353265
41	870353480 870358160
42	870358214 870369203
43	870369187 870380177
44	870380161 870391151
45	870391199 870403550
46	870404176 870405791
47	870405840 870419360
48	870419430 870428191
49	870428240 870436455
50	870436503 870443310
51	870443359 870453072
52	870454560 870461495
53	870461543 870467389
54	870469208 870472086
55	870472134 870479798
56	870479782 870487447
57	870487511 870501595
58	870501579 870515663
59	870515711 870524983
60	870525031 870526833
61	870527777 870530630
62	870530695 870534016
63	870549890 870553559
64	870556709 870559623
65	870563501 870568020
66	870568545 870568788
67	870569475 870571229
68	870571357 870578123
69	870580077 870583709
70	870583758 870596413
71	870596397 870609053
72	870609181 870615238
73	870615285 870623540
74	870623809 870624014
