5872  870016234  870021298   5064
5873  870021433  870024479   3046
5874  870036134  870037848   1714
5875  870037966  870041302   3336
5875  870041366  870045324   3958
5876  870049421  870058897   9476
5877  870074304  870075272    968
5877  870075274  870077154   1880
5878  870078480  870082213   3733
5878  870082261  870093982  11721
5878  870094030  870098012   3982
5878  870098014  870102583   4569
5879  870103192  870108976   5784
5880  870109344  870112611   3267
5881  870112771  870115913   3142
5882  870120842  870121961   1119
5883  870122068  870127338   5270
5884  870127558  870130869   3311
5884  870130871  870144718  13847
5885  870144795  870153510   8715
5885  870153574  870161373   7799
5885  870161438  870164446   3008
5886  870165221  870171239   6018
5886  870171301  870177990   6689
5886  870178054  870180186   2132
5887  870215291  870230378  15087
5888  870230594  870237004   6410
5889  870237136  870240678   3542
5889  870240805  870247373   6568
5889  870247429  870251649   4220
5890  870252957  870267475  14518
5890  870267477  870269722   2245
5891  870270969  870273671   2702
5892  870280861  870280862      1
5892  870280864  870280874     10
5892  870280876  870280879      3
5892  870280881  870280889      8
5892  870280894  870280897      3
5892  870280899  870280909     10
5892  870280912  870280921      9
5892  870280930  870280934      4
5893  870280976  870280978      2
5893  870280986  870280989      3
5893  870280992  870280993      1
5893  870281001  870281002      1
5894  870282723  870290407   7684
5895  870290690  870310942  20252
5895  870311006  870334822  23816
5895  870334869  870336569   1700
5895  870336572  870336591     19
5895  870336594  870336602      8
5896  870337620  870353042  15422
5897  870354589  870358158   3569
5897  870358213  870385261  27048
5898  870388537  870391150   2613
5898  870391199  870395883   4684
5899  870396388  870403322   6934
5900  870403945  870405789   1844
5900  870405838  870406624    786
5901  870407008  870419366  12358
5901  870419430  870421106   1676
5902  870422110  870428200   6090
5902  870428246  870435142   6896
5903  870437001  870440406   3405
5904  870444031  870445499   1468
5904  870445501  870445514     13
5905  870446838  870450451   3613
5906  870450544  870454666   4122
5906  870454668  870459011   4343
5907  870459092  870461493   2401
5907  870461541  870471618  10077
5908  870472007  870472086     79
5908  870472142  870483939  11797
5909  870488452  870508837  20385
5910  870510474  870515662   5188
5910  870515709  870524166   8457
5911  870524539  870524838    299
5912  870525030  870528385   3355
5913  870529371  870530639   1268
5913  870530694  870530718     24
5914  870530866  870530868      2
5915  870530875  870531734    859
5916  870532355  870533739   1384
5917  870544254  870544531    277
5918  870544957  870545902    945
5918  870545949  870547610   1661
5919  870548217  870555922   7705
5920  870556216  870562039   5823
5920  870562086  870563461   1375
5920  870563462  870571229   7767
5920  870571349  870583710  12361
5920  870583758  870593132   9374
5921  870597879  870609054  11175
5921  870609182  870609433    251
5922  870610775  870612979   2204
5923  870613257  870614300   1043
5924  870614385  870615239    854
5924  870615286  870615872    586
5925  870617307  870618402   1095
5926  870618440  870620099   1659
5927  870620161  870620312    151
5928  870620438  870621084    646
5929  870621128  870621765    637
5929  870621767  870621905    138
5929  870621907  870621934     27
5930  870622434  870623369    935
