    1 870019214 870024090   4876
    2 870030576 870031052    476
    3 870034948 870035215    267
    4 870035262 870038662   3400
    5 870040119 870041303   1184
    6 870041360 870048671   7311
    7 870048727 870058100   9373
    8 870060185 870060535    350
    9 870064842 870067503   2661
   10 870067559 870067966    407
   11 870069182 870071441   2259
   12 870072320 870082215   9895
   13 870082263 870093975  11712
   14 870094030 870103390   9360
   15 870106126 870114205   8079
   16 870114189 870119657   5468
   17 870119658 870122269   2611
   18 870123750 870133681   9931
   19 870133665 870137366   3701
   20 870137370 870137460     90
   21 870137520 870138298    778
   22 870138301 870138310      9
   23 870138313 870143596   5283
   24 870143580 870153511   9931
   25 870153574 870161375   7801
   26 870161431 870171240   9809
   27 870171295 870177590   6295
   28 870178203 870186127   7924
   29 870186190 870197880  11690
   30 870197940 870198479    539
   31 870198463 870210752  12289
   32 870212486 870214700   2214
   33 870216573 870228634  12061
   34 870228618 870240680  12062
   35 870240806 870247375   6569
   36 870247430 870254661   7231
   37 870254645 870261843   7198
   38 870261846 870261876     30
   39 870263407 870273244   9837
   40 870274936 870282465   7529
   41 870282449 870289978   7529
   42 870290752 870292466   1714
   43 870306753 870310943   4190
   44 870311007 870322923  11916
   45 870322907 870334823  11916
   46 870334870 870342094   7224
   47 870343021 870353265  10244
   48 870353480 870358160   4680
   49 870358214 870369203  10989
   50 870369187 870380177  10990
   51 870380161 870391151  10990
   52 870391199 870403550  12351
   53 870404176 870405791   1615
   54 870405840 870415500   9660
   55 870415560 870419360   3800
   56 870419430 870428191   8761
   57 870428240 870436455   8215
   58 870436503 870443310   6807
   59 870443359 870453072   9713
   60 870454560 870455146    586
   61 870455147 870456507   1360
   62 870456508 870461495   4987
   63 870461543 870467389   5846
   64 870469208 870472086   2878
   65 870472134 870474479   2345
   66 870474480 870479798   5318
   67 870479782 870487447   7665
   68 870487511 870501595  14084
   69 870501579 870515663  14084
   70 870515711 870524983   9272
   71 870525031 870526833   1802
   72 870527777 870530630   2853
   73 870530695 870534016   3321
   74 870549890 870553559   3669
   75 870556709 870559623   2914
   76 870563501 870568020   4519
   77 870568545 870568788    243
   78 870569475 870571229   1754
   79 870571357 870578123   6766
   80 870580077 870583709   3632
   81 870583758 870596413  12655
   82 870596397 870609053  12656
   83 870609181 870615238   6057
   84 870615285 870623540   8255
   85 870623809 870624014    205
