1	870019214 870023831
2	870030460 870030785
3	870031049 870031314
4	870031488 870031574
5	870031834 870033884
6	870034186 870035211
7	870035265 870038404
8	870040300 870041306
9	870041362 870046092
10	870046418 870048666
11	870048731 870052047
12	870052201 870058000
13	870058300 870058416
14	870058716 870059852
15	870065090 870067498
16	870067561 870067988
17	870068455 870071463
18	870071923 870082211
19	870082258 870085716
20	870085717 870093978
21	870094025 870103232
22	870103773 870105274
23	870105574 870110613
24	870110716 870122292
25	870122402 870122678
26	870122978 870123641
27	870123674 870132728
28	870132980 870143255
29	870143239 870153514
30	870153571 870161371
31	870161434 870171242
32	870171298 870177870
33	870178986 870186131
34	870186194 870198480
35	870198464 870210751
36	870212017 870214718
37	870214870 870215583
38	870215883 870228290
39	870228274 870240682
40	870240801 870247371
41	870247434 870254674
42	870254658 870261899
43	870262009 870262176
44	870262727 870272979
45	870275651 870289756
46	870290247 870292488
47	870292598 870292802
48	870293102 870293443
49	870293553 870293727
50	870294027 870294233
51	870294343 870295374
52	870295674 870296233
53	870296343 870296540
54	870297160 870297337
55	870297447 870297703
56	870298003 870298087
57	870298197 870299298
58	870299598 870299684
59	870300173 870301933
60	870302355 870303286
61	870303586 870303664
62	870304294 870304595
63	870304705 870305624
64	870305924 870310946
65	870311002 870322922
66	870322906 870334826
67	870334874 870341836
68	870343000 870350585
69	870350569 870358154
70	870358217 870369947
71	870369948 870372808
72	870372810 870381986
73	870381970 870391146
74	870391194 870391743
75	870391745 870394877
76	870394922 870403843
77	870404841 870405794
78	870405842 870419362
79	870419425 870428194
80	870428242 870436458
81	870436506 870443305
82	870443361 870452880
83	870453282 870453716
84	870454016 870461498
85	870461546 870467123
86	870468356 870468482
87	870468782 870472090
88	870472137 870481099
89	870481101 870487451
90	870487514 870501594
91	870501578 870515658
92	870515706 870521525
93	870521727 870524978
94	870525035 870526856
95	870527207 870530634
96	870530690 870534015
97	870549889 870557104
98	870557188 870558374
99	870558376 870559987
100	870560960 870561552
101	870562185 870562614
102	870562914 870568212
103	870569365 870571229
104	870571357 870578003
105	870578569 870579326
106	870579626 870583709
107	870583758 870596413
108	870596397 870609053
109	870609181 870615238
110	870615285 870623539
111	870623808 870624014
