1	870019214 870021298
2	870021433 870024479
3	870036134 870037848
4	870037966 870041302
5	870041366 870045324
6	870049421 870058897
7	870074304 870075272
8	870075274 870077154
9	870078480 870082213
10	870082261 870093982
11	870094030 870098012
12	870098014 870102583
13	870103192 870108976
14	870109344 870112611
15	870112771 870115913
16	870120842 870121961
17	870122068 870127338
18	870127558 870130869
19	870130871 870144718
20	870144795 870153510
21	870153574 870161373
22	870161438 870164446
23	870165221 870171239
24	870171301 870177990
25	870178054 870180186
26	870215291 870222842
27	870222826 870230378
28	870230594 870237004
29	870237136 870240678
30	870240805 870247373
31	870247429 870251649
32	870252957 870260224
33	870260208 870267475
34	870267477 870269722
35	870270969 870273671
36	870282723 870290407
37	870290690 870300824
38	870300808 870310942
39	870311006 870322922
40	870322906 870334822
41	870334869 870336569
42	870337620 870345339
43	870345323 870353042
44	870354589 870358158
45	870358213 870371745
46	870371729 870385261
47	870388537 870391150
48	870391199 870395883
49	870396388 870403322
50	870403945 870405789
51	870405838 870406624
52	870407008 870419366
53	870419430 870421106
54	870422110 870428200
55	870428246 870435142
56	870437001 870440406
57	870444031 870445499
58	870446838 870450451
59	870450544 870454666
60	870454668 870459011
61	870459092 870461493
62	870461541 870471618
63	870472007 870472086
64	870472142 870483939
65	870488452 870498652
66	870498636 870508837
67	870510474 870515662
68	870515709 870524166
69	870524539 870524838
70	870525030 870528385
71	870529371 870530639
72	870530875 870531734
73	870532355 870533739
74	870544254 870544531
75	870544957 870545902
76	870545949 870547610
77	870548217 870555922
78	870556216 870562039
79	870562086 870563461
80	870563462 870571229
81	870571349 870583710
82	870583758 870593132
83	870597879 870609054
84	870609182 870609433
85	870610775 870612979
86	870613257 870614300
87	870614385 870615239
88	870615286 870615872
89	870617307 870618402
90	870618440 870620099
91	870620161 870620312
92	870620438 870621084
93	870621128 870621765
94	870621767 870621905
95	870622434 870623369
