    1 870177827 870180932   3105
    2 870180933 870180975     42
    3 870183283 870191022   7739
    4 870191023 870194689   3666
    5 870194711 870194819    108
    6 870194831 870194875     44
    7 870211735 870211824     89
    8 870211825 870211841     16
    9 870211855 870211867     12
   10 870211886 870212069    183
   11 870212070 870212075      5
   12 870213775 870213789     14
   13 870213794 870213840     46
   14 870213891 870214029    138
   15 870214030 870214094     64
   16 870214105 870214140     35
   17 870214143 870214173     30
   18 870214176 870214199     23
   19 870214216 870214231     15
   20 870214235 870214257     22
   21 870214269 870214293     24
   22 870214329 870214478    149
   23 870214512 870214659    147
   24 870214664 870214676     12
   25 870214689 870214815    126
   26 870214824 870214845     21
   27 870214850 870214881     31
   28 870214899 870214922     23
   29 870214953 870215117    164
   30 870215129 870215160     31
   31 870215161 870215182     21
   32 870215193 870215427    234
   33 870215439 870215514     75
   34 870215534 870216041    507
   35 870216048 870216080     32
   36 870216092 870216156     64
   37 870216158 870216218     60
   38 870216230 870216473    243
   39 870216477 870217784   1307
   40 870217789 870218078    289
   41 870218080 870218435    355
   42 870218436 870218524     88
   43 870218538 870218599     61
   44 870218600 870218742    142
   45 870218747 870218922    175
   46 870218932 870219197    265
   47 870219205 870220283   1078
   48 870220285 870220305     20
   49 870220308 870220337     29
   50 870220380 870220395     15
   51 870220426 870220440     14
   52 870220453 870220468     15
   53 870220472 870220491     19
   54 870220560 870220607     47
   55 870220612 870220674     62
   56 870229875 870231490   1615
   57 870231502 870233573   2071
   58 870233574 870235258   1684
   59 870235260 870238608   3348
   60 870238609 870240151   1542
   61 870240152 870241373   1221
   62 870241375 870247329   5954
   63 870247330 870248292    962
   64 870248294 870252557   4263
   65 870252558 870253255    697
   66 870253256 870258436   5180
   67 870258438 870258461     23
   68 870258462 870260669   2207
   69 870260670 870262318   1648
   70 870262319 870263811   1492
   71 870263812 870264828   1016
   72 870264869 870264890     21
   73 870264910 870264921     11
   74 870267060 870267287    227
   75 870267292 870270031   2739
   76 870270035 870270920    885
   77 870270922 870270949     27
   78 870270953 870271081    128
   79 870271084 870271408    324
   80 870271412 870271524    112
   81 870271534 870271557     23
   82 870271560 870271629     69
   83 870271637 870271765    128
   84 870271766 870272700    934
   85 870272707 870273652    945
   86 870273656 870274412    756
   87 870274417 870274685    268
   88 870274686 870275192    506
   89 870275194 870277050   1856
   90 870277052 870277555    503
   91 870277556 870277569     13
   92 870277573 870279511   1938
   93 870279515 870281801   2286
   94 870281802 870281978    176
   95 870281987 870283928   1941
   96 870283929 870284040    111
   97 870284043 870285051   1008
   98 870285053 870305076  20023
   99 870305096 870309785   4689
  100 870309786 870309968    182
  101 870309972 870314896   4924
  102 870314897 870315096    199
  103 870315098 870317663   2565
  104 870317664 870318254    590
  105 870318255 870322345   4090
  106 870322348 870324035   1687
  107 870324036 870326749   2713
  108 870326753 870332990   6237
  109 870332991 870335017   2026
  110 870336085 870342765   6680
  111 870342766 870344865   2099
  112 870345395 870346039    644
  113 870346040 870346734    694
  114 870346735 870347121    386
  115 870347122 870351483   4361
  116 870351487 870353913   2426
  117 870353917 870355715   1798
  118 870355720 870356020    300
  119 870356022 870356148    126
  120 870356160 870356279    119
  121 870356282 870358635   2353
  122 870358639 870360894   2255
  123 870360904 870362673   1769
  124 870362675 870364340   1665
  125 870364342 870367321   2979
  126 870367323 870371890   4567
  127 870371891 870373253   1362
  128 870373256 870375747   2491
  129 870375748 870377745   1997
  130 870377746 870378403    657
  131 870380215 870381199    984
  132 870381203 870381246     43
  133 870381248 870381258     10
  134 870381263 870381522    259
  135 870381525 870382143    618
  136 870382151 870382190     39
  137 870382196 870382218     22
  138 870382270 870382379    109
  139 870382401 870382513    112
  140 870382517 870382578     61
  141 870382583 870382662     79
  142 870382664 870382788    124
  143 870382793 870382854     61
  144 870382858 870383138    280
  145 870383245 870383252      7
  146 870385305 870385459    154
  147 870385460 870385584    124
  148 870385591 870387565   1974
  149 870387569 870387729    160
  150 870387733 870387759     26
  151 870387769 870387807     38
  152 870387826 870388204    378
  153 870388239 870388258     19
  154 870388272 870388299     27
  155 870388354 870388377     23
  156 870388389 870388433     44
  157 870388456 870388486     30
  158 870388490 870388506     16
  159 870388520 870388832    312
  160 870388837 870388850     13
  161 870388864 870389091    227
  162 870389093 870389118     25
  163 870389131 870389543    412
  164 870389555 870389600     45
  165 870389607 870389634     27
  166 870389639 870390153    514
  167 870390157 870390981    824
  168 870390999 870391050     51
  169 870391070 870391189    119
  170 870391210 870391573    363
  171 870391574 870391601     27
  172 870391613 870391889    276
  173 870391892 870391930     38
  174 870391940 870392147    207
  175 870392159 870392178     19
  176 870392192 870392375    183
  177 870392381 870392811    430
  178 870392827 870392854     27
  179 870392859 870393088    229
  180 870393141 870393307    166
  181 870393311 870393337     26
  182 870393342 870393360     18
  183 870393380 870393390     10
  184 870393468 870393490     22
  185 870393501 870393525     24
  186 870393537 870393575     38
  187 870393615 870393811    196
  188 870393814 870393951    137
  189 870393960 870394021     61
  190 870394043 870394332    289
  191 870394363 870394414     51
  192 870394416 870394433     17
  193 870394464 870394695    231
  194 870394714 870395357    643
  195 870395360 870395412     52
  196 870395421 870395454     33
  197 870397093 870397107     14
  198 870397171 870397205     34
  199 870399385 870399929    544
  200 870399953 870400534    581
  201 870400535 870401399    864
  202 870401401 870405397   3996
  203 870405398 870406894   1496
  204 870406895 870407568    673
  205 870407570 870409422   1852
  206 870409423 870410073    650
  207 870410075 870412545   2470
  208 870412546 870422151   9605
  209 870422152 870422842    690
  210 870422844 870422901     57
  211 870422906 870423517    611
  212 870423518 870425803   2285
  213 870425806 870427930   2124
  214 870427931 870429093   1162
  215 870429097 870429731    634
  216 870429733 870430547    814
  217 870430550 870430915    365
  218 870430916 870431466    550
  219 870431469 870432949   1480
  220 870432959 870433100    141
  221 870433102 870437370   4268
  222 870437371 870438079    708
  223 870438080 870439773   1693
  224 870439778 870441383   1605
  225 870441387 870441501    114
  226 870441502 870441804    302
  227 870441808 870448273   6465
  228 870448274 870451660   3386
  229 870451661 870453322   1661
  230 870453324 870454753   1429
  231 870454755 870457013   2258
  232 870457014 870457370    356
  233 870457371 870458715   1344
  234 870458716 870462907   4191
  235 870462908 870465461   2553
  236 870465462 870465715    253
  237 870465716 870466817   1101
  238 870466819 870472691   5872
  239 870472692 870476299   3607
  240 870476300 870476301      1
  241 870476302 870476605    303
  242 870476606 870477526    920
  243 870477527 870479340   1813
  244 870479341 870479343      2
  245 870479345 870481998   2653
  246 870482000 870482207    207
  247 870482209 870482307     98
  248 870482308 870483009    701
  249 870483015 870483040     25
  250 870483059 870483146     87
  251 870483250 870483275     25
  252 870483331 870483341     10
  253 870486285 870486493    208
  254 870486494 870486935    441
  255 870486937 870487154    217
  256 870487155 870487967    812
  257 870487968 870489670   1702
  258 870489671 870490438    767
  259 870490439 870491876   1437
  260 870491877 870494186   2309
  261 870494188 870494935    747
  262 870494936 870495699    763
  263 870495700 870496881   1181
  264 870496882 870496944     62
  265 870496945 870497039     94
  266 870497040 870497516    476
  267 870497517 870497529     12
  268 870497530 870497568     38
  269 870497569 870498137    568
  270 870498138 870499833   1695
  271 870499835 870500032    197
  272 870500033 870500035      2
  273 870500037 870500313    276
  274 870500314 870504200   3886
  275 870504201 870504259     58
  276 870504260 870505497   1237
  277 870505498 870505567     69
  278 870505568 870505579     11
  279 870505580 870506749   1169
  280 870506750 870508076   1326
  281 870508077 870508080      3
  282 870508082 870508203    121
  283 870508205 870508216     11
  284 870508217 870508259     42
  285 870508260 870508547    287
  286 870508548 870509651   1103
  287 870509652 870514116   4464
  288 870514117 870514198     81
  289 870514199 870514948    749
  290 870514949 870515073    124
  291 870515074 870515348    274
  292 870515349 870515350      1
  293 870515351 870515524    173
  294 870515525 870515638    113
  295 870515639 870515769    130
  296 870515770 870516258    488
  297 870516260 870516394    134
  298 870516395 870518971   2576
  299 870518972 870519335    363
  300 870519337 870519572    235
  301 870519573 870519624     51
  302 870519625 870522754   3129
  303 870522755 870523672    917
  304 870523673 870525164   1491
  305 870525166 870527012   1846
  306 870527013 870527019      6
  307 870527020 870528270   1250
  308 870528272 870529662   1390
  309 870529663 870529949    286
  310 870529950 870529954      4
  311 870529956 870529961      5
  312 870529962 870530744    782
  313 870530745 870530848    103
  314 870530850 870530882     32
  315 870530883 870531065    182
  316 870531066 870531667    601
  317 870531669 870532889   1220
  318 870532892 870533757    865
  319 870533758 870534827   1069
  320 870534828 870535115    287
  321 870535116 870537366   2250
  322 870537367 870539794   2427
  323 870539795 870539926    131
  324 870539928 870540492    564
  325 870540493 870540534     41
  326 870540535 870543449   2914
  327 870543450 870549566   6116
  328 870549567 870552885   3318
  329 870552886 870553630    744
  330 870553631 870554546    915
  331 870554548 870559992   5444
  332 870559993 870560547    554
  333 870560548 870560622     74
  334 870560624 870560626      2
  335 870560627 870560667     40
  336 870560668 870564420   3752
  337 870564421 870565411    990
  338 870565412 870565698    286
  339 870565700 870567465   1765
  340 870567466 870570685   3219
  341 870570686 870570687      1
  342 870570688 870570785     97
  343 870570786 870577548   6762
  344 870577551 870577663    112
  345 870577665 870577799    134
  346 870577800 870577893     93
  347 870577894 870577916     22
  348 870577919 870578057    138
  349 870578058 870578300    242
  350 870578302 870578670    368
  351 870578671 870579285    614
  352 870579286 870580602   1316
  353 870580605 870580667     62
  354 870580670 870581026    356
  355 870581028 870581427    399
  356 870581428 870581667    239
  357 870581670 870582449    779
  358 870582451 870583070    619
  359 870583073 870583791    718
  360 870583792 870583885     93
  361 870583886 870583983     97
  362 870583986 870584240    254
  363 870584241 870584918    677
  364 870584920 870585321    401
  365 870585324 870585987    663
  366 870585988 870586096    108
  367 870586097 870586107     10
  368 870586110 870586168     58
  369 870586171 870586288    117
  370 870586291 870586390     99
  371 870586393 870586553    160
  372 870586556 870587241    685
  373 870587244 870587475    231
  374 870587478 870587577     99
  375 870587580 870588412    832
  376 870588415 870588447     32
  377 870588450 870588703    253
  378 870588705 870588848    143
  379 870588849 870589206    357
  380 870589207 870589515    308
  381 870589518 870589573     55
  382 870589575 870589805    230
  383 870613235 870613311     76
  384 870613318 870613635    317
  385 870613665 870613685     20
  386 870613687 870614257    570
  387 870614263 870614410    147
  388 870614420 870614949    529
  389 870614950 870614951      1
  390 870614952 870616017   1065
  391 870616020 870616056     36
  392 870616068 870616438    370
  393 870616449 870616562    113
  394 870616565 870616574      9
  395 870616575 870616590     15
  396 870616654 870616949    295
  397 870616955 870617203    248
  398 870617980 870618355    375
  399 870618356 870618593    237
  400 870618594 870618646     52
  401 870618649 870618682     33
  402 870618685 870618711     26
  403 870618714 870618786     72
  404 870618789 870618853     64
  405 870618856 870618890     34
  406 870618893 870618906     13
  407 870618908 870618949     41
  408 870618952 870618967     15
  409 870618969 870618971      2
  410 870618977 870619000     23
  411 870619003 870619018     15
  412 870619020 870619039     19
  413 870619042 870619072     30
  414 870619075 870619187    112
  415 870619190 870619204     14
  416 870619205 870619225     20
  417 870619228 870619406    178
  418 870619409 870619730    321
  419 870619731 870619801     70
  420 870619804 870619826     22
  421 870619829 870619968    139
  422 870619970 870619998     28
  423 870619999 870620196    197
  424 870620199 870620235     36
  425 870620238 870620256     18
  426 870620259 870620321     62
  427 870620324 870620335     11
  428 870620336 870620552    216
  429 870620553 870620826    273
  430 870620829 870620845     16
  431 870620847 870620862     15
  432 870620864 870621048    184
  433 870621052 870621095     43
  434 870621097 870621155     58
  435 870621156 870621215     59
  436 870621216 870621321    105
  437 870621324 870621394     70
  438 870621397 870621598    201
  439 870621601 870621836    235
  440 870621840 870622038    198
  441 870622046 870622118     72
  442 870622120 870622153     33
  443 870622159 870622170     11
  444 870622174 870622203     29
  445 870622211 870622241     30
  446 870622255 870622686    431
  447 870622687 870622709     22
  448 870622713 870622859    146
  449 870622868 870623514    646
  450 870623517 870623518      1
  451 870623521 870623846    325
  452 870623850 870625099   1249
  453 870625100 870625125     25
  454 870625126 870625129      3
  455 870625130 870625132      2
  456 870625133 870625169     36
  457 870625170 870625177      7
  458 870625179 870625195     16
  459 870625196 870625341    145
  460 870625345 870625429     84
  461 870625440 870626813   1373
  462 870626814 870628705   1891
