    1 870019214 870023831   4617
    2 870030576 870030785    209
    3 870031049 870031052      3
    4 870034948 870035211    263
    5 870035265 870038404   3139
    6 870040300 870041303   1003
    7 870041362 870046092   4730
    8 870046418 870048666   2248
    9 870048731 870052047   3316
   10 870052201 870058000   5799
   11 870065090 870067498   2408
   12 870067561 870067966    405
   13 870069182 870071441   2259
   14 870072320 870082211   9891
   15 870082263 870085716   3453
   16 870085717 870093975   8258
   17 870094030 870103232   9202
   18 870106126 870110613   4487
   19 870110716 870114205   3489
   20 870114189 870122269   8080
   21 870123750 870132728   8978
   22 870132980 870133681    701
   23 870133665 870143255   9590
   24 870143239 870143596    357
   25 870143580 870153511   9931
   26 870153574 870161371   7797
   27 870161434 870171240   9806
   28 870171298 870177590   6292
   29 870178986 870186127   7141
   30 870186194 870198479  12285
   31 870198463 870198480     17
   32 870198464 870210751  12287
   33 870212486 870214700   2214
   34 870216573 870228290  11717
   35 870228274 870228634    360
   36 870228618 870240680  12062
   37 870240806 870247371   6565
   38 870247434 870254661   7227
   39 870254645 870254674     29
   40 870254658 870261876   7218
   41 870263407 870272979   9572
   42 870275651 870282465   6814
   43 870282449 870289756   7307
   44 870290752 870292466   1714
   45 870306753 870310943   4190
   46 870311007 870322922  11915
   47 870322906 870322923     17
   48 870322907 870334823  11916
   49 870334874 870341836   6962
   50 870343021 870350585   7564
   51 870350569 870353265   2696
   52 870353480 870358154   4674
   53 870358217 870369203  10986
   54 870369187 870369947    760
   55 870369948 870372808   2860
   56 870372810 870380177   7367
   57 870380161 870381986   1825
   58 870381970 870391146   9176
   59 870391199 870391743    544
   60 870391745 870394877   3132
   61 870394922 870403550   8628
   62 870404841 870405791    950
   63 870405842 870419360  13518
   64 870419430 870428191   8761
   65 870428242 870436455   8213
   66 870436506 870443305   6799
   67 870443361 870452880   9519
   68 870454560 870461495   6935
   69 870461546 870467123   5577
   70 870469208 870472086   2878
   71 870472137 870479798   7661
   72 870479782 870481099   1317
   73 870481101 870487447   6346
   74 870487514 870501594  14080
   75 870501578 870501595     17
   76 870501579 870515658  14079
   77 870515711 870521525   5814
   78 870521727 870524978   3251
   79 870525035 870526833   1798
   80 870527777 870530630   2853
   81 870530695 870534015   3320
   82 870549890 870553559   3669
   83 870556709 870557104    395
   84 870557188 870558374   1186
   85 870558376 870559623   1247
   86 870563501 870568020   4519
   87 870569475 870571229   1754
   88 870571357 870578003   6646
   89 870580077 870583709   3632
   90 870583758 870596413  12655
   91 870596397 870596413     16
   92 870596397 870609053  12656
   93 870609181 870615238   6057
   94 870615285 870623539   8254
   95 870623809 870624014    205
