    1 931035615 931039825   4210
    2 931039850 931040119    269
    3 931040220 931044229   4009
    4 931047794 931052559   4765
    5 931055504 931056053    549
    6 931057536 931057974    438
    7 931059530 931061622   2092
    8 931063337 931063963    626
    9 931064013 931068919   4906
   10 931069020 931070202   1182
   11 931072128 931073902   1774
   12 931076198 931079680   3482
   13 931079705 931089945  10240
   14 931089970 931097719   7749
   15 931097820 931126519  28699
   16 931126620 931130712   4092
   17 931130737 931131452    715
   18 931131709 931133551   1842
   19 931133576 931144580  11004
   20 931144605 931155319  10714
   21 931155420 931160989   5569
   22 931161114 931184119  23005
   23 931184220 931212919  28699
   24 931213020 931232282  19262
   25 931232307 931237573   5266
   26 931237598 931241719   4121
   27 931241820 931251169   9349
   28 931251276 931266014  14738
   29 931269723 931270519    796
   30 931270620 931293420  22800
   31 931293445 931299319   5874
   32 931299420 931299644    224
   33 931299669 931328119  28450
   34 931328220 931356919  28699
   35 931357020 931363098   6078
   36 931363123 931385719  22596
   37 931385820 931394570   8750
   38 931394620 931409204  14584
   39 931409229 931413912   4683
   40 931413937 931414519    582
   41 931414620 931431088  16468
   42 931431138 931443319  12181
   43 931443420 931444110    690
   44 931444135 931457694  13559
   45 931457719 931460326   2607
   46 931460352 931464376   4024
   47 931464402 931472119   7717
   48 931472220 931482369  10149
   49 931482394 931490765   8371
   50 931490790 931494048   3258
   51 931494073 931500919   6846
   52 931501020 931529719  28699
   53 931529820 931536159   6339
   54 931536184 931558519  22335
   55 931558620 931575992  17372
   56 931576017 931584328   8311
   57 931603236 931616119  12883
   58 931616220 931617868   1648
   59 931618614 931618687     73
   60 931618704 931636466  17762
   61 931636492 931644919   8427
   62 931645020 931667825  22805
   63 931667850 931673719   5869
   64 931673820 931686512  12692
   65 931698810 931702519   3709
   66 931702620 931728818  26198
   67 931728863 931731319   2456
   68 931731420 931760119  28699
   69 931760220 931777398  17178
   70 931783387 931788919   5532
   71 931789020 931803121  14101
   72 931803146 931817719  14573
   73 931817820 931846519  28699
   74 931846620 931856204   9584
   75 931856236 931862428   6192
   76 931862460 931865307   2847
   77 931865340 931867216   1876
   78 931871250 931875319   4069
   79 931875420 931885361   9941
   80 931885386 931902932  17546
   81 931902977 931904119   1142
   82 931904220 931922332  18112
   83 931922357 931923530   1173
   84 931926002 931926649    647
   85 931928420 931928981    561
   86 931931090 931932870   1780
   87 931934828 931935150    322
   88 931939220 931961149  21929
   89 931961174 931961719    545
   90 931961820 931970655   8835
   91 931970700 931990519  19819
   92 931990620 931999382   8762
   93 931999407 932019319  19912
   94 932019420 932021242   1822
   95 932021287 932031403  10116
   96 932031448 932034958   3510
   97 932035003 932040985   5982
   98 932041010 932048119   7109
   99 932048220 932050323   2103
  100 932050348 932057106   6758
  101 932057132 932058598   1466
  102 932058623 932076919  18296
  103 932077020 932105719  28699
  104 932105820 932113687   7867
  105 932114226 932134519  20293
  106 932134620 932159546  24926
  107 932159572 932163319   3747
  108 932163420 932183017  19597
  109 932183062 932183125     63
  110 932210090 932220919  10829
  111 932221020 932228236   7216
  112 932228262 932249719  21457
  113 932249820 932265966  16146
  114 932265992 932278519  12527
  115 932278620 932307319  28699
  116 932307420 932316823   9403
  117 932316868 932318690   1822
  118 932320890 932334554  13664
  119 932334579 932336119   1540
  120 932336220 932349782  13562
  121 932349807 932364919  15112
  122 932365020 932369307   4287
  123 932403248 932422519  19271
  124 932422620 932428230   5610
  125 932428255 932451319  23064
  126 932451420 932458349   6929
  127 932458394 932458950    556
  128 932459044 932462041   2997
  129 932462066 932466679   4613
  130 932466704 932467219    515
  131 932467326 932472134   4808
  132 932476420 932479159   2739
  133 932479204 932480119    915
  134 932480220 932508919  28699
  135 932509020 932509505    485
  136 932509530 932524102  14572
  137 932524127 932528645   4518
  138 932528670 932537719   9049
  139 932537820 932548395  10575
  140 932550129 932553265   3136
  141 932553310 932554639   1329
  142 932556150 932558239   2089
  143 932564070 932564213    143
  144 932575031 932582270   7239
  145 932584152 932595319  11167
  146 932595420 932624119  28699
  147 932624220 932641061  16841
  148 932641086 932652919  11833
  149 932653020 932667552  14532
  150 932667577 932681719  14142
  151 932681820 932709387  27567
  152 932709412 932710519   1107
  153 932710620 932726110  15490
  154 932726199 932739319  13120
  155 932739420 932768119  28699
  156 932768220 932792535  24315
  157 932817630 932825719   8089
  158 932825820 932836814  10994
  159 932836859 932854519  17660
  160 932854620 932860339   5719
  161 932860384 932870032   9648
  162 932870057 932877317   7260
  163 932877342 932883319   5977
  164 932883420 932905582  22162
  165 932905627 932912119   6492
  166 932912220 932914180   1960
  167 932914205 932918026   3821
  168 932918052 932940919  22867
  169 932941020 932960591  19571
  170 932960636 932968022   7386
  171 932968047 932969483   1436
  172 932969508 932969719    211
  173 932969820 932998519  28699
  174 932998620 933010203  11583
  175 933010248 933023383  13135
  176 933023408 933027319   3911
  177 933027420 933042630  15210
  178 933044560 933044795    235
  179 933044820 933048497   3677
  180 933048522 933056119   7597
  181 933056220 933062430   6210
  182 933073045 933082785   9740
  183 933082810 933084919   2109
  184 933085020 933113719  28699
  185 933113820 933126620  12800
  186 933134867 933138515   3648
  187 933140140 933142519   2379
  188 933142620 933146793   4173
  189 933146818 933151930   5112
  190 933158652 933171319  12667
  191 933171420 933176866   5446
  192 933176892 933181209   4317
  193 933181254 933189567   8313
  194 933189592 933200119  10527
  195 933200220 933204602   4382
  196 933204647 933228919  24272
  197 933229020 933233572   4552
  198 933233597 933248224  14627
  199 933248269 933253609   5340
  200 933253634 933257719   4085
  201 933257820 933286519  28699
  202 933286620 933306569  19949
  203 933306594 933315319   8725
  204 933315420 933322685   7265
  205 933322710 933325109   2399
  206 933325134 933344119  18985
  207 933344220 933347908   3688
  208 933347933 933352025   4092
  209 933352050 933359937   7887
  210 933366819 933369219   2400
  211 933371002 933372919   1917
  212 933373020 933374209   1189
  213 933374234 933379705   5471
  214 933379750 933386835   7085
  215 933386860 933395133   8273
  216 933424334 933424764    430
  217 933424789 933430359   5570
  218 933431570 933456185  24615
  219 933456210 933459319   3109
  220 933459420 933475397  15977
  221 933475442 933488119  12677
  222 933488220 933489896   1676
  223 933489942 933513014  23072
  224 933513154 933514392   1238
  225 933514417 933516919   2502
  226 933517020 933545719  28699
  227 933545820 933546407    587
  228 933548139 933556638   8499
  229 933556663 933567466  10803
  230 933567492 933574519   7027
  231 933574620 933578283   3663
  232 933578308 933587175   8867
  233 933587200 933603319  16119
  234 933603420 933623346  19926
  235 933623372 933632119   8747
  236 933632220 933652763  20543
  237 933652788 933660919   8131
  238 933661020 933670914   9894
  239 933670959 933681910  10951
  240 933685663 933689719   4056
  241 933689820 933694516   4696
  242 933694560 933718519  23959
  243 933718620 933747319  28699
  244 933747420 933776119  28699
  245 933776220 933804919  28699
  246 933805020 933833719  28699
  247 933833820 933851952  18132
  248 933857685 933862519   4834
  249 933862620 933891319  28699
  250 933891420 933904945  13525
  251 933904970 933911433   6463
  252 933911483 933920119   8636
  253 933920220 933930438  10218
  254 933930463 933948919  18456
  255 933949020 933970078  21058
  256 933977990 933978185    195
  257 933979846 933986808   6962
  258 933986833 933998107  11274
  259 933998132 934002014   3882
  260 934025912 934034975   9063
  261 934035025 934035319    294
  262 934035420 934045248   9828
  263 934045273 934051115   5842
  264 934051140 934064119  12979
  265 934064220 934068160   3940
  266 934068210 934083669  15459
  267 934083694 934092919   9225
  268 934093020 934098107   5087
  269 934111225 934119040   7815
  270 934133634 934140596   6962
  271 934140622 934150519   9897
  272 934150620 934151082    462
  273 934151132 934171767  20635
  274 934171792 934176265   4473
  275 934176290 934179319   3029
  276 934179420 934181443   2023
  277 934181482 934206469  24987
  278 934206494 934208119   1625
  279 934208220 934213813   5593
  280 934213838 934231273  17435
  281 934231298 934236919   5621
  282 934237020 934250115  13095
  283 934250140 934250538    398
  284 934250570 934265719  15149
  285 934265820 934286580  20760
  286 934288778 934294519   5741
  287 934294620 934309983  15363
  288 934310033 934323319  13286
  289 934323420 934331837   8417
  290 934331862 934348169  16307
  291 934348194 934352119   3925
  292 934352220 934369403  17183
  293 934369453 934380919  11466
  294 934381020 934392624  11604
  295 934392649 934409719  17070
  296 934409820 934418923   9103
  297 934418948 934438519  19571
  298 934438620 934441204   2584
  299 934441229 934455671  14442
  300 934455696 934467319  11623
  301 934467420 934470019   2599
  302 934470044 934486191  16147
  303 934486242 934494679   8437
  304 934494704 934496119   1415
  305 934496220 934505601   9381
  306 934509469 934524919  15450
  307 934525020 934531493   6473
  308 934532514 934533685   1171
  309 934541702 934553303  11601
  310 934553328 934553719    391
  311 934553820 934560692   6872
  312 934560717 934562170   1453
  313 934564062 934565690   1628
  314 934566474 934582519  16045
  315 934582620 934599960  17340
  316 934600010 934603230   3220
  317 934625960 934632284   6324
  318 934632312 934640119   7807
  319 934640220 934649987   9767
  320 934650012 934655128   5116
  321 934657746 934668919  11173
  322 934669020 934675080   6060
  323 934675130 934697719  22589
  324 934697820 934726519  28699
  325 934726620 934731537   4917
  326 934731587 934752211  20624
  327 934752236 934755319   3083
  328 934755420 934761341   5921
  329 934761366 934775246  13880
  330 934775272 934779890   4618
  331 934779915 934784119   4204
  332 934784220 934786388   2168
  333 934788200 934794030   5830
  334 934794626 934799496   4870
  335 934799522 934812919  13397
  336 934813020 934834762  21742
  337 934834787 934839212   4425
  338 934841000 934841719    719
  339 934841820 934861692  19872
  340 934861717 934870519   8802
  341 934870620 934881173  10553
  342 934881198 934891228  10030
  343 934894526 934899319   4793
  344 934899420 934913183  13763
  345 934913233 934923891  10658
  346 934923916 934928119   4203
  347 934928220 934945882  17662
  348 934945932 934956919  10987
  349 934957020 934962008   4988
  350 934962033 934981027  18994
  351 934981077 934985719   4642
  352 934985820 935005747  19927
  353 935005772 935014519   8747
  354 935014620 935015464    844
  355 935015514 935041016  25502
  356 935041042 935043319   2277
  357 935043420 935059629  16209
  358 935059654 935072119  12465
  359 935072220 935079800   7580
  360 935079825 935090686  10861
  361 935090712 935100919  10207
  362 935101020 935129719  28699
  363 935129820 935137761   7941
  364 935137812 935143355   5543
  365 935143380 935151208   7828
  366 935151233 935158519   7286
  367 935158620 935169937  11317
  368 935169962 935187319  17357
  369 935187420 935205337  17917
  370 935205362 935211630   6268
  371 935235670 935238687   3017
  372 935241423 935244919   3496
  373 935245020 935262607  17587
  374 935262632 935266961   4329
  375 935266986 935271845   4859
  376 935271895 935273719   1824
  377 935273820 935302519  28699
  378 935302620 935308044   5424
  379 935324177 935331319   7142
  380 935331420 935340559   9139
  381 935340584 935360119  19535
  382 935360220 935368834   8614
  383 935368859 935388919  20060
  384 935389020 935391667   2647
  385 935425844 935461692  35848
  386 935463519 935496499  32980
  387 935500240 935501799   1559
  388 935506605 935531038  24433
  389 935531088 935532919   1831
  390 935533020 935534972   1952
  391 935534997 935546504  11507
  392 935546529 935552646   6117
  393 935552672 935561719   9047
  394 935561820 935576665  14845
  395 935576690 935590519  13829
  396 935590620 935601018  10398
  397 935601043 935617717  16674
  398 935617742 935619319   1577
  399 935619420 935634507  15087
  400 935634557 935648119  13562
  401 935648220 935670520  22300
  402 935670545 935676919   6374
  403 935677020 935705719  28699
  404 935705820 935715455   9635
  405 935715480 935730947  15467
  406 935730997 935734519   3522
  407 935734620 935759560  24940
  408 935759993 935763319   3326
  409 935763420 935781375  17955
  410 935781423 935792211  10788
  411 935792217 935792310     93
  412 935792334 935797471   5137
  413 935797494 935802138   4644
  414 935802162 935811917   9755
  415 935840640 935843489   2849
  416 935843537 935848259   4722
  417 935848283 935854107   5824
  418 935856392 935873408  17016
  419 935873431 935884804  11373
  420 935884816 935911579  26763
  421 935911627 935913611   1984
  422 935913616 935914988   1372
  423 935921380 935928247   6867
  424 935928270 935942411  14141
  425 935942416 935954574  12158
  426 935954598 935971211  16613
  427 935971217 935978295   7078
  428 935978318 935999809  21491
  429 935999880 936000011    131
  430 936000017 936003575   3558
  431 936003623 936006075   2452
  432 936006270 936015619   9349
  433 936015642 936019929   4287
  434 936021306 936021509    203
  435 936021532 936028802   7270
  436 936028817 936037877   9060
  437 936037902 936057609  19707
  438 936057617 936067870  10253
  439 936067893 936086386  18493
  440 936086416 936086849    433
  441 936086872 936096039   9167
  442 936116090 936144013  27923
  443 936144017 936150547   6530
  444 936150570 936156262   5692
  445 936156285 936169032  12747
  446 936169180 936172811   3631
  447 936172816 936175167   2351
  448 936175190 936201599  26409
  449 936201617 936205893   4276
  450 936205916 936230413  24497
  451 936230417 936240288   9871
  452 936240311 936259188  18877
  453 936259216 936264103   4887
  454 936264151 936280646  16495
  455 936280670 936288011   7341
  456 936288016 936309238  21222
  457 936311373 936316810   5437
  458 936316816 936345609  28793
  459 936345617 936374396  28779
  460 936374417 936403212  28795
  461 936403217 936421230  18013
  462 936452085 936460809   8724
  463 936460817 936489611  28794
  464 936489617 936518411  28794
  465 936518416 936520226   1810
  466 936529516 936539564  10048
  467 936539703 936547212   7509
  468 936547217 936576010  28793
  469 936576017 936601668  25651
  470 936621283 936625999   4716
  471 936626134 936633608   7474
  472 936633616 936662401  28785
  473 936662417 936687634  25217
  474 936691227 936705930  14703
  475 936709690 936719990  10300
  476 936720016 936731741  11725
  477 936739100 936748809   9709
  478 936748817 936777609  28792
  479 936777617 936806413  28796
  480 936806417 936835212  28795
  481 936835216 936864011  28795
  482 936864017 936892798  28781
  483 936892817 936895074   2257
  484 936980904 936993904  13000
  485 936995728 937008011  12283
  486 937008017 937021214  13197
  487 937047988 937054384   6396
  488 937066476 937094411  27935
  489 937094417 937110290  15873
  490 937115199 937123212   8013
  491 937123217 937129579   6362
  492 937132037 937142810  10773
  493 937151049 937152012    963
  494 937152017 937180808  28791
  495 937180817 937209604  28787
  496 937209616 937210077    461
  497 937216625 937219064   2439
  498 937220114 937230084   9970
  499 937239994 937244650   4656
  500 937265694 937265833    139
  501 937270696 937270792     96
  502 937284643 937284788    145
  503 937297520 937297612     92
  504 937308270 937310429   2159
  505 937313978 937322411   8433
  506 937327599 937338030  10431
  507 937341916 937341981     65
  508 937347048 937353608   6560
  509 937353617 937364220  10603
  510 937379850 937382408   2558
  511 937382417 937389519   7102
  512 937389599 937411212  21613
  513 937411217 937440012  28795
  514 937440017 937453877  13860
  515 937460877 937468810   7933
  516 937468817 937497611  28794
  517 937497617 937520213  22596
  518 937528367 937553984  25617
  519 937554040 937555195   1155
  520 937555217 937559063   3846
  521 937563480 937570833   7353
  522 937573656 937584012  10356
  523 937584017 937612810  28793
  524 937612817 937626012  13195
  525 937656143 937659458   3315
  526 937659486 937660581   1095
  527 937660682 937664887   4205
  528 937665771 937666495    724
  529 937668547 937670412   1865
  530 937670417 937699211  28794
  531 937699217 937728012  28795
  532 937728017 937728843    826
  533 937731193 937731939    746
  534 937737574 937756808  19234
  535 937756816 937785605  28789
  536 937785617 937812257  26640
  537 937826961 937833954   6993
  538 937852940 937853241    301
  539 937858710 937872013  13303
  540 937872017 937900812  28795
  541 937900817 937903694   2877
  542 937927897 937929607   1710
  543 937929617 937930292    675
  544 937931182 937938737   7555
  545 937942359 937958412  16053
  546 937958417 937962725   4308
  547 937965351 937987182  21831
  548 937987216 938016012  28796
  549 938016017 938025463   9446
  550 938027149 938044810  17661
  551 938044817 938053623   8806
  552 938053780 938071880  18100
  553 938075756 938082305   6549
  554 938085013 938102412  17399
  555 938102417 938104263   1846
  556 938106575 938128068  21493
  557 938128749 938131212   2463
  558 938131216 938132650   1434
  559 938137891 938153703  15812
  560 938154023 938159974   5951
  561 938160017 938167268   7251
  562 938167381 938168409   1028
  563 938168693 938171847   3154
  564 938171912 938188812  16900
  565 938188817 938217608  28791
  566 938217617 938217929    312
  567 938220754 938235618  14864
  568 938255836 938269085  13249
  569 938275217 938279771   4554
  570 938296927 938304013   7086
  571 938304017 938332813  28796
  572 938332817 938341768   8951
  573 938354840 938361605   6765
  574 938361616 938390399  28783
  575 938390417 938419210  28793
  576 938419217 938438351  19134
  577 938448604 938476799  28195
  578 938476817 938484702   7885
  579 938489208 938505587  16379
  580 938505617 938514236   8619
  581 938514813 938525466  10653
  582 938533880 938534412    532
  583 938534417 938544349   9932
  584 938544773 938563196  18423
  585 938563217 938592012  28795
  586 938592017 938620812  28795
  587 938620817 938649611  28794
  588 938649616 938678412  28796
  589 938678417 938707210  28793
  590 938707217 938736012  28795
  591 938736017 938761402  25385
  592 939058635 939064441   5806
  593 939064647 939081612  16965
  594 939081617 939087015   5398
  595 939239228 939254412  15184
  596 939254417 939283211  28794
  597 939283216 939311997  28781
  598 939312016 939316876   4860
  599 939316922 939321656   4734
  600 939321822 939322965   1143
  601 939322990 939326891   3901
  602 939326909 939340806  13897
  603 939340816 939369606  28790
  604 939369617 939372788   3171
  605 939372927 939382486   9559
  606 939395634 939398409   2775
  607 939398417 939427210  28793
  608 939427216 939440415  13199
  609 939445965 939449479   3514
  610 939480575 939481146    571
  611 939481216 939482817   1601
  612 939485926 939504263  18337
  613 939508309 939510969   2660
  614 939512819 939513613    794
  615 939513617 939538583  24966
  616 939540942 939542396   1454
  617 939542416 939546414   3998
  618 939546550 939571210  24660
  619 939571217 939600012  28795
  620 939600017 939622279  22262
  621 939624700 939626575   1875
  622 939626639 939628810   2171
  623 939628817 939636923   8106
  624 939640360 939642378   2018
  625 939746748 939772810  26062
  626 939772817 939801599  28782
  627 939801616 939830411  28795
  628 939830417 939859211  28794
  629 939859217 939888012  28795
  630 939888017 939916812  28795
  631 939916817 939917165    348
  632 939924325 939945612  21287
  633 939945617 939974410  28793
  634 939974417 939982173   7756
  635 939983962 939989823   5861
  636 939989938 940003207  13269
  637 940003217 940032012  28795
  638 940032017 940042979  10962
  639 940044920 940050032   5112
  640 940072937 940076257   3320
  641 940076295 940082530   6235
  642 940085577 940086606   1029
  643 940086843 940089606   2763
  644 940089617 940118411  28794
  645 940118416 940122487   4071
  646 940122525 940134669  12144
  647 940134672 940140122   5450
  648 940140170 940144736   4566
  649 940144739 940147212   2473
  650 940147217 940151329   4112
  651 940151332 940157972   6640
  652 940157975 940165655   7680
  653 940165659 940175999  10340
  654 940176016 940178911   2895
  655 940178915 940185743   6828
  656 940187395 940187511    116
  657 940187514 940204812  17298
  658 940204817 940205807    990
  659 940207929 940216672   8743
  660 940218488 940233611  15123
  661 940233617 940239829   6212
  662 940239832 940243834   4002
  663 940243837 940249162   5325
  664 940249166 940252283   3117
  665 940255363 940255525    162
  666 940255528 940262411   6883
  667 940262417 940276877  14460
  668 940278639 940291212  12573
  669 940291216 940297628   6412
  670 940299487 940302970   3483
  671 940302973 940314804  11831
  672 940314808 940320012   5204
  673 940320017 940329957   9940
  674 940329960 940332495   2535
  675 940342854 940348812   5958
  676 940348817 940362460  13643
  677 940362463 940368150   5687
  678 940368154 940371789   3635
  679 940371792 940377601   5809
  680 940377617 940401554  23937
  681 940401558 940406396   4838
  682 940406417 940412609   6192
  683 940412613 940435209  22596
  684 940435216 940440167   4951
  685 940440215 940456130  15915
  686 940456134 940464013   7879
  687 940464017 940466155   2138
  688 940466158 940487160  21002
  689 940487163 940492810   5647
  690 940492817 940506813  13996
  691 940506816 940521599  14783
  692 940521617 940529414   7797
  693 940529417 940548122  18705
  694 940551879 940568541  16662
  695 940568544 940579203  10659
  696 940579217 940594834  15617
  697 940594882 940608012  13130
  698 940608016 940624350  16334
  699 940624353 940636801  12448
  700 940636816 940642154   5338
  701 940642158 940649523   7365
  702 940651254 940653635   2381
  703 940678314 940678857    543
  704 940679082 940694411  15329
  705 940694417 940694819    402
  706 940694903 940711474  16571
  707 940711477 940721067   9590
  708 940721070 940723207   2137
  709 940723217 940732947   9730
  710 940735262 940736694   1432
  711 940738352 940751894  13542
  712 940751936 940752000     64
  713 940752016 940760498   8482
  714 940760501 940765703   5202
  715 940765751 940772713   6962
  716 940772717 940780812   8095
  717 940780817 940788315   7498
  718 940792566 940799566   7000
  719 940799569 940801033   1464
  720 940802718 940806619   3901
  721 940806623 940809607   2984
  722 940809617 940813010   3393
  723 940813058 940817762   4704
  724 940817766 940832582  14816
  725 940832585 940838411   5826
  726 940838417 940840623   2206
  727 940840626 940844931   4305
  728 940844979 940861976  16997
  729 940861979 940866817   4838
  730 940870169 940870449    280
  731 940870452 940877735   7283
  732 940877738 940896012  18274
  733 940896016 940918623  22607
  734 940922352 940924306   1954
  735 940931578 940947005  15427
  736 940951087 940953611   2524
  737 940953617 940959832   6215
  738 940959880 940966212   6332
  739 940966796 940980081  13285
  740 940980084 940982411   2327
  741 940982417 940989852   7435
  742 940989855 941003271  13416
  743 941003274 941011212   7938
  744 941011217 941024216  12999
  745 941024220 941040010  15790
  746 941040016 941048571   8555
  747 941048574 941062033  13459
  748 941062081 941068773   6692
  749 941068817 941072219   3402
  750 941072222 941077225   5003
  751 941077228 941081598   4370
  752 941081875 941086340   4465
  753 941086343 941097599  11256
  754 941097617 941098795   1178
  755 941098843 941103933   5090
  756 941103936 941107701   3765
  757 941107705 941113492   5787
  758 941113495 941122596   9101
  759 941124922 941126408   1486
  760 941126417 941149702  23285
  761 941150317 941155171   4854
  762 941155217 941168926  13709
  763 941168930 941175539   6609
  764 941175543 941184005   8462
  765 941184017 941189919   5902
  766 941192690 941208715  16025
  767 941210307 941211490   1183
  768 941211494 941212807   1313
  769 941212817 941215590   2773
  770 941215593 941219199   3606
  771 941221470 941221829    359
  772 941228370 941229005    635
  773 941230800 941233409   2609
  774 941235105 941241267   6162
  775 941241270 941241543    273
  776 941243137 941247361   4224
  777 941247364 941258230  10866
  778 941258233 941261372   3139
  779 941286820 941289210   2390
  780 941289591 941292788   3197
  781 941300495 941304680   4185
  782 941304960 941311872   6912
  783 941311875 941327971  16096
  784 941328017 941329565   1548
  785 941329568 941344109  14541
  786 941344112 941348439   4327
  787 941363906 941366535   2629
  788 941366538 941370474   3936
  789 941382006 941382974    968
  790 941388105 941389111   1006
  791 941389114 941389780    666
  792 941394001 941394407    406
  793 941394411 941403157   8746
  794 941403160 941414365  11205
  795 941414417 941426355  11938
  796 941426403 941443206  16803
  797 941443217 941443498    281
  798 941443501 941449579   6078
  799 941449582 941458459   8877
  800 941458462 941462800   4338
  801 941466047 941468626   2579
  802 941468629 941472012   3383
  803 941472017 941483925  11908
  804 941483928 941500774  16846
  805 941500816 941507816   7000
  806 941507819 941517416   9597
  807 941517464 941529605  12141
  808 941529617 941541145  11528
  809 941541148 941547583   6435
  810 941551420 941558409   6989
  811 941558417 941566958   8541
  812 941567006 941587168  20162
  813 941587217 941600883  13666
  814 941600930 941616000  15070
  815 941616016 941618937   2921
  816 941618940 941640408  21468
  817 941640456 941644808   4352
  818 941644817 941673562  28745
  819 941673617 941673928    311
  820 941673975 941682383   8408
  821 941682386 941686978   4592
  822 941686981 941697826  10845
  823 941697829 941702409   4580
  824 941702417 941713956  11539
  825 941713996 941719252   5256
  826 941725604 941726947   1343
  827 941730500 941730639    139
  828 941735084 941735125     41
  829 941735128 941741274   6146
  830 941741278 941759980  18702
  831 941760017 941760136    119
  832 941760140 941767092   6952
  833 941767096 941774595   7499
  834 941774599 941788089  13490
  835 941790616 941799852   9236
  836 941802824 941808208   5384
  837 941808262 941808842    580
  838 941808845 941816228   7383
  839 941816231 941817611   1380
  840 941817617 941822208   4591
  841 941822211 941826117   3906
  842 941826120 941833875   7755
  843 941833878 941846368  12490
  844 941846417 941849982   3565
  845 941849985 941863217  13232
  846 941900600 941901212    612
  847 941901849 941904012   2163
  848 941904017 941911399   7382
  849 941911402 941915563   4161
  850 941915566 941925429   9863
  851 941925432 941932767   7335
  852 941932816 941937779   4963
  853 941937782 941949036  11254
  854 941949084 941961590  12506
  855 941961593 941961608     15
  856 941961617 941961782    165
  857 941961803 941970578   8775
  858 941970581 941986951  16370
  859 941986954 941990411   3457
  860 941990417 941996102   5685
  861 941996150 942003539   7389
  862 942003543 942009681   6138
  863 942009684 942019169   9485
  864 942019216 942019489    273
  865 942019492 942027261   7769
  866 942027264 942034930   7666
  867 942034978 942038794   3816
  868 942038797 942048001   9204
  869 942048016 942050196   2180
  870 942050199 942061673  11474
  871 942061778 942066692   4914
  872 942066695 942070641   3946
  873 942070689 942076801   6112
  874 942076817 942077527    710
  875 942077531 942084330   6799
  876 942084334 942089545   5211
  877 942089549 942100091  10542
  878 942100094 942105575   5481
  879 942105617 942107644   2027
  880 942107647 942129860  22213
  881 942129864 942134390   4526
  882 942134417 942140038   5621
  883 942140086 942141400   1314
  884 942143141 942144928   1787
  885 942144931 942152630   7699
  886 942159547 942163210   3663
  887 942163217 942166806   3589
  888 942166809 942171550   4741
  889 942171553 942179310   7757
  890 942179314 942187286   7972
  891 942187334 942191976   4642
  892 942192017 942202309  10292
  893 942202312 942220806  18494
  894 942220817 942244091  23274
  895 942244094 942249596   5502
  896 942249616 942260577  10961
  897 942260581 942274997  14416
  898 942275001 942278376   3375
  899 942278416 942289411  10995
  900 942289459 942307180  17721
  901 942307217 942315872   8655
  902 942315875 942325260   9385
  903 942325263 942336010  10747
  904 942336016 942347853  11837
  905 942347857 942358365  10508
  906 942358368 942364772   6404
  907 942364816 942372664   7848
  908 942372667 942389459  16792
  909 942389507 942390274    767
  910 942700190 942700306    116
  911 942700370 942700419     49
  912 942700616 942702690   2074
  913 942702693 942710369   7676
  914 942710417 942711947   1530
  915 942711950 942739208  27258
  916 942739217 942750958  11741
  917 942751006 942757864   6858
  918 942762490 942768009   5519
  919 942768017 942769076   1059
  920 942773268 942790434  17166
  921 942790482 942796778   6296
  922 942796816 942809517  12701
  923 942809520 942825585  16065
  924 942825617 942826524    907
  925 942826527 942830656   4129
  926 942830660 942847589  16929
  927 942847592 942853780   6188
  928 942853783 942854404    621
  929 942854416 942864533  10117
  930 942864536 942870722   6186
  931 942870725 942883161  12436
  932 942883217 942886275   3058
  933 942886279 942905106  18827
  934 942905109 942910747   5638
  935 942910750 942911997   1247
  936 942912017 942926970  14953
  937 942927017 942935634   8617
  938 942935638 942940811   5173
  939 942940817 942954685  13868
  940 942954688 942968915  14227
  941 942968963 942969575    612
  942 942969617 942980407  10790
  943 942980410 942987406   6996
  944 942987409 942991950   4541
  945 942991954 942997075   5121
  946 942997078 942998400   1322
  947 942998416 942998905    489
  948 943026923 943027211    288
  949 943027216 943035824   8608
  950 943035827 943044858   9031
  951 943044862 943053665   8803
  952 943053668 943055973   2305
  953 943056017 943063245   7228
  954 943063292 943069515   6223
  955 943069518 943072825   3307
  956 943098870 943099602    732
  957 943100794 943103324   2530
  958 943104508 943108045   3537
  959 943110000 943113608   3608
  960 943113617 943122728   9111
  961 943122732 943125214   2482
  962 943125298 943133579   8281
  963 943133582 943140739   7157
  964 943140787 943142379   1592
  965 943142417 943151145   8728
  966 943151148 943171202  20054
  967 943171216 943192910  21694
  968 943192958 943200008   7050
  969 943200017 943201664   1647
  970 943201667 943228780  27113
  971 943228817 943236700   7883
  972 943236703 943242510   5807
  973 943242513 943248460   5947
  974 943248463 943257596   9133
  975 943257617 943260001   2384
  976 943264597 943268110   3513
  977 943268114 943271758   3644
  978 943271761 943279248   7487
  979 943279252 943281894   2642
  980 943290622 943300769  10147
  981 943300773 943315173  14400
  982 943315217 943317560   2343
  983 943317608 943324248   6640
  984 943324251 943334023   9772
  985 943334026 943343994   9968
  986 943344016 943361745  17729
  987 943366730 943370049   3319
  988 943371463 943372811   1348
  989 943372817 943376876   4059
  990 943376879 943394860  17981
  991 943394864 943401572   6708
  992 943401616 943419211  17595
  993 943419259 943424499   5240
  994 943424502 943430402   5900
  995 943430417 943448218  17801
  996 943448221 943459210  10989
  997 943459216 943469233  10017
  998 943469280 943487967  18687
  999 943488017 943490246   2229
 1000 943490250 943496574   6324
 1001 943496577 943510164  13587
 1002 943510167 943516365   6198
 1003 943516368 943516788    420
 1004 943516816 943526356   9540
 1005 943526360 943544339  17979
 1006 943544386 943545607   1221
 1007 943545617 943574372  28755
 1008 943574417 943578149   3732
 1009 943578152 943582328   4176
 1010 943584620 943602340  17720
 1011 943602344 943603209    865
 1012 943603217 943607132   3915
 1013 943618352 943632012  13660
 1014 943632016 943632984    968
 1015 943634536 943635880   1344
 1016 943635928 943639817   3889
 1017 943642305 943645620   3315
 1018 943646997 943648600   1603
 1019 943650198 943651151    953
 1020 943651155 943652188   1033
 1021 943653760 943660763   7003
 1022 943660816 943677685  16869
 1023 943678818 943682415   3597
 1024 943736827 943747165  10338
 1025 943747217 943775999  28782
 1026 943776016 943798215  22199
 1027 943799292 943804798   5506
 1028 943804817 943833571  28754
 1029 943833616 943862400  28784
 1030 943862417 943886184  23767
 1031 943887114 943888878   1764
 1032 943890923 943891208    285
 1033 943891217 943919975  28758
 1034 943920016 943922598   2582
 1035 943922602 943948806  26204
 1036 943948816 943954415   5599
 1037 943954503 943966909  12406
 1038 943970714 943977594   6880
 1039 943977616 943992690  15074
 1040 944001625 944002147    522
 1041 944003997 944004016     19
 1042 944005539 944005608     69
 1043 944008486 944008978    492
 1044 944008982 944010714   1732
 1045 944020018 944020112     94
 1046 944049502 944064012  14510
 1047 944064017 944092769  28752
 1048 944092817 944094881   2064
 1049 944094885 944121601  26716
 1050 944121616 944150407  28791
 1051 944150416 944179172  28756
 1052 944179217 944179368    151
 1053 944179434 944182041   2607
 1054 944182996 944207996  25000
 1055 944208016 944226014  17998
 1056 944231784 944232545    761
 1057 944232548 944236809   4261
 1058 944236817 944245395   8578
 1059 944249352 944253545   4193
 1060 944253548 944263650  10102
 1061 944263654 944265576   1922
 1062 944265616 944270747   5131
 1063 944270750 944276259   5509
 1064 944276262 944286137   9875
 1065 944286140 944294383   8243
 1066 944294416 944306661  12245
 1067 944306665 944307506    841
 1068 944308007 944320881  12874
 1069 944320884 944323212   2328
 1070 944323217 944328885   5668
 1071 944328889 944340057  11168
 1072 944340060 944344596   4536
 1073 944344600 944349558   4958
 1074 944349561 944351970   2409
 1075 944352017 944356040   4023
 1076 944356043 944363510   7467
 1077 944363513 944367225   3712
 1078 944367228 944368816   1588
 1079 944411023 944414078   3055
 1080 944414081 944423462   9381
 1081 944423465 944431795   8330
 1082 944431799 944438369   6570
 1083 944438417 944446747   8330
 1084 944446751 944453642   6891
 1085 944453645 944467209  13564
 1086 944467217 944472093   4876
 1087 944472096 944483890  11794
 1088 944483893 944492054   8161
 1089 944492057 944492556    499
 1090 944492627 944495996   3369
 1091 944496017 944496550    533
 1092 944496553 944507971  11418
 1093 944507974 944524779  16805
 1094 944524817 944533934   9117
 1095 944533937 944539229   5292
 1096 944539232 944544878   5646
 1097 944544881 944553604   8723
 1098 944553616 944554182    566
 1099 944590276 944628128  37852
 1100 944629322 944649093  19771
 1101 944649096 944651996   2900
 1102 944651999 944655451   3452
 1103 944655455 944657304   1849
 1104 944657307 944659546   2239
 1105 944659549 944661015   1466
 1106 944661018 944663797   2779
 1107 944663800 944665720   1920
 1108 944665723 944667345   1622
 1109 944667349 944668812   1463
 1110 944668817 944669169    352
 1111 944669172 944671198   2026
 1112 944671201 944672775   1574
 1113 944672778 944675454   2676
 1114 944675457 944677871   2414
 1115 944677874 944679481   1607
 1116 944679484 944681343   1859
 1117 944681346 944684608   3262
 1118 944684612 944685946   1334
 1119 944685949 944688530   2581
 1120 944688533 944691943   3410
 1121 944691946 944696054   4108
 1122 944696102 944697561   1459
 1123 944697564 944697575     11
 1124 944697616 944700093   2477
 1125 944700096 944701525   1429
 1126 944701528 944702868   1340
 1127 944702871 944705363   2492
 1128 944705366 944707040   1674
 1129 944707043 944711273   4230
 1130 944711276 944712880   1604
 1131 944712883 944715200   2317
 1132 944715204 944718809   3605
 1133 944718812 944722548   3736
 1134 944722551 944724059   1508
 1135 944724062 944725441   1379
 1136 944725444 944726399    955
 1137 944726417 944727576   1159
 1138 944727579 944731087   3508
 1139 944731091 944733576   2485
 1140 944733579 944737809   4230
 1141 944737812 944739337   1525
 1142 944739340 944741479   2139
 1143 944741483 944742795   1312
 1144 944742798 944745382   2584
 1145 944745386 944747966   2580
 1146 944747970 944750817   2847
 1147 944750863 944751757    894
 1148 944751760 944754216   2456
 1149 944754219 944755192    973
 1150 944755216 944757157   1941
 1151 944757161 944759115   1954
 1152 944759118 944762470   3352
 1153 944762473 944764100   1627
 1154 944764104 944765822   1718
 1155 944765825 944768134   2309
 1156 944768138 944769767   1629
 1157 944769770 944771237   1467
 1158 944771241 944773121   1880
 1159 944773124 944777928   4804
 1160 944779524 944781156   1632
 1161 944781159 944783667   2508
 1162 944783670 944783973    303
 1163 944784016 944784984    968
 1164 944784987 944787211   2224
 1165 944787214 944788758   1544
 1166 944788761 944790368   1607
 1167 944790372 944792618   2246
 1168 944792621 944794110   1489
 1169 944794113 944797053   2940
 1170 944797056 944799024   1968
 1171 944799027 944800501   1474
 1172 944800504 944802190   1686
 1173 944802193 944803625   1432
 1174 944803629 944806124   2495
 1175 944806128 944810586   4458
 1176 944810634 944812796   2162
 1177 944812816 944813655    839
 1178 944813659 944814921   1262
 1179 944814924 944817064   2140
 1180 944817068 944818875   1807
 1181 944818878 944821404   2526
 1182 944821653 944823657   2004
 1183 944823660 944826165   2505
 1184 944826168 944831395   5227
 1185 944831398 944834159   2761
 1186 944836833 944838227   1394
 1187 944838230 944841611   3381
 1188 944841616 944841944    328
 1189 944841947 944844436   2489
 1190 944844439 944846503   2064
 1191 944846506 944848592   2086
 1192 944848596 944850690   2094
 1193 944850693 944852132   1439
 1194 944852135 944856625   4490
 1195 944856628 944859535   2907
 1196 944861199 944863970   2771
 1197 944863973 944866387   2414
 1198 944866390 944867910   1520
 1199 944867914 944868279    365
 1200 944870478 944870516     38
 1201 944870519 944871546   1027
 1202 944877920 944878947   1027
 1203 944878950 944879097    147
 1204 944881478 944882398    920
 1205 944886078 944886533    455
 1206 944888600 944888757    157
 1207 944915186 944915715    529
 1208 944919726 944920031    305
 1209 944920035 944921712   1677
 1210 944921715 944927625   5910
 1211 944927628 944928011    383
 1212 944928016 944929198   1182
 1213 944929202 944930740   1538
 1214 944930743 944932591   1848
 1215 944932594 944936581   3987
 1216 944936584 944937917   1333
 1217 944937921 944939432   1511
 1218 944939435 944941316   1881
 1219 944941319 944943663   2344
 1220 944943666 944946661   2995
 1221 944946665 944949051   2386
 1222 944949054 944950291   1237
 1223 944950295 944954510   4215
 1224 944954513 944956154   1641
 1225 944956157 944956775    618
 1226 944956817 944957536    719
 1227 944957539 944959997   2458
 1228 944960000 944962097   2097
 1229 944962100 944963392   1292
 1230 944963396 944966069   2673
 1231 944966073 944967665   1592
 1232 944967668 944969001   1333
 1233 944969005 944971289   2284
 1234 944971293 944972703   1410
 1235 944972706 944974805   2099
 1236 944974808 944976680   1872
 1237 944976683 944978685   2002
 1238 944978688 944981555   2867
 1239 944981558 944984663   3105
 1240 944984666 944985597    931
 1241 944985617 944986201    584
 1242 944986205 944987955   1750
 1243 944987958 944990365   2407
 1244 944990368 944992396   2028
 1245 944992399 944993790   1391
 1246 944993793 944996931   3138
 1247 944996934 944998540   1606
 1248 944998543 945000825   2282
 1249 945000828 945003146   2318
 1250 945003149 945006078   2929
 1251 945006081 945007627   1546
 1252 945007631 945010129   2498
 1253 945010177 945012423   2246
 1254 945012426 945014402   1976
 1255 945014417 945015038    621
 1256 945018305 945020399   2094
 1257 945020403 945020639    236
 1258 945022693 945026625   3932
 1259 945026629 945028044   1415
 1260 945028047 945028974    927
 1261 945029067 945029371    304
 1262 945029375 945031734   2359
 1263 945031737 945033957   2220
 1264 945033961 945040871   6910
 1265 945040874 945043167   2293
 1266 945043216 945043309     93
 1267 945043312 945045633   2321
 1268 945045637 945045802    165
 1269 945045806 945047177   1371
 1270 945047180 945047517    337
 1271 945047521 945048438    917
 1272 945048441 945050104   1663
 1273 945050108 945051513   1405
 1274 945051517 945052995   1478
 1275 945052998 945054744   1746
 1276 945054792 945059689   4897
 1277 945059692 945061647   1955
 1278 945061650 945063343   1693
 1279 945063346 945064741   1395
 1280 945064744 945067205   2461
 1281 945067208 945069933   2725
 1282 945069937 945071654   1717
 1283 945071658 945071999    341
 1284 945072017 945073678   1661
 1285 945073681 945074934   1253
 1286 945074937 945077632   2695
 1287 945077636 945083196   5560
 1288 945083200 945087433   4233
 1289 945087481 945100812  13331
 1290 945100817 945107582   6765
 1291 945107585 945118320  10735
 1292 945118372 945122632   4260
 1293 945122635 945129576   6941
 1294 945129617 945130717   1100
 1295 945130720 945141603  10883
 1296 945141606 945149490   7884
 1297 945149493 945158398   8905
 1298 945158417 945160573   2156
 1299 945161836 945165210   3374
 1300 945165475 945165958    483
 1301 945171548 945172625   1077
 1302 945172673 945176673   4000
 1303 945182030 945187206   5176
 1304 945187217 945195722   8505
 1305 945195781 945196055    274
 1306 945196058 945215981  19923
 1307 945216016 945217658   1642
 1308 945217661 945221007   3346
 1309 945221767 945225195   3428
 1310 945225198 945244797  19599
 1311 945244817 945254111   9294
 1312 945254159 945262981   8822
 1313 945282851 945289466   6615
 1314 945289511 945294997   5486
 1315 945295000 945302373   7373
 1316 945302417 945307517   5100
 1317 945307565 945315475   7910
 1318 945315479 945327705  12226
 1319 945333288 945354308  21020
 1320 945357554 945359546   1992
 1321 945359549 945360012    463
 1322 945360017 945367743   7726
 1323 945367746 945376069   8323
 1324 945376072 945387640  11568
 1325 945389388 945392615   3227
 1326 945392618 945397672   5054
 1327 945397720 945413817  16097
 1328 945426542 945446411  19869
 1329 945446416 945448632   2216
 1330 945448680 945458520   9840
 1331 945458949 945460614   1665
 1332 945460617 945467143   6526
 1333 945467146 945470990   3844
 1334 945470993 945475177   4184
 1335 945475217 945492060  16843
 1336 945532649 945532799    150
 1337 945532817 945539266   6449
 1338 945539270 945549019   9749
 1339 945549022 945561576  12554
 1340 945561616 945561739    123
 1341 945561743 945575497  13754
 1342 945579105 945582980   3875
 1343 945585156 945585407    251
 1344 945587558 945588007    449
 1345 945588055 945588288    233
 1346 945593123 945593352    229
 1347 945595096 945595191     95
 1348 945598321 945599518   1197
 1349 945601565 945601717    152
 1350 945620813 945621262    449
 1351 945621266 945638410  17144
 1352 945638414 945647971   9557
 1353 945648016 945662796  14780
 1354 945662799 945674385  11586
 1355 945674388 945676793   2405
 1356 945676816 945694090  17274
 1357 945694138 945694837    699
 1358 945698709 945699353    644
 1359 945720630 945734375  13745
 1360 945734417 945758355  23938
 1361 945758358 945763186   4828
 1362 945763217 945772676   9459
 1363 945772680 945782294   9614
 1364 945785207 945786699   1492
 1365 945792220 945801241   9021
 1366 945801245 945807856   6611
 1367 945809500 945809603    103
 1368 945813582 945814007    425
 1369 945815655 945816154    499
 1370 945817797 945818011    214
 1371 945822379 945825532   3153
 1372 945825535 945828146   2611
 1373 945829802 945830345    543
 1374 945832150 945843885  11735
 1375 945843888 945847718   3830
 1376 945847721 945849576   1855
 1377 945849617 945878407  28790
 1378 945878417 945882361   3944
 1379 945882364 945886431   4067
 1380 945886435 945893532   7097
 1381 945893535 945901843   8308
 1382 945901846 945906829   4983
 1383 945906877 945907170    293
 1384 945907217 945920687  13470
 1385 945920691 945936003  15312
 1386 945936016 945940008   3992
 1387 945940056 945964813  24757
 1388 945964817 945989431  24614
 1389 945989434 945993567   4133
 1390 945993616 946003821  10205
 1391 946003824 946008614   4790
 1392 946008618 946022404  13786
 1393 946022416 946040951  18535
 1394 946044885 946050237   5352
 1395 946050240 946051211    971
 1396 946051217 946057712   6495
 1397 946057715 946073334  15619
 1398 946073337 946079975   6638
 1399 946080016 946082751   2735
 1400 946082754 946087460   4706
 1401 946087508 946101627  14119
 1402 946125775 946132624   6849
 1403 946134370 946150730  16360
 1404 946150733 946151405    672
 1405 946153130 946158528   5398
 1406 946158531 946159580   1049
 1407 946161125 946161395    270
 1408 946163708 946166365   2657
 1409 946166417 946170501   4084
 1410 946170505 946172649   2144
 1411 946174260 946175132    872
 1412 946177124 946180776   3652
 1413 946182310 946187976   5666
 1414 946192150 946192188     38
 1415 946197724 946197855    131
 1416 946197858 946205392   7534
 1417 946205395 946220486  15091
 1418 946221909 946224012   2103
 1419 946224017 946238051  14034
 1420 946238055 946245166   7111
 1421 946245261 946245846    585
 1422 946245849 946257135  11286
 1423 946257139 946265400   8261
 1424 946265404 946286668  21264
 1425 946286916 946287121    205
 1426 946287124 946293144   6020
 1427 946293147 946298005   4858
 1428 946299766 946308549   8783
 1429 946308597 946312244   3647
 1430 946312247 946322167   9920
 1431 946337505 946338093    588
 1432 946349815 946349850     35
 1433 946364764 946370557   5793
 1434 946372229 946386387  14158
 1435 946388045 946388363    318
 1436 946390014 946390962    948
 1437 946396560 946396621     61
 1438 946398293 946398509    216
 1439 946415246 946423184   7938
 1440 946431633 946442905  11272
 1441 946444794 946469120  24326
 1442 946472816 946595821 123005
 1443 946606280 946645396  39116
 1444 946652014 946659240   7226
 1445 946661507 946701634  40127
 1446 946738801 946829477  90676
 1447 946834933 946836769   1836
 1448 946837070 946837105     35
 1449 946837191 946907905  70714
 1450 946914245 946990984  76739
 1451 946998421 947023216  24795
 1452 965599233 965606631   7398
 1453 965606667 965614759   8092
 1454 965614762 965617905   3143
 1455 965621230 965623048   1818
 1456 965623052 965635390  12338
 1457 965635419 965639393   3974
 1458 965645093 965650104   5011
 1459 965658612 965664089   5477
 1460 965664094 965673910   9816
 1461 965676884 965679387   2503
 1462 965679410 965679680    270
 1463 965679686 965684994   5308
 1464 965685177 965685224     47
 1465 965687330 965687648    318
 1466 965687994 965693335   5341
 1467 965693389 965721745  28356
 1468 965727456 965736030   8574
 1469 965743336 965750684   7348
 1470 965750689 965752204   1515
 1471 965754519 965771374  16855
 1472 965784660 965788388   3728
 1473 965788391 965796234   7843
 1474 965796237 965803182   6945
 1475 965803185 965808087   4902
 1476 965808121 965825367  17246
 1477 965825371 965829004   3633
 1478 965832906 965836946   4040
 1479 965836952 965846749   9797
 1480 965847303 965865470  18167
 1481 965868599 965870287   1688
 1482 965870290 965874329   4039
 1483 965874333 965881828   7495
 1484 965881832 965882313    481
 1485 965882319 965882331     12
 1486 965882365 965882405     40
 1487 965882407 965894587  12180
 1488 965894602 965923564  28962
 1489 965923570 965935285  11715
 1490 965940035 965952488  12453
 1491 965952532 965956505   3973
 1492 965956507 965981289  24782
 1493 965981303 965990011   8708
 1494 965990034 965999626   9592
 1495 966000205 966000339    134
 1496 966000354 966009927   9573
 1497 966009936 966012342   2406
 1498 966012345 966025007  12662
 1499 966025030 966029375   4345
 1500 966029638 966029708     70
 1501 966029768 966032744   2976
 1502 966033008 966038903   5895
 1503 966038947 966048101   9154
 1504 966048104 966051933   3829
 1505 966081593 966096876  15283
 1506 966100601 966173595  72994
 1507 966181862 966182974   1112
 1508 966182980 966191087   8107
 1509 966191110 966193455   2345
 1510 966196090 966211585  15495
 1511 966211626 966214450   2824
 1512 966214453 966225945  11492
 1513 966225948 966240433  14485
 1514 966240441 966263730  23289
 1515 966263753 966265977   2224
 1516 966266069 966269405   3336
 1517 966269410 966282673  13263
 1518 966282713 966297947  15234
 1519 966297990 966320067  22077
 1520 966320090 966321201   1111
 1521 966321425 966326141   4716
 1522 966326228 966326526    298
 1523 966326548 966333119   6571
 1524 966334101 966343868   9767
 1525 966351849 966355730   3881
 1526 966355734 966358296   2562
 1527 966358344 966359908   1564
 1528 966362778 966367405   4627
 1529 966372401 966384200  11799
 1530 966384241 966401101  16860
 1531 966401105 966413224  12119
 1532 966413234 966415501   2267
 1533 966415504 966420491   4987
 1534 966420494 966426196   5702
 1535 966427310 966429050   1740
 1536 966429053 966430330   1277
 1537 966430488 966435068   4580
 1538 966435072 966441743   6671
 1539 966441751 966444008   2257
 1540 966444011 966449843   5832
 1541 966449846 966457513   7667
 1542 966457516 966464743   7227
 1543 966464746 966470819   6073
 1544 966470856 966473581   2725
 1545 966473585 966480176   6591
 1546 966480179 966486831   6652
 1547 966486834 966494435   7601
 1548 966494438 966499726   5288
 1549 966499738 966508175   8437
 1550 966508178 966508290    112
 1551 966509757 966516357   6600
 1552 966516360 966521727   5367
 1553 966521730 966525850   4120
 1554 966537511 966543551   6040
 1555 966543599 966551285   7686
 1556 966551288 966556776   5488
 1557 966556822 966558793   1971
 1558 966558796 966564984   6188
 1559 966566581 966570075   3494
 1560 966573040 966573407    367
 1561 966573455 966580275   6820
 1562 966598304 966599563   1259
 1563 966602124 966602281    157
 1564 966602285 966609145   6860
 1565 966609148 966612507   3359
 1566 966612509 966612564     55
 1567 966612566 966612614     48
 1568 966612617 966612645     28
 1569 966612647 966612658     11
 1570 966616328 966617614   1286
 1571 966617617 966622604   4987
 1572 966622607 966623095    488
 1573 966624811 966628228   3417
 1574 966629004 966629313    309
 1575 966629316 966638682   9366
 1576 966638685 966643558   4873
 1577 966643598 966646407   2809
 1578 966646410 966650846   4436
 1579 966650849 966659860   9011
 1580 966659863 966661220   1357
 1581 966682594 966686889   4295
 1582 966686892 966695585   8693
 1583 966695589 966701214   5625
 1584 966701222 966703107   1885
 1585 966703110 966704942   1832
 1586 966704993 966708336   3343
 1587 966708340 966714087   5747
 1588 966714488 966716724   2236
 1589 966716727 966723040   6313
 1590 966723044 966723567    523
 1591 966724214 966729840   5626
 1592 966729876 966737455   7579
 1593 966737458 966747204   9746
 1594 966747207 966752524   5317
 1595 966752527 966758401   5874
 1596 966758426 966761551   3125
 1597 966761554 966763424   1870
 1598 966763757 966765117   1360
 1599 966770019 966770500    481
 1600 966779164 966782915   3751
 1601 966782918 966784633   1715
 1602 966784635 966787322   2687
 1603 966787328 966789663   2335
 1604 966789666 966791810   2144
 1605 966791812 966797657   5845
 1606 966797661 966804340   6679
 1607 966804343 966806572   2229
 1608 966806574 966810337   3763
 1609 966810385 966816159   5774
 1610 966816196 966831527  15331
 1611 966831531 966845340  13809
 1612 966845350 966854179   8829
 1613 966854227 966862525   8298
 1614 966866932 966867908    976
 1615 966867948 966868116    168
 1616 966868119 966873964   5845
 1617 966873969 966876588   2619
 1618 966876591 966884028   7437
 1619 966884031 966891710   7679
 1620 966892469 966902529  10060
 1621 966902563 966902622     59
 1622 966902628 966907695   5067
 1623 966932715 966932733     18
 1624 966939334 966940597   1263
 1625 966940600 966942630   2030
 1626 966942654 966949373   6719
 1627 966949431 966954015   4584
 1628 966958215 966963752   5537
 1629 966963810 966971033   7223
 1630 966971057 966974955   3898
 1631 966974958 966978485   3527
 1632 966978508 966984276   5768
 1633 966987661 966989364   1703
 1634 967000388 967007954   7566
 1635 967008012 967015071   7059
 1636 967015086 967019973   4887
 1637 967019976 967022959   2983
 1638 967023016 967025549   2533
 1639 967025553 967028901   3348
 1640 967028924 967036094   7170
 1641 967036109 967043473   7364
 1642 967043530 967050931   7401
 1643 967050946 967057859   6913
 1644 967057883 967064683   6800
 1645 967064698 967069894   5196
 1646 967069897 967070253    356
 1647 967076879 967078038   1159
 1648 967078041 967079302   1261
 1649 967084893 967085062    169
 1650 967123245 967130998   7753
 1651 967131013 967137095   6082
 1652 967137110 967140526   3416
 1653 967140529 967145288   4759
 1654 967145311 967150239   4928
 1655 967150243 967151309   1066
 1656 967153034 967156103   3069
 1657 967161815 967166022   4207
 1658 967166037 967172678   6641
 1659 967172693 967179665   6972
 1660 967179680 967182495   2815
 1661 967187535 967187690    155
 1662 967187748 967193287   5539
 1663 967194543 967195603   1060
 1664 967195660 967201911   6251
 1665 967201934 967205963   4029
 1666 967205966 967208987   3021
 1667 967209002 967215867   6865
 1668 967215924 967216565    641
 1669 967220525 967223655   3130
 1670 967224855 967227292   2437
 1671 967227295 967229295   2000
 1672 967230015 967230300    285
 1673 967230324 967235332   5008
 1674 967235335 967238053   2718
 1675 967238076 967246046   7970
 1676 967246104 967252136   6032
 1677 967252160 967259693   7533
 1678 967259750 967261461   1711
 1679 967306256 967310243   3987
 1680 967310267 967310890    623
 1681 967318829 967321978   3149
 1682 967321982 967324839   2857
 1683 967324897 967331129   6232
 1684 967331153 967338965   7812
 1685 967338988 967344615   5627
 1686 967358313 967359193    880
 1687 967371686 967374220   2534
 1688 967374243 967378044   3801
 1689 967378657 967378798    141
 1690 967380942 967382193   1251
 1691 967382207 967388956   6749
 1692 967389013 967392709   3696
 1693 967392968 967396518   3550
 1694 967396541 967404218   7677
 1695 967404242 967411422   7180
 1696 967411437 967411859    422
 1697 967416249 967417591   1342
 1698 967417615 967421376   3761
 1699 967421379 967425874   4495
 1700 967425932 967432930   6998
 1701 967432954 967439146   6192
 1702 967439161 967442826   3665
 1703 967442874 967446833   3959
 1704 967446890 967450317   3427
 1705 967456571 967460752   4181
 1706 967460767 967468119   7352
 1707 967468142 967468841    699
 1708 967477250 967478836   1586
 1709 967478839 967483168   4329
 1710 967483183 967485356   2173
 1711 967485359 967490260   4901
 1712 967490318 967493786   3468
 1713 967497486 967505392   7906
 1714 967505416 967506443   1027
 1715 967520309 967526186   5877
 1716 967526243 967531641   5398
 1717 967531644 967533463   1819
 1718 967533486 967539037   5551
 1719 967539143 967540546   1403
 1720 967540569 967544982   4413
 1721 967547324 967547872    548
 1722 967547895 967550398   2503
 1723 967555173 967555478    305
 1724 967555502 967556586   1084
 1725 967556651 967557599    948
 1726 967564204 967565428   1224
 1727 967583006 967583752    746
 1728 967583776 967587736   3960
 1729 967587740 967591205   3465
 1730 967591228 967594933   3705
 1731 967594936 967601849   6913
 1732 967601851 967610353   8502
 1733 967610401 967616148   5747
 1734 967616152 967620837   4685
 1735 967623474 967626548   3074
 1736 967626550 967637564  11014
 1737 967637567 967646044   8477
 1738 967646048 967649677   3629
 1739 967660282 967661038    756
 1740 967661042 967667013   5971
 1741 967667016 967680069  13053
 1742 967680118 967699575  19457
 1743 967734318 967737940   3622
 1744 967737956 967748056  10100
 1745 967748059 967766913  18854
 1746 967766958 967774811   7853
 1747 967774859 967781828   6969
 1748 967781830 967795428  13598
 1749 967795439 967796691   1252
 1750 967800280 967804210   3930
 1751 967805587 967811499   5912
 1752 967811548 967811559     11
 1753 967811566 967811580     14
 1754 967811597 967811613     16
 1755 967811622 967811637     15
 1756 967811646 967811683     37
 1757 967811692 967811707     15
 1758 967811710 967811735     25
 1759 967811748 967811766     18
 1760 967811773 967811790     17
 1761 967811792 967811812     20
 1762 967811821 967811846     25
 1763 967811848 967811868     20
 1764 967811873 967811895     22
 1765 967811897 967812226    329
 1766 967812229 967812328     99
 1767 967812330 967815389   3059
 1768 967816783 967824209   7426
 1769 967824214 967825522   1308
 1770 967825570 967828309   2739
 1771 967828311 967834373   6062
 1772 967834376 967846737  12361
 1773 967846740 967852990   6250
 1774 967853033 967854382   1349
 1775 967854385 967867546  13161
 1776 967867551 967870822   3271
 1777 967915828 967926276  10448
 1778 967926279 967932702   6423
 1779 967932705 967936625   3920
 1780 967936628 967936643     15
 1781 967936645 967939670   3025
 1782 967939720 967941105   1385
 1783 967941107 967960099  18992
 1784 967960102 967961297   1195
 1785 967961301 967967101   5800
 1786 967969639 967969789    150
 1787 967969888 967970151    263
 1788 967970311 967971573   1262
 1789 967971575 967983680  12105
 1790 967983684 967984930   1246
 1791 967985970 967987550   1580
 1792 968583320 968587743   4423
 1793 968587791 968590895   3104
 1794 968591091 968601770  10679
 1795 968601782 968611527   9745
 1796 968611530 968630746  19216
 1797 968630790 968633621   2831
 1798 968633669 968655005  21336
 1799 968655008 968659550   4542
 1800 968659561 968684207  24646
 1801 968689035 968698244   9209
 1802 968698247 968709703  11456
 1803 968711134 968717208   6074
 1804 968717211 968717345    134
 1805 968717394 968745719  28325
 1806 968745729 968754151   8422
 1807 968754199 968760020   5821
 1808 968763735 968774764  11029
 1809 968774771 968776496   1725
 1810 968776500 968790232  13732
 1811 968790236 968803214  12978
 1812 968803259 968804857   1598
 1813 968804905 968827087  22182
 1814 968827090 968832362   5272
 1815 968832372 968849075  16703
 1816 968849078 968854230   5152
 1817 968854233 968860837   6604
 1818 968860844 968862617   1773
 1819 968864033 968870858   6825
 1820 968873745 968878452   4707
 1821 968878455 968889736  11281
 1822 968889786 968897351   7565
 1823 968897354 968906037   8683
 1824 968906040 968918981  12941
 1825 968918988 968927776   8788
 1826 968927779 968933195   5416
 1827 968933242 968947522  14280
 1828 968947527 968947707    180
 1829 968947711 968967288  19577
 1830 968968164 968970601   2437
 1831 968970649 968976206   5557
 1832 968976240 968992078  15838
 1833 968992081 969003274  11193
 1834 969010650 969013435   2785
 1835 969013438 969024207  10769
 1836 969037736 969041639   3903
 1837 969041642 969048763   7121
 1838 969049395 969062726  13331
 1839 969062772 969063141    369
 1840 969063144 969070134   6990
 1841 969070182 969077449   7267
 1842 969113987 969120569   6582
 1843 969120578 969120889    311
 1844 969124103 969143227  19124
 1845 969143231 969148865   5634
 1846 969148900 969173621  24721
 1847 969173624 969176379   2755
 1848 969176861 969177982   1121
 1849 969178006 969179980   1974
 1850 969180028 969185534   5506
 1851 969186628 969199212  12584
 1852 969200570 969206444   5874
 1853 969206448 969209249   2801
 1854 969209253 969214023   4770
 1855 969214236 969215009    773
 1856 969216563 969220293   3730
 1857 969224453 969279638  55185
 1858 969280209 969280379    170
 1859 969280383 969285606   5223
 1860 969289177 969293146   3969
 1861 969293152 969302611   9459
 1862 969302614 969308380   5766
 1863 969308383 969321801  13418
 1864 969321842 969341349  19507
 1865 969341351 969346045   4694
 1866 969346048 969350705   4657
 1867 969350723 969350813     90
 1868 969350892 969351327    435
 1869 969351330 969354082   2752
 1870 969356974 969365014   8040
 1871 969370332 969379747   9415
 1872 969379758 969382165   2407
 1873 969382213 969403284  21071
 1874 969403287 969408399   5112
 1875 969408437 969423690  15253
 1876 969423693 969432501   8808
 1877 969432549 969437033   4484
 1878 969437045 969444934   7889
 1879 969444936 969447480   2544
 1880 969447483 969465738  18255
 1881 969465742 969476129  10387
 1882 969476131 969483185   7054
 1883 969483187 969487750   4563
 1884 969487763 969490218   2455
 1885 969492057 969492990    933
 1886 969492993 969494887   1894
 1887 969494933 969496411   1478
 1888 969496459 969503731   7272
 1889 969503735 969510874   7139
 1890 969510877 969523677  12800
 1891 969523693 969527092   3399
 1892 969527094 969527124     30
 1893 969527126 969529085   1959
 1894 969529098 969529492    394
 1895 969529494 969531950   2456
 1896 969531953 969532336    383
 1897 969532344 969533500   1156
 1898 969533503 969533556     53
 1899 969533569 969534059    490
 1900 969534073 969534700    627
 1901 969534702 969534749     47
 1902 969534751 969534763     12
 1903 969534780 969534810     30
 1904 969534832 969534864     32
 1905 969534866 969535184    318
 1906 969535186 969535621    435
 1907 969535623 969535765    142
 1908 969535768 969536118    350
 1909 969536138 969536640    502
 1910 969536645 969536674     29
 1911 969536677 969538123   1446
 1912 969538126 969538181     55
 1913 969538184 969538207     23
 1914 969538210 969538577    367
 1915 969538623 969538647     24
 1916 969538655 969538670     15
 1917 969538672 969538805    133
 1918 969538865 969538881     16
 1919 969538883 969538895     12
 1920 969538917 969539048    131
 1921 969539081 969539109     28
 1922 969539161 969539188     27
 1923 969539190 969539219     29
 1924 969539222 969539643    421
 1925 969539668 969539910    242
 1926 969539930 969540329    399
 1927 969540331 969540352     21
 1928 969540354 969540973    619
 1929 969540975 969541577    602
 1930 969542083 969552217  10134
 1931 969552231 969552901    670
 1932 969552904 969559859   6955
 1933 969559862 969580785  20923
 1934 969580833 969591772  10939
 1935 969593546 969610024  16478
 1936 969610050 969610224    174
 1937 969621750 969627534   5784
 1938 969630559 969630793    234
 1939 969630804 969633385   2581
 1940 969633433 969638743   5310
 1941 969638748 969641112   2364
 1942 969642887 969645982   3095
 1943 969645985 969661198  15213
 1944 969662959 969667314   4355
 1945 969667354 969679815  12461
 1946 969680730 969685234   4504
 1947 969708984 969716671   7687
 1948 969720253 969725035   4782
 1949 969725041 969725666    625
 1950 969726497 969734235   7738
 1951 969734978 969754149  19171
 1952 969754191 969756311   2120
 1953 969756314 969769512  13198
 1954 969769515 969782922  13407
 1955 969782932 969803620  20688
 1956 969806348 969811446   5098
 1957 969811455 969813855   2400
 1958 969814828 969818814   3986
 1959 969826598 969826858    260
 1960 969826906 969828008   1102
 1961 969830067 969833915   3848
 1962 969833918 969840095   6177
 1963 969840150 969855073  14923
 1964 969856515 969857476    961
 1965 969861741 969869351   7610
 1966 969869371 969877484   8113
 1967 969877487 969895687  18200
 1968 969898019 969907149   9130
 1969 969907152 969912429   5277
 1970 969925851 969926828    977
 1971 969926877 969926963     86
 1972 969927011 969928049   1038
 1973 969929132 969951076  21944
 1974 969951079 969955342   4263
 1975 969955351 969962764   7413
 1976 969963528 969963789    261
 1977 969963793 969969738   5945
 1978 969976130 969979284   3154
 1979 969982242 969984194   1952
 1980 969984199 969992567   8368
 1981 969992615 969995913   3298
 1982 969996939 969997713    774
 1983 969998915 969999513    598
 1984 970000539 970006505   5966
 1985 970006509 970012922   6413
 1986 970012962 970014312   1350
 1987 970014315 970023291   8976
 1988 970023294 970027678   4384
 1989 970027726 970041984  14258
 1990 970042009 970049312   7303
 1991 970049315 970055157   5842
 1992 970056513 970059490   2977
 1993 970060789 970070450   9661
 1994 970070456 970090990  20534
 1995 970091000 970091088     88
 1996 970093592 970099728   6136
 1997 970099769 970121827  22058
 1998 970121830 970128362   6532
 1999 970128381 970129627   1246
 2000 970129630 970142704  13074
 2001 970145176 970157398  12222
 2002 970157409 970174402  16993
 2003 970174405 970180024   5619
 2004 970180072 970185725   5653
 2005 970185768 970188306   2538
 2006 970222908 970224473   1565
 2007 970227317 970243278  15961
 2008 970243290 970251108   7818
 2009 970251156 970258725   7569
 2010 970259639 970268164   8525
 2011 970341590 970342148    558
 2012 970342150 970344031   1881
 2013 970344033 970344075     42
 2014 970344077 970352575   8498
 2015 970352578 970358548   5970
 2016 970358597 970366328   7731
 2017 970366331 970380781  14450
 2018 970380829 970381130    301
 2019 970382156 970382930    774
 2020 970384132 970384730    598
 2021 970385756 970387670   1914
 2022 970387686 970411708  24022
 2023 970411711 970414266   2555
 2024 970417346 970423987   6641
 2025 970423991 970425714   1723
 2026 970430535 970431003    468
 2027 970431051 970438179   7128
 2028 970438182 970443427   5245
 2029 970444497 970445354    857
 2030 970445391 970446941   1550
 2031 970447973 970452947   4974
 2032 970454689 970456510   1821
 2033 970457933 970461313   3380
 2034 970461316 970469196   7880
 2035 970469244 970473942   4698
 2036 970473951 970474101    150
 2037 970474105 970502752  28647
 2038 970502758 970502773     15
 2039 970504580 970507889   3309
 2040 970508082 970510615   2533
 2041 970510618 970526093  15475
 2042 970526096 970531281   5185
 2043 970531330 970547103  15773
 2044 970559980 970560379    399
 2045 970560408 970561055    647
 2046 970561059 970574440  13381
 2047 970583762 970589136   5374
 2048 970589142 970589927    785
 2049 970589931 970606097  16166
 2050 970606101 970611903   5802
 2051 970611906 970618013   6107
 2052 970618051 970646837  28786
 2053 970646868 970647793    925
 2054 970651004 970661672  10668
 2055 970661720 970675746  14026
 2056 970675762 970697742  21980
 2057 970697745 970704269   6524
 2058 970704311 970714172   9861
 2059 970714175 970719466   5291
 2060 970719469 970733251  13782
 2061 970733259 970755309  22050
 2062 970755312 970761901   6589
 2063 970761907 970778738  16831
 2064 970778786 970785930   7144
 2065 970785933 970790413   4480
 2066 970790453 970811883  21430
 2067 970821736 970822885   1149
 2068 970827960 970829293   1333
 2069 970845121 970846717   1596
 2070 970857719 970863806   6087
 2071 970863854 970877318  13464
 2072 970877361 970879687   2326
 2073 970879690 970890017  10327
 2074 970916011 970921860   5849
 2075 970921864 970932113  10249
 2076 970936100 970947821  11721
 2077 970949203 970952080   2877
 2078 970952128 970963296  11168
 2079 970963339 970972303   8964
 2080 970972306 970978625   6319
 2081 970981171 970985759   4588
 2082 970985762 970991378   5616
 2083 970992985 971015163  22178
 2084 971015845 971020814   4969
 2085 971020820 971029987   9167
 2086 971030035 971045060  15025
 2087 971047096 971050139   3043
 2088 971050191 971063388  13197
 2089 971065514 971067097   1583
 2090 971067100 971078485  11385
 2091 971078515 971085922   7407
 2092 971085948 971096405  10457
 2093 971096416 971100005   3589
 2094 971100016 971103604   3588
 2095 971103616 971104622   1006
 2096 971104729 971107205   2476
 2097 971107216 971110804   3588
 2098 971110816 971114405   3589
 2099 971114416 971118004   3588
 2100 971118016 971118600    584
 2101 971120193 971121605   1412
 2102 971121616 971125205   3589
 2103 971125216 971128804   3588
 2104 971128816 971132405   3589
 2105 971132416 971136004   3588
 2106 971136016 971139604   3588
 2107 971139616 971143204   3588
 2108 971143216 971146805   3589
 2109 971146816 971150405   3589
 2110 971150416 971154005   3589
 2111 971154016 971157605   3589
 2112 971157616 971161205   3589
 2113 971161216 971164804   3588
 2114 971164816 971168404   3588
 2115 971168416 971172005   3589
 2116 971172016 971175605   3589
 2117 971175616 971179204   3588
 2118 971179216 971179677    461
 2119 971192640 971193604    964
 2120 971193616 971196283   2667
 2121 971196286 971197205    919
 2122 971197216 971200804   3588
 2123 971200816 971204405   3589
 2124 971204416 971208005   3589
 2125 971208016 971211605   3589
 2126 971211616 971215205   3589
 2127 971215216 971218805   3589
 2128 971218816 971222404   3588
 2129 971222416 971225771   3355
 2130 971226568 971229605   3037
 2131 971229616 971231017   1401
 2132 971231021 971233205   2184
 2133 971233216 971236805   3589
 2134 971236816 971240404   3588
 2135 971240416 971244005   3589
 2136 971244016 971246280   2264
 2137 971246283 971247604   1321
 2138 971247616 971251204   3588
 2139 971251216 971254805   3589
 2140 971254816 971258405   3589
 2141 971258416 971262005   3589
 2142 971262016 971265604   3588
 2143 971265616 971269204   3588
 2144 971269216 971272805   3589
 2145 971272816 971273082    266
 2146 971276978 971280004   3026
 2147 971280016 971282399   2383
 2148 971282402 971283605   1203
 2149 971283616 971287205   3589
 2150 971287216 971290805   3589
 2151 971290816 971294405   3589
 2152 971294416 971298004   3588
 2153 971298016 971301604   3588
 2154 971301616 971305205   3589
 2155 971305216 971308805   3589
 2156 971308816 971311745   2929
 2157 971311793 971312404    611
 2158 971312416 971316004   3588
 2159 971316016 971319604   3588
 2160 971319616 971323205   3589
 2161 971323216 971324106    890
 2162 971324109 971326805   2696
 2163 971326816 971329408   2592
 2164 971329478 971330405    927
 2165 971330416 971334005   3589
 2166 971334016 971337605   3589
 2167 971337616 971340380   2764
 2168 971340383 971341204    821
 2169 971341216 971344804   3588
 2170 971344816 971348404   3588
 2171 971348416 971352005   3589
 2172 971352016 971354699   2683
 2173 971354703 971355605    902
 2174 971355616 971359205   3589
 2175 971359216 971362804   3588
 2176 971362816 971366405   3589
 2177 971366416 971368786   2370
 2178 971368834 971370004   1170
 2179 971370016 971373605   3589
 2180 971373616 971377205   3589
 2181 971377216 971380805   3589
 2182 971380816 971383976   3160
 2183 971383979 971384405    426
 2184 971384416 971388005   3589
 2185 971388016 971391605   3589
 2186 971391616 971395205   3589
 2187 971395216 971398805   3589
 2188 971398816 971402405   3589
 2189 971402416 971406005   3589
 2190 971406016 971409605   3589
 2191 971409616 971413204   3588
 2192 971413216 971416804   3588
 2193 971416816 971417207    391
 2194 971417210 971420405   3195
 2195 971420416 971424004   3588
 2196 971424016 971426699   2683
 2197 971426703 971427605    902
 2198 971427616 971431205   3589
 2199 971431216 971432108    892
 2200 971432156 971434805   2649
 2201 971434816 971438405   3589
 2202 971438416 971442004   3588
 2203 971442016 971445605   3589
 2204 971445616 971449205   3589
 2205 971449216 971452804   3588
 2206 971452816 971456405   3589
 2207 971456416 971460005   3589
 2208 971460016 971463605   3589
 2209 971463616 971467205   3589
 2210 971467216 971470804   3588
 2211 971470816 971474405   3589
 2212 971474416 971478005   3589
 2213 971478016 971481605   3589
 2214 971481616 971485205   3589
 2215 971485216 971488804   3588
 2216 971488816 971492405   3589
 2217 971492416 971496005   3589
 2218 971496016 971499605   3589
 2219 971499616 971503205   3589
 2220 971503216 971504457   1241
 2221 971521107 971521205     98
 2222 971521216 971524805   3589
 2223 971524816 971525477    661
 2224 971525525 971528404   2879
 2225 971528416 971532005   3589
 2226 971532016 971533718   1702
 2227 971533722 971533758     36
 2228 971533762 971533798     36
 2229 971533802 971533838     36
 2230 971533842 971533878     36
 2231 971533882 971533918     36
 2232 971533922 971533958     36
 2233 971533962 971533998     36
 2234 971534002 971534038     36
 2235 971534042 971534078     36
 2236 971534082 971534118     36
 2237 971534122 971534158     36
 2238 971534162 971534198     36
 2239 971534202 971534238     36
 2240 971534242 971534278     36
 2241 971534282 971534318     36
 2242 971534322 971535605   1283
 2243 971535616 971535644     28
 2244 971536680 971538134   1454
 2245 971538197 971539205   1008
 2246 971539216 971542805   3589
 2247 971542816 971546404   3588
 2248 971546416 971546763    347
 2249 971546766 971550005   3239
 2250 971550016 971553605   3589
 2251 971553616 971556043   2427
 2252 971556046 971557204   1158
 2253 971557216 971557962    746
