             662342400   144000.0000000000             232
    661478400.0000000      -2.352865672645214      -2.266668644082975    
  -0.8974228213912718      4.6582188721104387E-08 -2.1272597476863183E-08
  -1.0344449088605639E-08  3.8751677293718289E-16  7.7724763977697590E-16
   3.1910064869902428E-16
    661622400.0000000      -2.346153835916479      -2.269723826768576    
  -0.8989091077168151      4.6637651802106891E-08 -2.1160407112430607E-08
  -1.0298375830273176E-08  3.8276714137698666E-16  7.8092450841354812E-16
   3.2079657039234272E-16
    661766400.0000000      -2.339434062248513      -2.272762816300254    
  -0.9003887420376651      4.6692420648521810E-08 -2.1047695246469891E-08
  -1.0252061050674162E-08  3.7787840473262361E-16  7.8448961445536050E-16
   3.2245437997996899E-16
    661910400.0000000      -2.332706453000653      -2.275785538754466    
  -0.9018616899793773      4.6746476335313563E-08 -2.0934478237510342E-08
  -1.0205510423010398E-08  3.7286613418543612E-16  7.8793994580971075E-16
   3.2407183360679559E-16
    662054400.0000000      -2.325971112093451      -2.278791922585954    
  -0.9033279180034453      4.6799802228407601E-08 -2.0820772705336860E-08
  -1.0158729856903889E-08  3.6774651349653613E-16  7.9127487860232154E-16
   3.2564789920478808E-16
    662198400.0000000      -2.319228145672905      -2.281781898639589    
  -0.9047873934281905      4.6852384065987028E-08 -2.0706595156010014E-08
  -1.0111725307299520E-08  3.6253622096027344E-16  7.9449661299256486E-16
   3.2718299300673854E-16
    662342400.0000000      -2.312477661765021      -2.284755400104860    
  -0.9062400844201195      4.6904210003870592E-08 -2.0591961571575243E-08
  -1.0064502559657419E-08  3.5725213679442491E-16  7.9761050822106252E-16
   3.2867919344053583E-16
    662486400.0000000      -2.305719769926077      -2.287712362404097    
  -0.9076859599504647      4.6955270628865761E-08 -2.0476886889598711E-08
  -1.0017066956087069E-08  3.5191098647544683E-16  8.0062578457066317E-16
   3.3014063961673884E-16
    662630400.0000000      -2.298954580896405      -2.290652723000865    
  -0.9091249897090624      4.7005558888721681E-08 -2.0361384419297683E-08
  -9.9694230778186314E-09  3.4652863518801605E-16  8.0355599760354048E-16
   3.3157386636682510E-16
    662774400.0000000      -2.292182206272227      -2.293576421118220    
  -0.9105571439684179      4.7055069905092237E-08 -2.0245465167143949E-08
  -9.9215743670895352E-09  3.4111912192259851E-16  8.0641977767003526E-16
   3.3298829478957892E-16
    662918400.0000000      -2.285402758215763      -2.296483397351686    
  -0.9119823933878538      4.7103800618177064E-08 -2.0129137047537866E-08
  -9.8735226712331941E-09  3.3569323510375123E-16  8.0924162574054772E-16
   3.3439679789532320E-16
    663062400.0000000      -2.278616349233328      -2.299373593160687    
  -0.9134007087461123      4.7151749181487867E-08 -2.0012403989229259E-08
  -9.8252677057738047E-09  3.3025640814908089E-16  8.1205248730815632E-16
   3.3581622707734769E-16
    663206400.0000000      -2.271823092065260      -2.302246950226833    
  -0.9148120605916189      4.7198913991583342E-08 -1.9895264993197934E-08
  -9.7768064522140457E-09  3.2480574270342610E-16  8.1488998739779894E-16
   3.3726784680356968E-16
    663350400.0000000      -2.265023099749103      -2.305103409673253    
  -0.9162164188010116      4.7245292240242391E-08 -1.9777713132854052E-08
  -9.7281324800234447E-09  3.1932629018379594E-16  8.1779840727192482E-16
   3.3877771402811643E-16
    663494400.0000000      -2.258216485934431      -2.307942911147896    
  -0.9176137520391455      4.7290877812299720E-08 -1.9659734717182277E-08
  -9.6792352782219002E-09  3.1378566427267681E-16  8.2082718160158868E-16
   3.4037639713052958E-16
    663638400.0000000      -2.251403365559480      -2.310765391801775    
  -0.9190040271263951      4.7335658367368338E-08 -1.9541308725804971E-08
  -9.6300996644634668E-09  3.0812804145939997E-16  8.2402735113653802E-16
   3.4209773409054720E-16
    663782400.0000000      -2.244583856014677      -2.313570785235171    
  -0.9203872083388938      4.7379611460492238E-08 -1.9422406956067353E-08
  -9.5807054598043198E-09  3.0226737561788212E-16  8.2744563244258262E-16
   3.4397635829349096E-16
    663926400.0000000      -2.237758078932034      -2.316359020538103    
  -0.9217632566947279      4.7422699757596003E-08 -1.9302995316656322E-08
  -9.5310276894598810E-09  2.9608160518156992E-16  8.3111394893313306E-16
   3.4604270328992173E-16
    664070400.0000000      -2.230926162719049      -2.319130021641346    
  -0.9231321293295055      4.7464865543375184E-08 -1.9183036952198773E-08
  -9.4810376865692730E-09  2.8940973614757997E-16  8.3503437380677992E-16
   3.4831526481553131E-16
    664214400.0000000      -2.224088245893157      -2.321883707290555    
  -0.9244937791223874      4.7506025282339434E-08 -1.9062497886586562E-08
  -9.4307055474392968E-09  2.8205670086470904E-16  8.3915952993041635E-16
   3.5078961994494756E-16
    664358400.0000000      -2.217244481112101      -2.324619992047366    
  -0.9258481547992926      4.7546065686968733E-08 -1.8941355685497287E-08
  -9.3800043569478415E-09  2.7381046301350834E-16  8.4337141642396195E-16
   3.5342533795635052E-16
    664502400.0000000      -2.210395039542284      -2.327338788751045    
  -0.9271952017821125      4.7584843341171099E-08 -1.8819610970568193E-08
  -9.3289163058206187E-09  2.6447515156069977E-16  8.4746497013152773E-16
   3.5613377285792921E-16
    664646400.0000000      -2.203540114876459      -2.330040012773067    
  -0.9285348640327156      4.7622190382121651E-08 -1.8697300448513873E-08
  -9.2774402440875444E-09  2.5392131292322565E-16  8.5114690520160514E-16
   3.5877221750715192E-16
    664790400.0000000      -2.196679925967960      -2.332723588076171    
  -0.9298670870052538      4.7657928153750184E-08 -1.8574508314083196E-08
  -9.2255991960161731E-09  2.4214163265721197E-16  8.5406019169291393E-16
   3.6115120598250229E-16
    664934400.0000000      -2.189814716942036      -2.335389454570185    
  -0.9311918215537792      4.7691888414636933E-08 -1.8451372056187289E-08
  -9.1734456677042553E-09  2.2929615952176239E-16  8.5583994662209408E-16
   3.6305966885560470E-16
    665078400.0000000      -2.182944753872925      -2.338037575613058    
  -0.9325090282745401      4.7723938741918863E-08 -1.8328078282022593E-08
  -9.1210620560533857E-09  2.1571749117104463E-16  8.5618796643986796E-16
   3.6430422350555799E-16
    665222400.0000000      -2.176070317921906      -2.340667944126790    
  -0.9338186814762652      4.7754005233680141E-08 -1.8204847555493144E-08
  -9.0685549124697035E-09  2.0186881326415408E-16  8.5494660901310566E-16
   3.6475296817650726E-16
    665366400.0000000      -2.169191695811866      -2.343280585833388    
  -0.9351207718894710      4.7782085581361032E-08 -1.8081910513770293E-08
  -9.0160435482036757E-09  1.8825589501167748E-16  8.5213666965514589E-16
   3.6436485410438031E-16
    665510400.0000000      -2.162309169427049      -2.345875558834689    
  -0.9364153075144844      4.7808247914314405E-08 -1.7959482188927483E-08
  -8.9636462045290403E-09  1.7532849432299221E-16  8.4794525371574270E-16
   3.6319343106783630E-16
    665654400.0000000      -2.155423006551427      -2.348452949779618    
  -0.9377023125294937      4.7832616770485752E-08 -1.7837741287067897E-08
  -8.9114675367497301E-09  1.6340697668624445E-16  8.4267273071288507E-16
   3.6136611537786398E-16
    665798400.0000000      -2.148533454251156      -2.351012867701311    
  -0.9389818246808255      4.7855351480044121E-08 -1.7716819057228204E-08
  -8.8595904346003940E-09  1.5265283768986766E-16  8.3665904614818995E-16
   3.5904788578937458E-16
    665942400.0000000      -2.141640735511119      -2.353555437024996    
  -0.9402538918938941      4.7876623698631612E-08 -1.7596798662947171E-08
  -8.8080733632501426E-09  1.4308432973885535E-16  8.3022006799455731E-16
   3.5640567211579387E-16
    666086400.0000000      -2.134745048819600      -2.356080791048401    
  -0.9415185688317589      4.7896599534268867E-08 -1.7477721666196055E-08
  -8.7569519817116685E-09  1.3461714206840229E-16  8.2360988402472930E-16
   3.5358397011813975E-16
    666230400.0000000      -2.127846569875695      -2.358589066686471    
  -0.9427759139102835      4.7915428072186649E-08 -1.7359598590201757E-08
  -8.7062436023397914E-09  1.2711089807500564E-16  8.1700667927643355E-16
   3.5069250359622929E-16
    666374400.0000000      -2.120945454467237      -2.361080400771114    
  -0.9440259870233914      4.7933236351558767E-08 -1.7242419471386432E-08
  -8.6559523143455531E-09  1.2040743388320216E-16  8.1051867185886942E-16
   3.4780541587035198E-16
    666518400.0000000      -2.114041841727905      -2.363554927793026    
  -0.9452688480004545      4.7950128852031127E-08 -1.7126163077087720E-08
  -8.6060738606339137E-09  1.1435644608392254E-16  8.0419870091532829E-16
   3.4496639762195249E-16
    666662400.0000000      -2.107135857242732      -2.366012778791746    
  -0.9465045556938434      4.7966189792051706E-08 -1.7010803631482530E-08
  -8.5565994780290025E-09  1.0882889334677249E-16  7.9806096533488390E-16
   3.4219623768266277E-16
    666806400.0000000      -2.100227615720131      -2.368454081048708    
  -0.9477331675415442      4.7981486645339640E-08 -1.6896315291121501E-08
  -8.5075186597719035E-09  1.0372160513355948E-16  7.9209544596166594E-16
   3.3950005784221278E-16
    666950400.0000000      -2.093317223131948      -2.370878958285254    
  -0.9489547394556829      4.7996073888848954E-08 -1.6782674760005693E-08
  -8.4588209481565253E-09  9.8956657639967709E-17  7.8627915478808483E-16
   3.3687338191110623E-16
    667094400.0000000      -2.086404778332180      -2.373287531132639    
  -0.9501693259114811      4.8009996434113766E-08 -1.6669862536902218E-08
  -8.4104969646337227E-09  9.4478144874851887E-17  7.8058389032889341E-16
   3.3430660858263352E-16
    667238400.0000000      -2.079490374219843      -2.375679917712871    
  -0.9513769801438612      4.8023292507494979E-08 -1.6557863283053031E-08
  -8.3625389128192154E-09  9.0248072994486108E-17  7.7498088307155148E-16
   3.3178792819708669E-16
    667382400.0000000      -2.072574098530352      -2.378056234232992    
  -0.9525777543907245      4.8035995931861506E-08 -1.6446665684019767E-08
  -8.3149407468987415E-09  8.6242348997027385E-17  7.6944364578244073E-16
   3.2930526432472524E-16
    667526400.0000000      -2.065656034337931      -2.380416595532683    
  -0.9537717001422624      4.8048137873329133E-08 -1.6336261974984132E-08
  -8.2676981079670593E-09  8.2447359891679644E-17  7.6394945331682821E-16
   3.2684740346714411E-16
    667670400.0000000      -2.058736260340539      -2.382761115555493    
  -0.9549588683731421      4.8059748130421118E-08 -1.6226647365065850E-08
  -8.2208081570458671E-09  7.8857104097954323E-17  7.5847981385260900E-16
   3.2440455805186251E-16
    667814400.0000000      -2.051814850986171      -2.385089907732378    
  -0.9561393097453276      4.8070856058927527E-08 -1.6117819433925375E-08
  -8.1742693543980034E-09  7.5470961066931918E-17  7.5302028848453510E-16
   3.2196851483876226E-16
    667958400.0000000      -2.044891876487071      -2.387403085280930    
  -0.9573130747781805      4.8081491223804263E-08 -1.6009777537251790E-08
  -8.1280812160517470E-09  7.2292100100597605E-17  7.4756056048910358E-16
   3.1953281391028818E-16
    668102400.0000000      -2.037967402755132      -2.389700761419870    
  -0.9584802139825789      4.8091683847172065E-08 -1.5902522249555094E-08
  -8.0822440696210550E-09  6.9326211352005288E-17  7.4209388851715684E-16
   3.1709260453356061E-16
    668246400.0000000      -2.031041491284665      -2.391983049509187    
  -0.9596407779616095      4.8101465100891505E-08 -1.5796054882825084E-08
  -8.0367588326565383E-09  6.6580613275844062E-17  7.3661668813031104E-16
   3.1464451747443247E-16
    668390400.0000000      -2.024114199001161      -2.394250063124715    
  -0.9607948174805162      4.8110867293150110E-08 -1.5690377054201527E-08
  -7.9916268066061322E-09  6.4063644585892173E-17  7.3112823632795112E-16
   3.1218656471734949E-16
    668534400.0000000      -2.017185578088750      -2.396501916073388    
  -0.9619423835080267      4.8119923982059027E-08 -1.5585490294937628E-08
  -7.9468494858953314E-09  6.1784233437663471E-17  7.2563035438683731E-16
   3.0971801524252532E-16
    668678400.0000000      -2.010255675805359      -2.398738722355900    
  -0.9630835272316898      4.8128670034797696E-08 -1.5481395715469078E-08
  -7.9024283899941018E-09  5.9751561598317514E-17  7.2012694020448141E-16
   3.0723919914084087E-16
    668822400.0000000      -2.003324534292361      -2.400960596085646    
  -0.9642183000509315      4.8137141651273751E-08 -1.5378093717102454E-08
  -7.8583649150891893E-09  5.7974941772052437E-17  7.1462404850584235E-16
   3.0475154085391382E-16
    668966400.0000000      -1.996392190381868      -2.403167651364170    
  -0.9653467535479533      4.8145376367415880E-08 -1.5275583697323805E-08
  -7.8146601839806516E-09  5.6463611031783102E-17  7.0912948063058163E-16
   3.0225737920089675E-16
    669110400.0000000      -1.989458675404826      -2.405360002118354    
  -0.9664689394387728      4.8153413053557513E-08 -1.5173863783994836E-08
  -7.7713149071779177E-09  5.5226788741958005E-17  7.0365291214701894E-16
   2.9976003313449962E-16
    669254400.0000000      -1.982524015000179      -2.407537761900507    
  -0.9675849095047164      4.8161291889952623E-08 -1.5072930607064575E-08
  -7.7283292600654097E-09  5.4273494365320003E-17  6.9820567123822216E-16
   2.9726370405489957E-16
    669398400.0000000      -1.975588228927775      -2.409701043653152    
  -0.9686947155051533      4.8169054346585021E-08 -1.4972779021496704E-08
  -7.6857027380810029E-09  5.3612591357659107E-17  6.9280102446103923E-16
   2.9477361409079944E-16
    669542400.0000000      -1.968651330884652      -2.411849959433953    
  -0.9697984090691963      4.8176743153238930E-08 -1.4873401837225838E-08
  -7.6434340121395641E-09  5.3252695480402071E-17  6.8745414578874958E-16
   2.9229601588820272E-16
    669686400.0000000      -1.961713328326443      -2.413984620100823    
  -0.9708960415659141      4.8184402258548025E-08 -1.4774789529081444E-08
  -7.6015207713620595E-09  5.3202095430610627E-17  6.8218238467127953E-16
   2.8983834269699326E-16
    669830400.0000000      -1.954774222295615      -2.416105134951809    
  -0.9719876639499969      4.8192076774521286E-08 -1.4676929895618605E-08
  -7.5599595377019856E-09  5.3468611173939813E-17  6.7700566434090033E-16
   2.8740943131607787E-16
    669974400.0000000      -1.947834007259563      -2.418211611311652    
  -0.9730733265783196      4.8199812891911361E-08 -1.4579807660713178E-08
  -7.5187454470162703E-09  5.4059309963148010E-17  6.7194683304864840E-16
   2.8501974706425921E-16
    670118400.0000000      -1.940892670964493      -2.420304154057891    
  -0.9741530789927941      4.8207657739883323E-08 -1.4483404037908193E-08
  -7.4778720015639634E-09  5.4980043669648385E-17  6.6703204163984297E-16
   2.8268164787172017E-16
    670262400.0000000      -1.933950194314514      -2.422382865077285    
  -0.9752269696634364      4.8215659176378147E-08 -1.4387696164295111E-08
  -7.4373307494190680E-09  5.6234823933893582E-17  6.6229167050249163E-16
   2.8040991981536954E-16
    670406400.0000000      -1.927006551289432      -2.424447842635728    
  -0.9762950456815515      4.8223865445562871E-08 -1.4292656499297572E-08
  -7.3971109260237512E-09  5.7824746139653845E-17  6.5776082864740214E-16
   2.7822217294373856E-16
    670550400.0000000      -1.920061708923459      -2.426499180650125    
  -0.9773573523943289      4.8232324660510021E-08 -1.4198252065249082E-08
  -7.3571989978473045E-09  5.9746406083388488E-17  6.5347983798127896E-16
   2.7613928257375940E-16
    670694400.0000000      -1.913115627377541      -2.428536967850983    
  -0.9784139329711653      4.8241084013199647E-08 -1.4104443654138234E-08
  -7.3175781543662713E-09  6.1989758825685932E-17  6.4949511902290968E-16
   2.7418605890749864E-16
    670838400.0000000      -1.906168260150399      -2.430561286819974    
  -0.9794648278889592      4.8250188609060337E-08 -1.4011184925072579E-08
  -7.2782277067100681E-09  6.4534974358920194E-17  6.4585925623957663E-16
   2.7239162165415127E-16
    670982400.0000000      -1.899219554493269      -2.432572212899978    
  -0.9805100743281420      4.8259679781097014E-08 -1.3918421544073007E-08
  -7.2391224521020865E-09  6.7348309787856563E-17  6.4263043871388000E-16
   2.7078953701735413E-16
    671126400.0000000      -1.892269452114206      -2.434569812989886    
  -0.9815497054769332      4.8269592724922180E-08 -1.3826090471059218E-08
  -7.2002320465787482E-09  7.0376791529560837E-17  6.3987075119378503E-16
   2.6941745141699713E-16
    671270400.0000000      -1.885317890282041      -2.436554144260477    
  -0.9825837497518793      4.8279953288101953E-08 -1.3734119627889662E-08
  -7.1615204943166249E-09  7.3541894894764981E-17  6.3764231363895690E-16
   2.6831568311402628E-16
    671414400.0000000      -1.878364803460488      -2.438525252872451    
  -0.9836122299644837      4.8290773809095648E-08 -1.3642428340859749E-08
  -7.1229459512337594E-09  7.6732892957368969E-17  6.3600005531406039E-16
   2.6752406978926790E-16
    671558400.0000000      -1.871410125608586      -2.440483172846996    
  -0.9846351624998072      4.8302048049553095E-08 -1.3550929112189511E-08
  -7.0844611419141959E-09  7.9801350095775110E-17  6.3498058614490845E-16
   2.6707658243585404E-16
    671702400.0000000      -1.864453793261754      -2.442427925321144    
  -0.9856525566194244      4.8313745524653160E-08 -1.3459531324508758E-08
  -7.0460147505448039E-09  8.2560012330555835E-17  6.3458583605465485E-16
   2.6699270774088438E-16
    671846400.0000000      -1.857495749407832      -2.444359518524513    
  -0.9866644140670853      4.8325806278665531E-08 -1.3368147628360187E-08
  -7.0075542892238111E-09  8.4788989160878637E-17  6.3476299372349204E-16
   2.6726608850816021E-16
    671990400.0000000      -1.850535948027819      -2.446277948894108    
  -0.9876707292129602      4.8338137329424057E-08 -1.3276703429941839E-08
  -6.9690307921724628E-09  8.6257520735517291E-17  6.3538311164431983E-16
   2.6785085758821940E-16
    672134400.0000000      -1.843574358851420      -2.448183203759974    
  -0.9886714900141337      4.8350613488694315E-08 -1.3185149006623410E-08
  -6.9304053713387038E-09  8.6759914746318869E-17  6.3622774019697758E-16
   2.6865074536658677E-16
    672278400.0000000      -1.836610971574848      -2.450075265873268    
  -0.9896666800148453      4.8363084502884713E-08 -1.3093472602980607E-08
  -6.8916569497837729E-09  8.6168599958006231E-17  6.3699196397892375E-16
   2.6951521900874545E-16
    672422400.0000000      -1.829645798455985      -2.451954119701736    
  -0.9906562814585879      4.8375390526278359E-08 -1.3001711176453746E-08
  -6.8527896024058823E-09  8.4490526386845695E-17  6.3731600244543055E-16
   2.7025051299994223E-16
    672566400.0000000      -1.822678874137576      -2.453819758836541    
  -0.9916402792807999      4.8387384662966274E-08 -1.2909954359474220E-08
  -6.8138370070376005E-09  8.1903650448229182E-17  6.3684631057310110E-16
   2.7064847618361661E-16
    672710400.0000000      -1.815710251958294      -2.455672193254694    
  -0.9926186653882859      4.8398958265999992E-08 -1.2818338077208752E-08
  -6.7748616564789931E-09  7.8754566133130160E-17  6.3531314963865377E-16
   2.7052825595092557E-16
    672854400.0000000      -1.808739996813279      -2.457511454851909    
  -0.9935914423721303      4.8410062275528622E-08 -1.2727027140378366E-08
  -6.7359477685550804E-09  7.5503555840577339E-17  6.3259802400093944E-16
   2.6977803756083358E-16
    672998400.0000000      -1.801768175694421      -2.459337599875657    
  -0.9945586258046811      4.8420717112862124E-08 -1.2636190584107745E-08
  -6.6971891352087296E-09  7.2631454760062242E-17  6.2876165864080043E-16
   2.6837962032292653E-16
    673142400.0000000      -1.794794847802971      -2.461150707683160    
  -0.9955202446175222      4.8431008704504739E-08 -1.2545976493827098E-08
  -6.6586752601889653E-09  7.0544196834147733E-17  6.2402252801755130E-16
   2.6640686147588435E-16
    673286400.0000000      -1.787820056189500      -2.462950876269599    
  -0.9964763395951822      4.8441072025693977E-08 -1.2456493343336382E-08
  -6.6204796799337859E-09  6.9507359171096849E-17  6.1869458463095604E-16
   2.6399921759032131E-16
    673430400.0000000      -1.780843822262874      -2.464738215819397    
  -0.9974269605145811      4.8451068807687562E-08 -1.2367801393763667E-08
  -6.5826530510403421E-09  6.9628102996150732E-17  6.1311583464782838E-16
   2.6132544558419797E-16
    673574400.0000000      -1.773866143546787      -2.466512841750363    
  -0.9983721626762104      4.8461165773806568E-08 -1.2279913968060875E-08
  -6.5452215717261101E-09  7.0877928366406076E-17  6.0758861429442351E-16
   2.5854934336903604E-16
    673718400.0000000      -1.766886994231954      -2.468274868472029    
  -0.9993120035263660      4.8471518057328239E-08 -1.2192805405612642E-08
  -6.5081895062563693E-09  7.3136210373534657E-17  6.0234724179267381E-16
   2.5580796703750755E-16
    673862400.0000000      -1.759906327637353      -2.470024404533655    
   -1.000246539822958      4.8482259306604060E-08 -1.2106421832345389E-08
  -6.4715439067134477E-09  7.6235729656120234E-17  5.9754959669590342E-16
   2.5320240530054847E-16
    674006400.0000000      -1.752924079646319      -2.471761549342856    
   -1.001175825538542      4.8493497801251570E-08 -1.2020691804831555E-08
  -6.4352598919979494E-09  7.9998683657351870E-17  5.9328528373254653E-16
   2.5079839973898766E-16
    674150400.0000000      -1.745940172374277      -2.473486391293076    
   -1.002099910491350      4.8505316782737215E-08 -1.1935535042851118E-08
  -6.3993053427554046E-09  8.4259129253295756E-17  5.8959166895179010E-16
   2.4863259448448639E-16
    674294400.0000000      -1.738954517599871      -2.475199006975765    
   -1.003018839579494      4.8517777149734550E-08 -1.1850868789950165E-08
  -6.3636445718614067E-09  8.8874496261689273E-17  5.8646956721095586E-16
   2.4671972326293326E-16
    674438400.0000000      -1.731967019719383      -2.476899461148629    
   -1.003932652467774      4.8530921170888484E-08 -1.1766611950728791E-08
  -6.3282409166010735E-09  9.3728563357922186E-17  5.8389821109199245E-16
   2.4506028350424935E-16
    674582400.0000000      -1.724977578157155      -2.478587807160378    
   -1.004841383574119      4.8544776244823786E-08 -1.1682687447733140E-08
  -6.2930583826433206E-09  9.8730348075168830E-17  5.8184474528131641E-16
   2.4364572390360380E-16
    674726400.0000000      -1.717986089255908      -2.480264087624549    
   -1.005745062242528      4.8559358289843544E-08 -1.1599023375250300E-08
  -6.2580626069330348E-09  1.0381041236421764E-16  5.8027152752459874E-16
   2.4246275254235433E-16
    674870400.0000000      -1.710992447720026      -2.481928335196286    
   -1.006643713016361      4.8574674562929426E-08 -1.1515553329081556E-08
  -6.2232213210460382E-09  1.0891686189799658E-16  5.7914062832843398E-16
   2.4149612343907574E-16
    675014400.0000000      -1.703996547695016      -2.483580573357032    
   -1.007537355953144      4.8590725895828169E-08 -1.1432216251859103E-08
  -6.1885044968541784E-09  1.1401144563847691E-16  5.7841611055917414E-16
   2.4073027551204815E-16
    675158400.0000000      -1.696998283563542      -2.485220817158734    
   -1.008426006946409      4.8607508410122675E-08 -1.1348956047761535E-08
  -6.1538843129544065E-09  1.1906625057101077E-16  5.7806520036142039E-16
   2.4015030305095994E-16
    675302400.0000000      -1.689997550526521      -2.486849073903015    
   -1.009309678034327      4.8625014803165791E-08 -1.1265721080431858E-08
  -6.1193350149728212E-09  1.2406104801448958E-16  5.7805879276045405E-16
   2.3974249243735608E-16
    675446400.0000000      -1.682994245024341      -2.488465343744695    
   -1.010188377683894      4.8643235297494753E-08 -1.1182463636605354E-08
  -6.0848327237123292E-09  1.2898125279177827E-16  5.7837144400602511E-16
   2.3949452805669002E-16
    675590400.0000000      -1.675988265040627      -2.490069620219824    
   -1.011062111046381      4.8662158334455810E-08 -1.1099139425458815E-08
  -6.0503552346072660E-09  1.3381637365554639E-16  5.7898091193141946E-16
   2.3939542734261041E-16
    675734400.0000000      -1.668979510320720      -2.491661890706788    
   -1.011930880184951      4.8681771075918830E-08 -1.1015707137104224E-08
  -6.0158818275800416E-09  1.3855891850208984E-16  5.7986812302265145E-16
   2.3943560622628867E-16
    675878400.0000000      -1.661967882527802      -2.493242136822931    
   -1.012794684273838      4.8702059775042608E-08 -1.0932128010082176E-08
  -5.9813930722398719E-09  1.4320357560116912E-16  5.8101656531927207E-16
   2.3960666301215623E-16
    676022400.0000000      -1.654953285353409      -2.494810334766278    
   -1.013653519772258      4.8723010046130872E-08 -1.0848365478233136E-08
  -5.9468706623876810E-09  1.4774665899985450E-16  5.8241206338369703E-16
   2.3990130470107095E-16
    676166400.0000000      -1.647935624594263      -2.496366455610310    
   -1.014507380575984      4.8744607065659725E-08 -1.0764384886653346E-08
  -5.9122972779888189E-09  1.5218571560511752E-16  5.8404237601626523E-16
   2.4031318369841932E-16
    676310400.0000000      -1.640914808203330      -2.497910465557775    
   -1.015356258148963      4.8766835733108451E-08 -1.0680153196177224E-08
  -5.8776564415458620E-09  1.5651929178002389E-16  5.8589716602793381E-16
   2.4083688681600884E-16
    676454400.0000000      -1.633890746320114      -2.499442326155331    
   -1.016200141635684      4.8789680799968673E-08 -1.0595638741059628E-08
  -5.8429323972169514E-09  1.6074675420357186E-16  5.8796765432463931E-16
   2.4146778637568074E-16
    676598400.0000000      -1.626863351283867      -2.500961994475622    
   -1.017039017957154      4.8813126980143257E-08 -1.0510811011923583E-08
  -5.8081100009071013E-09  1.6486819877489979E-16  5.9024656908196628E-16
   2.4220201785621261E-16
    676742400.0000000      -1.619832537631639      -2.502469423268003    
   -1.017872871891009      4.8837159051126839E-08 -1.0425640434803386E-08
  -5.7731746086015270E-09  1.6888440329855511E-16  5.9272820325567175E-16
   2.4303650693686872E-16
    676886400.0000000      -1.612798222082183      -2.503964561076893    
   -1.018701686135251      4.8861761949381908E-08 -1.0340098144499159E-08
  -5.7381119615720996E-09  1.7279678518560271E-16  5.9540838682078035E-16
   2.4396896527837086E-16
    677030400.0000000      -1.605760323506623      -2.505447352328503    
   -1.019525441355809      4.8886920858142857E-08 -1.0254155778811752E-08
  -5.7029080789475473E-09  1.7660735356156774E-16  5.9828444661567659E-16
   2.4499788751040416E-16
    677174400.0000000      -1.598718762886755      -2.506917737385258    
   -1.020344116217289      4.8912621294008178E-08 -1.0167785199398003E-08
  -5.6675491162561869E-09  1.8031869395853935E-16  6.0135576053344613E-16
   2.4612281500826719E-16
    677318400.0000000      -1.591673463261585      -2.508375652558973    
   -1.021157687392578      4.8938849178802899E-08 -1.0080958235767188E-08
  -5.6320212285021886E-09  1.8393383815871484E-16  6.0462381925908720E-16
   2.4734440379368710E-16
    677462400.0000000      -1.584624349664632      -2.509821030080123    
   -1.021966129549261      4.8965590894734850E-08 -9.9936463280537558E-09
  -5.5963103837473492E-09  1.8745607637270185E-16  6.0809240148518285E-16
   2.4866455310874680E-16
    677606400.0000000      -1.577571349055902      -2.511253798018241    
   -1.022769415309640      4.8992833303190908E-08 -9.9058201648543681E-09
  -5.5604021644750360E-09  1.9088868369185486E-16  6.1176840353027154E-16
   2.5008684415550321E-16
    677750400.0000000      -1.570514390254423      -2.512673880138772    
   -1.023567515176315      4.9020563710890264E-08 -9.8174491944088832E-09
  -5.5242815009427600E-09  1.9423441528839310E-16  6.1566225636054043E-16
   2.5161682891214712E-16
    677894400.0000000      -1.563453403881760      -2.514081195686267    
   -1.024360397416715      4.9048769745614768E-08 -9.7285010797262470E-09
  -5.4879323622006866E-09  1.9749474484344554E-16  6.1978850868627013E-16
   2.5326242688505413E-16
    678038400.0000000      -1.556388322332434      -2.515475659081984    
   -1.025148027898402      4.9077439097878172E-08 -9.6389410494813525E-09
  -5.4513373780661318E-09  2.0066872584222347E-16  6.2416662989975871E-16
   2.5503446306970569E-16
    678182400.0000000      -1.549319079794989      -2.516857179519510    
   -1.025930369864113      4.9106559062825161E-08 -9.5487311319851771E-09
  -5.4144773793016164E-09  2.0375131228419129E-16  6.2882175256550761E-16
   2.5694723344542531E-16
    678326400.0000000      -1.542245612358685      -2.518225660443302    
   -1.026707383634914      4.9136115791647982E-08 -9.4578293047777650E-09
  -5.3773308620250252E-09  2.0673095499395144E-16  6.3378500631659288E-16
   2.5901895083327087E-16
    678470400.0000000      -1.535167858255927      -2.519580998902767    
   -1.027479026232048      4.9166093133199516E-08 -9.3661886177309703E-09
  -5.3398733929314211E-09  2.0958630167168808E-16  6.3909384766872748E-16
   2.6127224298726966E-16
    678614400.0000000      -1.528085758308539      -2.520923084776905    
   -1.028245250908004      4.9196470933508907E-08 -9.2737563003824859E-09
  -5.3020769548819255E-09  2.1228174120515836E-16  6.4479125703452123E-16
   2.6373419709530458E-16
    678758400.0000000      -1.520999256671230      -2.522251799883735    
   -1.029006006584783      4.9227222588635607E-08 -9.1804730768033712E-09
  -5.2639093236713342E-09  2.1476196003681893E-16  6.5092364937649752E-16
   2.6643579535330237E-16
    678902400.0000000      -1.513908301984472      -2.523567017022347    
   -1.029761237213162      4.9258311761598240E-08 -9.0862729822437331E-09
  -5.2253336231857949E-09  2.1694523622870603E-16  6.5753626714118426E-16
   2.6941017504756303E-16
    679046400.0000000      -1.506812849074413      -2.524868599041309    
   -1.030510881088553      4.9289688091627260E-08 -8.9910839872070922E-09
  -5.1863082119927589E-09  2.1871708669952274E-16  6.6466549986201199E-16
   2.7268915020370253E-16
    679190400.0000000      -1.499712861331425      -2.526156398094777    
   -1.031254870196515      4.9321282079566999E-08 -8.8948300923321598E-09
  -5.1467872688722007E-09  2.1992530047292316E-16  6.7232641245745700E-16
   2.7629708583863976E-16
    679334400.0000000      -1.492608313866746      -2.527430255345015    
   -1.031993129715445      4.9352999512905596E-08 -8.7974355504017269E-09
  -5.1067224655483542E-09  2.2037983379229741E-16  6.8049555974560343E-16
   2.8024172650935575E-16
    679478400.0000000      -1.485499197445085      -2.528690001466817    
   -1.032725577866597      4.9384716500253864E-08 -8.6988318738711479E-09
  -5.0660661918483411E-09  2.1986252750686257E-16  6.8909016081010778E-16
   2.8450205362535984E-16
    679622400.0000000      -1.478385522988072      -2.529935458381876    
   -1.033452126361549      4.9416276846302678E-08 -8.5989678965569214E-09
  -5.0247766560429831E-09  2.1815085007050316E-16  6.9794802496553821E-16
   2.8901510166226207E-16
    679766400.0000000      -1.471267326153238      -2.531166442632631    
   -1.034172681717200      4.9447494047642266E-08 -8.4978222830543902E-09
  -4.9828247697165028E-09  2.1505887249764300E-16  7.0681608051622331E-16
   2.9366560117386383E-16
    679910400.0000000      -1.464144671140008      -2.532382770621493    
   -1.034887147646637      4.9478160399186762E-08 -8.3954164030917617E-09
  -4.9402019660986542E-09  2.1049231484521600E-16  7.1536013864509218E-16
   2.9828545165970881E-16
    680054400.0000000      -1.457017652600592      -2.533584265511646    
   -1.035595428534002      4.9508064131808772E-08 -8.2918239276778198E-09
  -4.8969271016832727E-09  2.0450132904081185E-16  7.2320152241559387E-16
   3.0266782434331791E-16
    680198400.0000000      -1.449886394566646      -2.534770765014792    
   -1.036297433692213      4.9537013289589788E-08 -8.1871726567172661E-09
  -4.8530499067507449E-09  1.9731273058005120E-16  7.2998560992818778E-16
   3.0660045168125705E-16
    680342400.0000000      -1.442751045762304      -2.535942128680420    
   -1.036993081728664      4.9564860795319292E-08 -8.0816356907357150E-09
  -4.8086488641025452E-09  1.8931372203595344E-16  7.3545755037826016E-16
   3.0990773483570404E-16
    680486400.0000000      -1.435611771630437      -2.537098243122720    
   -1.037682304149878      4.9591523897398534E-08 -7.9754118441730966E-09
  -4.7638227637304895E-09  1.8098833883181689E-16  7.3952542352454300E-16
   3.1249107246303164E-16
    680630400.0000000      -1.428468744383194      -2.538239023913370    
   -1.038365047389935      4.9616991289028474E-08 -7.8687001365472444E-09
  -4.7186778126442868E-09  1.7281945363551441E-16  7.4227585559392979E-16
   3.1434737705084015E-16
    680774400.0000000      -1.421322133069540      -2.539364413813630    
   -1.039041272881319      4.9641315944809625E-08 -7.7616756121017378E-09
  -4.6733139732173409E-09  1.6519775682573969E-16  7.4394218122833602E-16
   3.1556149915209771E-16
    680918400.0000000      -1.414172095522460      -2.540474377993664    
   -1.039710955321282      4.9664597057118068E-08 -7.6544724885353382E-09
  -4.6278140876277293E-09  1.5836634674613387E-16  7.4483936795992475E-16
   3.1627720415919925E-16
    681062400.0000000      -1.407018773325211      -2.541568897567037    
   -1.040374079725046      4.9686957313148097E-08 -7.5471778249785501E-09
  -4.5822381382292297E-09  1.5241199779308730E-16  7.4529052050304125E-16
   3.1665883116933943E-16
    681206400.0000000      -1.399862289983562      -2.542647962934340    
   -1.041030638044236      4.9708522063764354E-08 -7.4398346092675357E-09
  -4.5366227324982736E-09  1.4729537247688109E-16  7.4557557564935183E-16
   3.1686075588293907E-16
    681350400.0000000      -1.392702751704253      -2.543711568006913    
   -1.041680625984923      4.9729404242635914E-08 -7.3324504202440911E-09
  -4.4909841675364310E-09  1.4289512175239342E-16  7.4590194989673672E-16
   3.1700711141615765E-16
    681494400.0000000      -1.385540249869160      -2.544759705901774    
   -1.042324040435697      4.9749695962463471E-08 -7.2250084135949503E-09
  -4.4453234258372006E-09  1.3905318947124695E-16  7.4640296611914850E-16
   3.1718626598848414E-16
    681638400.0000000      -1.378374864286167      -2.545792366172057    
   -1.042960877635373      4.9769465771675225E-08 -7.1174775185841346E-09
  -4.3996313356160972E-09  1.3560706042183714E-16  7.4714675516679686E-16
   3.1745224828770064E-16
    681782400.0000000      -1.371206666541539      -2.546809533378139    
   -1.043591132045909      4.9788759703288633E-08 -7.0098206119760445E-09
  -4.3538930457193224E-09  1.3240996825514649E-16  7.4815344549571547E-16
   3.1783179528018570E-16
    681926400.0000000      -1.364035723035606      -2.547811186656531    
   -1.044214795791429      4.9807604357567863E-08 -6.9020002546324534E-09
  -4.3080914109510935E-09  1.2934000013652108E-16  7.4941096172144449E-16
   3.1833186652643944E-16
    682070400.0000000      -1.356862097509243      -2.548797299958882    
   -1.044831858507974      4.9826010720228332E-08 -6.7939823263717319E-09
  -4.2622093288789672E-09  1.2630206244729246E-16  7.5088816416546562E-16
   3.1894645963110289E-16
    682214400.0000000      -1.349685853017635      -2.549767842689239    
   -1.045442307463276      4.9843977925951519E-08 -6.6857380045058897E-09
  -4.2162311874159570E-09  1.2322583987033389E-16  7.5254461783057823E-16
   3.1966202815332290E-16
    682358400.0000000      -1.342507053391671      -2.550722780537065    
   -1.046046127834402      4.9861496571167616E-08 -6.5772445867398863E-09
  -4.1701436498482923E-09  1.2006203567408073E-16  7.5433694900013774E-16
   3.2046126362730132E-16
    682502400.0000000      -1.335325764263723      -2.551662076373610    
   -1.046643303064653      4.9878551444758186E-08 -6.4684856158886040E-09
  -4.1239360052524626E-09  1.1677828136956480E-16  7.5622246907221412E-16
   3.2132547791641686E-16
    682646400.0000000      -1.328142053742162      -2.552585691134678    
   -1.047233815249498      4.9895123682535609E-08 -6.3594505849483732E-09
  -4.0776002336464260E-09  1.1335531709378299E-16  7.5816174008112523E-16
   3.2223633110501072E-16
    682790400.0000000      -1.320955992813515      -2.553493584638625    
   -1.047817645516602      4.9911192410900114E-08 -6.2501343938760407E-09
  -4.0311308910402288E-09  1.0978377994839043E-16  7.6011917664272559E-16
   3.2317651065965278E-16
    682934400.0000000      -1.313767655538751      -2.554385716322901    
   -1.048394774383982      4.9926735979642578E-08 -6.1405367425623763E-09
  -3.9845249144971076E-09  1.0606169939000133E-16  7.6206357463720410E-16
   3.2413026151509035E-16
    683078400.0000000      -1.306577119095871      -2.555262045891793    
   -1.048965182086837      4.9941732875937740E-08 -6.0306615369214043E-09
  -3.9377813990062369E-09  1.0219251863700309E-16  7.6396787643194441E-16
   3.2508347342642248E-16
    683222400.0000000      -1.299384463709755      -2.556122533877519    
   -1.049528848870042      4.9956162389038672E-08 -5.9205162726527069E-09
  -3.8909013424449590E-09  9.8183627987432309E-17  7.6580910600368161E-16
   3.2602377534981019E-16
    683366400.0000000      -1.292189772499833      -2.556967142117114    
   -1.050085755244817      4.9970005096518188E-08 -5.8101114918803450E-09
  -3.8438874082906891E-09  9.4045304204454906E-17  7.6756782919110110E-16
   3.2694037625041304E-16
    683510400.0000000      -1.284993131267650      -2.557795834155679    
   -1.050635882212555      4.9983243219548683E-08 -5.6994602980166134E-09
  -3.7967437053564182E-09  8.9789934698568631E-17  7.6922784714276618E-16
   3.2782397488742935E-16
    683654400.0000000      -1.277794628240475      -2.558608575582464    
   -1.051179211457766      4.9995860883452996E-08 -5.5885779064737329E-09
  -3.7494755785664670E-09  8.5431463870068387E-17  7.7077596224553468E-16
   3.2866668074507866E-16
    683798400.0000000      -1.270594353782479      -2.559405334304822    
   -1.051715725511802      5.0007844311812075E-08 -5.4774812334624274E-09
  -3.7020894139747543E-09  8.0985013872286071E-17  7.7220163536040393E-16
   3.2946187636229331E-16
    683942400.0000000      -1.263392400081362      -2.560186080767296    
   -1.052245407890313      5.0019181976612551E-08 -5.3661885526570658E-09
  -3.6545924721203294E-09  7.6466629615566218E-17  7.7349662067193531E-16
   3.3020406366763408E-16
    684086400.0000000      -1.256188860815855      -2.560950788121867    
   -1.052768243206937      5.0029864713812136E-08 -5.2547191233161704E-09
  -3.6069927087669339E-09  7.1893079419817267E-17  7.7465517210560419E-16
   3.3088895443274277E-16
    684230400.0000000      -1.248983830808082      -2.561699432347693    
   -1.053284217262468      5.0039885821532004E-08 -5.1430928992979288E-09
  -3.5592986302883682E-09  6.7281742487342628E-17  7.7567376398552966E-16
   3.3151335239113752E-16
    684374400.0000000      -1.241777405663229      -2.562431992324760    
   -1.053793317111370      5.0049241139428612E-08 -5.0313301786681534E-09
  -3.5115191228933414E-09  6.2650537615312563E-17  7.7655087014509963E-16
   3.3207506324984840E-16
    684518400.0000000      -1.234569681398088      -2.563148449864614    
   -1.054295531106864      5.0057929121403801E-08 -4.9194513155329895E-09
  -3.4636633075607251E-09  5.8017830327139829E-17  7.7728737650901916E-16
   3.3257308392436783E-16
    684662400.0000000      -1.227360754060271      -2.563848789692239    
   -1.054790848921833      5.0065950894754112E-08 -4.8074763636236392E-09
  -3.4157403633641146E-09  5.3402369393306843E-17  7.7788655509636738E-16
   3.3300761060520975E-16
    684806400.0000000      -1.220150719339516      -2.564532999378093    
   -1.055279261544662      5.0073310309830187E-08 -4.6954247296012560E-09
  -3.3677593515082954E-09  4.8823196752270112E-17  7.7835419380542581E-16
   3.3338012469850839E-16
    684950400.0000000      -1.212939672172957      -2.565201069217744    
   -1.055760761248347      5.0080013972511412E-08 -4.5833147861635620E-09
  -3.3197290167405608E-09  4.4299493344765412E-17  7.7869897622373152E-16
   3.3369360112221124E-16
    685094400.0000000      -1.205727706347604      -2.565852992051426    
   -1.056235341528576      5.0086071248593399E-08 -4.4711634230942333E-09
  -3.2716575543206641E-09  3.9850336635323859E-17  7.7893291341379516E-16
   3.3395275776890013E-16
    685238400.0000000      -1.198514914105056      -2.566488763014719    
   -1.056702997005722      5.0091494225416577E-08 -4.3589855433748688E-09
  -3.2235523425948558E-09  3.5494341701591141E-17  7.7907162324052854E-16
   3.3416426257951157E-16
    685382400.0000000      -1.191301385756022      -2.567108379213959    
   -1.057163723286153      5.0096297608257284E-08 -4.2467935107460988E-09
  -3.1754196401627455E-09  3.1249059515071750E-17  7.7913511904057895E-16
   3.3433719174042027E-16
    685526400.0000000      -1.184087209317001      -2.567711839311353    
   -1.057617516773937      5.0100498512615517E-08 -4.1345964565201104E-09
  -3.1272642021792205E-09  2.7130164947138918E-17  7.7914833558555878E-16
   3.3448341607434379E-16
    685670400.0000000      -1.176872470186611      -2.568299143006187    
   -1.058064374423768      5.0104116102712896E-08 -4.0223995095812011E-09
  -3.0790888382672123E-09  2.3150053503493448E-17  7.7914197760342934E-16
   3.3461816700984886E-16
    685814400.0000000      -1.169657250889873      -2.568870290398494    
   -1.058504293425053      5.0107171007842147E-08 -3.9102029613281410E-09
  -3.0308939088609991E-09  1.9316127381992245E-17  7.7915287856058949E-16
   3.3476045249189915E-16
    685958400.0000000      -1.162441630927129      -2.569425281224401    
   -1.058937270807117      5.0109684424157938E-08 -3.7980012986855123E-09
  -2.9826767230231166E-09  1.5628085162293864E-17  7.7922480839339276E-16
   3.3493372542912788E-16
    686102400.0000000      -1.155225686783305      -2.569964113948743    
   -1.059363302952654      5.0111676768250302E-08 -3.6857822170550733E-09
  -2.9344308778554945E-09  1.2074387899111043E-17  7.7940820307168494E-16
   3.3516613102950025E-16
    686246400.0000000      -1.148009492171228      -2.570486784719990    
   -1.059782385014113      5.0113165744574105E-08 -3.5735257100980216E-09
  -2.8861455764813157E-09  8.6275764438019267E-18  7.7975921065495740E-16
   3.3549048143764641E-16
    686390400.0000000      -1.140793118606126      -2.570993286208059    
   -1.060194510233899      5.0114163648925226E-08 -3.4612033901589047E-09
  -2.8378049912807502E-09  5.2383955449685010E-18  7.8033718860042289E-16
   3.3594351759927085E-16
    686534400.0000000      -1.133576636432751      -2.571483606377858    
   -1.060599669184255      5.0114673760041665E-08 -3.3487783390309436E-09
  -2.7893878168077030E-09  1.8291811299742865E-18  7.8119953543993268E-16
   3.3656383746794182E-16
    686678400.0000000      -1.126360116441442      -2.571957727306891    
   -1.060997848970460      5.0114685772963262E-08 -3.2362059645358860E-09
  -2.7408672578855672E-09 -1.7124620848154087E-18  7.8239268192542072E-16
   3.3738776375038862E-16
    686822400.0000000      -1.119143632203656      -2.572415624233592    
   -1.061389032483118      5.0114170407079564E-08 -3.1234364349448772E-09
  -2.6922117760719052E-09 -5.5383754962740352E-18  7.8393900520402769E-16
   3.3844280379206603E-16
    686966400.0000000      -1.111927263215379      -2.572857265109235    
   -1.061773197836821      5.0113073789865523E-08 -3.0104193938264072E-09
  -2.6433870325442766E-09 -9.8368580005749372E-18  7.8581844822468175E-16
   3.3973753975360913E-16
    687110400.0000000      -1.104711098797933      -2.573282611033142    
   -1.062150318202788      5.0111312649809575E-08 -2.8971115635979144E-09
  -2.5943594565544579E-09 -1.4822536786960691E-17  7.8794709380024851E-16
   3.4124915532479965E-16
    687254400.0000000      -1.097495242519369      -2.573691618008982    
   -1.062520362293757      5.0108772461074241E-08 -2.7834874452112474E-09
  -2.5451017706683086E-09 -2.0706546923138875E-17  7.9015838803264214E-16
   3.4291028669791348E-16
    687398400.0000000      -1.090279816536946      -2.574084240406204    
   -1.062883295768643      5.0105310643593385E-08 -2.6695520435528248E-09
  -2.4956001277700682E-09 -2.7654038629784353E-17  7.9219535276644347E-16
   3.4460046058385872E-16
    687542400.0000000      -1.083064964970282      -2.574460436276770    
   -1.063239083729611      5.0100767242126785E-08 -2.5553533681496786E-09
  -2.4458618997983634E-09 -3.5726561782840659E-17  7.9372505060821953E-16
   3.4614786229367772E-16
    687686400.0000000      -1.075850855132842      -2.574820174219604    
   -1.063587694268457      5.0094983810816972E-08 -2.4409906722404333E-09
  -2.3959220407727072E-09 -4.4831733738311733E-17  7.9438375001352987E-16
   3.4734823444929560E-16
    687830400.0000000      -1.068637675596746      -2.575163440860698    
   -1.063929102670885      5.0087827810076198E-08 -2.3266141327198440E-09
  -2.3458454509657660E-09 -5.4701796978855187E-17  7.9384760200932626E-16
   3.4800039896348806E-16
    687974400.0000000      -1.061425630660673      -2.575490247499814    
   -1.064263295549375      5.0079217066119485E-08 -2.2124134215948217E-09
  -2.2957234135926742E-09 -6.4917744965724723E-17  7.9190973741040861E-16
   3.4794995803800311E-16
    688118400.0000000      -1.054214931730701      -2.575800634353144    
   -1.064590274012456      5.0069136847264406E-08 -2.0985963364004570E-09
  -2.2456639517827739E-09 -7.4986073234793677E-17  7.8853308101458749E-16
   3.4712546920745286E-16
    688262400.0000000      -1.047005787169054      -2.576094671315197    
   -1.064910055134044      5.0057643645824267E-08 -1.9853629756252981E-09
  -2.1957784327621268E-09 -8.4435221414472070E-17  7.8385716042702589E-16
   3.4555205854805456E-16
    688406400.0000000      -1.039798392599036      -2.576372455105479    
   -1.065222671445007      5.0044855165356613E-08 -1.8728825486760365E-09
  -2.1461681448315622E-09 -9.2903865167235083E-17  7.7815551067168570E-16
   3.4333784929836790E-16
    688550400.0000000      -1.032592923447522      -2.576634103656586    
   -1.065528168719637      5.0030930451154905E-08 -1.7612789202646299E-09
  -2.0969145165520141E-09 -1.0018459358007902E-16  7.7176635546247146E-16
   3.4064148176966614E-16
    688694400.0000000      -1.025389530642974      -2.576879749162760    
   -1.065826602719336      5.0016046995717978E-08 -1.6506264476489544E-09
  -2.0480745215751386E-09 -1.0622298450058170E-16  7.6502342391880157E-16
   3.3763502485842723E-16
    688838400.0000000      -1.018188339455628      -2.577109531201456    
   -1.066118035650129      5.0000380816226835E-08 -1.5409546240385878E-09
  -1.9996810965460315E-09 -1.1108293215191033E-16  7.5820765896910333E-16
   3.3447461095333535E-16
    688982400.0000000      -1.010989450781461      -2.577323590925518    
   -1.066402532938855      4.9984092704697963E-08 -1.4322576390079778E-09
  -1.9517468226317739E-09 -1.1490037181934080E-16  7.5152612984794845E-16
   3.3128437752745091E-16
    689126400.0000000      -1.003792943923890      -2.577522066769083    
   -1.066680160662740      4.9967321070469085E-08 -1.3245053394253538E-09
  -1.9042690395946632E-09 -1.1784097240319898E-16  7.4511182241930412E-16
   3.2815195795514539E-16
    689270400.0000000     -0.9965988800030001      -2.577705091678461    
   -1.066950983728782      4.9950180079683869E-08 -1.2176531374552628E-09
  -1.8572349479038372E-09 -1.2006999721486847E-16  7.3903632947969066E-16
   3.2513213437727767E-16
    689414400.0000000     -0.9894073053679893      -2.577872791612760    
   -1.067215064731345      4.9932761149722213E-08 -1.1116496467628052E-09
  -1.8106258433109795E-09 -1.2173514514004383E-16  7.3332635562828550E-16
   3.2225390294343863E-16
    689558400.0000000     -0.9822182546532986      -2.578025284977020    
   -1.067472463344608      4.9915136184856468E-08 -1.0064420452220364E-09
  -1.7644203155996022E-09 -1.2295901896155707E-16  7.2797919840121126E-16
   3.1952792343965193E-16
    689702400.0000000     -0.9750317533205132      -2.578162682667915    
   -1.067723236095951      4.9897361300315782E-08 -9.0197926958719229E-10
  -1.7185963450907103E-09 -1.2383848564964646E-16  7.2297530253071491E-16
   3.1695319225641018E-16
    689846400.0000000     -0.9678478196696781      -2.578285088470218    
   -1.067967436381775      4.9879480408191563E-08 -7.9821379528232442E-10
  -1.6731326251722877E-09 -1.2444710320923344E-16  7.1828695202589671E-16
   3.1452192452722312E-16
    689990400.0000000     -0.9606664663676329      -2.578392599627809    
   -1.068205114626559      4.9861528301234557E-08 -6.9510235733976820E-10
  -1.6280092638798932E-09 -1.2483902841297979E-16  7.1388395976704371E-16
   3.1222301497769030E-16
    690134400.0000000     -0.9534877015746998      -2.578485307466344    
   -1.068436318511024      4.9843533143558406E-08 -5.9260599468572372E-10
  -1.5832080683942979E-09 -1.2505312882382977E-16  7.0973726055846074E-16
   3.1004436077191682E-16
    690278400.0000000     -0.9463115297537605      -2.578563297994577    
   -1.068661093222019      4.9825518404178027E-08 -4.9068975584310005E-10
  -1.5387125874599208E-09 -1.2511658088927304E-16  7.0582052334837297E-16
   3.0797412063034863E-16
    690422400.0000000     -0.9391379522364131      -2.578626652449654    
   -1.068879481697420      4.9807504310993062E-08 -3.8932223365115606E-10
  -1.4945080116861563E-09 -1.2504790441252203E-16  7.0211098177773148E-16
   3.0600146896112568E-16
    690566400.0000000     -0.9319669676090714      -2.578675447768985    
   -1.069091524850285      4.9789508912898758E-08 -2.8847502425181440E-10
  -1.4505809941545043E-09 -1.2485936393425275E-16  6.9858969190444022E-16
   3.0411697337959815E-16
    690710400.0000000     -0.9247985719688188      -2.578709756983256    
   -1.069297261764387      4.9771548841635771E-08 -1.8812218461385840E-10
  -1.4069194394770789E-09 -1.2455875192059268E-16  6.9524129962699579E-16
   3.0231266553775572E-16
    690854400.0000000     -0.9176327590860722      -2.578729649535468    
   -1.069496729859632      4.9753639856764043E-08 -8.8239760055677334E-11
  -1.3635123035823611E-09 -1.2415069630355323E-16  6.9205357050421733E-16
   3.0058194502212276E-16
    690998400.0000000     -0.9104695205015546      -2.578735191534111    
   -1.069689965028649      4.9735797215210989E-08  1.1194691397395998E-11
  -1.3203493799571405E-09 -1.2363771104314530E-16  6.8901733005970079E-16
   2.9891961781231028E-16
    691142400.0000000     -0.9033088455788739      -2.578726445944187    
   -1.069877001744802      4.9718035933641395E-08  1.1020244902088060E-10
  -1.2774211336783500E-09 -1.2302080719395979E-16  6.8612595663920623E-16
   2.9732170881669874E-16
    691286400.0000000     -0.8961507215258219      -2.578703472725397    
   -1.070057873144988      4.9700370964195955E-08  2.0880401024610667E-10
  -1.2347185186599898E-09 -1.2229993524528498E-16  6.8337481811354990E-16
   2.9578523551102285E-16
    691430400.0000000     -0.8889951333937716      -2.578666328927541    
   -1.070232611091192      4.9682817319856112E-08  3.0701934860382494E-10
  -1.1922328464831922E-09 -1.2147437711694374E-16  6.8076133735841514E-16
   2.9430824231889707E-16
    691574400.0000000     -0.8818420640628876      -2.578615068744496    
   -1.070401246211272      4.9665390155466485E-08  4.0486819638109166E-10
  -1.1499556442213856E-09 -1.2054290863093868E-16  6.7828464123086825E-16
   2.9288964831649113E-16
    691718400.0000000     -0.8746914942168328      -2.578549743532507    
   -1.070563807921457      4.9648104832690915E-08  5.0237026811772886E-10
  -1.1078785380839861E-09 -1.1950390647252265E-16  6.7594533921142409E-16
   2.9152914979221343E-16
    691862400.0000000     -0.8675434023091851      -2.578470401797532    
   -1.070720324432633      4.9630976970714338E-08  5.9954547242217555E-10
  -1.0659931422744550E-09 -1.1835543521290813E-16  6.7374553283882214E-16
   2.9022722436911948E-16
    692006400.0000000     -0.8603977645233468      -2.578377089151608    
   -1.070870822740418      4.9614022486801055E-08  6.9641413096368224E-10
  -1.0242909444947218E-09 -1.1709529592584249E-16  6.7168885534080012E-16
   2.8898515202372037E-16
    692150400.0000000     -0.8532545547269387      -2.578269848237624    
   -1.071015328598654      4.9597257633840482E-08  7.9299719434880751E-10
  -9.8276319187572589E-10 -1.1572101291250806E-16  6.6978033721039570E-16
   2.8780496617073349E-16
    692294400.0000000     -0.8461137444205381      -2.578148718624651    
   -1.071153866477078      4.9580699039527208E-08  8.8931644512899713E-10
  -9.4140078059761735E-10 -1.1422990922430698E-16  6.6802675697398451E-16
   2.8668962412109452E-16
    692438400.0000000     -0.8389753026820880      -2.578013736667840    
   -1.071286459500166      4.9564363728642093E-08  9.8539477918822898E-10
  -9.0019410808758198E-10 -1.1261914360667731E-16  6.6643673787193908E-16
   2.8564307792256703E-16
    692582400.0000000     -0.8318391961083095      -2.577864935328258    
   -1.071413129364565      4.9548269137226482E-08  1.0812565003252335E-09
  -8.5913291429299174E-10 -1.1088586118051934E-16  6.6502118934336174E-16
   2.8467051072523425E-16
    692726400.0000000     -0.8247053887554960      -2.577702343947234    
   -1.071533896231801      4.9532433110105514E-08  1.1769276349941523E-09
  -8.1820610665479335E-10 -1.0902735026750567E-16  6.6379343481547326E-16
   2.8377845433684376E-16
    692870400.0000000     -0.8175738420837012      -2.577525987969165    
   -1.071648778592361      4.9516873847449630E-08  1.2724363596262123E-09
  -7.7740152527949471E-10 -1.0704148747299171E-16  6.6277007387761305E-16
   2.8297525402337628E-16
    693014400.0000000     -0.8104445149131607      -2.577335888597016    
   -1.071757793092416      4.9501609786670712E-08  1.3678134935232897E-09
  -7.3670566457672688E-10 -1.0492727725565340E-16  6.6197135131298999E-16
   2.8227134939797301E-16
    693158400.0000000     -0.8033173634044293      -2.577132062371910    
   -1.071860954316939      4.9486659382164741E-08  1.4630930691934621E-09
  -6.9610334112926076E-10 -1.0268576017657916E-16  6.6142185197770128E-16
   2.8167973805163162E-16
    693302400.0000000     -0.7961923410811401      -2.576914520662611    
   -1.071958274519687      4.9472040722326418E-08  1.5583130163514668E-09
  -6.5557728539608792E-10 -1.0032139042662669E-16  6.6115131355299546E-16
   2.8121654069189776E-16
    693446400.0000000     -0.7890693989240533      -2.576683269048334    
   -1.072049763288455      4.9457770908477615E-08  1.6535159548833385E-09
  -6.1510765161350443E-10 -9.7843996139376764E-17  6.6119523929401016E-16
   2.8090153470608335E-16
    693590400.0000000     -0.7819484855771551      -2.576438306582499    
   -1.072135427134669      4.9443865102445587E-08  1.7487500414496332E-09
  -5.7467146182281245E-10 -9.5271506765810193E-17  6.6159507551233473E-16
   2.8075855757189379E-16
    693734400.0000000     -0.7748295477226201      -2.576179624933034    
   -1.072215268998675      4.9430335105530251E-08  1.8440698501705371E-09
  -5.3424198440785517E-10 -9.2633719272672165E-17  6.6239837060892388E-16
   2.8081593818595049E-16
    693878400.0000000     -0.7677125307037029      -2.575907207397059    
   -1.072289287662148      4.9417187304053000E-08  1.9395371789599064E-09
  -4.9378808872437663E-10 -8.9977433298418415E-17  6.6365743606754652E-16
   2.8110633438966859E-16
    694022400.0000000     -0.7605973794989617      -2.575621027820096    
   -1.072357477072503      4.9404419840718914E-08  2.0352215404313236E-09
  -4.5327368606626420E-10 -8.7372021076761963E-17  6.6542599226778368E-16
   2.8166554160305156E-16
    694166400.0000000     -0.7534840401678525      -2.575321049485781    
   -1.072419825601970      4.9392018842789936E-08  2.1312000261877712E-09
  -4.1265740479222905E-10 -8.4916594058868212E-17  6.6775375228562140E-16
   2.8253031099534670E-16
    694310400.0000000     -0.7463724619106747      -2.575007224093873    
   -1.072476315289723      4.9379953706467569E-08  2.2275561037329239E-09
  -3.7189274370344963E-10 -8.2745745021898880E-17  6.7067651723336316E-16
   2.8373365833833142E-16
    694454400.0000000     -0.7392625998628233      -2.574679491030337    
   -1.072526921163564      4.9368171658985903E-08  2.3243766557215057E-09
  -3.3092908543392036E-10 -8.1033011605712526E-17  6.7420168291796216E-16
   2.8529749765413635E-16
    694598400.0000000     -0.7321544186904619      -2.574337777230651    
   -1.072571610794709      4.9356592235897371E-08  2.4217465863555379E-09
  -2.8971400052303257E-10 -7.9987296939996876E-17  6.7828913600856871E-16
   2.8722205625723512E-16
    694742400.0000000     -0.7250478969093028      -2.573981998030304    
   -1.072610344304437      4.9345103044684097E-08  2.5197404476283354E-09
  -2.4819727858426116E-10 -7.9837506839281265E-17  6.8283000908503760E-16
   2.8947292367861979E-16
