             693878400   144000.0000000000             232
    693014400.0000000     -0.8104445149131605      -2.577335888597016    
   -1.071757793092416      4.9501609786670712E-08  1.3678134935232915E-09
  -7.3670566457672595E-10 -1.0492727725565340E-16  6.6197135131298861E-16
   2.8227134939797227E-16
    693158400.0000000     -0.8033173634044291      -2.577132062371910    
   -1.071860954316939      4.9486659382164741E-08  1.4630930691934644E-09
  -6.9610334112925983E-10 -1.0268576017657916E-16  6.6142185197770266E-16
   2.8167973805163231E-16
    693302400.0000000     -0.7961923410811400      -2.576914520662611    
   -1.071958274519687      4.9472040722326418E-08  1.5583130163514686E-09
  -6.5557728539608709E-10 -1.0032139042662669E-16  6.6115131355299832E-16
   2.8121654069189634E-16
    693446400.0000000     -0.7890693989240533      -2.576683269048334    
   -1.072049763288455      4.9457770908477615E-08  1.6535159548833404E-09
  -6.1510765161350350E-10 -9.7843996139376764E-17  6.6119523929400868E-16
   2.8090153470608478E-16
    693590400.0000000     -0.7819484855771550      -2.576438306582499    
   -1.072135427134669      4.9443865102445574E-08  1.7487500414496350E-09
  -5.7467146182281173E-10 -9.5271506765810193E-17  6.6159507551233473E-16
   2.8075855757189379E-16
    693734400.0000000     -0.7748295477226199      -2.576179624933034    
   -1.072215268998675      4.9430335105530251E-08  1.8440698501705386E-09
  -5.3424198440785434E-10 -9.2633719272672165E-17  6.6239837060892240E-16
   2.8081593818595049E-16
    693878400.0000000     -0.7677125307037027      -2.575907207397059    
   -1.072289287662148      4.9417187304053000E-08  1.9395371789599084E-09
  -4.9378808872437591E-10 -8.9977433298418415E-17  6.6365743606754948E-16
   2.8110633438966928E-16
    694022400.0000000     -0.7605973794989616      -2.575621027820096    
   -1.072357477072503      4.9404419840718914E-08  2.0352215404313252E-09
  -4.5327368606626342E-10 -8.7372021076761963E-17  6.6542599226778664E-16
   2.8166554160305047E-16
    694166400.0000000     -0.7534840401678524      -2.575321049485781    
   -1.072419825601970      4.9392018842789936E-08  2.1312000261877729E-09
  -4.1265740479222833E-10 -8.4916594058868212E-17  6.6775375228561854E-16
   2.8253031099534670E-16
    694310400.0000000     -0.7463724619106746      -2.575007224093873    
   -1.072476315289723      4.9379953706467569E-08  2.2275561037329264E-09
  -3.7189274370344885E-10 -8.2745745021898880E-17  6.7067651723336020E-16
   2.8373365833833142E-16
    694454400.0000000     -0.7392625998628232      -2.574679491030337    
   -1.072526921163564      4.9368171658985903E-08  2.3243766557215073E-09
  -3.3092908543391958E-10 -8.1033011605712526E-17  6.7420168291796502E-16
   2.8529749765413635E-16
    694598400.0000000     -0.7321544186904617      -2.574337777230651    
   -1.072571610794709      4.9356592235897371E-08  2.4217465863555396E-09
  -2.8971400052303179E-10 -7.9987296939996876E-17  6.7828913600856871E-16
   2.8722205625723512E-16
    694742400.0000000     -0.7250478969093026      -2.573981998030304    
   -1.072610344304437      4.9345103044684097E-08  2.5197404476283375E-09
  -2.4819727858426034E-10 -7.9837506839281265E-17  6.8283000908503474E-16
   2.8947292367861939E-16
    694886400.0000000     -0.7179430316045811      -2.573612059437976    
   -1.072643075088758      4.9333558805917123E-08  2.6184111384366179E-09
  -2.0633686297047269E-10 -8.0801531740728586E-17  6.8762916295302709E-16
   2.9196849328078441E-16
    695030400.0000000     -0.7108398429068278      -2.573227862186670    
   -1.072669751517499      4.9321786132939658E-08  2.7177768209537516E-09
  -1.6410632894615606E-10 -8.3037838382746468E-17  6.9240125287198030E-16
   2.9457284354881498E-16
    695174400.0000000     -0.7037383772287845      -2.572829307631143    
   -1.072690319747566      4.9309596173844248E-08  2.8178090201413668E-09
  -1.2150255145773766E-10 -8.6589551679286272E-17  6.9679196897717130E-16
   2.9710125374168433E-16
    695318400.0000000     -0.6966387081151512      -2.572416305051100    
   -1.072704727534429      4.9296804915549904E-08  2.9184256808932194E-09
  -7.8551516199807647E-11 -9.1336554084599199E-17  7.0042948356759102E-16
   2.9934273963177141E-16
    695462400.0000000     -0.6895409337431334      -2.571988779297024    
   -1.072712928573619      4.9283258507107238E-08  3.0194939304842619E-09
  -3.5309465560021954E-11 -9.6983799328138957E-17  7.0299833771252267E-16
   3.0109832909428780E-16
    695606400.0000000     -0.6824451708338017      -2.571546677262857    
   -1.072714886586925      4.9268856656882378E-08  3.1208436972786148E-09
   8.1419523267172437E-12 -1.0309758005063603E-16  7.0431457452406263E-16
   3.0222491225498731E-16
    695750400.0000000     -0.6753515457333498      -2.571089971661610    
   -1.072710578261364      4.9253567329776254E-08  3.2222907500228028E-09
   5.1706467515858605E-11 -1.0918859123177842E-16  7.0437014814024574E-16
   3.0266760363549421E-16
    695894400.0000000     -0.6682601843553601      -2.570618661198169    
   -1.072699994381286      4.9237427478408543E-08  3.3236624539653186E-09
   9.5286874738862907E-11 -1.1481159469107186E-16  7.0332664107179538E-16
   3.0246672518116305E-16
    696038400.0000000     -0.6611712030170553      -2.570132767261991    
   -1.072683139008266      4.9220530439686171E-08  3.4248193164555696E-09
   1.3879785253070960E-10 -1.1964345061326737E-16  7.0146652255348405E-16
   3.0173985006331208E-16
    696182400.0000000     -0.6540847017693737      -2.569632328134081    
   -1.072660027074245      4.9203004952188404E-08  3.5256673848422857E-09
   1.8217476341239386E-10 -1.2351842498178384E-16  6.9912081939017636E-16
   3.0064682619455653E-16
    696326400.0000000     -0.6470007609502235      -2.569117392183057    
   -1.072630681100125      4.9184992500028150E-08  3.6261600043135296E-09
   2.2537694587655936E-10 -1.2641761392242128E-16  6.9660206331160933E-16
   2.9935289059055029E-16
    696470400.0000000     -0.6399194407569941      -2.568588011416891    
   -1.072595127790457      4.9166628740063446E-08  3.7262918809560269E-09
   2.6838647432893024E-10 -1.2842994412188521E-16  6.9416428219739586E-16
   2.9800320978991507E-16
    696614400.0000000     -0.6328407830492875      -2.568044236231944    
   -1.072553395036273      4.9148031240116461E-08  3.8260887919301169E-09
   3.1120393398670336E-10 -1.2970579616629906E-16  6.9198492753920122E-16
   2.9670845081652471E-16
    696758400.0000000     -0.6257648144335232      -2.567486111729283    
   -1.072505509621775      4.9129293784806400E-08  3.9255967833287922E-09
   3.5384324345864790E-10 -1.3041691786417006E-16  6.9016982452227980E-16
   2.9554324501518121E-16
    696902400.0000000     -0.6186915497997434      -2.566913675506846    
   -1.072451495672051      4.9110485476931364E-08  4.0248726180448917E-09
   3.9632665199742558E-10 -1.3072920055953409E-16  6.8876651452381919E-16
   2.9455051655121991E-16
    697046400.0000000     -0.6116209957492689      -2.566326956659096    
   -1.072391373756544      4.9091652843005599E-08  4.1239766512134957E-09
   4.3868071516761627E-10 -1.3078790992464301E-16  6.8778134529014566E-16
   2.9374904920759648E-16
    697190400.0000000     -0.6045531536022847      -2.565725975632591    
   -1.072325160493176      4.9072823343917775E-08  4.2229680069677192E-09
   4.8093335736613646E-10 -1.3071204583571311E-16  6.8719421172936717E-16
   2.9314080039647495E-16
    697334400.0000000     -0.5974880218657025      -2.565110744632753    
   -1.072252868502326      4.9054009223360242E-08  4.3219016722714069E-09
   5.2311192418109829E-10 -1.3059446561102627E-16  6.8697025485999745E-16
   2.9271715625778460E-16
    697478400.0000000     -0.5904255981613898      -2.564481268339600    
   -1.072174506581375      4.9035211085730276E-08  4.4208270280428900E-09
   5.6524202869611008E-10 -1.3050491684782843E-16  6.8706810421457427E-16
   2.9246363660849597E-16
    697622400.0000000     -0.5833658806759656      -2.563837544761301    
   -1.072090080002312      4.9016420941528415E-08  4.5197873256743182E-09
   6.0734695727104211E-10 -1.3049402357243036E-16  6.8744491020968849E-16
   2.9236300520143981E-16
    697766400.0000000     -0.5763088692139021      -2.563179566120456    
   -1.071999590867531      4.8997624675359121E-08  4.6188197001752890E-09
   6.4944742608661369E-10 -1.3059724801393937E-16  6.8805927323735028E-16
   2.9239726464886798E-16
    697910400.0000000     -0.5692545659362443      -2.562507319710413    
   -1.071903038481655      4.8978803944104662E-08  4.7179555684199254E-09
   6.9156159526849870E-10 -1.3083854666449006E-16  6.8887311547211611E-16
   2.9254898858497570E-16
    698054400.0000000     -0.5622029758596693      -2.561820788684794    
   -1.071800419712548      4.8959937636928317E-08  4.8172211029210489E-09
   7.3370517717062414E-10 -1.3123318223644755E-16  6.8985215556207371E-16
   2.9280189251199473E-16
    698198400.0000000     -0.5551541071747360      -2.561119952768843    
   -1.071691729329002      4.8941002942122582E-08  4.9166378253092268E-09
   7.7589164064540257E-10 -1.3178990826373007E-16  6.9096578601052829E-16
   2.9314102122296858E-16
    698342400.0000000     -0.5481079714291668      -2.560404788893393    
   -1.071576960310399      4.8921976153768447E-08  5.0162231236785546E-09
   8.1813241005748247E-10 -1.3251279567335231E-16  6.9218724630299293E-16
   2.9355298367998437E-16
    698486400.0000000     -0.5410645836132120      -2.559675271750429    
   -1.071456104124592      4.8902833248120608E-08  5.1159907854851554E-09
   8.6043708924528852E-10 -1.3340243462954617E-16  6.9349314540310544E-16
   2.9402584227540906E-16
    698630400.0000000     -0.5340239621726488      -2.558931374278487    
   -1.071329150975552      4.8883550317618037E-08  5.2159514469553752E-09
   9.0281365995165582E-10 -1.3445681523112086E-16  6.9486302857097498E-16
   2.9454898191184612E-16
    698774400.0000000     -0.5269861289676843      -2.558173068087013    
   -1.071196090023550      4.8864103893142142E-08  5.3161129957036875E-09
   9.4526866612349401E-10 -1.3567200022386231E-16  6.9627912008601760E-16
   2.9511302972567468E-16
    698918400.0000000     -0.5199511091917127      -2.557400323825170    
   -1.071056909579585      4.8844471184400699E-08  5.4164809398784639E-09
   9.8780738687898580E-10 -1.3704258655021988E-16  6.9772607058038697E-16
   2.9570976034815530E-16
    699062400.0000000     -0.5129189312594796      -2.556613111500488    
   -1.070911597276107      4.8824630269974245E-08  5.5170587312030894E-09
   1.0304339907917230E-09 -1.3856193588445132E-16  6.9919051984895831E-16
   2.9633191085060034E-16
    699206400.0000000     -0.5058896266696776      -2.555811400755833    
   -1.070760140217581      4.8804560261964273E-08  5.6178480304043897E-09
   1.0731516654611150E-09 -1.4022244298177761E-16  7.0066112414229079E-16
   2.9697319447789501E-16
    699350400.0000000     -0.4988632298471115      -2.554995161105327    
   -1.070602525111166      4.8784241430603072E-08  5.7188490044265351E-09
   1.1159627610249477E-09 -1.4201560451607803E-16  7.0212832951359639E-16
   2.9762820118850799E-16
    699494400.0000000     -0.4918397779668162      -2.554164362131512    
   -1.070438738378471      4.8763655324844082E-08  5.8200605847329082E-09
   1.1588689169908947E-09 -1.4393213978755356E-16  7.0358442115474976E-16
   2.9829242384730350E-16
    699638400.0000000     -0.4848193107613330      -2.553318973646141    
   -1.070268766249369      4.8742784895351332E-08  5.9214806935600183E-09
   1.2018711755024707E-09 -1.4596193828241717E-16  7.0502330134446645E-16
   2.9896216472001940E-16
    699782400.0000000     -0.4778018703112553      -2.552458965816086    
   -1.070092594838433      4.8721614595516056E-08  6.0231065257851888E-09
   1.2449701201718737E-09 -1.4809422287751292E-16  7.0644092174222606E-16
   2.9963473783328598E-16
    699926400.0000000     -0.4707875008217188      -2.551584309247364    
   -1.069910210200647      4.8700130481292486E-08  6.1249348346604469E-09
   1.2881660189672195E-09 -1.5031752103581894E-16  7.0783522788922590E-16
   3.0030846513468589E-16
    700070400.0000000     -0.4637762483845903      -2.550694975027489    
   -1.069721598366066      4.8678320306711666E-08  6.2269622335935373E-09
   1.3314589778456816E-09 -1.5261975819596578E-16  7.0920643073208372E-16
   3.0098282762371828E-16
    700214400.0000000     -0.4567681607282569      -2.549790934720705    
   -1.069526745350363      4.8656173598241975E-08  6.3291855530453245E-09
   1.3748491242327064E-09 -1.5498844893556021E-16  7.1055745130363980E-16
   3.0165870822236352E-16
    700358400.0000000     -0.4497632869589500      -2.548872160307033    
   -1.069325637136296      4.8633681696490104E-08  6.4316022632156238E-09
   1.4183368276237515E-09 -1.5741095140017721E-16  7.1189433958133044E-16
   3.0233864365978414E-16
    700502400.0000000     -0.4427616772988541      -2.547938624056652    
   -1.069118259620955      4.8610837758350618E-08  6.5342109442805120E-09
   1.4619229525838196E-09 -1.5987480965889388E-16  7.1322660804010040E-16
   3.0302706453629731E-16
    700646400.0000000     -0.4357633828285686      -2.546990298331660    
   -1.068904598523337      4.8587636678558929E-08  6.6370118526677962E-09
   1.5056091697827846E-09 -1.6236855917141098E-16  7.1456821813630696E-16
   3.0373085797766465E-16
    700790400.0000000     -0.4287684552502106      -2.546027155295829    
   -1.068684639241073      4.8564074888098548E-08  6.7400075994228408E-09
   1.5493983375589607E-09 -1.6488265187311940E-16  7.1593813511984276E-16
   3.0445977953754248E-16
    700934400.0000000     -0.4217769466904826      -2.545049166521637    
   -1.068458366648069      4.8540149977507541E-08  6.8432039209023976E-09
   1.5932949522853124E-09 -1.6741091007425065E-16  7.1736085216566007E-16
   3.0522690708382957E-16
    701078400.0000000     -0.4147889095746373      -2.544056302480919    
   -1.068225764822443      4.8515860077410855E-08  6.9466105228632573E-09
   1.6373056663883532E-09 -1.6995271250302130E-16  7.1886726579016852E-16
   3.0604930110865968E-16
    701222400.0000000     -0.4078043966161307      -2.543048531904201    
   -1.067986816692469      4.8491202849848689E-08  7.0502420447367578E-09
   1.6814399041798434E-09 -1.7251602202255919E-16  7.2049494352323907E-16
   3.0694846373433393E-16
    701366400.0000000     -0.4008234609851294      -2.542025821002062    
   -1.067741503590534      4.8466173990859364E-08  7.1541189965148720E-09
   1.7257105177143497E-09 -1.7512132734780295E-16  7.2228765161145397E-16
   3.0795051057482589E-16
    701510400.0000000     -0.3938461567379006      -2.540988132558809    
   -1.067489804711801      4.8440765072771550E-08  7.2582685713399768E-09
   1.7701344444787207E-09 -1.7780687748660435E-16  7.2429387690926937E-16
   3.0908591204739969E-16
    701654400.0000000     -0.3868725396154285      -2.539935424929995    
   -1.067231696483379      4.8414960547615702E-08  7.3627251207924275E-09
   1.8147332696906666E-09 -1.8063497702507717E-16  7.2656334564687640E-16
   3.1038827478092920E-16
    701798400.0000000     -0.3799026683411552      -2.538867651016979    
   -1.066967151869887      4.8388733802987500E-08  7.4675299217070955E-09
   1.8595335081974653E-09 -1.8369860299700962E-16  7.2914033967646969E-16
   3.1189147322178170E-16
    701942400.0000000     -0.3729366065538089      -2.537784757358170    
   -1.066696139675553      4.8362042312401077E-08  7.5727296894745313E-09
   1.9045663145983306E-09 -1.8712721308983764E-16  7.3205298158356963E-16
   3.1362452901721231E-16
    702086400.0000000     -0.3659744254947910      -2.536686683558558    
   -1.066418623948997      4.8334822051909817E-08  7.6783732511709602E-09
   1.9498662802475491E-09 -1.9108886176749874E-16  7.3529780554988766E-16
   3.1560356479906381E-16
    702230400.0000000     -0.3590162074883685      -2.535573362379412    
   -1.066134563658816      4.8306982307211152E-08  7.7845056122926379E-09
   1.9954688005250041E-09 -1.9578486312405725E-16  7.3881997010094801E-16
   3.1782068339735746E-16
    702374400.0000000     -0.3520620500985878      -2.534444720894764    
   -1.065843912869466      4.8278401780279607E-08  7.8911589844984454E-09
   2.0414056839557109E-09 -2.0143070832930102E-16  7.4249160566355200E-16
   3.2023045774947686E-16
    702518400.0000000     -0.3451120705696631      -2.533300683155751    
   -1.065546621693059      4.8248928883266576E-08  7.9983410187291982E-09
   2.0876988340228780E-09 -2.0822160840918933E-16  7.4609709499201817E-16
   3.2273844339571633E-16
    702662400.0000000     -0.3381664098287083      -2.532141174662534    
   -1.065242638252888      4.8218387970089764E-08  8.1060217973527030E-09
   2.1343526497443150E-09 -2.1628174710878070E-16  7.4933329910777651E-16
   3.2519606053954562E-16
    702806400.0000000     -0.3312252350095939      -2.530966128626438    
   -1.064931911756999      4.8186593814607738E-08  8.2141226572778611E-09
   2.1813465518763875E-09 -2.2560676054888870E-16  7.5183722110685420E-16
   3.2740940698440351E-16
    702950400.0000000     -0.3242887393266474      -2.529775493446437    
   -1.064614396495641      4.8153373513773443E-08  8.3225112437267781E-09
   2.2286300657948628E-09 -2.3602366762458314E-16  7.5324380302212819E-16
   3.2916596052500682E-16
    703094400.0000000     -0.3173571384841092      -2.528569240211197    
   -1.064290056212285      4.8118591806136695E-08  8.4310065744355447E-09
   2.2761228955159113E-09 -2.4718768773062339E-16  7.5326262213886466E-16
   3.3027521324756161E-16
    703238400.0000000     -0.3104306635674788      -2.527347368657975    
   -1.063958868015933      4.8082173386354232E-08  8.5393952786954387E-09
   2.3237212801335225E-09 -2.5862986347509134E-16  7.5174850359759346E-16
   3.3061135768546742E-16
    703382400.0000000     -0.3035095514021759      -2.526109910153219    
   -1.063620824965431      4.8044114605641666E-08  8.6474557997368996E-09
   2.3713097064585862E-09 -2.6984829596032293E-16  7.4873548203888757E-16
   3.3014084177448480E-16
    703526400.0000000     -0.2965940342308429      -2.524856927000118    
   -1.063275936763406      4.8004481229996526E-08  8.7549840242624857E-09
   2.4187748234562190E-09 -2.8040434616585096E-16  7.4442151611405136E-16
   3.2892421502613842E-16
    703670400.0000000     -0.2896843306790008      -2.523588508386446    
   -1.062924228522658      4.7963393316169236E-08  8.8618132072867385E-09
   2.4660176493268683E-09 -2.8999397797779380E-16  7.3910997579949228E-16
   3.2709225391361024E-16
    703814400.0000000     -0.2827806394728845      -2.522304764157030    
   -1.062565738085708      4.7921003315481710E-08  8.9678239913770787E-09
   2.5129611928515948E-09 -2.9847167821666311E-16  7.3313789934331668E-16
   3.2481013494021077E-16
    703958400.0000000     -0.2758831364041788      -2.521005817880276    
   -1.062200512631158      4.7877473916976343E-08  9.0729443963077686E-09
   2.5595527371507533E-09 -3.0583207600402632E-16  7.2681364513282081E-16
   3.2224219479960072E-16
    704102400.0000000     -0.2689919741810301      -2.519691800484701    
   -1.061828605286258      4.7832960680315353E-08  9.1771425930564119E-09
   2.6057617757689376E-09 -3.1216779608774261E-16  7.2038096867367022E-16
   3.1952839541856391E-16
    704246400.0000000     -0.2621072843082309      -2.518362845213468    
   -1.061450072233693      4.7787601301661929E-08  9.2804164235093694E-09
   2.6515755232730101E-09 -3.1762347606940710E-16  7.1400801749265314E-16
   3.1677366886319473E-16
    704390400.0000000     -0.2552291800537054      -2.517019084131558    
   -1.061064970535856      4.7741511046924134E-08  9.3827827376308124E-09
   2.6969936867505131E-09 -3.2235824458545147E-16  7.0779381731320031E-16
   3.1404747767776296E-16
    704534400.0000000     -0.2483577597274990      -2.515660646058377    
   -1.060673356689128      4.7694782646485504E-08  9.4842684772421176E-09
   2.7420237068138622E-09 -3.2652158917919815E-16  7.0178380659884064E-16
   3.1138961922750085E-16
    704678400.0000000     -0.2414931097707642      -2.514287655611829    
   -1.060275285792391      4.7647488766307842E-08  9.5849041466450410E-09
   2.7866770107439086E-09 -3.3024068954517420E-16  6.9598582748999977E-16
   3.0881747310846130E-16
    704822400.0000000     -0.2346353073901016      -2.512900233031920    
   -1.059870811179697      4.7599685622461251E-08  9.6847195296934152E-09
   2.8309663392397437E-09 -3.3361663263439705E-16  6.9038517540714723E-16
   3.0633359784569426E-16
    704966400.0000000     -0.2277844226544526      -2.511498494477390    
   -1.059459984362634      4.7551416746393330E-08  9.7837412278485560E-09
   2.8749040393808783E-09 -3.3672526509703711E-16  6.8495489823329090E-16
   3.0393135207569701E-16
    705110400.0000000     -0.2209405200706489      -2.510082552578385    
   -1.059042855164375      4.7502716388958073E-08  9.8819915288259732E-09
   2.9185010966120330E-09 -3.3962050183295213E-16  6.7966322045190370E-16
   3.0159922531695825E-16
    705254400.0000000     -0.2141036597054108      -2.508652517090681    
   -1.058619471955562      4.7453612388038133E-08  9.9794880766704408E-09
   2.9617666588840881E-09 -3.4233859939730496E-16  6.7447841231197240E-16
   2.9932383521603809E-16
    705398400.0000000     -0.2072738979404403      -2.507208495551756    
   -1.058189881930407      4.7404128416143528E-08  1.0076244099274067E-08
   3.0047079155872730E-09 -3.4490205848175906E-16  6.6937128120654031E-16
   2.9709168372905974E-16
    705542400.0000000     -0.2004512879419302      -2.505750593885076    
   -1.057754131385718      4.7354285708713648E-08  1.0172268876990113E-08
   3.0473301635936113E-09 -3.4732300897894385E-16  6.6431640579302537E-16
   2.9489017729829316E-16
    705686400.0000000     -0.1936358799145366      -2.504278916926767    
   -1.057312265981548      4.7304104342926766E-08  1.0267568335962337E-08
   3.0896369858982067E-09 -3.4960603568266652E-16  6.5929269069047498E-16
   2.9270820431825685E-16
    705830400.0000000     -0.1868277211983318      -2.502793568863013    
   -1.056864330971397      4.7253604155359415E-08  1.0362145682424429E-08
   3.1316304878003896E-09 -3.5175035687411498E-16  6.5428340655507631E-16
   2.9053637623760403E-16
    705974400.0000000     -0.1800268562539079      -2.501294653577328    
   -1.056410371396935      4.7202805393571824E-08  1.0456002009052203E-08
   3.1733115467420604E-09 -3.5375135000645351E-16  6.4927575667495665E-16
   2.8836698117763216E-16
    706118400.0000000     -0.1732333265676829      -2.499782274916019    
   -1.055950432247886      4.7151729178405415E-08  1.0549136829543493E-08
   3.2146800471692663E-09 -3.5560186097943886E-16  6.4426070165191853E-16
   2.8619399852159192E-16
    706262400.0000000     -0.1664471705039684      -2.498256536876552    
   -1.055484558587231      4.7100397794730114E-08  1.0641548605712189E-08
   3.2557351223009046E-09 -3.5729299922749350E-16  6.3923245724782245E-16
   2.8401293070814453E-16
    706406400.0000000     -0.1596684231216692      -2.496717543726841    
   -1.055012795644162      4.7048834888653221E-08  1.0733235195825494E-08
   3.2964753670291507E-09 -3.5881482480119702E-16  6.3418823584233678E-16
   2.8182072036291155E-16
    706550400.0000000     -0.1528971159681083      -2.495165400064152    
   -1.054535188877944      4.6997065604679898E-08  1.0824194223844860E-08
   3.3368990191072447E-09 -3.6015664646217773E-16  6.2912767359719691E-16
   2.7961551263844417E-16
    706694400.0000000     -0.1461332768578044      -2.493600210822451    
   -1.054051784016289      4.6945116649509197E-08  1.0914423449126851E-08
   3.3770041420819012E-09 -3.6130748165035712E-16  6.2405288528498757E-16
   2.7739668673835232E-16
    706838400.0000000     -0.1393769296448012      -2.492022081228929    
   -1.053562627068394      4.6893016328013986E-08  1.1003921088851816E-08
   3.4167887880231834E-09 -3.6225614444077547E-16  6.1896805203348160E-16
   2.7516467680506607E-16
    706982400.0000000     -0.1326280939908348      -2.490431116717398    
   -1.053067764315977      4.6840794563495302E-08  1.1092686102616307E-08
   3.4562511438379510E-09 -3.6299137844775811E-16  6.1387930057531848E-16
   2.7292092044338646E-16
    707126400.0000000     -0.1258867851320356      -2.488827422801214    
   -1.052567242283448      4.6788482897944044E-08  1.1180718473330442E-08
   3.4953896762901132E-09 -3.6350198321181688E-16  6.0879472564988227E-16
   2.7066787209049043E-16
    707270400.0000000     -0.1191530136467181      -2.487211104905434    
   -1.052061107687016      4.6736114478632668E-08  1.1268019491473171E-08
   3.5342032792471422E-09 -3.6377685805598531E-16  6.0372436697565025E-16
   2.6840900019072378E-16
    707414400.0000000     -0.1124267852250991      -2.485582268158841    
   -1.051549407362847      4.6683724048660264E-08  1.1354592022534647E-08
   3.5726914149360397E-09 -3.6380495286972092E-16  5.9868008485753170E-16
   2.6614874544175863E-16
    707558400.0000000     -0.1057081004404207      -2.483941017147492    
   -1.051032188174728      4.6631347924098001E-08  1.1440440800021199E-08
   3.6108542690596913E-09 -3.6357549474991340E-16  5.9367602999002489E-16
   2.6389275215703649E-16
    707702400.0000000     -9.8996954525714373E-02  -2.482287455620960    
   -1.050509496896863      4.6579023954754859E-08  1.1525572758614416E-08
   3.6486929277394946E-09 -3.6307802196413939E-16  5.8872874084701537E-16
   2.6164794294226121E-16
    707846400.0000000     -9.2293337156580529E-02  -2.480621686149960    
   -1.049981380070524      4.6526791466548480E-08  1.1609997399604436E-08
   3.6862095743794753E-09 -3.6230247900102179E-16  5.8385729253378877E-16
   2.5942263603491786E-16
    707990400.0000000     -8.5597232243352403E-02  -2.478943809729619    
   -1.049447883830982      4.6474691187109077E-08  1.1693727182098648E-08
   3.7234077069066051E-09 -3.6123961444502314E-16  5.7908393840495285E-16
   2.5722690098595357E-16
    708134400.0000000     -7.8908617739531312E-02  -2.477253925317831    
   -1.048909053698530      4.6422765092764103E-08  1.1776778029670610E-08
   3.7602924181983970E-09 -3.5988144517062906E-16  5.7443461526808689E-16
   2.5507288091295572E-16
    708278400.0000000     -7.2227465476816827E-02  -2.475552129296994    
   -1.048364934326376      4.6371056186602076E-08  1.1859169889244645E-08
   3.7968707161290278E-09 -3.5822191565823602E-16  5.6993943139104197E-16
   2.5297514132104142E-16
    708422400.0000000     -6.5553741040512259E-02  -2.473838514849025    
   -1.047815569198165      4.6319608148395608E-08  1.1940927383050572E-08
   3.8331519069748555E-09 -3.5625802707358312E-16  5.6563341316106993E-16
   2.5095117810793807E-16
    708566400.0000000     -5.8887403708757342E-02  -2.472113171228396    
   -1.047261000264699      4.6268464785851999E-08  1.2022080573019525E-08
   3.8691480578429699E-09 -3.5399148162294118E-16  5.6155724576483891E-16
   2.4902197577972840E-16
    708710400.0000000     -5.2228406489743896E-02  -2.470376182918104    
   -1.046701267508383      4.6217669208540863E-08  1.2102665814170114E-08
   3.9048745357452931E-09 -3.5143090943591018E-16  5.5775767777007623E-16
   2.4721247427923626E-16
    708854400.0000000     -4.5576696303304590E-02  -2.468627628660373    
   -1.046136408425798      4.6167262625622092E-08  1.2182726633927383E-08
   3.9403506041572585E-09 -3.4859503675346773E-16  5.5428765842606148E-16
   2.4555197679670122E-16
    708998400.0000000     -3.8932214373255086E-02  -2.466867580358392    
   -1.045566457419607      4.6117282598443825E-08  1.2262314629691660E-08
   3.9756000795479000E-09 -3.4551708817353883E-16  5.5120597720400418E-16
   2.4407438311138662E-16
    709142400.0000000     -3.2294896920560048E-02  -2.465096101859767    
   -1.044991445096395      4.6067760570174996E-08  1.2341490185497866E-08
   4.0106519701048665E-09 -3.4225007493415736E-16  5.4857509877058269E-16
   2.4281760859041754E-16
    709286400.0000000     -2.5664676268474851E-02  -2.463313247664463    
   -1.044411397481561      4.6018718606623006E-08  1.2420322732554333E-08
   4.0455409545237345E-09 -3.3887317653698616E-16  5.4645694511250051E-16
   2.4182201668058398E-16
    709430400.0000000     -1.9041482490161472E-02  -2.461519061646956    
   -1.043826335185105      4.5970165101310570E-08  1.2498890238125490E-08
   4.0803075543364890E-09 -3.3549851748247989E-16  5.4490572644654735E-16
   2.4112724675495488E-16
    709574400.0000000     -1.2425245738281540E-02  -2.459713575942427    
   -1.043236272584647      4.5922089639280638E-08  1.2577277316250233E-08
   4.1149976561512368E-09 -3.3227621199771159E-16  5.4395601247779829E-16
   2.4076639562986946E-16
    709718400.0000000     -5.8158993589823649E-03  -2.457896810244310    
   -1.042641217146685      4.5874457332051574E-08  1.2655571290929051E-08
   4.1496609984530914E-09 -3.2939539152125187E-16  5.4360611787145693E-16
   2.4075725437603449E-16
    709862400.0000000      7.8661619307156001E-04  -2.456068771857258    
   -1.042041169068023      4.5827203579386000E-08  1.2733855541314102E-08
   4.1843481613282788E-09 -3.2707602368062122E-16  5.4379753066552904E-16
   2.4109045978448163E-16
    710006400.0000000      7.3823488120811085E-03  -2.454229456928659    
   -1.041436121481590      4.5780230919466186E-08  1.2812199783210120E-08
   4.2191057017354905E-09 -3.2554710371165215E-16  5.4439435392859925E-16
   2.4171625071687754E-16
    710150400.0000000      1.3971330026115029E-02  -2.452378853278619    
   -1.040826061498142      4.5733410195826614E-08  1.2890647759868004E-08
   4.2539694594725611E-09 -3.2500787143528762E-16  5.4517013478268018E-16
   2.4253344339167264E-16
    710294400.0000000      2.0553570913672298E-02  -2.450516945090427    
   -1.040210972306642      4.5686588554224006E-08  1.2969204180204488E-08
   4.2889567551931729E-09 -3.2557390822744332E-16  5.4581434236382840E-16
   2.4338725631488583E-16
    710438400.0000000      2.7129059753415851E-02  -2.448643719323913    
   -1.039590836374720      4.5639605499852830E-08  1.3047824478066177E-08
   4.3240592527971247E-09 -3.2722313688191022E-16  5.4596507964598287E-16
   2.4408121881550286E-16
    710582400.0000000      3.3697762517712199E-02  -2.446759173157565    
   -1.038965639493310      4.5592315988683425E-08  1.3126411647635722E-08
   4.3592388774943052E-09 -3.2975910194167395E-16  5.4527477607918185E-16
   2.4440844609374455E-16
    710726400.0000000      4.0259626935971141E-02  -2.444863321133021    
   -1.038335375031954      4.5544615691374736E-08  1.3204823681556299E-08
   4.3944291752887690E-09 -3.3282101451539808E-16  5.4348548054592991E-16
   2.4419291062877953E-16
    710870400.0000000      4.6814589926631553E-02  -2.442956200441741    
   -1.037700047550593      4.5496461412384321E-08  1.3282891847619353E-08
   4.4295429575316239E-09 -3.3594127148569311E-16  5.4049614834949079E-16
   2.4333132494313951E-16
    711014400.0000000      5.3362587207654501E-02  -2.441037873001353    
   -1.037059674922318      4.5447879935069967E-08  1.3360445827070551E-08
   4.4644848149535289E-09 -3.3864116078593749E-16  5.3638481924280966E-16
   2.4181494106415071E-16
    711158400.0000000      5.9903563139946790E-02  -2.439108423861274    
   -1.036414288518897      4.5398962477819573E-08  1.3437338373291093E-08
   4.4991648687949463E-09 -3.4052487283789720E-16  5.3138196841009671E-16
   2.3972505946024210E-16
    711302400.0000000      6.6437478881455403E-02  -2.437167956478495    
   -1.035763931548733      4.5349847595587868E-08  1.3513463263097566E-08
   4.5335101356718285E-09 -3.4134038123101746E-16  5.2580858349251611E-16
   2.3720625466112473E-16
    711446400.0000000      7.2964317600976034E-02  -2.435216586127573    
   -1.035108656092941      4.5300698580104741E-08  1.3588762954487245E-08
   4.5674709640354923E-09 -3.4099392280855873E-16  5.2000210322774330E-16
   2.3442832731189286E-16
    711590400.0000000      7.9484086447185520E-02  -2.433254432952297    
   -1.034448519612945      4.5251682014817814E-08  1.3663226386077805E-08
   4.6010220896520844E-09 -3.3952357217648552E-16  5.1426084559506169E-16
   2.3155390136407370E-16
    711734400.0000000      8.5996815796844941E-02  -2.431281615805953    
   -1.033783581596327      4.5202951787058547E-08  1.3736880803744925E-08
   4.6341599273727366E-09 -3.3705575761335549E-16  5.0881300003428619E-16
   2.2871730386483777E-16
    711878400.0000000      9.2502556674453340E-02  -2.429298247523851    
   -1.033113900777904      4.5154639792690057E-08  1.3809780734069207E-08
   4.6668976537365694E-09 -3.3375942451921588E-16  5.0381090025482390E-16
   2.2601678043297194E-16
    712022400.0000000      9.9001377278567240E-02  -2.427304431757168    
   -1.032439533101567      4.5106852490118364E-08  1.3881997567473315E-08
   4.6992599996811671E-09 -3.2981169618904587E-16  4.9933965313292461E-16
   2.2351557140293931E-16
    712166400.0000000      0.1054933593271495      -2.425300261193063    
   -1.031760530402864      4.5059671522271375E-08  1.3953610975945008E-08
   4.7312786102328245E-09 -3.2537636670981138E-16  4.9543353338944186E-16
   2.2124839073300802E-16
    712310400.0000000      0.1119785946700347      -2.423285816829985    
   -1.031076939682577      4.5013156546965151E-08  1.4024702803085600E-08
   4.7629884883826369E-09 -3.2059350299884187E-16  4.9209217419915036E-16
   2.1922901739329586E-16
    712454400.0000000      0.1184571823866639      -2.421261167973567    
   -1.030388802814970      4.4967348958981202E-08  1.4095353102738401E-08
   4.7944254987639008E-09 -3.1557670027223254E-16  4.8929406317675260E-16
   2.1745723011310386E-16
    712598400.0000000      0.1249292264289480      -2.419226372673912    
   -1.029696156547512      4.4922275633695400E-08  1.4165637889549762E-08
   4.8256247829321372E-09 -3.1041478657733096E-16  4.8700672028225335E-16
   2.1592440893056487E-16
    712742400.0000000      0.1313948337760849      -2.417181478393282    
   -1.028999032676194      4.4877952248725922E-08  1.4235628105515822E-08
   4.8566198661352064E-09 -3.0517546316943963E-16  4.8519346546661425E-16
   2.1461752150078189E-16
    712886400.0000000      0.1378541130272397      -2.415126522763398    
   -1.028297458313617      4.4834386037247930E-08  1.4305389339319794E-08
   4.8874422261462433E-09 -2.9990926644721553E-16  4.8381732312148970E-16
   2.1352164683379165E-16
    713030400.0000000      0.1443071733501435      -2.413061534349794    
   -1.027591456196813      4.4791577979048481E-08  1.4374981979505261E-08
   4.9181211556093073E-09 -2.9465353490868794E-16  4.8284361538475716E-16
   2.1262174138357471E-16
    713174400.0000000      0.1507541237043784      -2.410986533370994    
   -1.026881044998846      4.4749524444485543E-08  1.4444461637563344E-08
   4.9486838200472130E-09 -2.8943559536582471E-16  4.8224075510745783E-16
   2.1190342916844353E-16
    713318400.0000000      0.1571950722719510      -2.408901532351685    
   -1.026166239625878      4.4708218437630275E-08  1.4513879660098534E-08
   4.9791554058341439E-09 -2.8427538503327075E-16  4.8198099375833798E-16
   2.1135361584845680E-16
    713462400.0000000      0.1636301260425990      -2.406806536699345    
   -1.025447051489042      4.4667650527294243E-08  1.4583283628710418E-08
   5.0095592987990992E-09 -2.7918733510228626E-16  4.8203991737418571E-16
   2.1096048733222910E-16
    713606400.0000000      0.1700593905130219      -2.404701545210226    
   -1.024723488749195      4.4627809499154898E-08  1.4652717867289651E-08
   5.0399172908328743E-09 -2.7418204989514813E-16  4.8239654728486692E-16
   2.1071367890167582E-16
    713750400.0000000      0.1764829694661876      -2.402586550504856    
   -1.023995556531993      4.4588682834584184E-08  1.4722223894915484E-08
   5.0702497764085511E-09 -2.6926725574328544E-16  4.8303279602915452E-16
   2.1060411307296351E-16
    713894400.0000000      0.1829009648104405      -2.400461539403398    
   -1.023263257116213      4.4550257065796663E-08  1.4791840814014727E-08
   5.1005759293417624E-09 -2.6444858379365033E-16  4.8393311797745312E-16
   2.1062389211275316E-16
    714038400.0000000      0.1893134764622151      -2.398326493248211    
   -1.022526590097586      4.4512518030805207E-08  1.4861605657797635E-08
   5.1309138666023392E-09 -2.5973016610195063E-16  4.8508425749108973E-16
   2.1076621225992669E-16
    714182400.0000000      0.1957206022600459      -2.396181388178972    
   -1.021785552529989      4.4475451058964830E-08  1.4931553700469074E-08
   5.1612807982588874E-09 -2.5511498749515453E-16  4.8647494412613331E-16
   2.1102524099839074E-16
    714326400.0000000      0.2021224379026368      -2.394026195366824    
   -1.021040139046574      4.4439041127158242E-08  1.5001718710888627E-08
   5.1916931534753771E-09 -2.5060500505272091E-16  4.8809549030892109E-16
   2.1139594314790180E-16
    714470400.0000000      0.2085190769079002      -2.391860881215026    
   -1.020290341964078      4.4403272981879935E-08  1.5072133187702432E-08
   5.2221666986770311E-09 -2.4620150428799768E-16  4.8993793134681977E-16
   2.1187414475694431E-16
    714614400.0000000      0.2149106105861525      -2.389685407524088    
   -1.019536151369364      4.4368131235889599E-08  1.5142828588943636E-08
   5.2527166534032384E-09 -2.4190509914803803E-16  4.9199579948024595E-16
   2.1245643376735776E-16
    714758400.0000000      0.2212971280278656      -2.387499731626680    
   -1.018777555190519      4.4333600461280124E-08  1.5213835543514119E-08
   5.2833577983713277E-09 -2.3771567681151833E-16  4.9426394303022886E-16
   2.1314008233629249E-16
    714902400.0000000      0.2276787161054582      -2.385303806493647    
   -1.018014539253059      4.4299665292178128E-08  1.5285184041944086E-08
   5.3141045749713501E-09 -2.3363257458259899E-16  4.9673878226341074E-16
   2.1392316817080156E-16
    715046400.0000000      0.2340554594871693      -2.383097580808382    
   -1.017247087319835      4.4266310493942162E-08  1.5356903681211377E-08
   5.3449712103750030E-09 -2.2965459929175615E-16  4.9941840723997727E-16
   2.1480463224387406E-16
    715190400.0000000      0.2404274406618128      -2.380880999006333    
   -1.016475181112936      4.4233521044896499E-08  1.5429023905322826E-08
   5.3759718433721754E-09 -2.2578000592465186E-16  5.0230266577032229E-16
   2.1578434108291005E-16
    715334400.0000000      0.2467947399748306      -2.378654001277855    
   -1.015698800316286      4.4201282207519410E-08  1.5501574280374151E-08
   5.4071206697493355E-09 -2.2200664361532988E-16  5.0539351257660063E-16
   2.1686327831632772E-16
    715478400.0000000      0.2531574356726899      -2.376416523527280    
   -1.014917922555026      4.4169579571149750E-08  1.5574584829630849E-08
   5.4384321207443084E-09 -2.1833218514536314E-16  5.0869545135050166E-16
   2.1804379472311667E-16
    715622400.0000000      0.2595156039509325      -2.374168497279206    
   -1.014132523346559      4.4138399059845034E-08  1.5648086429747162E-08
   5.4699210778602594E-09 -2.1475436312684967E-16  5.1221589877721523E-16
   2.1932984515540230E-16
    715766400.0000000      0.2658693190009372      -2.371909849524439    
   -1.013342576018342      4.4107726902302448E-08  1.5722111255594643E-08
   5.5016031218892226E-09 -2.1127145152864903E-16  5.1596574441768512E-16
   2.2072733932444390E-16
    715910400.0000000      0.2722186530444692      -2.369640502492834    
   -1.012548051584611      4.4077549479384674E-08  1.5796693358869672E-08
   5.5334948588148986E-09 -2.0788322654151391E-16  5.1996022328105545E-16
   2.2224467384420975E-16
    716054400.0000000      0.2785636763378532      -2.367360373337582    
   -1.011748918572198      4.4047853047633931E-08  1.5871869320089111E-08
   5.5656143023959033E-09 -2.0459203258136993E-16  5.2421944223765708E-16
   2.2389315414462545E-16
    716198400.0000000      0.2849044571218413      -2.365069373717524    
   -1.010945142785567      4.4018623260943575E-08  1.5947678994905694E-08
   5.5979813287539666E-09 -2.0140440862299635E-16  5.2876896635169236E-16
   2.2568748973995135E-16
    716342400.0000000      0.2912410614835819      -2.362767409266226    
   -1.010136687001172      4.3989844388017676E-08  1.6024166364865476E-08
   5.6306182161976911E-09 -1.9833379751385762E-16  5.3364061319617016E-16
   2.2764645422936332E-16
    716486400.0000000      0.2975735530751299      -2.360454378932386    
   -1.009323510577935      4.3961498096914809E-08  1.6101380441787095E-08
   5.6635502572517601E-09 -1.9540382334571900E-16  5.3887233338654140E-16
   2.2979318968838919E-16
    716630400.0000000      0.3039019926197148      -2.358130174193541    
   -1.008505568977320      4.3933561691665430E-08  1.6179376109595650E-08
   5.6968063972451039E-09 -1.9265276324772393E-16  5.4450739586670927E-16
   2.3215523829453935E-16
    716774400.0000000      0.3102264371130222      -2.355794678160714    
   -1.007682813192713      4.3906005608149203E-08  1.6258214763160318E-08
   5.7304198400233991E-09 -1.9013930425703292E-16  5.5059214404359396E-16
   2.3476392711097978E-16
    716918400.0000000      0.3165469386005423      -2.353447764621449    
   -1.006855189101378      4.3878790010628336E-08  1.6337964465913360E-08
   5.7644284882084366E-09 -1.8794908818423164E-16  5.5717126772470053E-16
   2.3765251862607934E-16
    717062400.0000000      0.3228635423961496      -2.351089297120343    
   -1.006022636777975      4.3851860439285126E-08  1.6418699181946439E-08
   5.7988749893980635E-09 -1.8620099012350282E-16  5.6427937410369918E-16
   2.4085238962764525E-16
    717206400.0000000      0.3291762846119471      -2.348719128252039    
   -1.005185089849127      4.3825142618709978E-08  1.6500496496420472E-08
   5.8338060637758648E-09 -1.8505238406474346E-16  5.7192848186482890E-16
   2.4438684932162349E-16
    717350400.0000000      0.3354851888987276      -2.346337099428283    
   -1.004342475019049      4.3798536881015087E-08  1.6583433171296958E-08
   5.8692707089640675E-09 -1.8469702618943261E-16  5.8009015409310943E-16
   2.4826141150798804E-16
    717494400.0000000      0.3417902624310407      -2.343943041484788    
   -1.003494711964828      4.3771913333568502E-08  1.6667577864704382E-08
   5.9053168166481967E-09 -1.8535666178604181E-16  5.8867461829543598E-16
   2.5245175311388561E-16
    717638400.0000000      0.3480914913369050      -2.341536776561090    
   -1.002641713853382      4.3745109558009031E-08  1.6752980737155137E-08
   5.9419858670165685E-09 -1.8725297935622042E-16  5.9751090125326387E-16
   2.5689021020782174E-16
    717782400.0000000      0.3543888361338039      -2.339118121654710    
   -1.001783388752720      4.3717933202963490E-08  1.6839660837620034E-08
   5.9793059226326335E-09 -1.9056743389225874E-16  6.0633731994839873E-16
   2.6145650305792927E-16
    717926400.0000000      0.3606822280168246      -2.336686894038546    
   -1.000919642126570      4.3690171698729695E-08  1.6927593334748291E-08
   6.0172838045736079E-09 -1.9538448995339051E-16  6.1481248602029166E-16
   2.6597775421639399E-16
    718070400.0000000      0.3669715671541536      -2.334242918303988    
   -1.000050380404864      4.3661610317649517E-08  1.7016700452773997E-08
   6.0558983828372121E-09 -2.0163889068330573E-16  6.2255662273067310E-16
   2.7024508287337714E-16
    718214400.0000000      0.3732567240636980      -2.331786034175994    
  -0.9991755152854922      4.3632056256231491E-08  1.7106850478815672E-08
   6.0950975517741558E-09 -2.0908970507982714E-16  6.2921977204055749E-16
   2.7404733436646869E-16
    718358400.0000000      0.3795375445944204      -2.329316103700616    
  -0.9982949680743258      4.3601363562904706E-08  1.7197867722978596E-08
   6.1348009676434294E-09 -2.1733801478432423E-16  6.3455968506879543E-16
   2.7721452956348919E-16
    718502400.0000000      0.3858138581361568      -2.326833016216652    
  -0.9974086731758315      4.3569451731449299E-08  1.7289552842480192E-08
   6.1749089834684809E-09 -2.2589731219488608E-16  6.3849950146410712E-16
   2.7965599403751892E-16
    718646400.0000000      0.3920854876213797      -2.324336689938135    
  -0.9965165799584158      4.3536311366568851E-08  1.7381708492899817E-08
   6.2153157624831699E-09 -2.3429050029734462E-16  6.4114054076277604E-16
   2.8137720817126231E-16
    718790400.0000000      0.3983522593378330      -2.321827069885823    
  -0.9956186526497240      4.3501995977204855E-08  1.7474163157357990E-08
   6.2559228664780418E-09 -2.4214027470899047E-16  6.4272592492520804E-16
   2.8246976025006671E-16
    718934400.0000000      0.4046140107091856      -2.319304122907152    
  -0.9947148684656621      4.3466603068376136E-08  1.7566786957208835E-08
   6.2966496588237391E-09 -2.4921942586572681E-16  6.4357238101885319E-16
   2.8308016920288857E-16
    719078400.0000000      0.4108705950027803      -2.316767831170070    
  -0.9938052146047717      4.3430251420080904E-08  1.7659497049489921E-08
   6.3374385519358061E-09 -2.5545530970998749E-16  6.4400021624864274E-16
   2.8337289603790422E-16
    719222400.0000000      0.4171218828650520      -2.314218185566523    
  -0.9928896848651698      4.3393060662977965E-08  1.7752253911547086E-08
   6.3782551402054093E-09 -2.6089809318071425E-16  6.4428146724308390E-16
   2.8349937066277119E-16
    719366400.0000000      0.4233677613218638      -2.311655180091935    
  -0.9919682765196166      4.3355136815713921E-08  1.7845052193656824E-08
   6.4190848173705968E-09 -2.6567492151287112E-16  6.4461575683363863E-16
   2.8358035072209483E-16
    719510400.0000000      0.4296081311800408      -2.309078807707390    
  -0.9910409878162757      4.3316564472428692E-08  1.7937909796869816E-08
   6.4599277553371055E-09 -2.6994655699027147E-16  6.4512792138554787E-16
   2.8370014385016934E-16
    719654400.0000000      0.4358429037214396      -2.306489057740551    
  -0.9901078162277900      4.3277404503259518E-08  1.8030857758377177E-08
   6.5007937405691958E-09 -2.7387551310825790E-16  6.4587952180899990E-16
   2.8390944363852292E-16
    719798400.0000000      0.4420719973488451      -2.303885914594146    
  -0.9891687573937118      4.3237695357475841E-08  1.8123932330204507E-08
   6.5416978091457799E-09 -2.7760739891811431E-16  6.4688550711808469E-16
   2.8423232033620109E-16
    719942400.0000000      0.4482953345741447      -2.301269357423112    
  -0.9882238046153170      4.3197456283348720E-08  1.8217169393244897E-08
   6.5826569338239620E-09 -2.8126230728982678E-16  6.4812961152184326E-16
   2.8467352252070805E-16
    720086400.0000000      0.4545128395285731      -2.298639360459516    
  -0.9872729487505010      4.3156691165187927E-08  1.8310601027017022E-08
   6.6236877914184561E-09 -2.8493369673034253E-16  6.4957790667850035E-16
   2.8522561491660710E-16
    720230400.0000000      0.4607244360229505      -2.295995893708886    
  -0.9863161783640632      4.3115392261044250E-08  1.8404253643874079E-08
   6.6648053792541850E-09 -2.8869038558781378E-16  6.5118753518992111E-16
   2.8587383178452880E-16
    720374400.0000000      0.4669300461173493      -2.293338923833505    
  -0.9853534800305438      4.3073543497592386E-08  1.8498147204126674E-08
   6.7060222586921366E-09 -2.9258039435090009E-16  6.5291299974112301E-16
   2.8659986834656794E-16
    720518400.0000000      0.4731295891215477      -2.290668415092536    
  -0.9843848387116988      4.3031123144876806E-08  1.8592295155421040E-08
   6.7473482433985297E-09 -2.9663522575156213E-16  6.5470998358648072E-16
   2.8738431776629884E-16
    720662400.0000000      0.4793229809387093      -2.287984330259444    
  -0.9834102381577509      4.2988105928556961E-08  1.8686704758929214E-08
   6.7887903542443710E-09 -3.0087345016950029E-16  6.5653720712304126E-16
   2.8820806273835226E-16
    720806400.0000000      0.4855101336775866      -2.285286631477174    
  -0.9824296613031086      4.2944464657055620E-08  1.8781377606796264E-08
   6.8303529282880051E-09 -3.0530384339328400E-16  6.5835736205957303E-16
   2.8905309549085176E-16
    720950400.0000000      0.4916909554683323      -2.282575281031502    
  -0.9814430906394110      4.2900171436416341E-08  1.8876310227060641E-08
   6.8720378153393894E-09 -3.0992794155149097E-16  6.6013744449614229E-16
   2.8990294544479316E-16
    721094400.0000000      0.4978653504290234      -2.279850242035505    
  -0.9804505085569507      4.2855198565012076E-08  1.8971494702413804E-08
   6.9138446136044162E-09 -3.1474191931300457E-16  6.6184863651281803E-16
   2.9074281163888777E-16
    721238400.0000000      0.5040332187439600      -2.277111479027592    
  -0.9794518976516893      4.2809519207954192E-08  1.9066919242099875E-08
   6.9557709058754764E-09 -3.1973787071727847E-16  6.6346587423181037E-16
   2.9155948986136134E-16
    721382400.0000000      0.5101944568263987      -2.274358958491201    
  -0.9784472409989832      4.2763107886558510E-08  1.9162568715798863E-08
   6.9978124927318690E-09 -3.2490509607086841E-16  6.6496776927287973E-16
   2.9234141355301258E-16
    721526400.0000000      0.5163489575397542      -2.271592649298562    
  -0.9774365223935030      4.2715940833311441E-08  1.9258425146992128E-08
   7.0399636156775199E-09 -3.3023071017650764E-16  6.6633612100952917E-16
   2.9307847940860607E-16
    721670400.0000000      0.5224966104648952      -2.268812523088995    
  -0.9764197265591146      4.2667996265177085E-08  1.9354468148656409E-08
   7.0822171598303731E-09 -3.3570006744282208E-16  6.6755549324030007E-16
   2.9376188459416146E-16
    721814400.0000000      0.5286373022029409      -2.266018554588586    
  -0.9753968393312167      4.2619254608423734E-08  1.9450675301125575E-08
   7.1245648330269341E-09 -3.4129728997040385E-16  6.6861312981051370E-16
   2.9438410101993006E-16
    721958400.0000000      0.5347709167044762      -2.263210721875062    
  -0.9743678478130061      4.2569698648190546E-08  1.9547022531990825E-08
   7.1669973473238066E-09 -3.4700549515597907E-16  6.6949873609344164E-16
   2.9493878443427406E-16
    722102400.0000000      0.5408973356195517      -2.260389006591462    
  -0.9733327405071119      4.2519313669740913E-08  1.9643484448793602E-08
   7.2095045799654926E-09 -3.5280687744119755E-16  6.7020424913124252E-16
   2.9542067465266795E-16
    722246400.0000000      0.5470164386667530      -2.257553394113319    
  -0.9722915074246722      4.2468087580117041E-08  1.9740034656809191E-08
   7.2520757281156013E-09 -3.5868287060399832E-16  6.7072382323662035E-16
   2.9582559264871677E-16
    722390400.0000000      0.5531281040180711      -2.254703873669837    
  -0.9712441401719588      4.2416011006737698E-08  1.9836646082244335E-08
   7.2946994666688510E-09 -3.6461427714036481E-16  6.7105388248327035E-16
   2.9615047011743610E-16
    722534400.0000000      0.5592322086969900      -2.251840438418045    
  -0.9701906320140009      4.2363077385932227E-08  1.9933291299800946E-08
   7.3373641091678893E-09 -3.7058124969770463E-16  6.7119309183307086E-16
   2.9639334682720579E-16
    722678400.0000000      0.5653286289901611      -2.248963085470570    
  -0.9691309779152542      4.2309283062623144E-08  2.0029942851658110E-08
   7.3800577667748960E-09 -3.7656334759982294E-16  6.7114247839825633E-16
   2.9655344245305329E-16
    722822400.0000000      0.5714172408705898      -2.246071815873489    
  -0.9680651745553772      4.2254627345318743E-08  2.0126573628836057E-08
   7.4227685385172297E-09 -3.8253979926436560E-16  6.7090583295233654E-16
   2.9663136455537610E-16
    722966400.0000000      0.5774979204288083      -2.243166634528115    
  -0.9669932203167758      4.2199112560122092E-08  2.0223157271128486E-08
   7.4654847146297843E-09 -3.8848954108297311E-16  6.7048988559807538E-16
   2.9662922802505738E-16
    723110400.0000000      0.5835705443093704      -2.240247550051020    
  -0.9659151152405077      4.2142744083951394E-08  2.0319668610239225E-08
   7.5081950062917502E-09 -3.9439135659722209E-16  6.6990458884457403E-16
   2.9655083882320590E-16
    723254400.0000000      0.5896349901501744      -2.237314574566897    
  -0.9648308609469521      4.2085530323559948E-08  2.0416084187973194E-08
   7.5508888188717884E-09 -4.0022450029671001E-16  6.6916387863108060E-16
   2.9640211792255907E-16
    723398400.0000000      0.5956911370123243      -2.234367723419294    
  -0.9637404605128047      4.2027482617278600E-08  2.0512382861916300E-08
   7.5935565782594313E-09 -4.0596915889021196E-16  6.6828611305393701E-16
   2.9619140861388065E-16
    723542400.0000000      0.6017388657902105      -2.231407014789364    
  -0.9626439182976857      4.1968615046158197E-08  2.0608546484871795E-08
   7.6361901087421335E-09 -4.1160733796462318E-16  6.6729472379240431E-16
   2.9592991783010538E-16
    723686400.0000000      0.6077780595834333      -2.228432469209294    
  -0.9615412397112715      4.1908944080523178E-08  2.0704560691506718E-08
   7.6787830838239264E-09 -4.1712426312689793E-16  6.6621899921203710E-16
   2.9563226556983434E-16
    723830400.0000000      0.6138086040014951      -2.225444108954386    
  -0.9604324309096489      4.1848487986885655E-08  2.0800415794269701E-08
   7.7213315585193407E-09 -4.2251031505858355E-16  6.6509474769345449E-16
   2.9531703639008077E-16
    723974400.0000000      0.6198303873611002      -2.222441957300323    
  -0.9593174984095786      4.1787265915635427E-08  2.0896107749615739E-08
   7.7638345739819664E-09 -4.2776358440261439E-16  6.6396456013006503E-16
   2.9500721179530128E-16
    724118400.0000000      0.6258433007223643      -2.219426037639735    
  -0.9581964486115243      4.1725296542370350E-08  2.0991639145764567E-08
   7.8062948212731434E-09 -4.3289370642543931E-16  6.6287794493874043E-16
   2.9473059552558681E-16
    724262400.0000000      0.6318472376850132      -2.216396372457003    
  -0.9570692872233111      4.1662596073754558E-08  2.1087020144747500E-08
   7.8487193423584347E-09 -4.3792670369587344E-16  6.6189010251876224E-16
   2.9451970141371901E-16
    724406400.0000000      0.6378420938437629      -2.213352982185449    
  -0.9559360185865613      4.1599175484967404E-08  2.1182269146677983E-08
   7.8911201627667622E-09 -4.4291067127258697E-16  6.6105916833790477E-16
   2.9441082975583841E-16
    724550400.0000000      0.6438277657846987      -2.210295884006630    
  -0.9547966449257514      4.1535036867099905E-08  2.1277412862693129E-08
   7.9335147060292972E-09 -4.4792276464237463E-16  6.6044079881504335E-16
   2.9444194010999956E-16
    724694400.0000000      0.6498041494802902      -2.207225090704199    
  -0.9536511655648486      4.1470168762292199E-08  2.1372485389163071E-08
   7.9759257728870123E-09 -4.5307530663166354E-16  6.6007899600971351E-16
   2.9464834648549265E-16
    724838400.0000000      0.6557711379565241      -2.204140609763408    
  -0.9524995762010020      4.1404540758572980E-08  2.1467525612476903E-08
   8.0183807084527039E-09 -4.5851968489305478E-16  6.5999220551289586E-16
   2.9505572019824892E-16
    724982400.0000000      0.6617286181554254      -2.201042443004828    
  -0.9513418683810649      4.1338097870671377E-08  2.1562572266524560E-08
   8.0609093385667710E-09 -4.6444402933119295E-16  6.6015470046981127E-16
   2.9566989862388131E-16
    725126400.0000000      0.6676764670455034      -2.197930587136537    
  -0.9501780293917511      4.1270755985832945E-08  2.1657656050245072E-08
   8.1035402235547918E-09 -4.7105961182550694E-16  6.6047531184045055E-16
   2.9646410192255657E-16
    725270400.0000000      0.6736145472655820      -2.194805035661056    
  -0.9490080428262945      4.1202400305200777E-08  2.1752788757907785E-08
   8.1462950050558722E-09 -4.7857197687680831E-16  6.6077901835043065E-16
   2.9736611484123301E-16
    725414400.0000000      0.6795427029031769      -2.191665782511040    
  -0.9478318900895052      4.1132889209245311E-08  2.1847950417337850E-08
   8.1891811305623231E-09 -4.8713460376424155E-16  6.6080054213648295E-16
   2.9825008007389171E-16
    725558400.0000000      0.6854607563610295      -2.188512827534608    
  -0.9466495530044861      4.1062065734784986E-08  2.1943077077547552E-08
   8.2321841284934684E-09 -4.9679294472578839E-16  6.6020221424270078E-16
   2.9894019250013948E-16
    725702400.0000000      0.6913685074593199      -2.185346183457287    
  -0.9454610174413505      4.0989777011259010E-08  2.2038053152253503E-08
   8.2752614997547925E-09 -5.0743490494322159E-16  6.5862082039968150E-16
   2.9923061322827281E-16
    725846400.0000000      0.6972657357771166      -2.182165883348350    
  -0.9442662775523327      4.0915899099646079E-08  2.2132712840978569E-08
   8.3183408895124731E-09 -5.1877236142231504E-16  6.5574095321530802E-16
   2.9892276136525438E-16
    725990400.0000000      0.7031522066002138      -2.178971987094248    
  -0.9430653398511903      4.0840360967064136E-08  2.2226852466310038E-08
   8.3613241879894570E-09 -5.3037221981577088E-16  6.5137013649055194E-16
   2.9786861906101842E-16
    726134400.0000000      0.7090276798327927      -2.175764585344302    
  -0.9418582262510032      4.0763160549561908E-08  2.2320252689869920E-08
   8.4040977217858082E-09 -5.4173402291129422E-16  6.4548967323519630E-16
   2.9600596199585249E-16
    726278400.0000000      0.7148919202859143      -2.172543799899206    
  -0.9406449753456438      4.0684367250690224E-08  2.2412704419134364E-08
   8.4465458278354551E-09 -5.5238996714486172E-16  6.3825435497575137E-16
   2.9336858701738725E-16
