   2  729337293  729342310   5620   10    6    4          0          0          0 
   3  729343082  729346383   3301   10    6    5          0          0          0 
   3  729346383  729346384      1   10    6    5          0          0          8 L1:AS_PD_SATURATION 
   4  729350749  729350905    156   10    6    6          0          0          4 L1:MICH_FILT 
   5  729350927  729357580   6653   10    6    7          0          0          0 
   6  729363874  729364061    187   11    6    8          0          0          0 
   7  729364071  729368340   4269   11    6    9          0          0          0 
   7  729368340  729368400     60   11    6    9      16384          0          0 H1:ASQ_LOWBAND_OUTLIER 
   7  729368400  729369531   1131   11    6    9          0          0          0 
   7  729369531  729369532      1   11    6    9          0          0          8 L1:AS_PD_SATURATION 
   8  729373987  729374039     52   11    7   10          0          0        528 L1:ASQ_LARGEP2P L1:NO_CALIB_LINE 
   8  729374039  729374041      2   11    7   10          0          0        536 L1:ASQ_LARGEP2P L1:AS_PD_SATURATION L1:NO_CALIB_LINE 
   8  729374041  729374047      6   11    7   10          0          0        528 L1:ASQ_LARGEP2P L1:NO_CALIB_LINE 
   9  729374778  729375131    353   12    7   11          0          0          0 
   9  729375131  729375133      2   12    7   11          0          0          8 L1:AS_PD_SATURATION 
   9  729375133  729375305    172   12    7   11          0          0          0 
   9  729375305  729375306      1   12    7   11          0          0          8 L1:AS_PD_SATURATION 
  10  729387357  729388169    812   15   11   14          0          0          0 
  11  729388450  729394094   5644   16   11   14          0          0          0 
  11  729394094  729394096      2   16   11   14          0          0          8 L1:AS_PD_SATURATION 
  11  729394096  729394842    746   16   11   14          0          0          0 
  12  729396789  729397409    620   17   11   15          0          0        512 L1:NO_CALIB_LINE 
  13  729397431  729398220    789   18   11   15          0          0        512 L1:NO_CALIB_LINE 
  13  729398220  729400124   1904   18   11   15          0          0          0 
  14  729409951  729410369    418   19   12   16          0          0          0 
  15  729410749  729415601   4852   19   12   17          0          0          0 
  15  729415601  729415602      1   19   12   17          0          0         32 L1:DAQ_DROPOUT 
  15  729415602  729415604      2   19   12   17          0          0         40 L1:AS_PD_SATURATION L1:DAQ_DROPOUT 
  15  729415604  729415605      1   19   12   17          0          0         40 L1:AS_PD_SATURATION L1:DAQ_DROPOUT 
  15  729415605  729415606      1   19   12   17          0          0         40 L1:AS_PD_SATURATION L1:DAQ_DROPOUT 
  15  729415606  729415607      1   19   12   17          0          0         40 L1:AS_PD_SATURATION L1:DAQ_DROPOUT 
  15  729415607  729415608      1   19   12   17          0          0         40 L1:AS_PD_SATURATION L1:DAQ_DROPOUT 
  15  729415608  729415634     26   19   12   17          0          0         32 L1:DAQ_DROPOUT 
  15  729415634  729415635      1   19   12   17          0          0         40 L1:AS_PD_SATURATION L1:DAQ_DROPOUT 
  15  729415635  729415636      1   19   12   17          0          0          8 L1:AS_PD_SATURATION 
  15  729415636  729419742   4106   19   12   17          0          0          0 
  16  729422904  729427038   4134   19   12   18          0          0          4 L1:MICH_FILT 
  17  729430191  729434705   4514   19   12   19          0          0          0 
  17  729434705  729434706      1   19   12   19          0          0          8 L1:AS_PD_SATURATION 
  18  729439471  729445228   5757   20   13   20          0          0          0 
  19  729446196  729456584  10388   20   13   21          0          0          0 
  19  729456584  729456585      1   20   13   21          0          0          8 L1:AS_PD_SATURATION 
  20  729459256  729461155   1899   21   14   23          0          0          0 
  20  729461155  729461156      1   21   14   23          8          0          0 H1:AS_PD_SATURATION 
  21  729509424  729510003    579   25   17   31          0          0          0 
  21  729510003  729510004      1   25   17   31          0          0          8 L1:AS_PD_SATURATION 
  22  729529893  729529920     27   27   19   37          0          0          0 
  22  729529920  729529980     60   27   19   37          0          0       8192 L1:ASQ_OUTLIER_CORRELATED 
  22  729529980  729531105   1125   27   19   37          0          0          0 
  23  729538252  729538560    308   27   22   39          0          0        512 L1:NO_CALIB_LINE 
  23  729538560  729538740    180   27   22   39      32768          0        512 H1:ASQ_UPPERBAND_OUTLIER L1:NO_CALIB_LINE 
  23  729538740  729540143   1403   27   22   39          0          0        512 L1:NO_CALIB_LINE 
  24  729540297  729540487    190   27   22   40          0          0        512 L1:NO_CALIB_LINE 
  25  729540710  729541320    610   27   22   41          0          0        512 L1:NO_CALIB_LINE 
  25  729541320  729543544   2224   27   22   41          0          0          0 
  25  729543544  729543545      1   27   22   41          0          0          8 L1:AS_PD_SATURATION 
  26  729544406  729545094    688   27   22   42          0          0          0 
  27  729545208  729547837   2629   27   23   42          0          0          0 
  27  729547837  729547838      1   27   23   42          0          0          8 L1:AS_PD_SATURATION 
  28  729549215  729550696   1481   27   24   43          0          0          0 
  29  729552165  729552600    435   27   25   44          0          0          0 
  29  729552600  729552607      7   27   25   44          0          0       8192 L1:ASQ_OUTLIER_CORRELATED 
  29  729552607  729552609      2   27   25   44          0          0       8200 L1:ASQ_OUTLIER_CORRELATED L1:AS_PD_SATURATION 
  29  729552609  729552660     51   27   25   44          0          0       8192 L1:ASQ_OUTLIER_CORRELATED 
  29  729552660  729552825    165   27   25   44          0          0          0 
  30  729553401  729556285   2884   27   25   45          0          0          0 
  30  729556285  729556287      2   27   25   45          0          0          8 L1:AS_PD_SATURATION 
  30  729556287  729556816    529   27   25   45          0          0          0 
  30  729556816  729556818      2   27   25   45          0          0          8 L1:AS_PD_SATURATION 
  30  729556818  729556832     14   27   25   45          0          0          0 
  30  729556832  729556833      1   27   25   45          0          0          8 L1:AS_PD_SATURATION 
  31  729558611  729559358    747   27   25   46          0          0          0 
  31  729559358  729559360      2   27   25   46          8          0          0 H1:AS_PD_SATURATION 
  32  729577372  729577989    617   28   26   52          0          0          0 
  33  729578407  729578909    502   28   26   53          0          0          0 
  34  729582947  729583080    133   29   27   54          0          0          0 
  34  729583080  729583140     60   29   27   54      16384          0          0 H1:ASQ_LOWBAND_OUTLIER 
  34  729583140  729583715    575   29   27   54          0          0          0 
  35  729587723  729588376    653   29   27   55          0          0        512 L1:NO_CALIB_LINE 
  36  729588382  729588730    348   29   27   56          0          0          0 
  37  729588774  729596613   7839   29   27   57          0          0          0 
  37  729596613  729596614      1   29   27   57          0          0          8 L1:AS_PD_SATURATION 
  38  729597518  729599400   1882   29   27   58          0          0          0 
  38  729599400  729599524    124   29   27   58      32768          0          0 H1:ASQ_UPPERBAND_OUTLIER 
  38  729599524  729599525      1   29   27   58      32768          0          8 H1:ASQ_UPPERBAND_OUTLIER L1:AS_PD_SATURATION 
  39  729602122  729606300   4178   29   27   59          0          0          0 
  39  729606300  729606480    180   29   27   59      32768          0          0 H1:ASQ_UPPERBAND_OUTLIER 
  39  729606480  729610156   3676   29   27   59          0          0          0 
  40  729614512  729614786    274   29   27   60          0          0          0 
  40  729614786  729614788      2   29   27   60          8          0          0 H1:AS_PD_SATURATION 
  40  729614788  729614792      4   29   27   60          0          0          0 
  41  729617629  729619260   1631   30   27   60          0          0          0 
  41  729619260  729619320     60   30   27   60      16384          0          0 H1:ASQ_LOWBAND_OUTLIER 
  41  729619320  729620032    712   30   27   60          0          0          0 
  41  729620032  729620033      1   30   27   60          8          0          0 H1:AS_PD_SATURATION 
  42  729676113  729680160   4047   33   30   67          0          0          0 
  42  729680160  729680220     60   33   30   67          0          0         16 L1:ASQ_LARGEP2P 
  42  729680220  729680279     59   33   30   67          0          0       1040 L1:ASQ_LARGEP2P L1:INVALID_CALIB_LINE 
  42  729680279  729680280      1   33   30   67          0          0       1048 L1:AS_PD_SATURATION L1:ASQ_LARGEP2P L1:INVALID_CALIB_LINE 
  43  729680784  729685449   4665   33   30   68          0          0          0 
  43  729685449  729685450      1   33   30   68          0          0          8 L1:AS_PD_SATURATION 
  44  729688819  729695345   6526   33   31   69          0          0          0 
  44  729695345  729695346      1   33   31   69          0          0          8 L1:AS_PD_SATURATION 
  45  729696751  729698138   1387   33   31   70          0          0          0 
  45  729698138  729698139      1   33   31   70          8          0          0 H1:AS_PD_SATURATION 
  46  729704716  729705000    284   34   31   72          0          0        512 L1:NO_CALIB_LINE 
  46  729705000  729706320   1320   34   31   72          0          0          0 
  46  729706320  729706321      1   34   31   72          0          0          8 L1:AS_PD_SATURATION 
  47  729708799  729711242   2443   34   31   73          0          0          0 
  48  729711311  729711978    667   35   31   73          0          0          0 
  48  729711978  729711979      1   35   31   73          0          0          8 L1:AS_PD_SATURATION 
  49  729754419  729756816   2397   39   35   75          0          0          0 
  49  729756816  729756817      1   39   35   75          0          0          8 L1:AS_PD_SATURATION 
  50  729758436  729771598  13162   39   35   76          0          0          0 
  51  729774754  729777196   2442   39   36   76          0          0          0 
  52  729842601  729842686     85   40   40   85      32768          0          0 H1:ASQ_UPPERBAND_OUTLIER 
  53  729843477  729844377    900   41   40   85      32768          0          0 H1:ASQ_UPPERBAND_OUTLIER 
  53  729844377  729844382      5   41   40   85          0          0          0 
  54  729845214  729846616   1402   42   40   85          0          0          0 
  55  729848009  729851347   3338   42   40   86          0          0          0 
  56  729919478  729920675   1197   46   46   92          0          0          0 
  57  729924628  729924923    295   46   46   93          0          0          0 
  57  729924923  729924925      2   46   46   93          0          0          8 L1:AS_PD_SATURATION 
  57  729924925  729928193   3268   46   46   93          0          0          0 
  58  730008903  730009119    216   52   54   94          0          0          0 
  59  730020095  730022075   1980   52   56   95          0          0          0 
  59  730022075  730022076      1   52   56   95          8          0          0 H1:AS_PD_SATURATION 
  59  730022076  730022077      1   52   56   95          8          8          0 H1:AS_PD_SATURATION H2:AS_PD_SATURATION 
  60  730026408  730032255   5847   53   57   96          0          0          0 
  61  730034007  730051800  17793   53   57   97          0          0          0 
  61  730051800  730051801      1   53   57   97          0          0          8 L1:AS_PD_SATURATION 
  62  730084521  730086503   1982   54   62   99          0          0          0 
  62  730086503  730086504      1   54   62   99          0          0          8 L1:AS_PD_SATURATION 
  63  730094188  730099980   5792   54   63  101          0          0          0 
  63  730099980  730099982      2   54   63  101          0          0          8 L1:AS_PD_SATURATION 
  63  730099982  730109663   9681   54   63  101          0          0          0 
  64  730119903  730120457    554   55   64  103      32768          0          0 H1:ASQ_UPPERBAND_OUTLIER 
  65  730132965  730133400    435   56   65  105          0          0          0 
  65  730133400  730133435     35   56   65  105          0          0       8192 L1:ASQ_OUTLIER_CORRELATED 
  65  730133435  730133437      2   56   65  105          0          0       8200 L1:ASQ_OUTLIER_CORRELATED L1:AS_PD_SATURATION 
  65  730133437  730133460     23   56   65  105          0          0       8192 L1:ASQ_OUTLIER_CORRELATED 
  65  730133460  730134193    733   56   65  105          0          0          0 
  65  730134193  730134194      1   56   65  105          0          0          8 L1:AS_PD_SATURATION 
  66  730137117  730137206     89   56   65  106          0          0          0 
  66  730137206  730137208      2   56   65  106          0          0          8 L1:AS_PD_SATURATION 
  66  730137208  730137405    197   56   65  106          0          0          0 
  66  730137405  730137407      2   56   65  106          0          0          8 L1:AS_PD_SATURATION 
  66  730137407  730137751    344   56   65  106          0          0          0 
  66  730137751  730137753      2   56   65  106          0          0          8 L1:AS_PD_SATURATION 
  66  730137753  730137872    119   56   65  106          0          0          0 
  67  730263429  730265054   1625   60   73  122          0          0          0 
  67  730265054  730265055      1   60   73  122          0          0          8 L1:AS_PD_SATURATION 
  68  730266223  730266568    345   60   73  123          0          0          0 
  68  730266568  730266570      2   60   73  123          0          0          8 L1:AS_PD_SATURATION 
  68  730266570  730266605     35   60   73  123          0          0          0 
  68  730266605  730266607      2   60   73  123          0          0          8 L1:AS_PD_SATURATION 
  68  730266607  730266631     24   60   73  123          0          0          0 
  68  730266631  730266633      2   60   73  123          0          0          8 L1:AS_PD_SATURATION 
  68  730266633  730266647     14   60   73  123          0          0          0 
  68  730266647  730266649      2   60   73  123          0          0          8 L1:AS_PD_SATURATION 
  68  730266649  730266685     36   60   73  123          0          0          0 
  68  730266685  730266686      1   60   73  123          0          0          8 L1:AS_PD_SATURATION 
  69  730268075  730273736   5661   60   73  124          0          0          0 
  70  730274202  730277392   3190   60   74  124          0          0          0 
  70  730277392  730277393      1   60   74  124          0          0          8 L1:AS_PD_SATURATION 
  71  730278553  730285220   6667   60   74  125          0          0          0 
  71  730285220  730285222      2   60   74  125          0          0          8 L1:AS_PD_SATURATION 
  71  730285222  730285352    130   60   74  125          0          0          0 
  71  730285352  730285354      2   60   74  125          0          0          8 L1:AS_PD_SATURATION 
  71  730285354  730285401     47   60   74  125          0          0          0 
  71  730285401  730285403      2   60   74  125          0          0          8 L1:AS_PD_SATURATION 
  71  730285403  730285454     51   60   74  125          0          0          0 
  71  730285454  730285456      2   60   74  125          0          0          8 L1:AS_PD_SATURATION 
  71  730285456  730286000    544   60   74  125          0          0          0 
  71  730286000  730286002      2   60   74  125          0          0          8 L1:AS_PD_SATURATION 
  71  730286002  730286013     11   60   74  125          0          0          0 
  72  730287499  730287632    133   60   74  126          0          0          0 
  73  730290188  730291855   1667   60   75  126          0          0          0 
  74  730292203  730294477   2274   60   75  127          0          0          0 
  74  730294477  730294478      1   60   75  127          0          0          8 L1:AS_PD_SATURATION 
  75  730295777  730296370    593   60   76  128          0          0          0 
  75  730296370  730296371      1   60   76  128          0          0          8 L1:AS_PD_SATURATION 
  76  730305383  730305390      7   60   77  129          0          0          0 
  77  730346222  730346450    228   61   84  130          0          0          0 
  77  730346450  730346452      2   61   84  130          0          0          8 L1:AS_PD_SATURATION 
  77  730346452  730346453      1   61   84  130          0          0          8 L1:AS_PD_SATURATION 
  78  730373920  730374644    724   64   89  132          0          0          0 
  79  730385434  730385519     85   66   90  133          0          0         80 L1:ASQ_LARGEP2P L1:NONSTAND_CTRLS 
  79  730385519  730385520      1   66   90  133          0          0         88 L1:AS_PD_SATURATION L1:ASQ_LARGEP2P L1:NONSTAND_CTRLS 
  80  730416815  730417406    591   68   94  135          0          0          0 
  81  730427303  730429530   2227   69   95  139          0          0          0 
  82  730431198  730431334    136   69   96  140          0          0          0 
  83  730431349  730431995    646   69   96  141          0          0          0 
  84  730432006  730432380    374   69   96  142          0          0          0 
  84  730432380  730432440     60   69   96  142      16384          0          0 H1:ASQ_LOWBAND_OUTLIER 
  84  730432440  730434229   1789   69   96  142          0          0          0 
  84  730434229  730434230      1   69   96  142          0          0          8 L1:AS_PD_SATURATION 
  85  730435411  730435738    327   69   96  143          0          0          0 
  85  730435738  730435739      1   69   96  143          0          0          8 L1:AS_PD_SATURATION 
  86  730437955  730438212    257   69   96  144          0          0          0 
  87  730438714  730443183   4469   70   96  144          0          0          0 
  87  730443183  730443185      2   70   96  144          0          0          8 L1:AS_PD_SATURATION 
  87  730443185  730443466    281   70   96  144          0          0          0 
  87  730443466  730443467      1   70   96  144          0          0          8 L1:AS_PD_SATURATION 
  88  730459720  730471818  12098   70   99  145          0          0          4 L1:MICH_FILT 
  88  730471818  730471820      2   70   99  145          0          0         12 L1:MICH_FILT L1:AS_PD_SATURATION 
  88  730471820  730472861   1041   70   99  145          0          0          4 L1:MICH_FILT 
  89  730495199  730495233     34   73  101  146          0          0          4 L1:MICH_FILT 
  90  730497816  730498869   1053   73  102  146          0          0          4 L1:MICH_FILT 
  91  730503122  730503597    475   74  102  147          0          0          4 L1:MICH_FILT 
  91  730503597  730503598      1   74  102  147          0          0         12 L1:MICH_FILT L1:AS_PD_SATURATION 
  92  730508769  730509540    771   75  103  149          0          0          0 
  92  730509540  730509660    120   75  103  149      16384          0          0 H1:ASQ_LOWBAND_OUTLIER 
  92  730509660  730510207    547   75  103  149          0          0          0 
  92  730510207  730510209      2   75  103  149          0          0          8 L1:AS_PD_SATURATION 
  92  730510209  730510860    651   75  103  149          0          0          0 
  92  730510860  730510920     60   75  103  149      16384          0          0 H1:ASQ_LOWBAND_OUTLIER 
  92  730510920  730513620   2700   75  103  149          0          0          0 
  92  730513620  730513680     60   75  103  149          0          0         16 L1:ASQ_LARGEP2P 
  92  730513680  730513739     59   75  103  149          0          0       1040 L1:ASQ_LARGEP2P L1:INVALID_CALIB_LINE 
  92  730513739  730513740      1   75  103  149          0          0       1048 L1:AS_PD_SATURATION L1:ASQ_LARGEP2P L1:INVALID_CALIB_LINE 
  93  730517960  730518832    872   75  104  150          0          0          0 
  93  730518832  730518833      1   75  104  150          0          0          8 L1:AS_PD_SATURATION 
  94  730520749  730522620   1871   75  104  151          0          0          0 
  94  730522620  730522740    120   75  104  151      24576          0          0 H1:ASQ_OUTLIER_CORRELATED H1:ASQ_LOWBAND_OUTLIER 
  94  730522740  730527447   4707   75  104  151          0          0          0 
  94  730527447  730527449      2   75  104  151          0          0          8 L1:AS_PD_SATURATION 
  94  730527449  730527706    257   75  104  151          0          0          0 
  94  730527706  730527708      2   75  104  151          0          0          8 L1:AS_PD_SATURATION 
  94  730527708  730528130    422   75  104  151          0          0          0 
  94  730528130  730528132      2   75  104  151          0          0          8 L1:AS_PD_SATURATION 
  94  730528132  730528250    118   75  104  151          0          0          0 
  94  730528250  730528252      2   75  104  151          0          0          8 L1:AS_PD_SATURATION 
  94  730528252  730529624   1372   75  104  151          0          0          0 
  95  730534486  730535040    554   76  105  151          0          0          0 
  95  730535040  730535160    120   76  105  151      32768          0          0 H1:ASQ_UPPERBAND_OUTLIER 
  95  730535160  730535609    449   76  105  151          0          0          0 
  96  730536405  730536821    416   77  105  151          0          0          0 
  97  730546468  730548006   1538   78  107  152          0          4          4 H2:MICH_FILT L1:MICH_FILT 
  98  730548020  730548339    319   78  108  152          0          0          4 L1:MICH_FILT 
  98  730548339  730548340      1   78  108  152          0          0         12 L1:MICH_FILT L1:AS_PD_SATURATION 
  99  730553538  730556220   2682   78  109  153          0          0          0 
  99  730556220  730556460    240   78  109  153      32768          0          0 H1:ASQ_UPPERBAND_OUTLIER 
  99  730556460  730559433   2973   78  109  153          0          0          0 
  99  730559433  730559434      1   78  109  153          0          0          8 L1:AS_PD_SATURATION 
 100  730562770  730562940    170   78  109  154      32768          0          0 H1:ASQ_UPPERBAND_OUTLIER 
 100  730562940  730563988   1048   78  109  154          0          0          0 
 100  730563988  730563989      1   78  109  154          0          0          8 L1:AS_PD_SATURATION 
 101  730567105  730569780   2675   79  109  155          0          0          4 L1:MICH_FILT 
 101  730569780  730570860   1080   79  109  155      32768          0          4 H1:ASQ_UPPERBAND_OUTLIER L1:MICH_FILT 
 101  730570860  730571748    888   79  109  155          0          0          4 L1:MICH_FILT 
 101  730571748  730571749      1   79  109  155          0          0         12 L1:MICH_FILT L1:AS_PD_SATURATION 
 102  730574790  730575877   1087   79  109  156          0          0          4 L1:MICH_FILT 
 102  730575877  730575879      2   79  109  156          0          0         12 L1:MICH_FILT L1:AS_PD_SATURATION 
 102  730575879  730576325    446   79  109  156          0          0          4 L1:MICH_FILT 
 103  730580455  730582041   1586   79  110  157          0          0          4 L1:MICH_FILT 
 104  730584043  730584444    401   79  111  157          0          0          4 L1:MICH_FILT 
 104  730584444  730584446      2   79  111  157          0          0         12 L1:MICH_FILT L1:AS_PD_SATURATION 
 104  730584446  730584460     14   79  111  157          0          0          4 L1:MICH_FILT 
 105  730587030  730590154   3124   79  111  158          0          0          4 L1:MICH_FILT 
 106  730592193  730594095   1902   80  112  158          0          0          4 L1:MICH_FILT 
 107  730595706  730596160    454   80  113  158          0          0          4 L1:MICH_FILT 
 108  730597837  730602340   4503   80  114  158          0          0          4 L1:MICH_FILT 
 108  730602340  730602341      1   80  114  158          0          0         12 L1:MICH_FILT L1:AS_PD_SATURATION 
 109  730603410  730603902    492   80  114  159          0          0          4 L1:MICH_FILT 
 110  730604305  730604724    419   80  115  159          0          0          4 L1:MICH_FILT 
 111  730606645  730607461    816   80  116  159          0          0          4 L1:MICH_FILT 
 112  730611097  730613806   2709   80  117  160          0          0          4 L1:MICH_FILT 
 113  730616534  730625296   8762   80  118  160          0          0          4 L1:MICH_FILT 
 114  730626461  730631792   5331   80  119  160          0          0          4 L1:MICH_FILT 
 114  730631792  730631793      1   80  119  160          0          0         12 L1:MICH_FILT L1:AS_PD_SATURATION 
 115  730637895  730643557   5662   81  120  161          0          0          0 
 116  730644256  730645815   1559   81  120  162          0          0          4 L1:MICH_FILT 
 117  730649410  730654453   5043   81  121  162          0          0          4 L1:MICH_FILT 
 118  730692556  730695910   3354   87  122  166          0          0          4 L1:MICH_FILT 
 119  730696304  730697741   1437   87  122  167          0          0          4 L1:MICH_FILT 
 120  730699766  730700349    583   87  122  168          0          0          4 L1:MICH_FILT 
 121  730701154  730713293  12139   87  123  168          0          0          4 L1:MICH_FILT 
 122  730719917  730721149   1232   87  124  168          0          0          4 L1:MICH_FILT 
 123  730724070  730726498   2428   87  125  169          0          0          4 L1:MICH_FILT 
 123  730726498  730726499      1   87  125  169          0          0         12 L1:MICH_FILT L1:AS_PD_SATURATION 
 124  730727352  730727655    303   87  125  170          0          0          4 L1:MICH_FILT 
 124  730727655  730727656      1   87  125  170          0          0         12 L1:MICH_FILT L1:AS_PD_SATURATION 
 125  730731367  730731542    175   87  125  171          0          0          0 
 126  730731747  730735300   3553   87  125  172          0          0          0 
 126  730735300  730735301      1   87  125  172          0          0          8 L1:AS_PD_SATURATION 
 127  730790378  730791251    873   89  131  176        512          0          4 H1:NO_CALIB_LINE L1:MICH_FILT 
 128  730792900  730793005    105   89  132  176        512          0          4 H1:NO_CALIB_LINE L1:MICH_FILT 
 129  730793037  730799718   6681   90  132  176          0          0          4 L1:MICH_FILT 
 129  730799718  730799720      2   90  132  176          0          0         12 L1:MICH_FILT L1:AS_PD_SATURATION 
 129  730799720  730805155   5435   90  132  176          0          0          4 L1:MICH_FILT 
 129  730805155  730805156      1   90  132  176          0          0         12 L1:MICH_FILT L1:AS_PD_SATURATION 
 130  730807517  730807696    179   90  133  177          0          0          0 
 130  730807696  730807697      1   90  133  177          0          0          8 L1:AS_PD_SATURATION 
 131  730809549  730811938   2389   90  134  179          0          0          4 L1:MICH_FILT 
 131  730811938  730811940      2   90  134  179          0          0         12 L1:MICH_FILT L1:AS_PD_SATURATION 
 131  730811940  730811951     11   90  134  179          0          0          4 L1:MICH_FILT 
 131  730811951  730811953      2   90  134  179          0          0         12 L1:MICH_FILT L1:AS_PD_SATURATION 
 131  730811953  730811954      1   90  134  179          0          0         12 L1:MICH_FILT L1:AS_PD_SATURATION 
 131  730811954  730811955      1   90  134  179          0          0          4 L1:MICH_FILT 
 131  730811955  730811957      2   90  134  179          0          0         12 L1:MICH_FILT L1:AS_PD_SATURATION 
 131  730811957  730811959      2   90  134  179          0          0          4 L1:MICH_FILT 
 131  730811959  730811961      2   90  134  179          0          0         12 L1:MICH_FILT L1:AS_PD_SATURATION 
 131  730811961  730811967      6   90  134  179          0          0          4 L1:MICH_FILT 
 131  730811967  730811968      1   90  134  179          0          0         12 L1:MICH_FILT L1:AS_PD_SATURATION 
 132  730813297  730813760    463   90  134  180          0          0          4 L1:MICH_FILT 
 132  730813760  730813761      1   90  134  180          0          0         12 L1:MICH_FILT L1:AS_PD_SATURATION 
 133  730824859  730824943     84   90  136  181          0          0          0 
 134  730829917  730830420    503   90  137  184          0          0          0 
 134  730830420  730830480     60   90  137  184      16384          0          0 H1:ASQ_LOWBAND_OUTLIER 
 134  730830480  730830780    300   90  137  184          0          0          0 
 134  730830780  730830840     60   90  137  184      16384          0          0 H1:ASQ_LOWBAND_OUTLIER 
 134  730830840  730831140    300   90  137  184          0          0          0 
 134  730831140  730831260    120   90  137  184      16384          0          0 H1:ASQ_LOWBAND_OUTLIER 
 134  730831260  730831758    498   90  137  184          0          0          0 
 134  730831758  730831759      1   90  137  184          0          0          8 L1:AS_PD_SATURATION 
 135  730833016  730833447    431   90  137  185          0          0          0 
 135  730833447  730833449      2   90  137  185          0          0          8 L1:AS_PD_SATURATION 
 135  730833449  730833733    284   90  137  185          0          0          0 
 135  730833733  730833735      2   90  137  185          0          0          8 L1:AS_PD_SATURATION 
 135  730833735  730833777     42   90  137  185          0          0          0 
 135  730833777  730833778      1   90  137  185          0          0          8 L1:AS_PD_SATURATION 
 136  730837115  730837147     32   90  138  186          0          0          0 
 136  730837147  730837149      2   90  138  186          0          0          8 L1:AS_PD_SATURATION 
 136  730837149  730837200     51   90  138  186          0          0          0 
 136  730837200  730837260     60   90  138  186      16384          0          0 H1:ASQ_LOWBAND_OUTLIER 
 136  730837260  730837428    168   90  138  186          0          0          0 
 136  730837428  730837429      1   90  138  186          0          0          8 L1:AS_PD_SATURATION 
 137  730857538  730857719    181   91  141  190          0          0          0 
 138  730862476  730863539   1063   92  141  191          0          0          0 
 138  730863539  730863541      2   92  141  191          0          0          8 L1:AS_PD_SATURATION 
 138  730863541  730867992   4451   92  141  191          0          0          0 
 138  730867992  730867993      1   92  141  191          0          0          8 L1:AS_PD_SATURATION 
 139  730872169  730872508    339   93  142  192          0          0          4 L1:MICH_FILT 
 140  730872928  730879400   6472   94  143  192          0          0          4 L1:MICH_FILT 
 140  730879400  730879401      1   94  143  192          0          0         12 L1:MICH_FILT L1:AS_PD_SATURATION 
 141  730880601  730881699   1098   94  144  193          0          0          4 L1:MICH_FILT 
 141  730881699  730881701      2   94  144  193          0          0         12 L1:MICH_FILT L1:AS_PD_SATURATION 
 141  730881701  730883367   1666   94  144  193          0          0          4 L1:MICH_FILT 
 141  730883367  730883369      2   94  144  193          0          0         12 L1:MICH_FILT L1:AS_PD_SATURATION 
 141  730883369  730883901    532   94  144  193          0          0          4 L1:MICH_FILT 
 142  730884223  730884826    603   94  145  193          0          0          4 L1:MICH_FILT 
 143  730885266  730885394    128   94  146  193          0          0          4 L1:MICH_FILT 
 143  730885394  730885396      2   94  146  193          0          0         12 L1:MICH_FILT L1:AS_PD_SATURATION 
 143  730885396  730886786   1390   94  146  193          0          0          4 L1:MICH_FILT 
 143  730886786  730886788      2   94  146  193          0          0         12 L1:MICH_FILT L1:AS_PD_SATURATION 
 143  730886788  730886848     60   94  146  193          0          0          4 L1:MICH_FILT 
 143  730886848  730886849      1   94  146  193          0          0         12 L1:MICH_FILT L1:AS_PD_SATURATION 
 144  730889113  730892280   3167   94  146  194          0          0          0 
 144  730892280  730892340     60   94  146  194      32768          0          0 H1:ASQ_UPPERBAND_OUTLIER 
 144  730892340  730892387     47   94  146  194          0          0          0 
 145  730898486  730899994   1508   95  147  195          0          4          0 H2:MICH_FILT 
 146  730900460  730902970   2510   95  148  195          0          4          0 H2:MICH_FILT 
 147  730903127  730903313    186   95  148  196          0          4          4 H2:MICH_FILT L1:MICH_FILT 
 148  730903879  730904047    168   95  149  196          0          4          4 H2:MICH_FILT L1:MICH_FILT 
 148  730904047  730904048      1   95  149  196          0          4         12 H2:MICH_FILT L1:MICH_FILT L1:AS_PD_SATURATION 
 149  730908206  730908996    790   95  149  197          0          4          0 H2:MICH_FILT 
 150  730909663  730910556    893   95  149  198          0          4          0 H2:MICH_FILT 
 151  730922406  730922880    474   95  150  199       4096          0        512 H1:ASQ_OUTLIER_CLUSTER L1:NO_CALIB_LINE 
 151  730922880  730922940     60   95  150  199      20480          0        512 H1:ASQ_OUTLIER_CLUSTER H1:ASQ_LOWBAND_OUTLIER L1:NO_CALIB_LINE 
 151  730922940  730922996     56   95  150  199       4096          0        512 H1:ASQ_OUTLIER_CLUSTER L1:NO_CALIB_LINE 
 151  730922996  730922997      1   95  150  199       4096          0        520 H1:ASQ_OUTLIER_CLUSTER L1:AS_PD_SATURATION L1:NO_CALIB_LINE 
 152  730924942  730924980     38   95  151  200       4096          0          0 H1:ASQ_OUTLIER_CLUSTER 
 152  730924980  730925040     60   95  151  200      20480          0          0 H1:ASQ_OUTLIER_CLUSTER H1:ASQ_LOWBAND_OUTLIER 
 152  730925040  730925073     33   95  151  200       4096          0          0 H1:ASQ_OUTLIER_CLUSTER 
 152  730925073  730925074      1   95  151  200       4096          0          8 H1:ASQ_OUTLIER_CLUSTER L1:AS_PD_SATURATION 
 153  730980062  730981680   1618   96  158  207          0          0          0 
 153  730981680  730981699     19   96  158  207      16384          0          0 H1:ASQ_LOWBAND_OUTLIER 
 154  730983437  730983716    279   96  159  207          0          0          0 
 154  730983716  730983717      1   96  159  207          0          0          8 L1:AS_PD_SATURATION 
 155  730989074  730990329   1255   96  160  208          0          0          0 
 155  730990329  730990330      1   96  160  208          0          0          8 L1:AS_PD_SATURATION 
 156  730991437  730994026   2589   96  160  209          0          0          0 
 156  730994026  730994027      1   96  160  209          0          0          8 L1:AS_PD_SATURATION 
 157  731001012  731001243    231   96  161  211          0          0          0 
 157  731001243  731001244      1   96  161  211          0          0          8 L1:AS_PD_SATURATION 
 158  731007658  731013121   5463   96  162  213          0          0          0 
 158  731013121  731013122      1   96  162  213          0          0          8 L1:AS_PD_SATURATION 
 159  731137904  731138280    376  101  173  214          0          0          0 
 160  731138951  731141389   2438  101  173  215          0          0          0 
 160  731141389  731141391      2  101  173  215          0          0          8 L1:AS_PD_SATURATION 
 160  731141391  731142977   1586  101  173  215          0          0          0 
 160  731142977  731142978      1  101  173  215          0          0          8 L1:AS_PD_SATURATION 
 161  731144712  731145874   1162  101  174  216          0          0          0 
 161  731145874  731145875      1  101  174  216          0          0          8 L1:AS_PD_SATURATION 
 162  731160362  731164944   4582  101  174  217          0          0          0 
 163  731166758  731166779     21  101  175  217          0          0          0 
 164  731169782  731170042    260  101  175  218          0          0          0 
 164  731170042  731170043      1  101  175  218          0          0          8 L1:AS_PD_SATURATION 
 165  731172063  731174396   2333  101  176  219          0          0          0 
 165  731174396  731174400      4  101  176  219          0          0       2048 L1:CALIB_LINE_NO_RDS_V03 
 165  731174400  731177022   2622  101  176  219          0          0          0 
 165  731177022  731177023      1  101  176  219          0          0          8 L1:AS_PD_SATURATION 
 166  731179538  731181269   1731  101  176  220          0          0          0 
 167  731183049  731187988   4939  101  177  220          0          0          0 
 167  731187988  731187989      1  101  177  220          0          0          8 L1:AS_PD_SATURATION 
 168  731192516  731192984    468  101  177  221          0          0          0 
 168  731192984  731192985      1  101  177  221          0          0          8 L1:AS_PD_SATURATION 
 169  731193583  731194382    799  101  177  222          0          0          0 
 170  731195735  731195880    145  101  177  223          0          0        512 L1:NO_CALIB_LINE 
 170  731195880  731196084    204  101  177  223          0          0          0 
 170  731196084  731196086      2  101  177  223          0          0          8 L1:AS_PD_SATURATION 
 170  731196086  731196532    446  101  177  223          0          0          0 
 171  731197324  731201520   4196  101  177  224          0          0          0 
 171  731201520  731201760    240  101  177  224      16384          0          0 H1:ASQ_LOWBAND_OUTLIER 
 171  731201760  731203909   2149  101  177  224          0          0          0 
 171  731203909  731203910      1  101  177  224          0          0          8 L1:AS_PD_SATURATION 
 172  731206516  731210457   3941  101  178  225          0          0          0 
 172  731210457  731210458      1  101  178  225          0          0          8 L1:AS_PD_SATURATION 
 173  731212156  731214167   2011  101  178  226          0          0          0 
 173  731214167  731214168      1  101  178  226          0          0          8 L1:AS_PD_SATURATION 
 174  731215330  731216215    885  101  178  227          0          0          0 
 174  731216215  731216216      1  101  178  227          0          0          8 L1:AS_PD_SATURATION 
 175  731217545  731220240   2695  101  178  228          0          0          0 
 175  731220240  731220300     60  101  178  228      16384          0          0 H1:ASQ_LOWBAND_OUTLIER 
 175  731220300  731220325     25  101  178  228          0          0          0 
 176  731222025  731223914   1889  101  178  229          0          0          0 
 176  731223914  731223916      2  101  178  229          0          0          8 L1:AS_PD_SATURATION 
 176  731223916  731227038   3122  101  178  229          0          0          0 
 176  731227038  731227039      1  101  178  229          0          0          8 L1:AS_PD_SATURATION 
 177  731228078  731228338    260  101  178  230          0          0          0 
 177  731228338  731228340      2  101  178  230          0          0          8 L1:AS_PD_SATURATION 
 177  731228340  731232196   3856  101  178  230          0          0          0 
 177  731232196  731232197      1  101  178  230          0          0          8 L1:AS_PD_SATURATION 
 178  731233068  731233712    644  101  178  231          0          0          0 
 178  731233712  731233714      2  101  178  231          0          0          8 L1:AS_PD_SATURATION 
 178  731233714  731234644    930  101  178  231          0          0          0 
 179  731238066  731240088   2022  101  178  232          0          0          0 
 179  731240088  731240090      2  101  178  232          0          0          8 L1:AS_PD_SATURATION 
 180  731241209  731244853   3644  101  178  233          0          0          0 
 181  731246179  731248488   2309  101  178  234          0          0          0 
 182  731251594  731253720   2126  101  179  235          0          0          0 
 182  731253720  731253779     59  101  179  235          0          0       1040 L1:INVALID_CALIB_LINE L1:ASQ_LARGEP2P 
 182  731253779  731253780      1  101  179  235          0          0       1048 L1:AS_PD_SATURATION L1:INVALID_CALIB_LINE L1:ASQ_LARGEP2P 
 183  731286123  731289210   3087  101  180  244          0          0          0 
 184  731312014  731315860   3846  101  181  249          0          0          0 
 184  731315860  731315862      2  101  181  249          0          0          8 L1:AS_PD_SATURATION 
 184  731315862  731319226   3364  101  181  249          0          0          0 
 184  731319226  731319227      1  101  181  249          0          0          8 L1:AS_PD_SATURATION 
 185  731320681  731320738     57  101  182  250          0          0          0 
 186  731321487  731323926   2439  101  182  251          0          0          0 
 186  731323926  731323928      2  101  182  251          0          0          8 L1:AS_PD_SATURATION 
 186  731323928  731325000   1072  101  182  251          0          0          0 
 186  731325000  731325060     60  101  182  251          0          0       8192 L1:ASQ_OUTLIER_CORRELATED 
 186  731325060  731325266    206  101  182  251          0          0          0 
 186  731325266  731325267      1  101  182  251          0          0          8 L1:AS_PD_SATURATION 
 187  731326075  731326740    665  101  182  252          0          0          0 
 187  731326740  731326800     60  101  182  252      16384          0          0 H1:ASQ_LOWBAND_OUTLIER 
 187  731326800  731327192    392  101  182  252          0          0          0 
 187  731327192  731327193      1  101  182  252          0          0          8 L1:AS_PD_SATURATION 
 188  731336217  731336280     63  101  183  253          0          0        512 L1:NO_CALIB_LINE 
 189  731342135  731343750   1615  101  184  254          0          0        512 L1:NO_CALIB_LINE 
 190  731344795  731344888     93  101  184  255          0          0          0 
 190  731344888  731344889      1  101  184  255          0          0          8 L1:AS_PD_SATURATION 
 191  731346251  731348424   2173  101  184  256          0          0          0 
 191  731348424  731348425      1  101  184  256          0          0          8 L1:AS_PD_SATURATION 
 192  731350382  731350563    181  101  185  257          0          0          0 
 192  731350563  731350564      1  101  185  257          0          0          8 L1:AS_PD_SATURATION 
 193  731387424  731389303   1879  102  188  258          4          0          0 H1:MICH_FILT 
 194  731428399  731428475     76  104  191  267          0          0         16 L1:ASQ_LARGEP2P 
 194  731428475  731428477      2  104  191  267          0          0         24 L1:AS_PD_SATURATION L1:ASQ_LARGEP2P 
 195  731430904  731431451    547  104  191  268          0          0          0 
 196  731510735  731510932    197  107  192  283          4          4          0 H1:MICH_FILT H2:MICH_FILT 
 196  731510932  731510934      2  107  192  283          4          4          8 H1:MICH_FILT H2:MICH_FILT L1:AS_PD_SATURATION 
 196  731510934  731511047    113  107  192  283          4          4          0 H1:MICH_FILT H2:MICH_FILT 
 196  731511047  731511048      1  107  192  283          4          4          8 H1:MICH_FILT H2:MICH_FILT L1:AS_PD_SATURATION 
 197  731671039  731671276    237  110  198  307          0          0          0 
 198  731675066  731675620    554  110  199  308          0          0          4 L1:MICH_FILT 
 199  731678253  731679591   1338  110  200  308          0          0          4 L1:MICH_FILT 
 199  731679591  731679593      2  110  200  308          0          0         12 L1:MICH_FILT L1:AS_PD_SATURATION 
 200  731689267  731691001   1734  111  202  309          0          0          0 
 200  731691001  731691002      1  111  202  309          0          0          8 L1:AS_PD_SATURATION 
 201  731697204  731698565   1361  111  203  311          0          0          0 
 202  731716969  731717736    767  113  204  313          0          0          0 
 203  731732437  731733627   1190  114  205  314          0          0          0 
 204  731738589  731738760    171  114  206  315          0          0        512 L1:NO_CALIB_LINE 
 204  731738760  731742360   3600  114  206  315          0          0          0 
 204  731742360  731742445     85  114  206  315          0          0         16 L1:ASQ_LARGEP2P 
 204  731742445  731742446      1  114  206  315          0          0         24 L1:ASQ_LARGEP2P L1:AS_PD_SATURATION 
 205  731755077  731755362    285  114  207  320          0          0        512 L1:NO_CALIB_LINE 
 206  731755469  731757094   1625  114  207  321          0          0          0 
 206  731757094  731757096      2  114  207  321          0          0          8 L1:AS_PD_SATURATION 
 206  731757096  731757165     69  114  207  321          0          0          0 
 206  731757165  731757167      2  114  207  321          0          0          8 L1:AS_PD_SATURATION 
 206  731757167  731757195     28  114  207  321          0          0          0 
 206  731757195  731757197      2  114  207  321          0          0          8 L1:AS_PD_SATURATION 
 206  731757197  731757201      4  114  207  321          0          0          0 
 206  731757201  731757203      2  114  207  321          0          0          8 L1:AS_PD_SATURATION 
 206  731757203  731757210      7  114  207  321          0          0          0 
 206  731757210  731757211      1  114  207  321          0          0          8 L1:AS_PD_SATURATION 
 207  731758317  731759260    943  114  207  322          0          0          0 
 208  731995315  731996737   1422  133  211  361          0          0          0 
 209  731998525  732001598   3073  133  212  362          0          0          0 
 209  732001598  732001599      1  133  212  362          0          0          8 L1:AS_PD_SATURATION 
 210  732003413  732010128   6715  133  212  363          0          0          0 
 211  732013023  732013860    837  133  213  364          0          0          0 
 211  732013860  732013861      1  133  213  364          8          0          0 H1:AS_PD_SATURATION 
 212  732016543  732017868   1325  134  214  365          0          0          0 
 212  732017868  732017869      1  134  214  365          0          0          8 L1:AS_PD_SATURATION 
 213  732021678  732022745   1067  134  214  366          0          0          0 
 213  732022745  732022746      1  134  214  366          0          0          8 L1:AS_PD_SATURATION 
 214  732023938  732025131   1193  134  214  367          0          0          0 
 215  732034481  732034555     74  135  217  370          0          0          0 
 216  732034731  732035400    669  135  217  371          0          0          0 
 216  732035400  732036240    840  135  217  371      32768          0          0 H1:ASQ_UPPERBAND_OUTLIER 
 216  732036240  732037336   1096  135  217  371          0          0          0 
 217  732038155  732038640    485  135  218  372          0          0          0 
 217  732038640  732038696     56  135  218  372      16384          0          0 H1:ASQ_LOWBAND_OUTLIER 
 217  732038696  732038697      1  135  218  372      16384          0          8 H1:ASQ_LOWBAND_OUTLIER L1:AS_PD_SATURATION 
 218  732078683  732078720     37  136  221  373          0          0          0 
 218  732078720  732078839    119  136  221  373          0          0         16 L1:ASQ_LARGEP2P 
 218  732078839  732078840      1  136  221  373          0          0         24 L1:AS_PD_SATURATION L1:ASQ_LARGEP2P 
 219  732083288  732086813   3525  136  221  374          0          0          0 
 219  732086813  732086814      1  136  221  374          0          0          8 L1:AS_PD_SATURATION 
 220  732094650  732094920    270  137  222  376          0          0          0 
 220  732094920  732094980     60  137  222  376          0          0       8192 L1:ASQ_OUTLIER_CORRELATED 
 220  732094980  732097291   2311  137  222  376          0          0          0 
 221  732098333  732100613   2280  137  222  377          0          0          0 
 222  732103373  732106304   2931  137  222  378          0          0          0 
 222  732106304  732106305      1  137  222  378          0          0          8 L1:AS_PD_SATURATION 
 223  732109480  732110530   1050  137  222  379          0          0          0 
 223  732110530  732110531      1  137  222  379          0          0          8 L1:AS_PD_SATURATION 
 224  732115283  732115794    511  138  224  380          0          0          0 
 224  732115794  732115795      1  138  224  380          0          0          8 L1:AS_PD_SATURATION 
 225  732118559  732118777    218  138  225  381          0          0          0 
 225  732118777  732118779      2  138  225  381          0          0          8 L1:AS_PD_SATURATION 
 226  732121391  732121808    417  138  226  382          0          0          0 
 227  732122841  732123000    159  138  226  383          0          0          0 
 227  732123000  732123037     37  138  226  383          0          0         16 L1:ASQ_LARGEP2P 
 227  732123037  732123039      2  138  226  383          0          0         24 L1:ASQ_LARGEP2P L1:AS_PD_SATURATION 
 227  732123039  732123147    108  138  226  383          0          0         16 L1:ASQ_LARGEP2P 
 227  732123147  732123149      2  138  226  383          0          0         24 L1:ASQ_LARGEP2P L1:AS_PD_SATURATION 
 227  732123149  732123163     14  138  226  383          0          0         16 L1:ASQ_LARGEP2P 
 227  732123163  732123165      2  138  226  383          0          0         24 L1:ASQ_LARGEP2P L1:AS_PD_SATURATION 
 227  732123165  732123166      1  138  226  383          0          0         16 L1:ASQ_LARGEP2P 
 228  732123960  732124315    355  138  226  384          0          0          0 
 229  732127114  732128345   1231  138  227  385          0          0          0 
 230  732128912  732129529    617  138  227  386          0          0          0 
 231  732129536  732129604     68  138  227  387          0          0          0 
 232  732153315  732155687   2372  139  231  388          0          0          0 
 233  732161035  732163618   2583  139  231  389          0          0          0 
 233  732163618  732163619      1  139  231  389          0          0          8 L1:AS_PD_SATURATION 
 234  732166280  732170489   4209  139  232  390          0          0          0 
 234  732170489  732170490      1  139  232  390          0          0          8 L1:AS_PD_SATURATION 
 235  732173102  732176571   3469  139  232  391          0          0          0 
 235  732176571  732176573      2  139  232  391          0          0          8 L1:AS_PD_SATURATION 
 235  732176573  732178464   1891  139  232  391          0          0          0 
 236  732184024  732190429   6405  139  232  392          0          0          0 
 237  732197600  732197998    398  139  232  393          0          0          0 
 237  732197998  732197999      1  139  232  393          0          0          8 L1:AS_PD_SATURATION 
 238  732206663  732206953    290  139  232  394          0          0        512 L1:NO_CALIB_LINE 
 239  732260593  732266101   5508  140  236  396          0          0          0 
 239  732266101  732266102      1  140  236  396          0          0          8 L1:AS_PD_SATURATION 
 240  732276614  732278502   1888  140  239  398          0          0          0 
 240  732278502  732278504      2  140  239  398          0          0          8 L1:AS_PD_SATURATION 
 240  732278504  732279513   1009  140  239  398          0          0          0 
 240  732279513  732279514      1  140  239  398          0          0          8 L1:AS_PD_SATURATION 
 241  732286932  732291720   4788  140  239  399          0          0          0 
 241  732291720  732291733     13  140  239  399          0          0       8192 L1:ASQ_OUTLIER_CORRELATED 
 241  732291733  732291735      2  140  239  399          0          0       8200 L1:ASQ_OUTLIER_CORRELATED L1:AS_PD_SATURATION 
 241  732291735  732291780     45  140  239  399          0          0       8192 L1:ASQ_OUTLIER_CORRELATED 
 241  732291780  732291940    160  140  239  399          0          0          0 
 242  732292233  732294240   2007  140  240  399          0          0          0 
 242  732294240  732294714    474  140  240  399        512          0          0 H1:NO_CALIB_LINE 
 243  732295424  732297881   2457  141  240  399          0          0          0 
 244  732300055  732300802    747  141  240  400          0          0          0 
 245  732305674  732310748   5074  141  241  401          0          0          0 
 245  732310748  732310749      1  141  241  401          0          0          8 L1:AS_PD_SATURATION 
 246  732319803  732321967   2164  141  242  402          0          0          0 
 247  732332005  732334925   2920  141  243  404          0          0          0 
 248  732335362  732336516   1154  141  244  404          0          0          0 
 248  732336516  732336517      1  141  244  404          0          0          8 L1:AS_PD_SATURATION 
 249  732339677  732339815    138  141  244  405          0          0          0 
 250  732340968  732345091   4123  141  245  406          0          0          0 
 251  732353646  732353957    311  141  246  407          0          0          0 
 252  732355489  732356280    791  141  246  408          0          0          0 
 252  732356280  732356340     60  141  246  408      16384          0          0 H1:ASQ_LOWBAND_OUTLIER 
 252  732356340  732358535   2195  141  246  408          0          0          0 
 252  732358535  732358536      1  141  246  408          0          0          8 L1:AS_PD_SATURATION 
 253  732359978  732360994   1016  141  246  409          0          0          0 
 253  732360994  732360995      1  141  246  409          0          0          8 L1:AS_PD_SATURATION 
 254  732361910  732362272    362  141  246  410          0          0          0 
 254  732362272  732362273      1  141  246  410          0          0          8 L1:AS_PD_SATURATION 
 255  732362841  732362940     99  141  246  411          0          0          0 
 255  732362940  732363000     60  141  246  411          0          0       8192 L1:ASQ_OUTLIER_CORRELATED 
 255  732363000  732364037   1037  141  246  411          0          0          0 
 255  732364037  732364038      1  141  246  411          0          0          8 L1:AS_PD_SATURATION 
 256  732364578  732366086   1508  141  246  412          0          0          0 
 256  732366086  732366087      1  141  246  412          0          0          8 L1:AS_PD_SATURATION 
 257  732369886  732370087    201  141  246  413          0          0          4 L1:MICH_FILT 
 257  732370087  732370088      1  141  246  413          0          0         12 L1:MICH_FILT L1:AS_PD_SATURATION 
 258  732372879  732375270   2391  141  246  414          0          0          0 
 258  732375270  732375271      1  141  246  414          0          0          8 L1:AS_PD_SATURATION 
 259  732376033  732379882   3849  141  246  415          0          0          0 
 259  732379882  732379883      1  141  246  415          0          0          8 L1:AS_PD_SATURATION 
 260  732381161  732382444   1283  141  246  416          0          0          0 
 260  732382444  732382445      1  141  246  416          0          0          8 L1:AS_PD_SATURATION 
 261  732383235  732385140   1905  141  246  417          0          0          0 
 261  732385140  732385440    300  141  246  417        512          0          0 H1:NO_CALIB_LINE 
 261  732385440  732386527   1087  141  246  417          0          0          0 
 262  732386969  732388933   1964  141  247  417          0          0          0 
 262  732388933  732388934      1  141  247  417          0          0          8 L1:AS_PD_SATURATION 
 263  732413467  732414134    667  142  249  419          0          4          0 H2:MICH_FILT 
 264  732414811  732416745   1934  142  249  420          0          4          0 H2:MICH_FILT 
 264  732416745  732416746      1  142  249  420          0          4          8 H2:MICH_FILT L1:AS_PD_SATURATION 
 265  732421496  732423694   2198  142  249  421          0          4          0 H2:MICH_FILT 
 266  732424046  732431921   7875  142  250  421          0          4          0 H2:MICH_FILT 
 266  732431921  732431923      2  142  250  421          0          4          8 H2:MICH_FILT L1:AS_PD_SATURATION 
 266  732431923  732439904   7981  142  250  421          0          4          0 H2:MICH_FILT 
 267  732441749  732446370   4621  142  251  421          0          0          0 
 268  732452368  732453495   1127  143  252  423          0          0          0 
 269  732460652  732462072   1420  144  253  426          0          0          0 
 270  732462685  732463373    688  144  253  427          0          0          0 
 270  732463373  732463374      1  144  253  427          0          0          8 L1:AS_PD_SATURATION 
 271  732464251  732465360   1109  144  253  428          0          0          0 
 271  732465360  732465529    169  144  253  428          0          0         16 L1:ASQ_LARGEP2P 
 271  732465529  732465531      2  144  253  428          0          0         24 L1:ASQ_LARGEP2P L1:AS_PD_SATURATION 
 271  732465531  732465537      6  144  253  428          0          0         16 L1:ASQ_LARGEP2P 
 271  732465537  732465538      1  144  253  428          0          0         24 L1:ASQ_LARGEP2P L1:AS_PD_SATURATION 
 272  732466564  732470394   3830  144  253  429          0          0          0 
 272  732470394  732470396      2  144  253  429          8          0          0 H1:AS_PD_SATURATION 
 272  732470396  732471912   1516  144  253  429          0          0          0 
 272  732471912  732471914      2  144  253  429          0          0          8 L1:AS_PD_SATURATION 
 272  732471914  732473220   1306  144  253  429          0          0          0 
 272  732473220  732473280     60  144  253  429      16384          0          0 H1:ASQ_LOWBAND_OUTLIER 
 272  732473280  732475500   2220  144  253  429          0          0          0 
 272  732475500  732475560     60  144  253  429      24576          0          0 H1:ASQ_OUTLIER_CORRELATED H1:ASQ_LOWBAND_OUTLIER 
 272  732475560  732475620     60  144  253  429      16384          0          0 H1:ASQ_LOWBAND_OUTLIER 
 272  732475620  732475800    180  144  253  429          0          0          0 
 272  732475800  732475980    180  144  253  429      16384          0          0 H1:ASQ_LOWBAND_OUTLIER 
 272  732475980  732476334    354  144  253  429          0          0          0 
 273  732488132  732488739    607  145  254  431          0          0          0 
 273  732488739  732488741      2  145  254  431          0          0          8 L1:AS_PD_SATURATION 
 273  732488741  732492126   3385  145  254  431          0          0          0 
 274  732507299  732509395   2096  147  256  431          0          0          0 
 275  732511169  732511904    735  147  256  432          0          0          0 
 276  732513842  732527087  13245  147  257  433          0          0          0 
 276  732527087  732527089      2  147  257  433          0          0          8 L1:AS_PD_SATURATION 
 276  732527089  732528902   1813  147  257  433          0          0          0 
 276  732528902  732528903      1  147  257  433          0          0          8 L1:AS_PD_SATURATION 
 277  732531466  732531960    494  147  257  434          0          0          0 
 277  732531960  732532020     60  147  257  434          0          0         16 L1:ASQ_LARGEP2P 
 277  732532020  732532079     59  147  257  434          0          0       1040 L1:ASQ_LARGEP2P L1:INVALID_CALIB_LINE 
 277  732532079  732532080      1  147  257  434          0          0       1048 L1:AS_PD_SATURATION L1:ASQ_LARGEP2P L1:INVALID_CALIB_LINE 
 278  732534542  732537097   2555  147  258  435          0          0          0 
 278  732537097  732537098      1  147  258  435          0          0          8 L1:AS_PD_SATURATION 
 279  732538141  732539038    897  147  258  436          0          0          0 
 280  732548663  732549503    840  148  259  437          0          0          0 
 280  732549503  732549504      1  148  259  437          0          0          8 L1:AS_PD_SATURATION 
 281  732551584  732552681   1097  148  260  438          0          0        512 L1:NO_CALIB_LINE 
 281  732552681  732552682      1  148  260  438          0          0        520 L1:AS_PD_SATURATION L1:NO_CALIB_LINE 
 282  732563049  732563153    104  149  262  440          0          0          0 
 282  732563153  732563154      1  149  262  440          0          0          8 L1:AS_PD_SATURATION 
 283  732583008  732583229    221  153  264  442          4          0          0 H1:MICH_FILT 
 284  732583235  732585240   2005  154  264  442          0          0          0 
 284  732585240  732585280     40  154  264  442       2048       2048          0 H1:CALIB_LINE_NO_RDS_V03 H2:CALIB_LINE_NO_RDS_V03 
 284  732585280  732585296     16  154  264  442       2176       2176          0 H1:MISSING_RDS H1:CALIB_LINE_NO_RDS_V03 H2:MISSING_RDS H2:MISSING_RDS H2:CALIB_LINE_NO_RDS_V03 
 284  732585296  732585302      6  154  264  442       2178       2178          0 H1:MISSING_RAW H1:MISSING_RDS H1:CALIB_LINE_NO_RDS_V03 H2:MISSING_RAW H2:MISSING_RDS H2:MISSING_RDS H2:CALIB_LINE_NO_RDS_V03 
 285  732586307  732587387   1080  155  265  442          0          0          0 
 286  732587771  732592844   5073  155  265  443          0          0          0 
 286  732592844  732592845      1  155  265  443          0          0          8 L1:AS_PD_SATURATION 
 287  732601807  732605499   3692  156  267  444          0          0          4 L1:MICH_FILT 
 287  732605499  732605500      1  156  267  444          0          0         12 L1:MICH_FILT L1:AS_PD_SATURATION 
 288  732607432  732613927   6495  157  268  445          0          0          0 
 289  732616439  732616462     23  157  269  445          0          0          0 
 290  732626709  732627266    557  159  270  447          0          0          0 
 290  732627266  732627267      1  159  270  447          0          0          8 L1:AS_PD_SATURATION 
 291  732628427  732628755    328  159  270  448          0          0          0 
 291  732628755  732628756      1  159  270  448          0          0          8 L1:AS_PD_SATURATION 
 292  732630313  732631224    911  159  270  449          0          0          0 
 292  732631224  732631225      1  159  270  449          0          0          8 L1:AS_PD_SATURATION 
 293  732632923  732637500   4577  159  271  450          0          0          0 
 294  732639472  732640282    810  159  272  450          0          0          0 
 294  732640282  732640284      2  159  272  450          0          0          8 L1:AS_PD_SATURATION 
 295  732643897  732643989     92  159  272  451          0          0          0 
 295  732643989  732643990      1  159  272  451          0          0          8 L1:AS_PD_SATURATION 
 296  732644578  732644616     38  159  272  452          0          0          0 
 297  732650745  732654486   3741  160  273  453          0          0          0 
 297  732654486  732654487      1  160  273  453          0          0          8 L1:AS_PD_SATURATION 
 298  732677404  732679474   2070  162  278  454          0          0          0 
 298  732679474  732679475      1  162  278  454          0          0          8 L1:AS_PD_SATURATION 
 299  732682217  732686722   4505  163  279  456          0          0          0 
 300  732686751  732686989    238  163  280  456          0          0          0 
 301  732692385  732692504    119  164  281  457          0          0          0 
 302  732694004  732694184    180  164  281  458          0          0        512 L1:NO_CALIB_LINE 
 303  732694193  732699689   5496  164  281  459          0          0          0 
 304  732708726  732710847   2121  164  282  460          0          0          0 
 304  732710847  732710848      1  164  282  460          0          0          8 L1:AS_PD_SATURATION 
 305  732714275  732714355     80  164  282  461          0          0          0 
 305  732714355  732714356      1  164  282  461          0          0          8 L1:AS_PD_SATURATION 
 306  732715007  732715482    475  164  282  462          0          0          0 
 306  732715482  732715483      1  164  282  462          0          0          8 L1:AS_PD_SATURATION 
 307  732762624  732763725   1101  167  286  464          0          0          0 
 307  732763725  732763726      1  167  286  464          0          0          8 L1:AS_PD_SATURATION 
 308  732766956  732767024     68  167  286  465          0          0          0 
 309  732767037  732767151    114  167  286  466          0          0          0 
 309  732767151  732767152      1  167  286  466          0          0          8 L1:AS_PD_SATURATION 
 310  732768186  732779880  11694  167  286  467          0          0          0 
 310  732779880  732780219    339  167  286  467          0          0        512 L1:NO_CALIB_LINE 
 311  732783043  732786525   3482  167  286  468          0          0          0 
 312  732800348  732801706   1358  167  287  470          0          0          0 
 312  732801706  732801707      1  167  287  470          0          0          8 L1:AS_PD_SATURATION 
 313  732806888  732807125    237  167  287  471          0          0          0 
 313  732807125  732807127      2  167  287  471          0          0          8 L1:AS_PD_SATURATION 
 313  732807127  732807448    321  167  287  471          0          0          0 
 313  732807448  732807450      2  167  287  471          0          0          8 L1:AS_PD_SATURATION 
 313  732807450  732807456      6  167  287  471          0          0          0 
 314  732850297  732851063    766  168  291  472          0          0          0 
 315  732854304  732857880   3576  169  292  473          4          0          0 H1:MICH_FILT 
 315  732857880  732857940     60  169  292  473      16388          0          0 H1:MICH_FILT H1:ASQ_LOWBAND_OUTLIER 
 315  732857940  732858521    581  169  292  473          4          0          0 H1:MICH_FILT 
 316  732858788  732859111    323  169  292  474          4          0          0 H1:MICH_FILT 
 317  732864462  732864781    319  169  293  475          4          0          0 H1:MICH_FILT 
 317  732864781  732864783      2  169  293  475          4          0          8 H1:MICH_FILT L1:AS_PD_SATURATION 
 317  732864783  732870407   5624  169  293  475          4          0          0 H1:MICH_FILT 
 317  732870407  732870408      1  169  293  475          4          0          8 H1:MICH_FILT L1:AS_PD_SATURATION 
 318  732873552  732875333   1781  169  293  476          4          0          0 H1:MICH_FILT 
 319  732875534  732876480    946  169  293  477          4          0          0 H1:MICH_FILT 
 319  732876480  732876540     60  169  293  477      16388          0          0 H1:MICH_FILT H1:ASQ_LOWBAND_OUTLIER 
 319  732876540  732878076   1536  169  293  477          4          0          0 H1:MICH_FILT 
 319  732878076  732878077      1  169  293  477         12          0          0 H1:MICH_FILT H1:AS_PD_SATURATION 
 320  732901651  732901680     29  170  297  482          0          0          0 
 320  732901680  732901740     60  170  297  482      16384          0          0 H1:ASQ_LOWBAND_OUTLIER 
 320  732901740  732901800     60  170  297  482          0          0          0 
 321  733022358  733025158   2800  177  307  487          0          0          0 
 322  733026944  733027638    694  177  308  487          0          0          0 
 323  733028910  733034643   5733  177  308  488          0          0          0 
 324  733035569  733038083   2514  177  309  488          0          0          0 
 325  733045193  733047551   2358  177  309  489          0          0          0 
 325  733047551  733047552      1  177  309  489          0          0          8 L1:AS_PD_SATURATION 
 326  733049374  733050671   1297  177  309  490          0          0          0 
 327  733052232  733060317   8085  177  309  491          0          0          0 
 328  733060961  733062903   1942  177  310  491          0          0          0 
 328  733062903  733062904      1  177  310  491          0          0          8 L1:AS_PD_SATURATION 
 329  733067382  733068850   1468  177  310  492          0          0          0 
 329  733068850  733068851      1  177  310  492          0          0          8 L1:AS_PD_SATURATION 
 330  733073387  733075402   2015  178  310  493          0          0          0 
 331  733079500  733079655    155  178  311  493          0          0          0 
 332  733081490  733082577   1087  178  311  494          0          0          0 
 332  733082577  733082578      1  178  311  494          0          0          8 L1:AS_PD_SATURATION 
 333  733085705  733086446    741  178  311  495          0          0          0 
 334  733102538  733107942   5404  179  312  496          0          0          0 
 335  733114211  733119859   5648  180  313  498          0          0          0 
 336  733121304  733123737   2433  180  313  499          0          0          0 
 337  733126210  733128411   2201  180  314  500          0          0          0 
 337  733128411  733128412      1  180  314  500          0          0          8 L1:AS_PD_SATURATION 
 338  733130115  733133435   3320  180  314  501          0          0          0 
 339  733134222  733135299   1077  180  314  502          0          0          0 
 340  733144269  733144730    461  181  314  503          0          0          0 
 341  733197724  733198272    548  184  317  505          0          0          0 
 342  733201747  733202384    637  184  317  506          0          0          0 
 342  733202384  733202385      1  184  317  506          0          0          8 L1:AS_PD_SATURATION 
 343  733204025  733206017   1992  184  317  507          0          0          0 
 343  733206017  733206018      1  184  317  507          0          0          8 L1:AS_PD_SATURATION 
 344  733206731  733207738   1007  184  317  508          0          0          0 
 344  733207738  733207739      1  184  317  508          0          0          8 L1:AS_PD_SATURATION 
 345  733208520  733209544   1024  184  317  509          0          0          0 
 346  733209741  733218762   9021  184  317  510          0          0          0 
 347  733220099  733220773    674  184  318  510          0          0          0 
 347  733220773  733220775      2  184  318  510          0          0          8 L1:AS_PD_SATURATION 
 347  733220775  733222873   2098  184  318  510          0          0          0 
 348  733227056  733228836   1780  184  319  511          0          0          0 
 349  733239202  733239681    479  185  320  513          0          0          0 
 350  733245691  733246397    706  185  320  514          0          0          0 
 351  733282486  733284480   1994  186  321  515          0          0          0 
 351  733284480  733284540     60  186  321  515      16384          0          0 H1:ASQ_LOWBAND_OUTLIER 
 351  733284540  733289454   4914  186  321  515          0          0          0 
 352  733291378  733291765    387  186  322  516          0          0          0 
 352  733291765  733291766      1  186  322  516          0          0          8 L1:AS_PD_SATURATION 
 353  733294287  733297059   2772  186  322  517          0          0          0 
 353  733297059  733297060      1  186  322  517          0          0          8 L1:AS_PD_SATURATION 
 354  733298070  733298134     64  186  322  518          0          0          0 
 355  733298422  733300726   2304  186  322  519          0          0          0 
 356  733305432  733310859   5427  187  322  522          0          0          0 
 356  733310859  733310860      1  187  322  522          0          0          8 L1:AS_PD_SATURATION 
 357  733311917  733312018    101  187  323  523          0          0          0 
 358  733312873  733317660   4787  187  323  524          0          0          0 
 358  733317660  733317720     60  187  323  524      16384          0          0 H1:ASQ_LOWBAND_OUTLIER 
 358  733317720  733318605    885  187  323  524          0          0          0 
 358  733318605  733318606      1  187  323  524          0          0          8 L1:AS_PD_SATURATION 
 359  733321765  733323670   1905  187  324  525          0          0          0 
 360  733324228  733325040    812  187  325  525          0          0          0 
 361  733325795  733326346    551  187  325  526          0          0          0 
 362  733370406  733371595   1189  189  328  527          0          0          0 
 362  733371595  733371596      1  189  328  527          0          0          8 L1:AS_PD_SATURATION 
 363  733374649  733375278    629  189  329  528          0          0          0 
 364  733381501  733392493  10992  190  330  530          0          0          0 
 365  733394194  733398969   4775  190  331  530          0          0          0 
 365  733398969  733398970      1  190  331  530          8          0          0 H1:AS_PD_SATURATION 
 366  733401472  733402559   1087  191  332  530          0          0          0 
 366  733402559  733402678    119  191  332  530          0          0         16 L1:ASQ_LARGEP2P 
 366  733402678  733402679      1  191  332  530          0          0         24 L1:AS_PD_SATURATION L1:ASQ_LARGEP2P 
 367  733412034  733412217    183  191  333  531          0          0        512 L1:NO_CALIB_LINE 
 367  733412217  733412218      1  191  333  531          0          0        520 L1:AS_PD_SATURATION L1:NO_CALIB_LINE 
 368  733447905  733448029    124  192  334  532          0          0         16 L1:ASQ_LARGEP2P 
 368  733448029  733448030      1  192  334  532          0          0         24 L1:ASQ_LARGEP2P L1:AS_PD_SATURATION 
 369  733451744  733452605    861  192  335  534          0          0          0 
 370  733457330  733457459    129  192  336  535          0          0        512 L1:NO_CALIB_LINE 
 371  733457522  733463946   6424  192  336  536          0          0          0 
 372  733465285  733465577    292  192  337  536          0          0          0 
 373  733470177  733470591    414  192  337  537          0          0          0 
 374  733470885  733474668   3783  192  337  538          0          0          0 
 374  733474668  733474669      1  192  337  538          0          0          8 L1:AS_PD_SATURATION 
 375  733478816  733480815   1999  192  337  539          0          0          0 
 375  733480815  733480816      1  192  337  539          0          0          8 L1:AS_PD_SATURATION 
 376  733487758  733488406    648  193  338  540          0          0          0 
 377  733489085  733491332   2247  193  338  541          0          0          0 
 377  733491332  733491333      1  193  338  541          0          0          8 L1:AS_PD_SATURATION 
 378  733491980  733493072   1092  193  338  542          0          0          0 
 378  733493072  733493073      1  193  338  542          0          0          8 L1:AS_PD_SATURATION 
 379  733495846  733497746   1900  193  338  543          0          0          0 
 380  733497940  733498680    740  193  339  543          0          0          0 
 380  733498680  733498740     60  193  339  543          0          0       8192 L1:ASQ_OUTLIER_CORRELATED 
 380  733498740  733501421   2681  193  339  543          0          0          0 
 380  733501421  733501422      1  193  339  543          0          0          8 L1:AS_PD_SATURATION 
 381  733504626  733504980    354  193  339  544          0          0          0 
 381  733504980  733505019     39  193  339  544          0          0         16 L1:ASQ_LARGEP2P 
 381  733505019  733505021      2  193  339  544          0          0         24 L1:ASQ_LARGEP2P L1:AS_PD_SATURATION 
 381  733505021  733505097     76  193  339  544          0          0         16 L1:ASQ_LARGEP2P 
 381  733505097  733505098      1  193  339  544          0          0         24 L1:ASQ_LARGEP2P L1:AS_PD_SATURATION 
 382  733536282  733536536    254  195  343  546          0          0          0 
 383  733536753  733537328    575  195  344  546          0          0          0 
 384  733538104  733538644    540  195  345  546          0          0          0 
 385  733538860  733540262   1402  195  346  546          0          0          0 
 385  733540262  733540263      1  195  346  546          0          0          8 L1:AS_PD_SATURATION 
 386  733542870  733543032    162  195  346  547          0          0          0 
 387  733543078  733548092   5014  195  346  548          0          0          0 
 388  733548341  733555693   7352  195  347  548          0          0          0 
 389  733555866  733565876  10010  195  348  548          0          0          0 
 390  733570247  733574817   4570  195  349  549          0          0          0 
 390  733574817  733574819      2  195  349  549          0          0          8 L1:AS_PD_SATURATION 
 390  733574819  733575240    421  195  349  549          0          0          0 
 390  733575240  733575276     36  195  349  549          0          0         16 L1:ASQ_LARGEP2P 
 390  733575276  733575278      2  195  349  549          0          0         24 L1:ASQ_LARGEP2P L1:AS_PD_SATURATION 
 390  733575278  733575347     69  195  349  549          0          0         16 L1:ASQ_LARGEP2P 
 390  733575347  733575348      1  195  349  549          0          0         24 L1:ASQ_LARGEP2P L1:AS_PD_SATURATION 
 391  733581939  733590128   8189  196  350  550          0          0          0 
 392  733591949  733593572   1623  196  351  550          0          0          0 
 392  733593572  733593600     28  196  351  550       2048       2048          0 H1:CALIB_LINE_NO_RDS_V03 H2:CALIB_LINE_NO_RDS_V03 
 392  733593600  733595160   1560  196  351  550          0          0          0 
 392  733595160  733595220     60  196  351  550      16384          0          0 H1:ASQ_LOWBAND_OUTLIER 
 392  733595220  733595923    703  196  351  550          0          0          0 
 393  733608803  733611300   2497  196  353  551          0          0          0 
 393  733611300  733611360     60  196  353  551      16384          0          0 H1:ASQ_LOWBAND_OUTLIER 
 393  733611360  733611747    387  196  353  551          0          0          0 
 394  733615133  733616245   1112  196  354  551          0          0          0 
 395  733623216  733624178    962  197  355  553          0          0          0 
 396  733629438  733635551   6113  197  355  554          0          0          0 
 397  733641162  733646943   5781  197  356  554          0          0          0 
 398  733652923  733667403  14480  197  356  555          0          0          0 
 399  733668999  733669952    953  197  356  556          0          0          0 
 399  733669952  733669953      1  197  356  556          0          0          8 L1:AS_PD_SATURATION 
 400  733672865  733673065    200  197  356  557          0          0          0 
 401  733675165  733680135   4970  197  357  557          0          0          0 
 402  733682823  733685391   2568  197  357  558          0          0          0 
 403  733693026  733693128    102  198  359  560          0          0          0 
 403  733693128  733693129      1  198  359  560          0          0          8 L1:AS_PD_SATURATION 
 404  733697636  733700304   2668  198  360  561          0          0          0 
 405  733714097  733715518   1421  200  361  562          0          4          0 H2:MICH_FILT 
 406  733715522  733715792    270  200  362  562          0          0          0 
 407  733715800  733715805      5  201  362  562          0          0          0 
 408  733718073  733724387   6314  201  363  562          0          0          0 
 408  733724387  733724388      1  201  363  562          0          0          8 L1:AS_PD_SATURATION 
 409  733725825  733727970   2145  201  363  563          0          0        512 L1:NO_CALIB_LINE 
 410  733727994  733730539   2545  201  363  564          0          0          0 
 411  733733675  733737980   4305  201  364  564          0          0          0 
 412  733740662  733748687   8025  201  364  565          0          0          0 
 413  733751305  733751640    335  201  365  566          0          0          0 
 413  733751640  733751700     60  201  365  566      16384          0          0 H1:ASQ_LOWBAND_OUTLIER 
 413  733751700  733751878    178  201  365  566          0          0          0 
 413  733751878  733751879      1  201  365  566          0          0          8 L1:AS_PD_SATURATION 
 414  733758285  733759390   1105  201  365  567          0          0          0 
 415  733760110  733761310   1200  201  365  568          0          0          0 
 416  733818022  733818261    239  206  374  572          0          0        256 L1:INVALID_TIMING 
 416  733818261  733818262      1  206  374  572          0          0        264 L1:AS_PD_SATURATION L1:INVALID_TIMING 
 417  733819950  733820352    402  206  374  573          0          0        256 L1:INVALID_TIMING 
 417  733820352  733820354      2  206  374  573          0          0        264 L1:AS_PD_SATURATION L1:INVALID_TIMING 
 417  733820354  733820412     58  206  374  573          0          0        256 L1:INVALID_TIMING 
 418  733900781  733901958   1177  209  384  574          0          0        256 L1:INVALID_TIMING 
 419  733902399  733903129    730  209  384  575          0          0        256 L1:INVALID_TIMING 
 420  733907205  733910741   3536  209  384  576          0          0          0 
 421  733912196  733919019   6823  209  385  576          0          0          0 
 422  733934918  733935034    116  211  387  577          0          0          0 
 423  733970225  733971390   1165  212  390  579          0          0          0 
 423  733971390  733971391      1  212  390  579          0          0          8 L1:AS_PD_SATURATION 
 424  734095104  734099651   4547  215  394  580          0          0          0 
 424  734099651  734099653      2  215  394  580          0          0          8 L1:AS_PD_SATURATION 
 424  734099653  734100256    603  215  394  580          0          0          0 
 424  734100256  734100257      1  215  394  580          0          0          8 L1:AS_PD_SATURATION 
 425  734137709  734139118   1409  215  396  581          0          0          0 
 426  734139808  734141228   1420  215  397  581          0          0          0 
 427  734147441  734153642   6201  215  398  582          0          0          0 
 427  734153642  734153644      2  215  398  582          0          0          8 L1:AS_PD_SATURATION 
 427  734153644  734156765   3121  215  398  582          0          0          0 
 427  734156765  734156767      2  215  398  582          0          0          8 L1:AS_PD_SATURATION 
 428  734159033  734161841   2808  215  398  583          0          0          0 
 428  734161841  734161843      2  215  398  583          0          0          8 L1:AS_PD_SATURATION 
 428  734161843  734164963   3120  215  398  583          0          0          0 
 429  734182352  734183460   1108  217  400  585          0          0          0 
 429  734183460  734183520     60  217  400  585      16384          0          0 H1:ASQ_LOWBAND_OUTLIER 
 429  734183520  734188989   5469  217  400  585          0          0          0 
 430  734199395  734199487     92  217  402  586          0          0          0 
 431  734207789  734207939    150  217  402  587          0          0          0 
 432  734214322  734218854   4532  217  404  588          0          0          0 
 433  734220978  734223660   2682  217  405  589          0          0          0 
 433  734223660  734223662      2  217  405  589      24576          0          0 H1:ASQ_OUTLIER_CORRELATED H1:ASQ_LOWBAND_OUTLIER 
 434  734232486  734233162    676  218  406  590          0          0          0 
 435  734234714  734235406    692  218  407  590          0          0          0 
 435  734235406  734235407      1  218  407  590          0          0          8 L1:AS_PD_SATURATION 
 436  734236681  734238120   1439  218  407  591          0          0          0 
 436  734238120  734238141     21  218  407  591          0          0       8192 L1:ASQ_OUTLIER_CORRELATED 
 436  734238141  734238143      2  218  407  591          0          0       8200 L1:ASQ_OUTLIER_CORRELATED L1:AS_PD_SATURATION 
 436  734238143  734238180     37  218  407  591          0          0       8192 L1:ASQ_OUTLIER_CORRELATED 
 436  734238180  734250821  12641  218  407  591          0          0          0 
 437  734256946  734257380    434  219  407  593        512          0          0 H1:NO_CALIB_LINE 
 437  734257380  734258780   1400  219  407  593          0          0          0 
 438  734263991  734272341   8350  219  407  594          0          0          0 
 439  734272904  734276303   3399  219  408  594          0          0          0 
 439  734276303  734276304      1  219  408  594          0          0          8 L1:AS_PD_SATURATION 
 440  734278548  734279429    881  219  408  595          0          0          0 
 440  734279429  734279430      1  219  408  595          0          0          8 L1:AS_PD_SATURATION 
 441  734286473  734290620   4147  219  409  596          0          4          0 H2:MICH_FILT 
 441  734290620  734290680     60  219  409  596          0          4       8192 H2:MICH_FILT L1:ASQ_OUTLIER_CORRELATED 
 441  734290680  734290881    201  219  409  596          0          4          0 H2:MICH_FILT 
 441  734290881  734290882      1  219  409  596          0          4          8 H2:MICH_FILT L1:AS_PD_SATURATION 
 442  734294364  734295973   1609  219  409  597          0          4          0 H2:MICH_FILT 
 443  734296053  734300025   3972  219  410  597          0          0          0 
 444  734304911  734313748   8837  219  411  598          0          0          0 
 444  734313748  734313749      1  219  411  598          0          0          8 L1:AS_PD_SATURATION 
 445  734319380  734323350   3970  219  412  600          0          0          0 
 446  734337538  734338200    662  220  413  601          0          0          0 
 446  734338200  734338201      1  220  413  601          0          0          8 L1:AS_PD_SATURATION 
 447  734339982  734340469    487  220  413  602          0          0          0 
 447  734340469  734340470      1  220  413  602          0          0          8 L1:AS_PD_SATURATION 
 448  734343494  734347864   4370  220  413  603          0          0          0 
 449  734350137  734351098    961  221  414  603          0          0          0 
 450  734352709  734353140    431  222  414  603        512          0          0 H1:NO_CALIB_LINE 
 450  734353140  734355717   2577  222  414  603          0          0          0 
 451  734357353  734361098   3745  222  415  604          0          0          0 
 451  734361098  734361099      1  222  415  604          0          0          8 L1:AS_PD_SATURATION 
