1  815200973 817915187 2714214
2  817938329 820342019 2403690
3  820358443 823361295 3002852
4  823398198 828625989 5227791
5  828705572 832427135 3721563
6  832446533 834851254 2404721
7  834868634 837871591 3002957
8  837910416 841930041 4019625
9  841960616 845068298 3107682
10 845155225 847661509 2506284
11 847701031 851171786 3470755
12 851195981 853603856 2407875
13 853666463 856627523 2961060
14 856647907 860253612 3605705
15 860269903 863548834 3278931
16 863561473 866904709 3343236
17 866923336 869324533 2401197
18 869336653 872953201 3616548
19 872965681 875253546 2287865
