    1 817938329 817940287   1958
    2 817941213 817943838   2625
    3 817944483 817953006   8523
    4 817953663 817955198   1535
    5 817955598 817955623     25
    6 817956125 818012209  56084
    7 818019228 818019819    591
    8 818025019 818027454   2435
    9 818030253 818034349   4096
   10 818035138 818058928  23790
   11 818060900 818068097   7197
   12 818069674 818076823   7149
   13 818077734 818093471  15737
   14 818093871 818095877   2006
   15 818096391 818096976    585
   16 818097433 818112467  15034
   17 818120231 818144802  24571
   18 818145398 818160970  15572
   19 818164301 818172504   8203
   20 818174513 818179837   5324
   21 818180720 818181714    994
   22 818185336 818185345      9
   23 818185745 818187706   1961
   24 818188130 818238909  50779
   25 818240044 818261221  21177
   26 818262273 818267296   5023
   27 818267856 818286653  18797
   28 818287404 818291385   3981
   29 818291785 818322171  30386
   30 818323797 818324128    331
   31 818324472 818326197   1725
   32 818327623 818338642  11019
   33 818339647 818342836   3189
   34 818344969 818345466    497
   35 818345966 818346476    510
   36 818348535 818351923   3388
   37 818354602 818356305   1703
   38 818356625 818357321    696
   39 818357721 818365809   8088
   40 818366661 818370549   3888
   41 818371031 818407091  36060
   42 818407827 818408033    206
   43 818408790 818426251  17461
   44 818427319 818427368     49
   45 818428047 818438987  10940
   46 818439424 818439519     95
   47 818439839 818439867     28
   48 818441029 818441897    868
   49 818443226 818443501    275
   50 818444662 818444667      5
   51 818444987 818445298    311
   52 818445698 818446020    322
   53 818446947 818454100   7153
   54 818454420 818455630   1210
   55 818456030 818457139   1109
   56 818457868 818459748   1880
   57 818462871 818479335  16464
   58 818484505 818484649    144
   59 818485049 818524590  39541
   60 818562732 818564821   2089
   61 818565563 818569747   4184
   62 818576190 818604178  27988
   63 818604888 818605030    142
   64 818605430 818619174  13744
   65 818620584 818620800    216
   66 818621200 818634660  13460
   67 818637188 818644868   7680
   68 818646964 818654427   7463
   69 818655004 818677263  22259
   70 818679152 818687189   8037
   71 818688257 818715074  26817
   72 818715935 818717853   1918
   73 818718363 818719399   1036
   74 818720489 818723632   3143
   75 818723952 818724183    231
   76 818724583 818728195   3612
   77 818729215 818734496   5281
   78 818736085 818768742  32657
   79 818769709 818793477  23768
   80 818795057 818800574   5517
   81 818800974 818805527   4553
   82 818805847 818807910   2063
   83 818809361 818812568   3207
   84 818813200 818813404    204
   85 818814010 818814756    746
   86 818815302 818816832   1530
   87 818817338 818831461  14123
   88 818832807 818860239  27432
   89 818861068 818861135     67
   90 818861535 818878202  16667
   91 818879607 818885134   5527
   92 818885716 818888211   2495
   93 818888611 818893775   5164
   94 818894300 818917613  23313
   95 818918167 818918177     10
   96 818918779 818945592  26813
   97 818946116 818952130   6014
   98 818952689 818954218   1529
   99 818954623 818960802   6179
  100 818961390 818969158   7768
  101 818969558 818971187   1629
  102 818971762 819027679  55917
  103 819041055 819043382   2327
  104 819043782 819044172    390
  105 819047310 819050034   2724
  106 819050354 819051031    677
  107 819051431 819057905   6474
  108 819058808 819060205   1397
  109 819060641 819066623   5982
  110 819067341 819067531    190
  111 819067935 819068931    996
  112 819068933 819075473   6540
  113 819076022 819076997    975
  114 819077717 819093845  16128
  115 819094946 819097027   2081
  116 819097029 819113450  16421
  117 819113960 819129833  15873
  118 819143934 819144213    279
  119 819145392 819148004   2612
  120 819149430 819150508   1078
  121 819154713 819185276  30563
  122 819185596 819186659   1063
  123 819187535 819188020    485
  124 819188420 819191096   2676
  125 819192071 819201588   9517
  126 819202297 819203716   1419
  127 819204778 819210924   6146
  128 819212032 819216099   4067
  129 819216977 819226602   9625
  130 819226922 819227287    365
  131 819227687 819228340    653
  132 819229819 819238887   9068
  133 819242168 819251261   9093
  134 819251667 819269089  17422
  135 819270651 819294715  24064
  136 819295551 819299500   3949
  137 819300229 819308235   8006
  138 819311777 819316741   4964
  139 819318066 819318249    183
  140 819318783 819318836     53
  141 819319236 819322230   2994
  142 819322630 819325363   2733
  143 819326651 819347977  21326
  144 819351752 819355866   4114
  145 819356150 819362364   6214
  146 819363215 819370147   6932
  147 819370829 819377708   6879
  148 819378235 819380129   1894
  149 819380557 819392236  11679
  150 819392680 819395250   2570
  151 819396505 819400494   3989
  152 819401070 819401228    158
  153 819403058 819404447   1389
  154 819405017 819408849   3832
  155 819411369 819418531   7162
  156 819419244 819423834   4590
  157 819424415 819480686  56271
  158 819482620 819555918  73298
  159 819556238 819556354    116
  160 819556754 819557075    321
  161 819557681 819573032  15351
  162 819573510 819579763   6253
  163 819580230 819600093  19863
  164 819600542 819600640     98
  165 819601040 819603767   2727
  166 819605547 819640604  35057
  167 819641344 819656579  15235
  168 819658602 819661171   2569
  169 819661649 819697618  35969
  170 819698755 819729076  30321
  171 819729396 819730062    666
  172 819730462 819734844   4382
  173 819753864 819756134   2270
  174 819757195 819760281   3086
  175 819760683 819760890    207
  176 819761290 819789651  28361
  177 819791828 819801811   9983
  178 819802302 819802674    372
  179 819803145 819825015  21870
  180 819828551 819829726   1175
  181 819830289 819837664   7375
  182 819838065 819842563   4498
  183 819842963 819849458   6495
  184 819850003 819881036  31033
  185 819881776 819887026   5250
  186 819888431 819901537  13106
  187 819902055 819922330  20275
  188 819922813 819927051   4238
  189 819929901 819968520  38619
  190 819969025 819974118   5093
  191 819975882 819975994    112
  192 819976719 819977295    576
  193 819978061 819978087     26
  194 819978487 819979280    793
  195 819979600 819980715   1115
  196 819981115 819983917   2802
  197 819984860 820002565  17705
  198 820026974 820049530  22556
  199 820050283 820051478   1195
  200 820051940 820052959   1019
  201 820053385 820054575   1190
  202 820055021 820056805   1784
  203 820057713 820060413   2700
  204 820061282 820062612   1330
  205 820064109 820086714  22605
  206 820088631 820100962  12331
  207 820101665 820101857    192
  208 820102282 820103209    927
  209 820103670 820106447   2777
  210 820107036 820107787    751
  211 820108198 820108768    570
  212 820111320 820111760    440
  213 820112160 820114349   2189
  214 820114669 820114700     31
  215 820115900 820141879  25979
  216 820142370 820147210   4840
  217 820147610 820150983   3373
  218 820151303 820151373     70
  219 820151773 820156848   5075
  220 820157417 820171788  14371
  221 820172310 820175341   3031
  222 820177085 820194248  17163
  223 820194568 820194756    188
  224 820195156 820196378   1222
  225 820197260 820199281   2021
  226 820200371 820200421     50
  227 820202752 820210650   7898
  228 820211746 820214091   2345
  229 820214895 820215115    220
  230 820215837 820218281   2444
  231 820228522 820250473  21951
  232 820251115 820275538  24423
  233 820279504 820279554     50
  234 820279555 820279637     82
  235 820280037 820284614   4577
  236 820285098 820320840  35742
  237 820322155 820326856   4701
  238 820327950 820340655  12705
