    1 872973813 872979774   5961
    2 872980344 872997198  16854
    3 872999788 873027878  28090
    4 873028516 873031741   3225
    5 873031789 873039646   7857
    6 873042305 873044381   2076
    7 873044428 873056226  11798
    8 873059090 873060173   1083
    9 873061972 873066589   4617
   10 873066645 873077901  11256
   11 873077948 873081351   3403
   12 873081971 873097958  15987
   13 873098012 873103165   5153
   14 873103798 873104111    313
   15 873106569 873108998   2429
   16 873109044 873119465  10421
   17 873120106 873132197  12091
   18 873132244 873137049   4805
   19 873138961 873141085   2124
   20 873142131 873145218   3087
   21 873145812 873147559   1747
   22 873150674 873175901  25227
   23 873175965 873179189   3224
   24 873179753 873185398   5645
   25 873185445 873205782  20337
   26 873205845 873217804  11959
   27 873217868 873222833   4965
   28 873224079 873231373   7294
   29 873231438 873245549  14111
   30 873247861 873255438   7577
   31 873255484 873257921   2437
   32 873258866 873261573   2707
   33 873261621 873271075   9454
   34 873271077 873272021    944
   35 873272070 873274701   2631
   36 873275706 873314965  39259
   37 873315100 873318407   3307
   38 873319833 873350325  30492
   39 873350380 873356405   6025
   40 873356453 873393645  37192
   41 873393701 873409805  16104
   42 873409852 873413455   3603
   43 873417772 873419053   1281
   44 873419173 873424724   5551
   45 873431010 873431084     74
   46 873431212 873436308   5096
   47 873437883 873441229   3346
   48 873441278 873447493   6215
   49 873447629 873481645  34016
   50 873481701 873482094    393
   51 873482414 873482420      6
   52 873483153 873489635   6482
   53 873493535 873493973    438
   54 873494037 873501709   7672
   55 873501765 873507078   5313
   56 873510910 873515204   4294
   57 873515252 873539786  24534
   58 873540905 873550821   9916
   59 873550868 873558100   7232
   60 873576479 873582988   6509
   61 873585762 873586245    483
   62 873586308 873594261   7953
   63 873594309 873601582   7273
   64 873601645 873618077  16432
   65 873619307 873631761  12454
   66 873644272 873644933    661
   67 873646946 873648715   1769
   68 873649912 873651399   1487
   69 873654681 873656958   2277
   70 873657005 873657095     90
   71 873664706 873665948   1242
   72 873669669 873669736     67
   73 873672340 873677271   4931
   74 873688370 873689378   1008
   75 873690169 873690861    692
   76 873698608 873701638   3030
   77 873701701 873709165   7464
   78 873709293 873713239   3946
   79 873715250 873724124   8874
   80 873724172 873733452   9280
   81 873735693 873736089    396
   82 873737305 873745590   8285
   83 873746535 873759089  12554
   84 873759733 873769259   9526
   85 873770484 873780029   9545
   86 873780085 873786039   5954
   87 873787903 873789028   1125
   88 873789148 873806595  17447
   89 873807365 873811638   4273
   90 873811693 873814231   2538
   91 873815483 873834740  19257
   92 873835513 873844485   8972
   93 873845494 873856861  11367
   94 873856908 873864039   7131
   95 873864093 873880924  16831
   96 873880988 873903808  22820
   97 873905596 873910869   5273
   98 873910924 873912386   1462
   99 873942406 873955278  12872
  100 873955333 873958830   3497
  101 873959440 873963837   4397
  102 873963900 873964083    183
  103 873965683 873981078  15395
  104 873981125 873991068   9943
  105 873991118 873994628   3510
  106 873995247 873995535    288
  107 873998207 874015282  17075
  108 874016595 874023741   7146
  109 874024251 874029829   5578
  110 874029878 874066245  36367
  111 874066309 874084518  18209
  112 874084572 874087531   2959
  113 874088911 874094549   5638
  114 874094597 874107029  12432
  115 874107093 874132229  25136
  116 874132870 874141598   8728
  117 874141660 874157845  16185
  118 874157893 874162433   4540
  119 874182367 874183062    695
  120 874183117 874186345   3228
  121 874187038 874187786    748
  122 874188391 874189094    703
  123 874190114 874193688   3574
  124 874194344 874195542   1198
  125 874195589 874204108   8519
  126 874204164 874251525  47361
  127 874251573 874263348  11775
  128 874267628 874272844   5216
  129 874273922 874275405   1483
  130 874277162 874313409  36247
  131 874318804 874330781  11977
  132 874330828 874340679   9851
  133 874341395 874347305   5910
  134 874349924 874352727   2803
  135 874353556 874354114    558
  136 874354837 874360640   5803
  137 874363019 874368005   4986
  138 874368053 874395013  26960
  139 874395069 874406349  11280
  140 874406405 874415292   8887
  141 874415357 874429645  14288
  142 874429701 874436851   7150
  143 874438904 874439947   1043
  144 874441095 874447557   6462
  145 874447621 874465942  18321
  146 874466078 874472972   6894
  147 874473028 874478767   5739
  148 874480016 874484349   4333
  149 874484405 874501458  17053
  150 874503159 874514064  10905
  151 874515039 874516333   1294
  152 874516389 874524783   8394
  153 874525375 874526281    906
  154 874529312 874530177    865
  155 874535621 874536261    640
  156 874538124 874540765   2641
  157 874540822 874554502  13680
  158 874554565 874566518  11953
  159 874566572 874567537    965
  160 874569398 874586885  17487
  161 874586941 874622244  35303
  162 874622292 874622886    594
  163 874625680 874627901   2221
  164 874627948 874650092  22144
  165 874651935 874671629  19694
  166 874671685 874678302   6617
  167 874678420 874687166   8746
  168 874690004 874693021   3017
  169 874693069 874695951   2882
  170 874697009 874706745   9736
  171 874707774 874720438  12664
  172 874720484 874736101  15617
  173 874736158 874750478  14320
  174 874750532 874767738  17206
  175 874784985 874802155  17170
  176 874804095 874812821   8726
  177 874812877 874817589   4712
  178 874819487 874846190  26703
  179 874846971 874847992   1021
  180 874849999 874857665   7666
  181 874857985 874858866    881
  182 874859660 874864532   4872
  183 874865289 874867078   1789
  184 874876031 874878310   2279
  185 874879206 874901652  22446
  186 874904138 874905848   1710
  187 874905912 874934896  28984
  188 874935636 874945446   9810
  189 874949145 874949278    133
  190 874949598 874949723    125
  191 874950603 874950723    120
  192 874951918 874952404    486
  193 874954192 874959048   4856
  194 874968343 874972454   4111
  195 874972478 874977349   4871
  196 874979015 874979337    322
  197 874981224 874982664   1440
  198 874982728 874985556   2828
  199 874986868 874987895   1027
  200 874990134 875018321  28187
  201 875018367 875022622   4255
  202 875030773 875033016   2243
  203 875033144 875041690   8546
  204 875042699 875052856  10157
  205 875052904 875056031   3127
  206 875057465 875060312   2847
  207 875060361 875070607  10246
  208 875070655 875075848   5193
  209 875077151 875080659   3508
  210 875080706 875087643   6937
  211 875087707 875094596   6889
  212 875094660 875104021   9361
  213 875106680 875109304   2624
  214 875109875 875120273  10398
  215 875123026 875143923  20897
  216 875143979 875154060  10081
  217 875162343 875166350   4007
  218 875171323 875174956   3633
  219 875175003 875181900   6897
  220 875181947 875182034     87
  221 875183761 875200537  16776
  222 875201640 875202411    771
  223 875202459 875230286  27827
  224 875231472 875234358   2886
  225 875236230 875253546  17316
