    1 860277990 860279959   1969
    2 860280674 860281789   1115
    3 860281837 860284305   2468
    4 860284982 860289605   4623
    5 860289669 860292916   3247
    6 860293607 860295733   2126
    7 860295782 860324813  29031
    8 860324862 860341102  16240
    9 860342538 860342602     64
   10 860344154 860347296   3142
   11 860347991 860354559   6568
   12 860354622 860356112   1490
   13 860357078 860357858    780
   14 860358495 860364216   5721
   15 860364969 860365766    797
   16 860366905 860370809   3904
   17 860372545 860401168  28623
   18 860401423 860419022  17599
   19 860419078 860438621  19543
   20 860438929 860440171   1242
   21 860441335 860452862  11527
   22 860452981 860453976    995
   23 860455303 860467893  12590
   24 860468013 860478524  10511
   25 860481618 860489446   7828
   26 860491037 860497427   6390
   27 860498490 860501709   3219
   28 860501773 860506915   5142
   29 860507677 860509644   1967
   30 860511500 860521638  10138
   31 860521684 860527279   5595
   32 860528629 860535309   6680
   33 860535373 860543094   7721
   34 860544526 860547181   2655
   35 860547229 860550826   3597
   36 860551421 860552162    741
   37 860552629 860559698   7069
   38 860560415 860561829   1414
   39 860561893 860573108  11215
   40 860573172 860576111   2939
   41 860576836 860585189   8353
   42 860586330 860610173  23843
   43 860610308 860616128   5820
   44 860616845 860624048   7203
   45 860624891 860632268   7377
   46 860632324 860653438  21114
   47 860653493 860661092   7599
   48 860661157 860675475  14318
   49 860676767 860679318   2551
   50 860679381 860685492   6111
   51 860685542 860695485   9943
   52 860695532 860706733  11201
   53 860706862 860710788   3926
   54 860719054 860736247  17193
   55 860738497 860740358   1861
   56 860745940 860756958  11018
   57 860757004 860759684   2680
   58 860760863 860768269   7406
   59 860768325 860779958  11633
   60 860780020 860788912   8892
   61 860790958 860791869    911
   62 860791933 860796772   4839
   63 860797659 860827370  29711
   64 860827691 860832213   4522
   65 860832269 860846765  14496
   66 860846820 860857355  10535
   67 860877290 860877307     17
   68 860877331 860878999   1668
   69 860879689 860881167   1478
   70 860881222 860887642   6420
   71 860889731 860889781     50
   72 860890181 860893919   3738
   73 860893967 860894415    448
   74 860895350 860907526  12176
   75 860907590 860919079  11489
   76 860919143 860921047   1904
   77 860924028 860944308  20280
   78 860945660 860947964   2304
   79 860948777 860951151   2374
   80 860951207 860963910  12703
   81 860963958 860970685   6727
   82 860971334 860975200   3866
   83 860975202 860976551   1349
   84 860976679 860987883  11204
   85 860988709 860989188    479
   86 860989264 860989622    358
   87 860991346 861007751  16405
   88 861007815 861025230  17415
   89 861025630 861026033    403
   90 861026270 861038216  11946
   91 861039632 861040870   1238
   92 861043877 861044638    761
   93 861045286 861055408  10122
   94 861058402 861064774   6372
   95 861066433 861068177   1744
   96 861071535 861071791    256
   97 861072262 861073802   1540
   98 861074809 861077279   2470
   99 861077335 861084175   6840
  100 861084976 861089115   4139
  101 861091574 861102255  10681
  102 861102303 861111334   9031
  103 861111398 861111689    291
  104 861112132 861119375   7243
  105 861119422 861124314   4892
  106 861124634 861124678     44
  107 861126245 861127618   1373
  108 861128629 861130526   1897
  109 861130926 861131186    260
  110 861131918 861132443    525
  111 861133573 861133816    243
  112 861135145 861135155     10
  113 861135615 861135992    377
  114 861136423 861137381    958
  115 861138205 861138633    428
  116 861139513 861140632   1119
  117 861142452 861142606    154
  118 861143222 861144820   1598
  119 861148207 861148677    470
  120 861149100 861158214   9114
  121 861158854 861159581    727
  122 861160205 861162407   2202
  123 861163050 861164885   1835
  124 861165495 861169190   3695
  125 861169254 861173201   3947
  126 861173849 861175500   1651
  127 861177633 861183711   6078
  128 861183767 861193087   9320
  129 861193151 861200126   6975
  130 861200190 861214926  14736
  131 861217824 861221357   3533
  132 861222537 861233095  10558
  133 861235529 861236063    534
  134 861236110 861244415   8305
  135 861244551 861274687  30136
  136 861274743 861278772   4029
  137 861284723 861296695  11972
  138 861296758 861306495   9737
  139 861306543 861306844    301
  140 861311787 861315696   3909
  141 861317317 861320079   2762
  142 861320719 861330171   9452
  143 861330814 861342687  11873
  144 861342743 861354143  11400
  145 861354198 861356829   2631
  146 861357422 861357639    217
  147 861358039 861369271  11232
  148 861369945 861379707   9762
  149 861379953 861390932  10979
  150 861392039 861398690   6651
  151 861399336 861405742   6406
  152 861405790 861419295  13505
  153 861419359 861424442   5083
  154 861426035 861428440   2405
  155 861429060 861438598   9538
  156 861438654 861459794  21140
  157 861460544 861462042   1498
  158 861488788 861489541    753
  159 861490084 861495203   5119
  160 861500637 861501222    585
  161 861502808 861504670   1862
  162 861505779 861510701   4922
  163 861510749 861544063  33314
  164 861545299 861549085   3786
  165 861549133 861560149  11016
  166 861560204 861566177   5973
  167 861571747 861577236   5489
  168 861578569 861591349  12780
  169 861591396 861599317   7921
  170 861599365 861611964  12599
  171 861612028 861616358   4330
  172 861617016 861621781   4765
  173 861621844 861625571   3727
  174 861627031 861629564   2533
  175 861630409 861633285   2876
  176 861633333 861641325   7992
  177 861642410 861644389   1979
  178 861645586 861647505   1919
  179 861648229 861649621   1392
  180 861649668 861650085    417
  181 861651234 861652512   1278
  182 861653871 861654535    664
  183 861655201 861659757   4556
  184 861659885 861676916  17031
  185 861676972 861687989  11017
  186 861688052 861692828   4776
  187 861694544 861694869    325
  188 861694933 861711717  16784
  189 861711836 861739747  27911
  190 861742120 861750673   8553
  191 861752477 861756093   3616
  192 861756149 861764372   8223
  193 861764921 861771589   6668
  194 861771636 861778093   6457
  195 861778149 861779833   1684
  196 861780446 861788037   7591
  197 861788085 861795620   7535
  198 861795668 861817717  22049
  199 861817765 861823885   6120
  200 861825522 861832693   7171
  201 861832748 861843023  10275
  202 861845819 861856434  10615
  203 861856436 861866570  10134
  204 861867639 861886137  18498
  205 861888329 861919519  31190
  206 861920743 861924488   3745
  207 861925951 861931740   5789
  208 861932253 861939380   7127
  209 861939436 861946245   6809
  210 861946880 861954525   7645
  211 861954573 861961533   6960
  212 861961669 861978733  17064
  213 861978780 861990085  11305
  214 861990141 861992508   2367
  215 861993655 861996859   3204
  216 861997416 862003196   5780
  217 862003244 862009888   6644
  218 862011216 862021563  10347
  219 862024494 862032156   7662
  220 862032204 862038597   6393
  221 862038660 862049685  11025
  222 862049749 862066816  17067
  223 862085768 862085899    131
  224 862087409 862099324  11915
  225 862099723 862116924  17201
  226 862116971 862130203  13232
  227 862130784 862134092   3308
  228 862134148 862139793   5645
  229 862142289 862151956   9667
  230 862152012 862158058   6046
  231 862162500 862163204    704
  232 862166434 862167098    664
  233 862167100 862167777    677
  234 862170919 862174650   3731
  235 862174697 862177009   2312
  236 862178389 862179415   1026
  237 862179941 862187285   7344
  238 862189197 862200601  11404
  239 862200649 862207582   6933
  240 862208175 862216962   8787
  241 862217010 862246858  29848
  242 862246907 862258314  11407
  243 862259826 862262527   2701
  244 862263288 862278813  15525
  245 862279730 862289561   9831
  246 862289609 862311971  22362
  247 862312018 862312785    767
  248 862315186 862324839   9653
  249 862325768 862326114    346
  250 862326170 862351872  25702
  251 862353097 862354154   1057
  252 862354201 862355815   1614
  253 862356450 862381076  24626
  254 862383010 862383578    568
  255 862383633 862384672   1039
  256 862386256 862404429  18173
  257 862405112 862408472   3360
  258 862410600 862420148   9548
  259 862420202 862431330  11128
  260 862431467 862462587  31120
  261 862463768 862471947   8179
  262 862471993 862492227  20234
  263 862492290 862521785  29495
  264 862524061 862524742    681
  265 862526338 862533360   7022
  266 862534196 862543187   8991
  267 862544098 862556161  12063
  268 862557736 862565786   8050
  269 862567386 862567992    606
  270 862568991 862575922   6931
  271 862575978 862583612   7634
  272 862584149 862597451  13302
  273 862597986 862599869   1883
  274 862602918 862605844   2926
  275 862606310 862611418   5108
  276 862611466 862628818  17352
  277 862628882 862630699   1817
  278 862630700 862646134  15434
  279 862646960 862656707   9747
  280 862656762 862668066  11304
  281 862669174 862671617   2443
  282 862688857 862689679    822
  283 862691864 862697390   5526
  284 862697393 862698665   1272
  285 862699990 862701025   1035
  286 862702967 862704831   1864
  287 862705720 862705943    223
  288 862714895 862714956     61
  289 862714958 862716207   1249
  290 862717081 862732299  15218
  291 862734908 862742133   7225
  292 862742268 862747693   5425
  293 862747749 862765501  17752
  294 862765558 862768774   3216
  295 862769604 862773062   3458
  296 862773795 862780472   6677
  297 862805869 862811478   5609
  298 862811533 862813893   2360
  299 862815287 862834029  18742
  300 862834149 862841325   7176
  301 862841373 862855407  14034
  302 862858185 862858282     97
  303 862859535 862869990  10455
  304 862873513 862880061   6548
  305 862881023 862895140  14117
  306 862895142 862896983   1841
  307 862897540 862900838   3298
  308 862900885 862919629  18744
  309 862919678 862927333   7655
  310 862927453 862942171  14718
  311 862943076 862944095   1019
  312 862944821 862947221   2400
  313 862948273 862948317     44
  314 862951432 862954113   2681
  315 862954586 862957841   3255
  316 862958296 862966318   8022
  317 862966380 862974781   8401
  318 862974838 862976623   1785
  319 862978343 862981293   2950
  320 862981341 863002318  20977
  321 863002438 863011558   9120
  322 863011613 863034364  22751
  323 863035271 863041965   6694
  324 863042013 863052282  10269
  325 863055582 863062629   7047
  326 863062692 863073092  10400
  327 863074966 863091481  16515
  328 863092650 863095589   2939
  329 863095652 863119417  23765
  330 863123846 863126246   2400
  331 863126292 863126665    373
  332 863129775 863140164  10389
  333 863172908 863175164   2256
  334 863175212 863181478   6266
  335 863181524 863201525  20001
  336 863202315 863202498    183
  337 863203130 863205181   2051
  338 863209207 863213085   3878
  339 863213132 863216567   3435
  340 863217790 863220718   2928
  341 863222314 863228205   5891
  342 863228262 863228420    158
  343 863233016 863251293  18277
  344 863251341 863273518  22177
  345 863273564 863276416   2852
  346 863294264 863295658   1394
  347 863296724 863297756   1032
  348 863297812 863301778   3966
  349 863302799 863305909   3110
  350 863305964 863308179   2215
  351 863308220 863316189   7969
  352 863316245 863317356   1111
  353 863318844 863325156   6312
  354 863325284 863344219  18935
  355 863345503 863346933   1430
  356 863346997 863353116   6119
  357 863353172 863371766  18594
  358 863373259 863376061   2802
  359 863376117 863377874   1757
  360 863378750 863382124   3374
  361 863382180 863389020   6840
  362 863389068 863400953  11885
  363 863404107 863405461   1354
  364 863405509 863433077  27568
  365 863433133 863445980  12847
  366 863446028 863457745  11717
  367 863461815 863462405    590
  368 863491951 863517941  25990
  369 863518005 863530357  12352
  370 863530405 863531858   1453
  371 863532497 863534578   2081
  372 863535194 863539854   4660
  373 863543099 863543478    379
  374 863543824 863547509   3685
