    1 837912636 837912774    138
    2 837912820 837913816    996
    3 837914612 837914756    144
    4 837915452 837924278   8826
    5 837926180 837927508   1328
    6 837927557 837959907  32350
    7 837982321 837986961   4640
    8 837987056 837994820   7764
    9 837994876 838003932   9056
   10 838003980 838008290   4310
   11 838008292 838017780   9488
   12 838017837 838025924   8087
   13 838025980 838041254  15274
   14 838041388 838041793    405
   15 838044147 838049901   5754
   16 838049948 838051647   1699
   17 838052307 838054206   1899
   18 838054875 838062011   7136
   19 838062281 838064542   2261
   20 838066158 838069324   3166
   21 838069459 838071492   2033
   22 838072441 838075853   3412
   23 838075971 838078042   2071
   24 838078248 838078678    430
   25 838079904 838087159   7255
   26 838089644 838092236   2592
   27 838092290 838098091   5801
   28 838098147 838108388  10241
   29 838109206 838131151  21945
   30 838131433 838138922   7489
   31 838139002 838145821   6819
   32 838146084 838150892   4808
   33 838153260 838153693    433
   34 838155285 838157859   2574
   35 838157917 838160220   2303
   36 838161653 838174269  12616
   37 838175479 838225038  49559
   38 838237266 838238548   1282
   39 838240424 838257675  17251
   40 838260280 838292710  32430
   41 838295578 838295729    151
   42 838313281 838325430  12149
   43 838328054 838334555   6501
   44 838338210 838373580  35370
   45 838376314 838399226  22912
   46 838401468 838406074   4606
   47 838409058 838410379   1321
   48 838411743 838412223    480
   49 838412225 838415147   2922
   50 838420230 838469486  49256
   51 838470829 838479617   8788
   52 838495209 838498587   3378
   53 838498636 838504732   6096
   54 838504779 838528459  23680
   55 838528523 838545894  17371
   56 838545957 838557612  11655
   57 838557675 838569145  11470
   58 838571515 838577852   6337
   59 838577916 838577985     69
   60 838579023 838584417   5394
   61 838585043 838587379   2336
   62 838587427 838597140   9713
   63 838597203 838607402  10199
   64 838607702 838609813   2111
   65 838612365 838621019   8654
   66 838621083 838621778    695
   67 838621779 838629323   7544
   68 838632599 838635479   2880
   69 838637064 838647539  10475
   70 838647675 838654727   7052
   71 838654920 838658782   3862
   72 838659536 838660077    541
   73 838660141 838662211   2070
   74 838662345 838663067    722
   75 838664119 838664356    237
   76 838665329 838668099   2770
   77 838668429 838670214   1785
   78 838670479 838674156   3677
   79 838674158 838683664   9506
   80 838684120 838688100   3980
   81 838689881 838693924   4043
   82 838693988 838712970  18982
   83 838714511 838714802    291
   84 838714804 838718046   3242
   85 838718092 838725620   7528
   86 838725684 838733724   8040
   87 838733772 838744868  11096
   88 838744915 838752285   7370
   89 838753450 838793596  40146
   90 838793644 838822604  28960
   91 838826051 838831514   5463
   92 838832257 838838268   6011
   93 838838395 838844140   5745
   94 838845347 838910827  65480
   95 838910987 838911681    694
   96 838912525 838923817  11292
   97 838927282 838997144  69862
   98 838997318 839004299   6981
   99 839004378 839020362  15984
  100 839020662 839020730     68
  101 839023957 839024786    829
  102 839031724 839031860    136
  103 839031924 839033572   1648
  104 839033786 839033916    130
  105 839035338 839059924  24586
  106 839059972 839065056   5084
  107 839066112 839066925    813
  108 839066926 839073586   6660
  109 839073886 839078508   4622
  110 839078636 839084382   5746
  111 839100677 839101180    503
  112 839101243 839101523    280
  113 839101653 839102820   1167
  114 839103383 839108761   5378
  115 839108811 839121414  12603
  116 839123462 839124871   1409
  117 839126684 839127454    770
  118 839129233 839147612  18379
  119 839147660 839158484  10824
  120 839158531 839164364   5833
  121 839164428 839175444  11016
  122 839175492 839184639   9147
  123 839187043 839192911   5868
  124 839195441 839201747   6306
  125 839203186 839210052   6866
  126 839210100 839221988  11888
  127 839222043 839229059   7016
  128 839231980 839233236   1256
  129 839233284 839246372  13088
  130 839246427 839247697   1270
  131 839249528 839250734   1206
  132 839250735 839251068    333
  133 839251070 839251253    183
  134 839251255 839251277     22
  135 839251279 839251309     30
  136 839251311 839254565   3254
  137 839255514 839255874    360
  138 839256249 839256356    107
  139 839257559 839258187    628
  140 839258297 839258535    238
  141 839258968 839259256    288
  142 839259366 839259374      8
  143 839259674 839262940   3266
  144 839263004 839264683   1679
  145 839265168 839267087   1919
  146 839268240 839276252   8012
  147 839276371 839283468   7097
  148 839283588 839284673   1085
  149 839286073 839290676   4603
  150 839290724 839296620   5896
  151 839299415 839299570    155
  152 839301258 839302117    859
  153 839302417 839304027   1610
  154 839305275 839305639    364
  155 839306654 839328652  21998
  156 839328716 839337909   9193
  157 839338882 839340593   1711
  158 839340792 839341970   1178
  159 839344262 839347335   3073
  160 839347669 839348475    806
  161 839349097 839352191   3094
  162 839352238 839361287   9049
  163 839362462 839362499     37
  164 839362609 839362629     20
  165 839362929 839362992     63
  166 839364729 839368415   3686
  167 839368453 839370771   2318
  168 839371945 839380983   9038
  169 839381038 839384786   3748
  170 839385652 839401125  15473
  171 839401173 839415380  14207
  172 839415508 839432373  16865
  173 839432437 839441437   9000
  174 839441501 839447260   5759
  175 839447316 839466903  19587
  176 839466966 839483893  16927
  177 839484020 839504500  20480
  178 839504564 839518421  13857
  179 839518484 839531012  12528
  180 839531068 839531937    869
  181 839533524 839546700  13176
  182 839546747 839562460  15713
  183 839562588 839564430   1842
  184 839565957 839566121    164
  185 839566231 839566616    385
  186 839566916 839575180   8264
  187 839575228 839589318  14090
  188 839589454 839605194  15740
  189 839606746 839611864   5118
  190 839611919 839617838   5919
  191 839617886 839618645    759
  192 839618959 839626213   7254
  193 839627382 839629306   1924
  194 839631632 839645003  13371
  195 839646005 839654669   8664
  196 839654733 839660414   5681
  197 839660541 839670238   9697
  198 839670302 839680151   9849
  199 839684385 839690760   6375
  200 839708621 839713528   4907
  201 839713618 839718390   4772
  202 839719817 839721684   1867
  203 839723122 839735597  12475
  204 839735645 839743116   7471
  205 839743252 839753957  10705
  206 839754005 839766277  12272
  207 839766333 839777329  10996
  208 839777573 839780717   3144
  209 839780857 839783101   2244
  210 839783169 839783170      1
  211 839783406 839784566   1160
  212 839784733 839788026   3293
  213 839788180 839788379    199
  214 839788496 839788831    335
  215 839788955 839792334   3379
  216 839793828 839794455    627
  217 839794949 839801033   6084
  218 839802199 839807927   5728
  219 839809244 839817563   8319
  220 839817627 839824987   7360
  221 839825043 839828288   3245
  222 839829657 839848527  18870
  223 839850171 839859170   8999
  224 839859298 839863591   4293
  225 839864921 839869566   4645
  226 839869866 839869904     38
  227 839870360 839870627    267
  228 839870927 839871039    112
  229 839873264 839873859    595
  230 839873925 839875908   1983
  231 839876041 839881400   5359
  232 839881484 839882147    663
  233 839882195 839882908    713
  234 839882969 839883050     81
  235 839883209 839883348    139
  236 839883561 839883741    180
  237 839883858 839885148   1290
  238 839885654 839891876   6222
  239 839891939 839893198   1259
  240 839893826 839904644  10818
  241 839904692 839908114   3422
  242 839909896 839912370   2474
  243 839913596 839916428   2832
  244 839916555 839949043  32488
  245 839949099 839953831   4732
  246 839975797 839975872     75
  247 839976795 839977369    574
  248 839982307 839983684   1377
  249 839984115 839988501   4386
  250 839988556 840010212  21656
  251 840010268 840019581   9313
  252 840019645 840025397   5752
  253 840025445 840039403  13958
  254 840041157 840047837   6680
  255 840047901 840047974     73
  256 840048274 840048983    709
  257 840050217 840052283   2066
  258 840052371 840074477  22106
  259 840074525 840078567   4042
  260 840078867 840081689   2822
  261 840082940 840083809    869
  262 840087552 840094389   6837
  263 840094436 840159789  65353
  264 840159836 840176626  16790
  265 840177620 840183516   5896
  266 840183572 840194021  10449
  267 840194321 840196294   1973
  268 840196707 840197369    662
  269 840197669 840198396    727
  270 840198444 840200576   2132
  271 840200985 840203633   2648
  272 840203749 840206431   2682
  273 840207806 840214579   6773
  274 840214627 840217151   2524
  275 840217273 840222119   4846
  276 840222599 840222644     45
  277 840222699 840224899   2200
  278 840225199 840227118   1919
  279 840227285 840230047   2762
  280 840230347 840231526   1179
  281 840231826 840238048   6222
  282 840239651 840243712   4061
  283 840245323 840255100   9777
  284 840255164 840269979  14815
  285 840270035 840288493  18458
  286 840288541 840292234   3693
  287 840311645 840312430    785
  288 840312938 840314277   1339
  289 840314324 840316931   2607
  290 840318092 840319121   1029
  291 840320034 840327130   7096
  292 840327132 840327167     35
  293 840328820 840331742   2922
  294 840331789 840332300    511
  295 840333605 840336323   2718
  296 840338047 840339413   1366
  297 840340810 840342155   1345
  298 840343536 840344330    794
  299 840346070 840347066    996
  300 840351035 840354091   3056
  301 840355179 840363235   8056
  302 840364082 840366409   2327
  303 840366410 840366475     65
  304 840367867 840368215    348
  305 840368217 840368566    349
  306 840368567 840370636   2069
  307 840371475 840373094   1619
  308 840373973 840374703    730
  309 840374904 840375372    468
  310 840375420 840384308   8888
  311 840384357 840394317   9960
  312 840394379 840394880    501
  313 840403066 840403592    526
  314 840406952 840414724   7772
  315 840414780 840416543   1763
  316 840419956 840455630  35674
  317 840455685 840473693  18008
  318 840474014 840481308   7294
  319 840481441 840485622   4181
  320 840485797 840487302   1505
  321 840487359 840488149    790
  322 840489817 840491713   1896
  323 840493473 840500896   7423
  324 840501006 840501063     57
  325 840501363 840502359    996
  326 840502406 840502610    204
  327 840504801 840514476   9675
  328 840515412 840516451   1039
  329 840517534 840519350   1816
  330 840519398 840525766   6368
  331 840525902 840543255  17353
  332 840544342 840544603    261
  333 840546258 840558964  12706
  334 840559020 840566844   7824
  335 840566907 840568443   1536
  336 840568586 840576368   7782
  337 840577769 840580503   2734
  338 840581651 840582276    625
  339 840582576 840582740    164
  340 840582797 840596323  13526
  341 840596371 840608637  12266
  342 840608772 840620286  11514
  343 840620348 840645308  24960
  344 840645372 840645770    398
  345 840645771 840648604   2833
  346 840650420 840659708   9288
  347 840659756 840669757  10001
  348 840669804 840671001   1197
  349 840673259 840680788   7529
  350 840680916 840700140  19224
  351 840700188 840709018   8830
  352 840709066 840734651  25585
  353 840734990 840736211   1221
  354 840736259 840736672    413
  355 840737127 840737387    260
  356 840738576 840740465   1889
  357 840741762 840749417   7655
  358 840750256 840750684    428
  359 840750730 840752460   1730
  360 840752767 840756131   3364
  361 840756179 840781931  25752
  362 840781979 840794291  12312
  363 840794356 840804027   9671
  364 840804162 840812667   8505
  365 840812716 840826334  13618
  366 840826434 840832680   6246
  367 840838526 840838867    341
  368 840838916 840853397  14481
  369 840853451 840857918   4467
  370 840859678 840859772     94
  371 840860630 840860711     81
  372 840860712 840860814    102
  373 840860816 840860820      4
  374 840860821 840868507   7686
  375 840868570 840872225   3655
  376 840875711 840882616   6905
  377 840883713 840883956    243
  378 840884942 840889362   4420
  379 840889410 840889753    343
  380 840889959 840889992     33
  381 840891670 840892067    397
  382 840892956 840894979   2023
  383 840924903 840926081   1178
  384 840926381 840926443     62
  385 840930824 840931144    320
  386 840931504 840932373    869
  387 840935484 840940763   5279
  388 840942041 840942723    682
  389 840944059 840944924    865
  390 840948127 840956798   8671
  391 840956861 840963737   6876
  392 840967191 840967212     21
  393 840967298 840993472  26174
  394 840993474 840993812    338
  395 840994414 840995755   1341
  396 840997927 841000293   2366
  397 841000340 841006662   6322
  398 841006829 841011053   4224
  399 841011101 841019176   8075
  400 841020466 841020825    359
  401 841022207 841025168   2961
  402 841027283 841028407   1124
  403 841028409 841029278    869
  404 841030223 841035341   5118
  405 841036451 841038173   1722
  406 841038238 841043525   5287
  407 841044607 841046769   2162
  408 841047896 841050468   2572
  409 841052096 841053589   1493
  410 841054634 841060775   6141
  411 841060777 841063347   2570
  412 841063958 841066898   2940
  413 841067783 841068474    691
  414 841072985 841073001     16
  415 841077140 841077202     62
  416 841077786 841077826     40
  417 841079312 841079894    582
  418 841079960 841084422   4462
  419 841084424 841084446     22
  420 841089475 841091181   1706
  421 841091238 841093045   1807
  422 841093109 841094259   1150
  423 841099496 841100910   1414
  424 841101009 841105030   4021
  425 841105117 841119799  14682
  426 841119860 841128285   8425
  427 841128332 841141667  13335
  428 841143114 841143767    653
  429 841145650 841147549   1899
  430 841149597 841150518    921
  431 841150565 841153768   3203
  432 841154965 841160057   5092
  433 841160997 841163345   2348
  434 841164291 841167454   3163
  435 841167518 841168705   1187
  436 841168788 841171553   2765
  437 841177853 841178610    757
  438 841179002 841179032     30
  439 841181708 841183622   1914
  440 841183684 841186046   2362
  441 841187269 841195040   7771
  442 841195087 841224447  29360
  443 841224503 841234369   9866
  444 841234853 841236445   1592
  445 841237642 841242301   4659
  446 841242411 841242510     99
  447 841242930 841244079   1149
  448 841244140 841245133    993
  449 841245462 841245518     56
  450 841245818 841251063   5245
  451 841251125 841262308  11183
  452 841263435 841281711  18276
  453 841281758 841289228   7470
  454 841289291 841305403  16112
  455 841307432 841329908  22476
  456 841329964 841337572   7608
  457 841337621 841342600   4979
  458 841344032 841356565  12533
  459 841356684 841376526  19842
  460 841377647 841387428   9781
  461 841387478 841412599  25121
  462 841412651 841422412   9761
  463 841422532 841424365   1833
  464 841424804 841441644  16840
  465 841441691 841448147   6456
  466 841448316 841471835  23519
  467 841471945 841472349    404
  468 841473029 841473144    115
  469 841473958 841486565  12607
  470 841486612 841503826  17214
  471 841532405 841533175    770
  472 841534484 841538363   3879
  473 841538483 841554235  15752
  474 841558223 841577275  19052
  475 841577323 841585721   8398
  476 841586829 841610080  23251
  477 841611874 841614418   2544
  478 841614662 841625259  10597
  479 841625323 841644891  19568
  480 841644939 841654579   9640
  481 841654643 841670589  15946
  482 841671036 841681714  10678
  483 841681822 841685070   3248
  484 841685133 841688685   3552
  485 841688789 841689236    447
  486 841689499 841691402   1903
  487 841691702 841698586   6884
  488 841698650 841705979   7329
  489 841706035 841713094   7059
  490 841713337 841739275  25938
  491 841739330 841753323  13993
  492 841753371 841764561  11190
  493 841764841 841767291   2450
  494 841767355 841767359      4
  495 841767659 841768816   1157
  496 841769699 841776907   7208
  497 841777035 841777313    278
  498 841777613 841781559   3946
  499 841782112 841785067   2955
  500 841785115 841792427   7312
  501 841793894 841802379   8485
  502 841802443 841811059   8616
  503 841811107 841811319    212
  504 841811800 841820139   8339
  505 841820186 841827741   7555
  506 841828326 841833019   4693
  507 841833075 841842771   9696
  508 841842835 841849867   7032
  509 841849914 841863811  13897
  510 841864111 841864995    884
  511 841865043 841886855  21812
  512 841886901 841921926  35025
  513 841923750 841930040   6290
