    1 863571827 863572936   1109
    2 863574236 863586517  12281
    3 863587445 863589809   2364
    4 863591374 863595372   3998
    5 863595428 863615637  20209
    6 863615685 863624780   9095
    7 863624916 863631421   6505
    8 863631484 863635477   3993
    9 863636475 863637322    847
   10 863639401 863643394   3993
   11 863652297 863665053  12756
   12 863669238 863669746    508
   13 863673358 863683929  10571
   14 863685483 863689101   3618
   15 863689164 863694725   5561
   16 863694772 863713124  18352
   17 863713172 863713640    468
   18 863722863 863728373   5510
   19 863728421 863734087   5666
   20 863735818 863740156   4338
   21 863740212 863748221   8009
   22 863748284 863755349   7065
   23 863755397 863763326   7929
   24 863763453 863770773   7320
   25 863771688 863771754     66
   26 863772154 863780717   8563
   27 863780780 863790005   9225
   28 863790069 863799068   8999
   29 863799116 863805563   6447
   30 863811065 863811313    248
   31 863811367 863819813   8446
   32 863819861 863830563  10702
   33 863845686 863845995    309
   34 863845997 863848295   2298
   35 863849326 863862484  13158
   36 863862540 863874381  11841
   37 863874429 863879429   5000
   38 863880265 863880272      7
   39 863880299 863881245    946
   40 863899898 863902453   2555
   41 863902508 863908805   6297
   42 863908861 863920452  11591
   43 863920508 863931116  10608
   44 863933560 863936019   2459
   45 863937539 863938077    538
   46 863939143 863942205   3062
   47 863942253 863945525   3272
   48 863952849 863955357   2508
   49 863955412 863963509   8097
   50 863963557 863965370   1813
   51 863978991 863979259    268
   52 863979886 863982188   2302
   53 863982316 863982559    243
   54 863985079 863988925   3846
   55 863988988 863993726   4738
   56 863994272 864000885   6613
   57 864000941 864008740   7799
   58 864008788 864014632   5844
   59 864016616 864021325   4709
   60 864021373 864030485   9112
   61 864030549 864058964  28415
   62 864060607 864068348   7741
   63 864068412 864069299    887
   64 864069988 864077621   7633
   65 864077684 864094293  16609
   66 864094341 864107860  13519
   67 864109894 864123709  13815
   68 864123773 864131960   8187
   69 864132971 864146445  13474
   70 864148931 864149848    917
   71 864154040 864158774   4734
   72 864159326 864168540   9214
   73 864169375 864171309   1934
   74 864171357 864187356  15999
   75 864187412 864193687   6275
   76 864195640 864224293  28653
   77 864224348 864230477   6129
   78 864230540 864241701  11161
   79 864241757 864252364  10607
   80 864252428 864253410    982
   81 864255683 864257421   1738
   82 864258068 864258668    600
   83 864260166 864266739   6573
   84 864268464 864270021   1557
   85 864270069 864270773    704
   86 864275727 864280504   4777
   87 864281832 864282509    677
   88 864282564 864291157   8593
   89 864291205 864303580  12375
   90 864303636 864305729   2093
   91 864306878 864314440   7562
   92 864315372 864325487  10115
   93 864326860 864328162   1302
   94 864328993 864339177  10184
   95 864339832 864340104    272
   96 864355552 864358557   3005
   97 864358613 864375485  16872
   98 864375549 864392836  17287
   99 864392900 864415691  22791
  100 864415759 864416192    433
  101 864417729 864421437   3708
  102 864421565 864428212   6647
  103 864428260 864434066   5806
  104 864434964 864436574   1610
  105 864438166 864464122  25956
  106 864464944 864469573   4629
  107 864469701 864486214  16513
  108 864524546 864529184   4638
  109 864529232 864551000  21768
  110 864551055 864562768  11713
  111 864562832 864585197  22365
  112 864586766 864592254   5488
  113 864594216 864594217      1
  114 864594933 864596841   1908
  115 864596888 864603727   6839
  116 864603783 864604531    748
  117 864606396 864606904    508
  118 864609162 864611768   2606
  119 864612912 864628181  15269
  120 864628645 864641064  12419
  121 864641111 864660314  19203
  122 864660954 864664655   3701
  123 864664720 864673427   8707
  124 864674589 864676601   2012
  125 864676656 864678523   1867
  126 864679149 864696401  17252
  127 864696463 864708304  11841
  128 864708352 864709369   1017
  129 864709371 864714064   4693
  130 864714192 864726241  12049
  131 864726287 864740128  13841
  132 864740192 864751147  10955
  133 864755555 864760801   5246
  134 864760864 864761238    374
  135 864763235 864766985   3750
  136 864767650 864767653      3
  137 864778412 864778515    103
  138 864779414 864785343   5929
  139 864786068 864807963  21895
  140 864808011 864814275   6264
  141 864814330 864825763  11433
  142 864825819 864842690  16871
  143 864842746 864850699   7953
  144 864850756 864859033   8277
  145 864860030 864872010  11980
  146 864872075 864885467  13392
  147 864885587 864901826  16239
  148 864901890 864921811  19921
  149 864922632 864925003   2371
  150 864925067 864950591  25524
  151 864950593 864963074  12481
  152 864969908 864984653  14745
  153 864984709 865015213  30504
  154 865015856 865016052    196
  155 865016100 865019529   3429
  156 865021114 865029039   7925
  157 865030494 865030585     91
  158 865032163 865034655   2492
  159 865035842 865035945    103
  160 865036589 865049428  12839
  161 865049485 865055943   6458
  162 865057466 865067261   9795
  163 865067318 865073445   6127
  164 865073493 865078983   5490
  165 865082610 865082749    139
  166 865083530 865083729    199
  167 865084302 865084531    229
  168 865085194 865085370    176
  169 865087255 865088422   1167
  170 865089179 865090475   1296
  171 865112914 865115039   2125
  172 865115663 865129564  13901
  173 865130469 865134155   3686
  174 865136436 865137541   1105
  175 865137588 865146438   8850
  176 865146558 865181786  35228
  177 865183088 865183415    327
  178 865196704 865196728     24
  179 865197432 865198261    829
  180 865199093 865199376    283
  181 865218434 865222045   3611
  182 865222109 865229348   7239
  183 865229398 865259998  30600
  184 865260061 865269740   9679
  185 865270260 865273862   3602
  186 865273925 865281951   8026
  187 865297518 865301639   4121
  188 865301685 865308629   6944
  189 865308678 865320324  11646
  190 865320381 865327245   6864
  191 865327372 865330278   2906
  192 865332938 865340013   7075
  193 865340078 865345166   5088
  194 865356001 865361563   5562
  195 865362492 865362569     77
  196 865362969 865364585   1616
  197 865367802 865370118   2316
  198 865370182 865373528   3346
  199 865373983 865374004     21
  200 865389878 865397967   8089
  201 865400553 865409685   9132
  202 865409748 865439638  29890
  203 865439701 865447798   8097
  204 865447861 865457653   9792
  205 865457718 865464525   6807
  206 865464587 865465030    443
  207 865466399 865474614   8215
  208 865475370 865485662  10292
  209 865485709 865490953   5244
  210 865491711 865492678    967
  211 865492724 865534118  41394
  212 865534173 865542442   8269
  213 865544081 865557016  12935
  214 865557960 865576198  18238
  215 865576253 865596245  19992
  216 865596292 865612843  16551
  217 865613009 865613956    947
  218 865622921 865624737   1816
  219 865624784 865625881   1097
  220 865626700 865645388  18688
  221 865646027 865668350  22323
  222 865671422 865683329  11907
  223 865683377 865684177    800
  224 865685185 865695496  10311
  225 865720229 865720691    462
  226 865722919 865725873   2954
  227 865725929 865736608  10679
  228 865738350 865738892    542
  229 865739470 865742936   3466
  230 865748132 865748641    509
  231 865748705 865780353  31648
  232 865780401 865791024  10623
  233 865791160 865795288   4128
  234 865797088 865798627   1539
  235 865803552 865808643   5091
  236 865809601 865810993   1392
  237 865811057 865816881   5824
  238 865816945 865824170   7225
  239 865826838 865828717   1879
  240 865830464 865853719  23255
  241 865855206 865863851   8645
  242 865867440 865872572   5132
  243 865872574 865876501   3927
  244 865877812 865884920   7108
  245 865885551 865893491   7940
  246 865897221 865902225   5004
  247 865902345 865945688  43343
  248 865945752 865947191   1439
  249 865950062 865964947  14885
  250 865971370 865971896    526
  251 865973378 865982186   8808
  252 865982809 865990339   7530
  253 865992877 865996605   3728
  254 865997024 866007041  10017
  255 866007096 866014521   7425
  256 866014577 866032190  17613
  257 866033056 866057528  24472
  258 866057592 866062944   5352
  259 866063000 866071513   8513
  260 866071560 866075641   4081
  261 866076956 866078333   1377
  262 866084747 866086240   1493
  263 866088242 866099423  11181
  264 866100776 866108073   7297
  265 866108201 866110334   2133
  266 866114075 866114673    598
  267 866114809 866123112   8303
  268 866124252 866125751   1499
  269 866133755 866133953    198
  270 866134001 866134586    585
  271 866135227 866135307     80
  272 866138632 866150376  11744
  273 866153219 866159734   6515
  274 866162254 866162787    533
  275 866163727 866164136    409
  276 866174443 866176569   2126
  277 866176570 866183523   6953
  278 866184829 866185908   1079
  279 866185909 866209916  24007
  280 866211318 866213035   1717
  281 866213037 866214758   1721
  282 866231329 866231521    192
  283 866235167 866235640    473
  284 866235642 866235970    328
  285 866247325 866259320  11995
  286 866260639 866260826    187
  287 866260958 866289118  28160
  288 866289174 866300415  11241
  289 866324019 866325882   1863
  290 866326608 866333459   6851
  291 866334498 866338237   3739
  292 866338873 866351775  12902
  293 866351778 866351783      5
  294 866351786 866352555    769
  295 866352557 866352562      5
  296 866352565 866352567      2
  297 866352569 866353233    664
  298 866353243 866353265     22
  299 866353268 866353273      5
  300 866353282 866353301     19
  301 866353308 866353310      2
  302 866353321 866353322      1
  303 866353344 866353346      2
  304 866353349 866353350      1
  305 866353353 866353361      8
  306 866353363 866353364      1
  307 866353374 866353375      1
  308 866358693 866386302  27609
  309 866405184 866410885   5701
  310 866415788 866447382  31594
  311 866447803 866468976  21173
  312 866469296 866470680   1384
  313 866471080 866477770   6690
  314 866512515 866524459  11944
  315 866526322 866558014  31692
  316 866558016 866558191    175
  317 866558194 866558261     67
  318 866558262 866558469    207
  319 866558470 866559819   1349
  320 866560843 866567557   6714
  321 866573467 866575715   2248
  322 866583109 866583640    531
  323 866587385 866592978   5593
  324 866592979 866593648    669
  325 866594760 866600559   5799
  326 866601120 866601298    178
  327 866603789 866603953    164
  328 866604772 866605033    261
  329 866607827 866614449   6622
  330 866614505 866651430  36925
  331 866661142 866672683  11541
  332 866675607 866684796   9189
  333 866684852 866690175   5323
  334 866690177 866690387    210
  335 866690451 866698397   7946
  336 866699051 866711259  12208
  337 866712245 866716403   4158
  338 866716539 866719758   3219
  339 866726448 866736388   9940
  340 866738815 866740523   1708
  341 866740525 866741858   1333
  342 866741865 866741867      2
  343 866742116 866750411   8295
  344 866750467 866761860  11393
  345 866761908 866762331    423
  346 866763911 866770204   6293
  347 866770324 866770591    267
  348 866770592 866770932    340
  349 866772017 866774034   2017
  350 866777054 866777597    543
  351 866777997 866778088     91
  352 866783067 866783352    285
  353 866783825 866794660  10835
  354 866794716 866804843  10127
  355 866804891 866818980  14089
  356 866819028 866823865   4837
  357 866830370 866834267   3897
  358 866834315 866835970   1655
  359 866835972 866835985     13
  360 866835987 866836003     16
  361 866836004 866836014     10
  362 866836016 866836026     10
  363 866836028 866836032      4
  364 866836035 866836067     32
  365 866836069 866836082     13
  366 866836083 866836109     26
  367 866856829 866858070   1241
  368 866858199 866862224   4025
  369 866867823 866874839   7016
  370 866874899 866904709  29810
