    1 820359255 820359383    128
    2 820359679 820364308   4629
    3 820365521 820371807   6286
    4 820373453 820380079   6626
    5 820380502 820380604    102
    6 820381034 820398639  17605
    7 820407777 820424123  16346
    8 820424697 820429624   4927
    9 820430919 820433742   2823
   10 820434062 820435006    944
   11 820435406 820443244   7838
   12 820443744 820443746      2
   13 820444236 820450601   6365
   14 820451574 820451732    158
   15 820451804 820479524  27720
   16 820479924 820507964  28040
   17 820508612 820510659   2047
   18 820510979 820511503    524
   19 820511903 820518145   6242
   20 820518451 820523482   5031
   21 820525093 820528746   3653
   22 820529066 820531086   2020
   23 820532220 820533267   1047
   24 820533667 820533688     21
   25 820534008 820534836    828
   26 820535236 820536774   1538
   27 820537635 820539380   1745
   28 820540170 820540218     48
   29 820540618 820544469   3851
   30 820545542 820554163   8621
   31 820555503 820557403   1900
   32 820557886 820562733   4847
   33 820563201 820611774  48573
   34 820611991 820626093  14102
   35 820626493 820626501      8
   36 820626973 820635234   8261
   37 820635641 820635925    284
   38 820637258 820641062   3804
   39 820641158 820695472  54314
   40 820695985 820700096   4111
   41 820700496 820712893  12397
   42 820713379 820716180   2801
   43 820716500 820716721    221
   44 820717121 820732021  14900
   45 820732616 820733774   1158
   46 820734174 820741391   7217
   47 820741844 820748835   6991
   48 820749298 820752095   2797
   49 820753222 820755700   2478
   50 820757980 820758026     46
   51 820759132 820759217     85
   52 820759617 820804681  45064
   53 820806310 820827946  21636
   54 820828434 820847303  18869
   55 820847728 820854287   6559
   56 820854828 820855460    632
   57 820856038 820857915   1877
   58 820858680 820860592   1912
   59 820861074 820861455    381
   60 820861980 820863824   1844
   61 820864144 820864312    168
   62 820864712 820867044   2332
   63 820867454 820872847   5393
   64 820877248 820878693   1445
   65 820880092 820884357   4265
   66 820884677 820884683      6
   67 820885083 820886965   1882
   68 820887285 820887630    345
   69 820888030 820889256   1226
   70 820889752 820894099   4347
   71 820894499 820894512     13
   72 820895357 820909638  14281
   73 820910176 820920257  10081
   74 820920882 820921330    448
   75 820921879 820921937     58
   76 820922832 820942903  20071
   77 820943317 820943320      3
   78 820943797 820944195    398
   79 820963939 820966550   2611
   80 820967628 820973660   6032
   81 820973980 820974108    128
   82 820974508 820974745    237
   83 820975145 820975682    537
   84 820976290 820981444   5154
   85 820981844 820986510   4666
   86 820987033 820988875   1842
   87 820989947 820991036   1089
   88 820991954 820993822   1868
   89 820994142 820994552    410
   90 820994952 820995779    827
   91 820996355 820996609    254
   92 820997222 820998431   1209
   93 821017982 821019896   1914
   94 821021086 821022636   1550
   95 821023702 821024297    595
   96 821024697 821027342   2645
   97 821027802 821028198    396
   98 821029604 821030926   1322
   99 821031424 821034892   3468
  100 821036108 821036164     56
  101 821036564 821037917   1353
  102 821038539 821039714   1175
  103 821040314 821040458    144
  104 821040778 821043532   2754
  105 821043932 821045376   1444
  106 821045799 821046333    534
  107 821046733 821046748     15
  108 821047148 821047702    554
  109 821048186 821049811   1625
  110 821050262 821053180   2918
  111 821053500 821054141    641
  112 821054541 821055969   1428
  113 821057895 821060853   2958
  114 821061634 821063300   1666
  115 821063620 821064022    402
  116 821064422 821065097    675
  117 821065115 821070959   5844
  118 821075333 821075874    541
  119 821076342 821084648   8306
  120 821085137 821088688   3551
  121 821089122 821098607   9485
  122 821099007 821100185   1178
  123 821100697 821103996   3299
  124 821106253 821107491   1238
  125 821109537 821113302   3765
  126 821134617 821136629   2012
  127 821137170 821174513  37343
  128 821174711 821182382   7671
  129 821182993 821183078     85
  130 821183398 821183687    289
  131 821184087 821186071   1984
  132 821186391 821208298  21907
  133 821208889 821209446    557
  134 821209846 821216987   7141
  135 821217307 821217313      6
  136 821217713 821217823    110
  137 821218510 821222093   3583
  138 821222677 821222740     63
  139 821225176 821232148   6972
  140 821232164 821232290    126
  141 821232766 821239234   6468
  142 821239673 821240461    788
  143 821240508 821244171   3663
  144 821244174 821247745   3571
  145 821247758 821254921   7163
  146 821254939 821262409   7470
  147 821262420 821272290   9870
  148 821272293 821273114    821
  149 821273149 821278791   5642
  150 821278799 821278804      5
  151 821278892 821284681   5789
  152 821284692 821287418   2726
  153 821288254 821293297   5043
  154 821293323 821300499   7176
  155 821300506 821307493   6987
  156 821308033 821312144   4111
  157 821312151 821319479   7328
  158 821319493 821324483   4990
  159 821324490 821324493      3
  160 821324505 821327720   3215
  161 821327730 821335448   7718
  162 821335451 821344174   8723
  163 821345092 821354363   9271
  164 821354365 821362773   8408
  165 821365735 821388560  22825
  166 821388880 821389103    223
  167 821389503 821389569     66
  168 821389852 821453696  63844
  169 821454269 821456743   2474
  170 821456745 821456822     77
  171 821457142 821459086   1944
  172 821459486 821460591   1105
  173 821461197 821467671   6474
  174 821467991 821468237    246
  175 821468637 821473873   5236
  176 821474164 821477073   2909
  177 821479289 821479781    492
  178 821481175 821483188   2013
  179 821483702 821484670    968
  180 821485528 821486581   1053
  181 821487036 821495922   8886
  182 821497024 821497070     46
  183 821497082 821503719   6637
  184 821503769 821507972   4203
  185 821508012 821508336    324
  186 821508338 821508404     66
  187 821508406 821509760   1354
  188 821509761 821509834     73
  189 821509836 821509894     58
  190 821509896 821509965     69
  191 821509967 821510354    387
  192 821510356 821511917   1561
  193 821511918 821513366   1448
  194 821515440 821515682    242
  195 821516082 821520094   4012
  196 821520096 821520242    146
  197 821520718 821522564   1846
  198 821522566 821522803    237
  199 821523203 821529834   6631
  200 821529835 821535872   6037
  201 821536605 821536891    286
  202 821537475 821537580    105
  203 821537582 821538967   1385
  204 821538969 821538970      1
  205 821538971 821539414    443
  206 821539416 821539473     57
  207 821539475 821543648   4173
  208 821544383 821545053    670
  209 821545453 821548692   3239
  210 821549012 821550345   1333
  211 821564104 821564711    607
  212 821564714 821564945    231
  213 821564948 821564951      3
  214 821565271 821566302   1031
  215 821567006 821568397   1391
  216 821568797 821568957    160
  217 821569277 821569447    170
  218 821570157 821581491  11334
  219 821581494 821582810   1316
  220 821585481 821586078    597
  221 821586398 821587383    985
  222 821587783 821587857     74
  223 821589207 821589394    187
  224 821590627 821591907   1280
  225 821593374 821593743    369
  226 821594143 821597443   3300
  227 821598205 821598661    456
  228 821599061 821600258   1197
  229 821601688 821601889    201
  230 821603974 821612578   8604
  231 821620374 821621446   1072
  232 821623279 821629349   6070
  233 821629669 821629866    197
  234 821630631 821635226   4595
  235 821635687 821635693      6
  236 821636271 821641311   5040
  237 821641846 821642013    167
  238 821642015 821644032   2017
  239 821644906 821647862   2956
  240 821648428 821648489     61
  241 821648915 821651000   2085
  242 821651001 821651640    639
  243 821651642 821653221   1579
  244 821653984 821657453   3469
  245 821657455 821659618   2163
  246 821660018 821660759    741
  247 821660761 821660852     91
  248 821660854 821660856      2
  249 821660858 821660884     26
  250 821660885 821661173    288
  251 821661175 821661233     58
  252 821661235 821661287     52
  253 821661289 821661659    370
  254 821661661 821663606   1945
  255 821665175 821665314    139
  256 821665317 821665875    558
  257 821665878 821665989    111
  258 821665991 821666019     28
  259 821666021 821666072     51
  260 821666074 821666097     23
  261 821666098 821666927    829
  262 821667040 821667305    265
  263 821667307 821667710    403
  264 821667712 821667928    216
  265 821667930 821668381    451
  266 821668383 821669583   1200
  267 821669799 821677936   8137
  268 821677938 821678243    305
  269 821678245 821678302     57
  270 821678304 821678363     59
  271 821678365 821678373      8
  272 821678375 821678376      1
  273 821678380 821678392     12
  274 821678394 821678499    105
  275 821678501 821678654    153
  276 821678656 821679069    413
  277 821679071 821679097     26
  278 821679099 821679188     89
  279 821679190 821679384    194
  280 821679386 821679394      8
  281 821679397 821679889    492
  282 821679891 821680928   1037
  283 821680930 821681249    319
  284 821681251 821681304     53
  285 821682259 821682291     32
  286 821682293 821682313     20
  287 821682315 821682952    637
  288 821682954 821683476    522
  289 821683478 821684146    668
  290 821684148 821684187     39
  291 821684189 821684190      1
  292 821684192 821684197      5
  293 821684200 821684204      4
  294 821684205 821684219     14
  295 821684221 821684394    173
  296 821684957 821685492    535
  297 821685494 821685645    151
  298 821685646 821686120    474
  299 821686122 821687047    925
  300 821687049 821687269    220
  301 821687271 821687984    713
  302 821687986 821689134   1148
  303 821689136 821689460    324
  304 821689462 821689897    435
  305 821689899 821690844    945
  306 821690988 821691757    769
  307 821691760 821691768      8
  308 821691769 821691866     97
  309 821691868 821691953     85
  310 821691954 821691957      3
  311 821691959 821692409    450
  312 821692411 821692414      3
  313 821692416 821693986   1570
  314 821693988 821717673  23685
  315 821717675 821718654    979
  316 821719775 821721120   1345
  317 821722872 821722948     76
  318 821722951 821723069    118
  319 821723117 821725793   2676
  320 821727654 821729227   1573
  321 821729295 821734885   5590
  322 821734948 821738161   3213
  323 821739279 821741503   2224
  324 821741556 821742795   1239
  325 821743267 821743316     49
  326 821743801 821744126    325
  327 821744127 821745328   1201
  328 821745330 821745339      9
  329 821745340 821746713   1373
  330 821747290 821747685    395
  331 821747687 821748965   1278
  332 821748968 821749253    285
  333 821749255 821749738    483
  334 821749740 821750036    296
  335 821750037 821750191    154
  336 821750193 821751278   1085
  337 821751280 821752322   1042
  338 821752323 821752883    560
  339 821752885 821755019   2134
  340 821755905 821756435    530
  341 821756436 821756454     18
  342 821756456 821756512     56
  343 821756768 821757443    675
  344 821757445 821757460     15
  345 821757462 821758201    739
  346 821758204 821758394    190
  347 821758396 821758571    175
  348 821758575 821759047    472
  349 821759049 821759268    219
  350 821759270 821759271      1
  351 821759272 821759955    683
  352 821759956 821760068    112
  353 821760070 821760149     79
  354 821760197 821760296     99
  355 821760299 821760314     15
  356 821760316 821760471    155
  357 821760473 821760475      2
  358 821760477 821760483      6
  359 821760485 821760493      8
  360 821760495 821760576     81
  361 821760578 821760581      3
  362 821760583 821760590      7
  363 821760591 821760598      7
  364 821760600 821760687     87
  365 821760689 821761228    539
  366 821761229 821761611    382
  367 821761613 821761633     20
  368 821761635 821762160    525
  369 821762161 821762162      1
  370 821762164 821762649    485
  371 821762652 821762658      6
  372 821762660 821763514    854
  373 821763515 821764349    834
  374 821764351 821764471    120
  375 821764473 821764559     86
  376 821764560 821764859    299
  377 821764861 821765015    154
  378 821765017 821765041     24
  379 821765042 821765100     58
  380 821765102 821765208    106
  381 821765211 821766467   1256
  382 821766469 821766479     10
  383 821766481 821766648    167
  384 821766650 821766942    292
  385 821766944 821768793   1849
  386 821768795 821769025    230
  387 821769028 821771524   2496
  388 821771527 821771664    137
  389 821771665 821773023   1358
  390 821773025 821773148    123
  391 821773150 821774420   1270
  392 821774422 821774427      5
  393 821774429 821774562    133
  394 821774564 821774830    266
  395 821774832 821775163    331
  396 821775165 821775598    433
  397 821775600 821775834    234
  398 821775835 821776493    658
  399 821776495 821776767    272
  400 821776768 821776776      8
  401 821776778 821777974   1196
  402 821777976 821778541    565
  403 821778543 821778847    304
  404 821778848 821781382   2534
  405 821781829 821781868     39
  406 821781870 821781949     79
  407 821782013 821782671    658
  408 821784343 821785093    750
  409 821785493 821787163   1670
  410 821787927 821788042    115
  411 821788442 821790399   1957
  412 821790401 821790864    463
  413 821790866 821791344    478
  414 821791346 821791366     20
  415 821791368 821797028   5660
  416 821797428 821798760   1332
  417 821799388 821801976   2588
  418 821802520 821802570     50
  419 821803280 821805125   1845
  420 821805733 821806121    388
  421 821806441 821806541    100
  422 821806941 821807632    691
  423 821807952 821808453    501
  424 821809217 821810349   1132
  425 821821073 821822408   1335
  426 821822728 821822999    271
  427 821823399 821824364    965
  428 821825474 821826395    921
  429 821826942 821831221   4279
  430 821831765 821831874    109
  431 821832644 821832909    265
  432 821832956 821833083    127
  433 821833655 821834064    409
  434 821835049 821840693   5644
  435 821841117 821850653   9536
  436 821850717 821863837  13120
  437 821863885 821872459   8574
  438 821874060 821897464  23404
  439 821897525 821904597   7072
  440 821904662 821909441   4779
  441 821909841 821915030   5189
  442 821915438 821921949   6511
  443 821921996 821933646  11650
  444 821933693 821967493  33800
  445 821967549 821969148   1599
  446 821969612 821990310  20698
  447 821991457 822003237  11780
  448 822003698 822004892   1194
  449 822004941 822011730   6789
  450 822012652 822031548  18896
  451 822031604 822031799    195
  452 822032746 822034915   2169
  453 822035372 822040421   5049
  454 822040484 822047144   6660
  455 822047199 822058853  11654
  456 822058918 822077556  18638
  457 822078666 822080834   2168
  458 822081697 822084846   3149
  459 822085973 822088163   2190
  460 822089061 822089549    488
  461 822090072 822090223    151
  462 822091558 822092275    717
  463 822092992 822094179   1187
  464 822095391 822100300   4909
  465 822100364 822108956   8592
  466 822109012 822117901   8889
  467 822117949 822131101  13152
  468 822131148 822153539  22391
  469 822176021 822176630    609
  470 822176694 822176707     13
  471 822176834 822177478    644
  472 822178204 822179426   1222
  473 822179496 822179709    213
  474 822181212 822182573   1361
  475 822183783 822184641    858
  476 822185720 822191335   5615
  477 822191395 822198255   6860
  478 822202745 822205498   2753
  479 822206353 822208658   2305
  480 822209829 822210625    796
  481 822210681 822217145   6464
  482 822217193 822220303   3110
  483 822272362 822279065   6703
  484 822279112 822282520   3408
  485 822283875 822290057   6182
  486 822291415 822300353   8938
  487 822300400 822323903  23503
  488 822324559 822327347   2788
  489 822347152 822347752    600
  490 822347940 822352995   5055
  491 822354068 822355636   1568
  492 822355848 822357755   1907
  493 822358353 822359059    706
  494 822359103 822369568  10465
  495 822369624 822375834   6210
  496 822376464 822382929   6465
  497 822383485 822385926   2441
  498 822387570 822388680   1110
  499 822388727 822394003   5276
  500 822394323 822395929   1606
  501 822396329 822413327  16998
  502 822413967 822417148   3181
  503 822424153 822424183     30
  504 822424185 822424238     53
  505 822424242 822424261     19
  506 822424263 822424785    522
  507 822425584 822425820    236
  508 822426220 822426365    145
  509 822426685 822426990    305
  510 822430565 822435569   5004
  511 822435889 822436164    275
  512 822436564 822446750  10186
  513 822446848 822447062    214
  514 822447142 822463561  16419
  515 822463609 822476240  12631
  516 822476590 822477274    684
  517 822477398 822477505    107
  518 822479718 822481783   2065
  519 822482729 822483076    347
  520 822483079 822483374    295
  521 822483375 822483385     10
  522 822483705 822484012    307
  523 822485183 822485855    672
  524 822485857 822486012    155
  525 822486458 822486570    112
  526 822486688 822487060    372
  527 822487132 822487692    560
  528 822487694 822487870    176
  529 822491020 822491156    136
  530 822491159 822491164      5
  531 822491166 822491275    109
  532 822491277 822491475    198
  533 822491477 822491775    298
  534 822491778 822492240    462
  535 822492242 822493137    895
  536 822493588 822494662   1074
  537 822495278 822497566   2288
  538 822497569 822497755    186
  539 822497758 822497781     23
  540 822509795 822510329    534
  541 822510331 822510868    537
  542 822510871 822511744    873
  543 822519820 822519852     32
  544 822519855 822520196    341
  545 822520198 822520739    541
  546 822520741 822523523   2782
  547 822523525 822526913   3388
  548 822529857 822529962    105
  549 822529965 822530117    152
  550 822530119 822530390    271
  551 822530392 822530602    210
  552 822531426 822534946   3520
  553 822536239 822541506   5267
  554 822541507 822543323   1816
  555 822543370 822544513   1143
  556 822545044 822546083   1039
  557 822546086 822546603    517
  558 822546923 822547473    550
  559 822547873 822548876   1003
  560 822548938 822554204   5266
  561 822554687 822556716   2029
  562 822556771 822567043  10272
  563 822567443 822576550   9107
  564 822577421 822577923    502
  565 822577970 822578825    855
  566 822579651 822579966    315
  567 822580732 822584044   3312
  568 822584878 822600581  15703
  569 822601174 822605218   4044
  570 822605767 822606523    756
  571 822606671 822610225   3554
  572 822611017 822612063   1046
  573 822612661 822619140   6479
  574 822619203 822632840  13637
  575 822637056 822638536   1480
  576 822639828 822641690   1862
  577 822641692 822644514   2822
  578 822644614 822646666   2052
  579 822646761 822650411   3650
  580 822650460 822651022    562
  581 822652251 822654112   1861
  582 822654660 822664705  10045
  583 822665724 822666411    687
  584 822666413 822666844    431
  585 822667698 822667802    104
  586 822667807 822667853     46
  587 822667855 822667862      7
  588 822667864 822667874     10
  589 822667880 822667950     70
  590 822667953 822668021     68
  591 822695327 822695729    402
  592 822695731 822696051    320
  593 822696052 822696059      7
  594 822696061 822696142     81
  595 822696144 822696922    778
  596 822696924 822696935     11
  597 822698151 822698435    284
  598 822698512 822705652   7140
  599 822705700 822714137   8437
  600 822714139 822714369    230
  601 822715671 822722052   6381
  602 822722115 822723574   1459
  603 822723576 822725807   2231
  604 822726759 822732720   5961
  605 822733223 822734942   1719
  606 822737091 822737557    466
  607 822739108 822739620    512
  608 822740020 822756020  16000
  609 822756085 822758230   2145
  610 822773440 822777742   4302
  611 822778062 822778480    418
  612 822778880 822779262    382
  613 822779309 822788934   9625
  614 822788982 822798655   9673
  615 822798657 822800798   2141
  616 822800862 822804928   4066
  617 822806007 822806401    394
  618 822814639 822814711     72
  619 822815542 822816083    541
  620 822816403 822817480   1077
  621 822818306 822818924    618
  622 822819324 822819327      3
  623 822819915 822827929   8014
  624 822828249 822828387    138
  625 822845360 822845515    155
  626 822845517 822845792    275
  627 822845794 822845903    109
  628 822845905 822846586    681
  629 822846587 822846812    225
  630 822846814 822850839   4025
  631 822851989 822853284   1295
  632 822854149 822856043   1894
  633 822856045 822859358   3313
  634 822859963 822860566    603
  635 822860630 822862250   1620
  636 822867247 822867662    415
  637 822867709 822872946   5237
  638 822875266 822875332     66
  639 822875732 822890250  14518
  640 822891641 822892095    454
  641 822892645 822898398   5753
  642 822898453 822914350  15897
  643 822914414 822914631    217
  644 822916062 822916307    245
  645 822916708 822920031   3323
  646 822921378 822931038   9660
  647 822931093 822939627   8534
  648 822939681 822944142   4461
  649 822944811 822947077   2266
  650 822947676 822948319    643
  651 822948382 822951989   3607
  652 822952778 822956550   3772
  653 822956605 822963710   7105
  654 822963830 822966137   2307
  655 822967444 822967862    418
  656 822968821 822970850   2029
  657 822971353 822971582    229
  658 822971638 822973508   1870
  659 822974119 822979318   5199
  660 822979366 822985573   6207
  661 822986196 822994777   8581
  662 822995734 823011970  16236
  663 823013553 823018341   4788
  664 823018927 823018980     53
  665 823019380 823019511    131
  666 823020005 823029254   9249
  667 823030180 823032408   2228
  668 823033590 823044054  10464
  669 823044117 823066318  22201
  670 823066366 823077999  11633
  671 823079361 823080394   1033
  672 823080802 823080813     11
  673 823081133 823082320   1187
  674 823084717 823084757     40
  675 823090112 823090182     70
  676 823090909 823090920     11
  677 823092263 823092389    126
  678 823100596 823100889    293
  679 823103530 823104146    616
  680 823160952 823161115    163
  681 823161117 823161591    474
  682 823161593 823161911    318
  683 823195297 823200104   4807
  684 823214186 823217958   3772
  685 823218022 823223133   5111
  686 823224888 823225552    664
  687 823225616 823240798  15182
  688 823241579 823244057   2478
  689 823244448 823255479  11031
  690 823255527 823255730    203
  691 823257779 823261712   3933
  692 823261776 823267725   5949
  693 823268944 823277954   9010
  694 823279052 823280213   1161
  695 823280994 823282611   1617
  696 823329848 823329849      1
  697 823329915 823329916      1
  698 823330127 823336480   6353
  699 823338225 823338345    120
  700 823338745 823350710  11965
  701 823350758 823351230    472
  702 823351816 823355462   3646
  703 823358265 823361295   3030
