    1 837912587 837912774    187
    2 837912820 837923920  11100
    3 837925195 837927508   2313
    4 837927557 837939324  11767
    5 837939371 837950604  11233
    6 837950668 837959659   8991
    7 837963044 837963566    522
    8 837979955 837994820  14865
    9 837994876 838003932   9056
   10 838003980 838017780  13800
   11 838017837 838025924   8087
   12 838025980 838041432  15452
   13 838042789 838049901   7112
   14 838049948 838064181  14233
   15 838065830 838069324   3494
   16 838069459 838071218   1759
   17 838071825 838072251    426
   18 838072443 838078583   6140
   19 838079671 838086384   6713
   20 838086385 838086780    395
   21 838089024 838092237   3213
   22 838092291 838098084   5793
   23 838098148 838108035   9887
   24 838109586 838150052  40466
   25 838150116 838150752    636
   26 838151302 838153596   2294
   27 838155575 838160233   4658
   28 838160664 838174503  13839
   29 838175229 838176940   1711
   30 838176987 838183180   6193
   31 838183237 838199342  16105
   32 838199398 838210668  11270
   33 838210723 838221788  11065
   34 838221836 838224793   2957
   35 838226186 838226663    477
   36 838227104 838227156     52
   37 838227677 838228559    882
   38 838228960 838229621    661
   39 838230096 838230571    475
   40 838231142 838231321    179
   41 838232429 838233050    621
   42 838233982 838234598    616
   43 838235443 838235578    135
   44 838236176 838238186   2010
   45 838240368 838240597    229
   46 838240659 838257581  16922
   47 838259648 838286990  27342
   48 838287045 838292561   5516
   49 838293509 838293677    168
   50 838294492 838294994    502
   51 838297433 838297454     21
   52 838298448 838298542     94
   53 838298862 838299000    138
   54 838300777 838301136    359
   55 838301540 838301591     51
   56 838302704 838302973    269
   57 838303467 838303578    111
   58 838305692 838307251   1559
   59 838307719 838308676    957
   60 838309439 838309810    371
   61 838310401 838310425     24
   62 838311252 838325682  14430
   63 838328603 838331932   3329
   64 838331987 838336522   4535
   65 838338210 838352811  14601
   66 838352867 838368060  15193
   67 838368108 838373308   5200
   68 838375114 838375492    378
   69 838375548 838383100   7552
   70 838383156 838388671   5515
   71 838388679 838399128  10449
   72 838401469 838405979   4510
   73 838407228 838407859    631
   74 838408284 838410194   1910
   75 838410711 838412223   1512
   76 838412225 838415048   2823
   77 838416294 838416786    492
   78 838418250 838418795    545
   79 838420230 838421381   1151
   80 838421436 838433877  12441
   81 838433932 838458502  24570
   82 838458549 838468923  10374
   83 838469051 838469390    339
   84 838470541 838479616   9075
   85 838495211 838498588   3377
   86 838498636 838504732   6096
   87 838504779 838528459  23680
   88 838528523 838545894  17371
   89 838545957 838557612  11655
   90 838557675 838569048  11373
   91 838571275 838577852   6577
   92 838577916 838583318   5402
   93 838585954 838587379   1425
   94 838587427 838597140   9713
   95 838597203 838607521  10318
   96 838608686 838609460    774
   97 838610516 838610681    165
   98 838611576 838621020   9444
   99 838621083 838629226   8143
  100 838632079 838635384   3305
  101 838636860 838647539  10679
  102 838647675 838660078  12403
  103 838660141 838663010   2869
  104 838663410 838664197    787
  105 838664688 838664711     23
  106 838665052 838675910  10858
  107 838675912 838683782   7870
  108 838684804 838688352   3548
  109 838690548 838693924   3376
  110 838693988 838713228  19240
  111 838715170 838718046   2876
  112 838718092 838725620   7528
  113 838725684 838733724   8040
  114 838733772 838744868  11096
  115 838744915 838752625   7710
  116 838753372 838756483   3111
  117 838758454 838793596  35142
  118 838793642 838813011  19369
  119 838813067 838822385   9318
  120 838825370 838831609   6239
  121 838832909 838838267   5358
  122 838838395 838843777   5382
  123 838845349 838856226  10877
  124 838856228 838874891  18663
  125 838874947 838891343  16396
  126 838891405 838909787  18382
  127 838909923 838910830    907
  128 838910832 838911805    973
  129 838912976 838921387   8411
  130 838921443 838923948   2505
  131 838926508 838979387  52879
  132 838979443 838992187  12744
  133 838992235 839015075  22840
  134 839015203 839017962   2759
  135 839017964 839017973      9
  136 839017975 839020507   2532
  137 839021920 839022588    668
  138 839023086 839024687   1601
  139 839026082 839026779    697
  140 839027371 839031860   4489
  141 839031924 839033716   1792
  142 839034249 839059924  25675
  143 839059971 839065011   5040
  144 839065411 839073605   8194
  145 839074343 839078508   4165
  146 839078635 839084379   5744
  147 839100641 839101187    546
  148 839101243 839102755   1512
  149 839102761 839102910    149
  150 839102912 839102925     13
  151 839102927 839103027    100
  152 839103029 839103119     90
  153 839103966 839121351  17385
  154 839121751 839122908   1157
  155 839122955 839124700   1745
  156 839125204 839127352   2148
  157 839129014 839129133    119
  158 839129152 839147611  18459
  159 839147659 839158483  10824
  160 839158531 839164371   5840
  161 839164427 839175443  11016
  162 839175491 839184452   8961
  163 839185083 839185489    406
  164 839187406 839192815   5409
  165 839194690 839198889   4199
  166 839198891 839201389   2498
  167 839202996 839210051   7055
  168 839210099 839221988  11889
  169 839222043 839229067   7024
  170 839229069 839229072      3
  171 839229392 839229837    445
  172 839230237 839233236   2999
  173 839233284 839246372  13088
  174 839246427 839247710   1283
  175 839248719 839254392   5673
  176 839254898 839256278   1380
  177 839256688 839258164   1476
  178 839260427 839262940   2513
  179 839263004 839264684   1680
  180 839265169 839266726   1557
  181 839267936 839276252   8316
  182 839276371 839283468   7097
  183 839283588 839284931   1343
  184 839286074 839290676   4602
  185 839290724 839296833   6109
  186 839299054 839299237    183
  187 839299239 839299252     13
  188 839301719 839302011    292
  189 839302013 839302188    175
  190 839302921 839303124    203
  191 839303125 839303591    466
  192 839303593 839303659     66
  193 839303660 839304180    520
  194 839305221 839305428    207
  195 839305430 839305482     52
  196 839305971 839311121   5150
  197 839311123 839311124      1
  198 839311127 839311128      1
  199 839311131 839311147     16
  200 839311149 839311184     35
  201 839311186 839328653  17467
  202 839328717 839337554   8837
  203 839338799 839342211   3412
  204 839344887 839347343   2456
  205 839349098 839352183   3085
  206 839352239 839361122   8883
  207 839361620 839361778    158
  208 839361864 839361983    119
  209 839363934 839371026   7092
  210 839371705 839380984   9279
  211 839381039 839384534   3495
  212 839385119 839401126  16007
  213 839401174 839415382  14208
  214 839415510 839432374  16864
  215 839432438 839441438   9000
  216 839441494 839447253   5759
  217 839447317 839466904  19587
  218 839466967 839483886  16919
  219 839484021 839504502  20481
  220 839504566 839518422  13856
  221 839518486 839531012  12526
  222 839531068 839531881    813
  223 839532587 839546700  14113
  224 839546747 839562460  15713
  225 839562588 839564676   2088
  226 839567486 839575180   7694
  227 839575228 839589318  14090
  228 839589454 839596767   7313
  229 839596771 839604919   8148
  230 839605526 839606214    688
  231 839606712 839611864   5152
  232 839611927 839617838   5911
  233 839617886 839618622    736
  234 839619435 839626114   6679
  235 839627154 839627164     10
  236 839627180 839629209   2029
  237 839630413 839630664    251
  238 839631396 839644805  13409
  239 839645336 839654669   9333
  240 839654733 839660414   5681
  241 839660541 839670238   9697
  242 839670302 839680053   9751
  243 839684847 839690773   5926
  244 839708612 839708839    227
  245 839708903 839718291   9388
  246 839719818 839721587   1769
  247 839722878 839735597  12719
  248 839735645 839743116   7471
  249 839743252 839753957  10705
  250 839754005 839766277  12272
  251 839766333 839784766  18433
  252 839784813 839792386   7573
  253 839793830 839794456    626
  254 839794948 839800936   5988
  255 839802102 839807832   5730
  256 839808856 839817563   8707
  257 839817627 839824987   7360
  258 839825043 839828543   3500
  259 839829221 839829297     76
  260 839830366 839848430  18064
  261 839849822 839859170   9348
  262 839859298 839863490   4192
  263 839864544 839869598   5054
  264 839874447 839882147   7700
  265 839882195 839885297   3102
  266 839885934 839891874   5940
  267 839891938 839893198   1260
  268 839893816 839904643  10827
  269 839904699 839908115   3416
  270 839909905 839912371   2466
  271 839913597 839916426   2829
  272 839916554 839949042  32488
  273 839949098 839953832   4734
  274 839956701 839956876    175
  275 839957273 839959371   2098
  276 839959544 839959593     49
  277 839959662 839960007    345
  278 839960046 839960217    171
  279 839960258 839960263      5
  280 839960276 839960415    139
  281 839960486 839963039   2553
  282 839964836 839964963    127
  283 839965703 839969700   3997
  284 839969756 839971585   1829
  285 839972277 839977270   4993
  286 839978764 839988500   9736
  287 839988555 840010212  21657
  288 840010267 840019588   9321
  289 840019644 840025396   5752
  290 840025444 840039305  13861
  291 840041157 840047203   6046
  292 840047255 840047560    305
  293 840047584 840047679     95
  294 840047724 840047807     83
  295 840047931 840047954     23
  296 840049816 840074476  24660
  297 840074524 840078646   4122
  298 840080385 840081666   1281
  299 840082942 840083558    616
  300 840086139 840094387   8248
  301 840094435 840144747  50312
  302 840144748 840159788  15040
  303 840159835 840176689  16854
  304 840177622 840183515   5893
  305 840183571 840194135  10564
  306 840194901 840196447   1546
  307 840197206 840197516    310
  308 840198112 840198398    286
  309 840198446 840200712   2266
  310 840201288 840206226   4938
  311 840206764 840214582   7818
  312 840214629 840222265   7636
  313 840223399 840224981   1582
  314 840225599 840230192   4593
  315 840230194 840230195      1
  316 840230804 840231587    783
  317 840232210 840238308   6098
  318 840239651 840243618   3967
  319 840245205 840255102   9897
  320 840255166 840269981  14815
  321 840270037 840270114     77
  322 840270115 840288493  18378
  323 840288541 840292474   3933
  324 840292476 840292494     18
  325 840313365 840314277    912
  326 840314324 840317195   2871
  327 840318177 840318925    748
  328 840319455 840320356    901
  329 840320358 840326971   6613
  330 840327500 840327683    183
  331 840328205 840331741   3536
  332 840331788 840332250    462
  333 840332650 840336155   3505
  334 840336655 840336900    245
  335 840337503 840339142   1639
  336 840339746 840342014   2268
  337 840342487 840344054   1567
  338 840344662 840346881   2219
  339 840347399 840348000    601
  340 840348452 840348979    527
  341 840349379 840354025   4646
  342 840354425 840362966   8541
  343 840363567 840366487   2920
  344 840367058 840367900    842
  345 840367956 840370371   2415
  346 840370968 840372827   1859
  347 840373426 840375372   1946
  348 840375420 840384308   8888
  349 840384357 840394317   9960
  350 840394379 840403564   9185
  351 840403566 840403568      2
  352 840405701 840406179    478
  353 840406182 840414724   8542
  354 840414780 840416344   1564
  355 840416876 840417536    660
  356 840417947 840418497    550
  357 840418897 840455637  36740
  358 840455683 840486735  31052
  359 840486737 840487308    571
  360 840487356 840488385   1029
  361 840489766 840491614   1848
  362 840493347 840500873   7526
  363 840505845 840514219   8374
  364 840514809 840516173   1364
  365 840516783 840519348   2565
  366 840519404 840525764   6360
  367 840525900 840542982  17082
  368 840543587 840544372    785
  369 840545153 840558964  13811
  370 840559020 840566844   7824
  371 840566907 840576267   9360
  372 840585328 840585717    389
  373 840585720 840596323  10603
  374 840596371 840608637  12266
  375 840608772 840620286  11514
  376 840620348 840645308  24960
  377 840645372 840648432   3060
  378 840648937 840649130    193
  379 840649862 840659708   9846
  380 840659756 840669757  10001
  381 840669804 840670905   1101
  382 840672500 840680788   8288
  383 840680916 840700140  19224
  384 840700188 840709020   8832
  385 840709068 840734628  25560
  386 840735792 840736204    412
  387 840736260 840736563    303
  388 840736567 840736801    234
  389 840738336 840740368   2032
  390 840741319 840749416   8097
  391 840750255 840750678    423
  392 840750732 840752591   1859
  393 840753221 840756132   2911
  394 840756180 840781924  25744
  395 840781980 840794292  12312
  396 840794357 840804028   9671
  397 840804163 840812668   8505
  398 840812717 840836135  23418
  399 840837224 840838860   1636
  400 840838916 840853397  14481
  401 840853444 840857557   4113
  402 840859259 840859510    251
  403 840860105 840868508   8403
  404 840868571 840871990   3419
  405 840872558 840872693    135
  406 840873156 840873289    133
  407 840874229 840874240     11
  408 840874785 840882404   7619
  409 840884517 840889363   4846
  410 840889411 840889764    353
  411 840890325 840890562    237
  412 840891141 840891819    678
  413 840892399 840894734   2335
  414 840895755 840896251    496
  415 840896806 840897612    806
  416 840924044 840926194   2150
  417 840927947 840928023     76
  418 840928492 840928635    143
  419 840929458 840931121   1663
  420 840932036 840932633    597
  421 840933996 840940570   6574
  422 840941096 840942558   1462
  423 840943055 840944728   1673
  424 840945257 840945911    654
  425 840946960 840956798   9838
  426 840956862 840963606   6744
  427 840964956 840965798    842
  428 840966375 840993813  27438
  429 840994415 840995733   1318
  430 840997253 841000293   3040
  431 841000340 841003012   2672
  432 841003014 841003020      6
  433 841003021 841011053   8032
  434 841011101 841019046   7945
  435 841019509 841020555   1046
  436 841021158 841023804   2646
  437 841023806 841024996   1190
  438 841025501 841026105    604
  439 841026674 841029048   2374
  440 841029611 841035099   5488
  441 841035674 841038173   2499
  442 841038237 841043357   5120
  443 841043858 841046628   2770
  444 841047101 841050454   3353
  445 841050854 841053463   2609
  446 841053922 841063324   9402
  447 841064981 841066672   1691
  448 841067278 841068209    931
  449 841068807 841068808      1
  450 841069328 841069559    231
  451 841069999 841070213    214
  452 841070701 841071447    746
  453 841072026 841072829    803
  454 841073334 841074483   1149
  455 841075057 841075448    391
  456 841075848 841077839   1991
  457 841078244 841080205   1961
  458 841080208 841084254   4046
  459 841084779 841084804     25
  460 841085124 841085552    428
  461 841086781 841088266   1485
  462 841088666 841093045   4379
  463 841093109 841094260   1151
  464 841098776 841119798  21022
  465 841119860 841128285   8425
  466 841128333 841141920  13587
  467 841142907 841143510    603
  468 841145524 841147452   1928
  469 841149045 841150518   1473
  470 841150564 841153596   3032
  471 841154101 841159618   5517
  472 841165086 841167459   2373
  473 841167513 841171566   4053
  474 841177187 841178587   1400
  475 841179500 841183625   4125
  476 841183681 841195036  11355
  477 841195082 841213569  18487
  478 841213570 841224445  10875
  479 841224507 841236351  11844
  480 841237644 841242278   4634
  481 841243378 841244081    703
  482 841244137 841245134    997
  483 841246669 841251065   4396
  484 841251121 841261959  10838
  485 841263549 841281708  18159
  486 841281763 841289233   7470
  487 841289290 841305663  16373
  488 841307797 841329905  22108
  489 841329969 841337572   7603
  490 841337625 841342503   4878
  491 841343768 841343776      8
  492 841343806 841356561  12755
  493 841356689 841376525  19836
  494 841377649 841387433   9784
  495 841387481 841412601  25120
  496 841412650 841422410   9760
  497 841422537 841441650  19113
  498 841441696 841471812  30116
  499 841475252 841486571  11319
  500 841486617 841503823  17206
  501 841520351 841521742   1391
  502 841522349 841523539   1190
  503 841526784 841530589   3805
  504 841531973 841533316   1343
  505 841534030 841538356   4326
  506 841538484 841554138  15654
  507 841557262 841577276  20014
  508 841577324 841585982   8658
  509 841586805 841609164  22359
  510 841609166 841614419   5253
  511 841614580 841625260  10680
  512 841625324 841644891  19567
  513 841644939 841654580   9641
  514 841654643 841685069  30426
  515 841685133 841691446   6313
  516 841692160 841698588   6428
  517 841698644 841705972   7328
  518 841706035 841739276  33241
  519 841739331 841753324  13993
  520 841753372 841767292  13920
  521 841767356 841767452     96
  522 841768433 841768571    138
  523 841769166 841769434    268
  524 841769436 841776908   7472
  525 841777036 841777371    335
  526 841778138 841781560   3422
  527 841782113 841785068   2955
  528 841785116 841792065   6949
  529 841793896 841802380   8484
  530 841802444 841811052   8608
  531 841811108 841811452    344
  532 841812417 841820139   7722
  533 841820187 841827835   7648
  534 841829945 841833012   3067
  535 841833076 841842772   9696
  536 841842836 841849859   7023
  537 841849915 841863885  13970
  538 841864690 841864996    306
  539 841865044 841886853  21809
  540 841886901 841915470  28569
  541 841915473 841922175   6702
  542 841923751 841930041   6290
