    1 866935564 866935607     43
    2 866935759 866935779     20
    3 866935843 866935862     19
    4 866935907 866935930     23
    5 866936117 866936136     19
    6 866936211 866936230     19
    7 866936261 866936280     19
    8 866936393 866936410     17
    9 866936427 866936444     17
   10 866938637 866939580    943
   11 866940066 866941665   1599
   12 866941775 866944518   2743
   13 866944818 866944819      1
   14 866945155 866945462    307
   15 866945572 866945715    143
   16 866946138 866946623    485
   17 866946923 866947077    154
   18 866947187 866947786    599
   19 866948086 866948519    433
   20 866948629 866948669     40
   21 866949265 866949306     41
   22 866949803 866950217    414
   23 866950597 866950654     57
   24 866950963 866951286    323
   25 866951586 866952557    971
   26 866952857 866953252    395
   27 866953552 866953629     77
   28 866954279 866954677    398
   29 866954977 866955449    472
   30 866955761 866956083    322
   31 866956383 866956452     69
   32 866957321 866958158    837
   33 866958975 866961059   2084
   34 866961186 866961540    354
   35 866962014 866965867   3853
   36 866966277 866966531    254
   37 866966666 866986971  20305
   38 866987036 866989890   2854
   39 866990000 866990177    177
   40 866990179 866997967   7788
   41 866998267 866999725   1458
   42 867007116 867007895    779
   43 867008195 867008199      4
   44 867008309 867008449    140
   45 867008749 867008896    147
   46 867009486 867011572   2086
   47 867011620 867014595   2975
   48 867014996 867016257   1261
   49 867022019 867022758    739
   50 867023974 867025052   1078
   51 867025099 867025115     16
   52 867033933 867034271    338
   53 867034571 867034572      1
   54 867034628 867034771    143
   55 867036496 867036651    155
   56 867040121 867056156  16035
   57 867057277 867070044  12767
   58 867070164 867078144   7980
   59 867078254 867081381   3127
   60 867081681 867081734     53
   61 867082034 867082464    430
   62 867084495 867084709    214
   63 867085009 867086012   1003
   64 867086060 867089487   3427
   65 867089787 867091312   1525
   66 867108964 867109607    643
   67 867110116 867110529    413
   68 867110639 867110698     59
   69 867110998 867111012     14
   70 867111067 867111260    193
   71 867111370 867111455     85
   72 867111755 867120021   8266
   73 867120131 867120488    357
   74 867123116 867131068   7952
   75 867131132 867143117  11985
   76 867143227 867144076    849
   77 867144376 867149332   4956
   78 867149397 867170816  21419
   79 867180705 867190874  10169
   80 867192240 867200380   8140
   81 867200436 867206085   5649
   82 867206460 867212083   5623
   83 867212193 867212429    236
   84 867212729 867238300  25571
   85 867238357 867246490   8133
   86 867246790 867258958  12168
   87 867259011 867275334  16323
   88 867275444 867275906    462
   89 867276206 867277029    823
   90 867277544 867278226    682
   91 867279294 867280605   1311
   92 867280905 867281500    595
   93 867281864 867282077    213
   94 867282203 867285381   3178
   95 867285988 867285989      1
   96 867286099 867287215   1116
   97 867287515 867291180   3665
   98 867291236 867292324   1088
   99 867292326 867298714   6388
  100 867300102 867313771  13669
  101 867313907 867319497   5590
  102 867319873 867336797  16924
  103 867336844 867344496   7652
  104 867344624 867350404   5780
  105 867350467 867353117   2650
  106 867357340 867364027   6687
  107 867367505 867378792  11287
  108 867378902 867381597   2695
  109 867381897 867394788  12891
  110 867394837 867403923   9086
  111 867403971 867439152  35181
  112 867439153 867440836   1683
  113 867441038 867441988    950
  114 867442037 867449555   7518
  115 867449665 867449930    265
  116 867451269 867452312   1043
  117 867454188 867454594    406
  118 867454894 867476646  21752
  119 867476710 867494909  18199
  120 867494958 867500961   6003
  121 867501261 867501425    164
  122 867501812 867502037    225
  123 867502337 867502649    312
  124 867502759 867502951    192
  125 867503251 867506254   3003
  126 867506310 867510467   4157
  127 867510577 867511055    478
  128 867552283 867558674   6391
  129 867559521 867571279  11758
  130 867571326 867588886  17560
  131 867588933 867603214  14281
  132 867603263 867614590  11327
  133 867614638 867619682   5044
  134 867619792 867619852     60
  135 867620152 867627047   6895
  136 867627384 867628291    907
  137 867628591 867628741    150
  138 867628851 867629530    679
  139 867629830 867633159   3329
  140 867633222 867646854  13632
  141 867646973 867662590  15617
  142 867662639 867663392    753
  143 867663394 867670285   6891
  144 867670341 867676414   6073
  145 867676469 867684630   8161
  146 867684694 867687405   2711
  147 867687728 867689576   1848
  148 867730518 867734463   3945
  149 867736010 867736435    425
  150 867736591 867736655     64
  151 867737734 867739030   1296
  152 867739078 867763902  24824
  153 867763949 867766534   2585
  154 867767751 867771682   3931
  155 867773079 867773325    246
  156 867773625 867774880   1255
  157 867774990 867775239    249
  158 867775356 867776236    880
  159 867776741 867777320    579
  160 867777366 867777490    124
  161 867777600 867777908    308
  162 867778208 867779566   1358
  163 867779866 867782498   2632
  164 867789370 867789499    129
  165 867789832 867791003   1171
  166 867791113 867791233    120
  167 867791533 867795340   3807
  168 867797133 867797223     90
  169 867797333 867797513    180
  170 867797813 867806726   8913
  171 867806782 867815999   9217
  172 867816109 867816248    139
  173 867816548 867820229   3681
  174 867820293 867833823  13530
  175 867833870 867836836   2966
  176 867866913 867867982   1069
  177 867868039 867879382  11343
  178 867879429 867887894   8465
  179 867888021 867895383   7362
  180 867895439 867901159   5720
  181 867901222 867907286   6064
  182 867907342 867915870   8528
  183 867915918 867925430   9512
  184 867925494 867941069  15575
  185 867941198 867949390   8192
  186 867949453 867956609   7156
  187 867958882 867968542   9660
  188 867968605 867985046  16441
  189 867985103 867994574   9471
  190 867994639 868008062  13423
  191 868008119 868028135  20016
  192 868028252 868032934   4682
  193 868032999 868045660  12661
  194 868046227 868054503   8276
  195 868056148 868057490   1342
  196 868057980 868059611   1631
  197 868059917 868060561    644
  198 868060891 868088958  28067
  199 868089005 868114684  25679
  200 868140793 868142817   2024
  201 868143177 868144278   1101
  202 868144582 868144588      6
  203 868144898 868156709  11811
  204 868156765 868162679   5914
  205 868162809 868165037   2228
  206 868165093 868200109  35016
  207 868200245 868213011  12766
  208 868213121 868214381   1260
  209 868215016 868216102   1086
  210 868221995 868222269    274
  211 868222569 868223100    531
  212 868223247 868223700    453
  213 868223872 868224105    233
  214 868228889 868232416   3527
  215 868232828 868236156   3328
  216 868236456 868236610    154
  217 868236939 868247399  10460
  218 868248566 868253427   4861
  219 868254980 868255170    190
  220 868255470 868258333   2863
  221 868258381 868262358   3977
  222 868264018 868265572   1554
  223 868265636 868288677  23041
  224 868288813 868300511  11698
  225 868301369 868301406     37
  226 868301516 868302206    690
  227 868302506 868304932   2426
  228 868305372 868309909   4537
  229 868309973 868324758  14785
  230 868324820 868338821  14001
  231 868338869 868347173   8304
  232 868347229 868374061  26832
  233 868374109 868388534  14425
  234 868388662 868389191    529
  235 868389328 868391917   2589
  236 868392268 868399180   6912
  237 868402958 868408397   5439
  238 868408445 868431301  22856
  239 868431365 868454357  22992
  240 868454404 868467370  12966
  241 868467372 868472060   4688
  242 868472572 868474900   2328
  243 868474948 868489677  14729
  244 868489813 868504932  15119
  245 868504996 868518517  13521
  246 868518580 868527361   8781
  247 868529397 868529765    368
  248 868529829 868540207  10378
  249 868546705 868584010  37305
  250 868585396 868589525   4129
  251 868589581 868598196   8615
  252 868598244 868602632   4388
  253 868603123 868603233    110
  254 868603343 868603383     40
  255 868603683 868603691      8
  256 868604205 868608240   4035
  257 868608540 868612381   3841
  258 868612795 868612827     32
  259 868612937 868613056    119
  260 868613356 868623396  10040
  261 868623444 868631033   7589
  262 868634936 868635813    877
  263 868635877 868638463   2586
  264 868639138 868645533   6395
  265 868645597 868651560   5963
  266 868653548 868653578     30
  267 868653949 868654759    810
  268 868654939 868655500    561
  269 868656031 868660873   4842
  270 868661097 868661469    372
  271 868661817 868662464    647
  272 868664226 868667901   3675
  273 868667949 868674102   6153
  274 868674157 868681718   7561
  275 868681764 868701136  19372
  276 868701749 868719526  17777
  277 868735878 868744700   8822
  278 868746343 868748345   2002
  279 868748557 868752977   4420
  280 868754245 868756165   1920
  281 868756293 868763597   7304
  282 868763645 868770567   6922
  283 868770569 868770756    187
  284 868770804 868776300   5496
  285 868776356 868790389  14033
  286 868790391 868793912   3521
  287 868842015 868842821    806
  288 868842869 868849853   6984
  289 868849989 868851330   1341
  290 868851682 868855485   3803
  291 868855541 868864950   9409
  292 868866193 868889484  23291
  293 868889532 868896977   7445
  294 868897091 868903670   6579
  295 868903798 868908979   5181
  296 868909485 868916426   6941
  297 868916827 868919078   2251
  298 868921268 868928733   7465
  299 868946045 868958785  12740
  300 868958787 868960525   1738
  301 868960572 868969333   8761
  302 868969381 868987990  18609
  303 868988100 868989324   1224
  304 868989624 868990493    869
  305 868990548 868998669   8121
  306 868998733 869005207   6474
  307 869005435 869006481   1046
  308 869006797 869006859     62
  309 869007193 869007207     14
  310 869007537 869015796   8259
  311 869015852 869020038   4186
  312 869020338 869020490    152
  313 869020794 869026629   5835
  314 869026677 869042933  16256
  315 869042980 869051352   8372
  316 869053115 869059948   6833
  317 869061943 869067735   5792
  318 869069964 869081077  11113
  319 869081132 869088317   7185
  320 869088365 869097980   9615
  321 869098028 869107685   9657
  322 869107732 869113205   5473
  323 869113253 869146429  33176
  324 869146565 869151449   4884
  325 869151451 869155988   4537
  326 869156044 869156211    167
  327 869156213 869164320   8107
  328 869164620 869165452    832
  329 869165580 869171261   5681
  330 869171262 869177770   6508
  331 869178124 869189660  11536
  332 869189708 869206989  17281
  333 869207037 869213845   6808
  334 869213909 869233730  19821
  335 869235596 869237181   1585
  336 869237229 869244493   7264
  337 869244541 869255656  11115
  338 869256044 869257693   1649
  339 869257756 869266877   9121
  340 869266941 869282558  15617
  341 869283089 869283368    279
  342 869283668 869283898    230
  343 869284246 869286165   1919
  344 869286220 869323312  37092
  345 869323472 869324428    956
