    1 853746786 853747167    381
    2 853748160 853758767  10607
    3 853758877 853759004    127
    4 853759304 853769155   9851
    5 853769203 853772503   3300
    6 853832365 853838405   6040
    7 853843278 853860027  16749
    8 853860075 853864350   4275
    9 853947863 853949277   1414
   10 853949577 853949940    363
   11 853950418 853955039   4621
   12 853955305 853955382     77
   13 853955682 853956309    627
   14 853956372 853957606   1234
   15 853957696 853962236   4540
   16 854013754 854015445   1691
   17 854015508 854034388  18880
   18 854034524 854041760   7236
   19 854041870 854043389   1519
   20 854046197 854050638   4441
   21 854082332 854086616   4284
   22 854086916 854086917      1
   23 854087065 854087085     20
   24 854088142 854088408    266
   25 854088708 854114576  25868
   26 854114578 854117317   2739
   27 854117437 854123055   5618
   28 854124617 854128889   4272
   29 854129041 854134789   5748
   30 854134844 854161037  26193
   31 854161092 854171854  10762
   32 854174791 854187708  12917
   33 854187836 854198216  10380
   34 854199516 854208103   8587
   35 854238914 854249089  10175
   36 854251031 854253125   2094
   37 854253172 854259765   6593
   38 854259821 854276877  17056
   39 854276924 854287013  10089
   40 854287015 854288354   1339
   41 854289452 854292135   2683
   42 854295168 854295339    171
   43 854296381 854296520    139
   44 854296630 854297198    568
   45 854297498 854297652    154
   46 854297762 854299699   1937
   47 854299999 854300524    525
   48 854300588 854305908   5320
   49 854306208 854311583   5375
   50 854316899 854319712   2813
   51 854321804 854324746   2942
   52 854327038 854338877  11839
   53 854338924 854355061  16137
   54 854355125 854362508   7383
   55 854362556 854381773  19217
   56 854381821 854408489  26668
   57 854410250 854412381   2131
   58 854412429 854427413  14984
   59 854427844 854456301  28457
   60 854456348 854476628  20280
   61 854477049 854477836    787
   62 854477884 854478496    612
   63 854479713 854481953   2240
   64 854483245 854483266     21
   65 854483566 854492309   8743
   66 854492373 854504456  12083
   67 854505238 854506294   1056
   68 854506340 854552037  45697
   69 854552085 854579789  27704
   70 854579836 854584199   4363
   71 854584559 854585450    891
   72 854586144 854586682    538
   73 854586697 854588725   2028
   74 854588773 854616685  27912
   75 854616813 854617843   1030
   76 854620245 854645197  24952
   77 854645253 854650941   5688
   78 854650989 854658301   7312
   79 854667568 854668893   1325
   80 854668940 854673134   4194
   81 854673237 854675989   2752
   82 854676037 854682685   6648
   83 854682741 854690364   7623
   84 854690420 854699013   8593
   85 854699068 854705122   6054
   86 854706514 854706545     31
   87 854706904 854713221   6317
   88 854713348 854719308   5960
   89 854719372 854729205   9833
   90 854729268 854736493   7225
   91 854736549 854744114   7565
   92 854744252 854751265   7013
   93 854752650 854758496   5846
   94 854758695 854760917   2222
   95 854760965 854770229   9264
   96 854770339 854770397     58
   97 854770697 854770877    180
   98 854770925 854778661   7736
   99 854778780 854794321  15541
  100 854794633 854797333   2700
  101 854797397 854812841  15444
  102 854829912 854830112    200
  103 854830972 854848552  17580
  104 854848600 854862160  13560
  105 854862224 854910438  48214
  106 854911431 854913344   1913
  107 854913480 854916747   3267
  108 854918106 854919390   1284
  109 854920870 854921051    181
  110 854921330 854923972   2642
  111 854925394 854926065    671
  112 854926544 854932880   6336
  113 854932935 854946809  13874
  114 854946864 854957769  10905
  115 854957815 854968569  10754
  116 854968632 854987529  18897
  117 854987591 854993983   6392
  118 854994158 855004688  10530
  119 855005060 855005120     60
  120 855005176 855005668    492
  121 855005894 855011342   5448
  122 855011782 855013239   1457
  123 855013288 855020728   7440
  124 855020775 855030720   9945
  125 855031025 855045239  14214
  126 855045288 855068616  23328
  127 855068673 855086667  17994
  128 855088611 855091849   3238
  129 855091896 855101199   9303
  130 855101248 855115456  14208
  131 855115512 855117024   1512
  132 855117060 855120322   3262
  133 855123989 855129200   5211
  134 855129248 855136520   7272
  135 855136522 855137129    607
  136 855137191 855151536  14345
  137 855151592 855157744   6152
  138 855157792 855158365    573
  139 855158667 855159097    430
  140 855159397 855167224   7827
  141 855167279 855182264  14985
  142 855182320 855199284  16964
  143 855199584 855207729   8145
  144 855207792 855220541  12749
  145 855220651 855221543    892
  146 855221843 855232032  10189
  147 855232152 855243104  10952
  148 855244972 855258213  13241
  149 855258513 855268027   9514
  150 855268529 855276968   8439
  151 855277016 855294905  17889
  152 855294907 855309272  14365
  153 855309335 855312173   2838
  154 855314161 855321104   6943
  155 855321239 855336712  15473
  156 855336768 855352843  16075
  157 855360816 855362089   1273
  158 855362135 855379496  17361
  159 855379615 855392129  12514
  160 855392176 855405400  13224
  161 855405455 855414120   8665
  162 855414249 855414381    132
  163 855415254 855415844    590
  164 855416144 855417625   1481
  165 855459213 855460700   1487
  166 855461011 855461360    349
  167 855461671 855476962  15291
  168 855477072 855477925    853
  169 855478351 855483080   4729
  170 855483136 855486918   3782
  171 855487028 855487353    325
  172 855488033 855488439    406
  173 855488966 855489638    672
  174 855489932 855490106    174
  175 855490406 855491160    754
  176 855491270 855492342   1072
  177 855493188 855498022   4834
  178 855499902 855501668   1766
  179 855501778 855504098   2320
  180 855504398 855506459   2061
  181 855506569 855506670    101
  182 855510875 855514208   3333
  183 855514256 855516576   2320
  184 855516736 855520168   3432
  185 855520215 855520959    744
  186 855521882 855526191   4309
  187 855528831 855533269   4438
  188 855533592 855544104  10512
  189 855544214 855544310     96
  190 855545111 855545128     17
  191 855545428 855546427    999
  192 855547258 855551689   4431
  193 855551735 855558137   6402
  194 855559025 855561760   2735
  195 855561809 855574919  13110
  196 855574968 855592100  17132
  197 855592815 855596944   4129
  198 855597009 855599134   2125
  199 855599626 855604028   4402
  200 855604344 855604371     27
  201 855605553 855606282    729
  202 855607503 855608321    818
  203 855608431 855608900    469
  204 855609477 855609479      2
  205 855609779 855609915    136
  206 855619749 855620229    480
  207 855620339 855620535    196
  208 855620835 855621045    210
  209 855621155 855621431    276
  210 855621731 855625592   3861
  211 855625649 855632432   6783
  212 855632480 855643024  10544
  213 855643152 855674549  31397
  214 855674780 855676252   1472
  215 855676300 855684771   8471
  216 855685883 855689051   3168
  217 855693274 855706162  12888
  218 855710410 855712839   2429
  219 855714035 855778711  64676
  220 855780880 855782992   2112
  221 855784315 855800333  16018
  222 855800335 855809723   9388
  223 855809833 855810742    909
  224 855811426 855811861    435
  225 855812161 855812290    129
  226 855812633 855824000  11367
  227 855824338 855862436  38098
  228 855863981 855864436    455
  229 855865787 855866238    451
  230 855866693 855866828    135
  231 855866938 855866950     12
  232 855867250 855867698    448
  233 855867944 855868376    432
  234 855868676 855869762   1086
  235 855869872 855870053    181
  236 855872992 855873484    492
  237 855873759 855873787     28
  238 855873897 855874343    446
  239 855874519 855875179    660
  240 855875479 855875875    396
  241 855876020 855877585   1565
  242 855877702 855880386   2684
  243 855881028 855889756   8728
  244 855889803 855901496  11693
  245 855902474 855907587   5113
  246 855907913 855917687   9774
  247 855917689 855943357  25668
  248 855943657 855948987   5330
  249 855949748 855950343    595
  250 855951049 855953095   2046
  251 855954827 855954948    121
  252 856005590 856006450    860
  253 856006560 856006591     31
  254 856006891 856006895      4
  255 856007195 856007420    225
  256 856007477 856008103    626
  257 856008403 856008414     11
  258 856008724 856022430  13706
  259 856052698 856052774     76
  260 856052844 856058191   5347
  261 856059052 856067902   8850
  262 856068012 856068034     22
  263 856069063 856069625    562
  264 856069925 856074193   4268
  265 856074249 856075629   1380
  266 856075929 856104401  28472
  267 856104465 856105824   1359
  268 856105934 856106082    148
  269 856106382 856115639   9257
  270 856115778 856122601   6823
  271 856122656 856127009   4353
  272 856127121 856127630    509
  273 856127930 856128159    229
  274 856128788 856130982   2194
  275 856131122 856131676    554
  276 856132776 856133254    478
  277 856134363 856135482   1119
  278 856136680 856142825   6145
  279 856143125 856143263    138
  280 856143409 856150033   6624
  281 856150345 856167208  16863
  282 856167610 856169952   2342
  283 856170016 856186745  16729
  284 856186809 856197024  10215
  285 856197088 856201755   4667
  286 856202700 856210350   7650
  287 856210725 856210737     12
  288 856211037 856214393   3356
  289 856214513 856217996   3483
  290 856218296 856223833   5537
  291 856224133 856224287    154
  292 856224397 856225568   1171
  293 856225868 856232867   6999
  294 856233217 856244513  11296
  295 856244569 856253377   8808
  296 856253505 856258807   5302
  297 856259143 856261880   2737
  298 856261944 856269652   7708
  299 856269655 856276782   7127
  300 856277082 856286478   9396
  301 856286692 856294330   7638
  302 856294855 856295091    236
  303 856295201 856295578    377
  304 856296114 856309457  13343
  305 856309663 856317520   7857
  306 856317576 856319360   1784
  307 856319906 856320153    247
  308 856321453 856322004    551
  309 856323080 856323747    667
  310 856323857 856324556    699
  311 856324856 856330887   6031
  312 856331467 856338857   7390
  313 856338921 856369826  30905
  314 856369959 856372264   2305
  315 856372267 856382716  10449
  316 856384562 856395987  11425
  317 856397631 856401667   4036
  318 856401967 856401980     13
  319 856402280 856411004   8724
  320 856411508 856414625   3117
  321 856414925 856418705   3780
  322 856418752 856432993  14241
  323 856433049 856436075   3026
  324 856437403 856438183    780
  325 856438483 856446625   8142
  326 856446673 856451135   4462
  327 856453273 856453631    358
  328 856453931 856457505   3574
  329 856457553 856466328   8775
  330 856466644 856466657     13
  331 856467288 856471152   3864
  332 856472161 856500184  28023
  333 856500320 856500713    393
  334 856501197 856501343    146
  335 856501453 856502176    723
  336 856502963 856503021     58
  337 856503628 856503925    297
  338 856504225 856504535    310
  339 856504645 856505224    579
  340 856505965 856506138    173
  341 856506438 856509021   2583
  342 856509131 856509426    295
  343 856509726 856527421  17695
  344 856530556 856536219   5663
  345 856536540 856539817   3277
  346 856539872 856544276   4404
  347 856545849 856546465    616
  348 856546529 856558880  12351
  349 856558928 856571244  12316
  350 856576042 856583372   7330
  351 856583723 856584656    933
  352 856584720 856590859   6139
  353 856591165 856603849  12684
  354 856603913 856612553   8640
  355 856612609 856613294    685
  356 856613594 856624777  11183
  357 856624824 856627245   2421
