    1 869348551 869350741   2190
    2 869350788 869354326   3538
    3 869354328 869357501   3173
    4 869357565 869367616  10051
    5 869367726 869369141   1415
    6 869370026 869373163   3137
    7 869380036 869388977   8941
    8 869388979 869413539  24560
    9 869439893 869442354   2461
   10 869443557 869443733    176
   11 869443843 869443851      8
   12 869444151 869450301   6150
   13 869450357 869464566  14209
   14 869464676 869464722     46
   15 869465224 869466204    980
   16 869468554 869472332   3778
   17 869472442 869472654    212
   18 869472954 869473214    260
   19 869473480 869473618    138
   20 869473918 869475757   1839
   21 869475821 869494013  18192
   22 869494068 869498762   4694
   23 869498764 869505232   6468
   24 869505569 869505989    420
   25 869506289 869513668   7379
   26 869513862 869516756   2894
   27 869516804 869524013   7209
   28 869526206 869528893   2687
   29 869528941 869535318   6377
   30 869537422 869537765    343
   31 869537829 869540499   2670
   32 869541031 869541290    259
   33 869541400 869541740    340
   34 869542227 869544038   1811
   35 869544113 869547044   2931
   36 869547100 869557740  10640
   37 869557742 869561917   4175
   38 869562053 869572765  10712
   39 869572813 869583420  10607
   40 869583995 869589317   5322
   41 869589380 869590340    960
   42 869590341 869598915   8574
   43 869598917 869599613    696
   44 869599733 869600589    856
   45 869600889 869601217    328
   46 869601526 869603778   2252
   47 869604524 869604866    342
   48 869605303 869607068   1765
   49 869607124 869613600   6476
   50 869615351 869616265    914
   51 869616938 869617081    143
   52 869619199 869622261   3062
   53 869622309 869648699  26390
   54 869649019 869650949   1930
   55 869650997 869661184  10187
   56 869661294 869661899    605
   57 869662199 869667988   5789
   58 869668288 869702509  34221
   59 869702556 869709165   6609
   60 869709212 869720292  11080
   61 869722360 869724285   1925
   62 869724585 869751477  26892
   63 869751533 869766533  15000
   64 869766580 869773254   6674
   65 869773546 869773875    329
   66 869774175 869775234   1059
   67 869775344 869776031    687
   68 869776331 869776453    122
   69 869776820 869777141    321
   70 869777251 869777628    377
   71 869777928 869783404   5476
   72 869783452 869813804  30352
   73 869813940 869821455   7515
   74 869821457 869831464  10007
   75 869832460 869857920  25460
   76 869860284 869862110   1826
   77 869862112 869868438   6326
   78 869868750 869871251   2501
   79 869871562 869877757   6195
   80 869877812 869893741  15929
   81 869893797 869919791  25994
   82 869919792 869922593   2801
   83 869922901 869929065   6164
   84 869946078 869949286   3208
   85 869949904 869950448    544
   86 869951049 869951896    847
   87 869952196 869952779    583
   88 869952845 869954380   1535
   89 869954686 869954896    210
   90 869955227 869958795   3568
   91 869958931 869973938  15007
   92 869973985 869986914  12929
   93 869987214 869992033   4819
   94 869992143 869993055    912
   95 869993355 870007482  14127
   96 870008831 870011549   2718
   97 870011653 870023831  12178
   98 870030460 870030785    325
   99 870031049 870031314    265
  100 870031391 870031409     18
  101 870031488 870031574     86
  102 870031834 870033884   2050
  103 870034186 870035211   1025
  104 870035265 870038404   3139
  105 870040300 870041306   1006
  106 870041362 870046092   4730
  107 870046418 870048666   2248
  108 870048731 870052047   3316
  109 870052201 870058000   5799
  110 870058300 870058416    116
  111 870058716 870059852   1136
  112 870065090 870067498   2408
  113 870067561 870067988    427
  114 870068098 870068155     57
  115 870068455 870071463   3008
  116 870071573 870071623     50
  117 870071923 870082211  10288
  118 870082258 870085716   3458
  119 870085717 870093978   8261
  120 870094025 870103232   9207
  121 870103773 870105274   1501
  122 870105574 870110613   5039
  123 870110716 870122292  11576
  124 870122402 870122678    276
  125 870122978 870123641    663
  126 870123674 870132728   9054
  127 870132980 870153514  20534
  128 870153571 870161371   7800
  129 870161434 870171242   9808
  130 870171298 870177870   6572
  131 870178986 870186131   7145
  132 870186194 870210751  24557
  133 870212017 870214718   2701
  134 870214870 870215583    713
  135 870215883 870240682  24799
  136 870240801 870247371   6570
  137 870247434 870261899  14465
  138 870262009 870262176    167
  139 870262727 870272979  10252
  140 870274256 870274313     57
  141 870275651 870289756  14105
  142 870290247 870292488   2241
  143 870292598 870292802    204
  144 870293102 870293443    341
  145 870293553 870293727    174
  146 870294027 870294233    206
  147 870294343 870295374   1031
  148 870295674 870296233    559
  149 870296343 870296540    197
  150 870296840 870296860     20
  151 870297160 870297337    177
  152 870297447 870297703    256
  153 870298003 870298087     84
  154 870298197 870299298   1101
  155 870299598 870299684     86
  156 870300173 870301933   1760
  157 870302233 870302245     12
  158 870302355 870303286    931
  159 870303586 870303664     78
  160 870304294 870304595    301
  161 870304705 870305624    919
  162 870305924 870310946   5022
  163 870311002 870334826  23824
  164 870334874 870341836   6962
  165 870343000 870358154  15154
  166 870358217 870369947  11730
  167 870369948 870372808   2860
  168 870372810 870391146  18336
  169 870391194 870391743    549
  170 870391745 870394877   3132
  171 870394879 870394919     40
  172 870394922 870403843   8921
  173 870404841 870405794    953
  174 870405842 870419362  13520
  175 870419425 870428194   8769
  176 870428242 870436458   8216
  177 870436506 870443305   6799
  178 870443361 870452880   9519
  179 870453282 870453716    434
  180 870454016 870461498   7482
  181 870461546 870467123   5577
  182 870468356 870468482    126
  183 870468782 870472090   3308
  184 870472137 870481099   8962
  185 870481101 870487451   6350
  186 870487514 870515658  28144
  187 870515706 870521525   5819
  188 870521727 870524978   3251
  189 870525035 870526856   1821
  190 870527207 870530634   3427
  191 870530690 870534015   3325
  192 870549889 870557104   7215
  193 870557188 870558374   1186
  194 870558376 870559987   1611
  195 870560960 870561552    592
  196 870562185 870562614    429
  197 870562914 870568212   5298
  198 870569365 870571229   1864
  199 870571357 870578003   6646
  200 870578569 870579326    757
  201 870579626 870583709   4083
  202 870583758 870609053  25295
  203 870609181 870615238   6057
  204 870615285 870623539   8254
  205 870623808 870625346   1538
  206 870626073 870626572    499
  207 870626628 870628730   2102
  208 870637270 870643573   6303
  209 870643638 870645426   1788
  210 870645844 870646630    786
  211 870646930 870655788   8858
  212 870655837 870657402   1565
  213 870657622 870663341   5719
  214 870663398 870677829  14431
  215 870677885 870696333  18448
  216 870696381 870705213   8832
  217 870705261 870715907  10646
  218 870716257 870716596    339
  219 870716714 870732909  16195
  220 870732958 870741292   8334
  221 870741412 870743002   1590
  222 870745209 870757141  11932
  223 870757198 870758591   1393
  224 870758924 870763666   4742
  225 870764664 870765582    918
  226 870765645 870775468   9823
  227 870775524 870788201  12677
  228 870788501 870800462  11961
  229 870800508 870807109   6601
  230 870807172 870813728   6556
  231 870814066 870814904    838
  232 870816682 870817413    731
  233 870817469 870824712   7243
  234 870825058 870831781   6723
  235 870831844 870872581  40737
  236 870872638 870873064    426
  237 870873267 870891407  18140
  238 870892394 870900509   8115
  239 870900661 870905921   5260
  240 870907314 870907582    268
  241 870907638 870920598  12960
  242 870920644 870928109   7465
  243 870928172 870939062  10890
  244 870939125 870939620    495
  245 870941887 870951148   9261
  246 870951204 870956303   5099
  247 870956413 870957567   1154
  248 870958046 870959441   1395
  249 870959991 870960051     60
  250 870961223 870965789   4566
  251 870965853 870972933   7080
  252 870972981 870980971   7990
  253 870982122 870991627   9505
  254 870992785 870993581    796
  255 870993645 871002884   9239
  256 871002886 871004509   1623
  257 871004558 871016615  12057
  258 871017579 871022182   4603
  259 871022244 871027893   5649
  260 871027949 871032493   4544
  261 871034076 871040508   6432
  262 871040557 871056479  15922
  263 871056541 871057169    628
  264 871057346 871061137   3791
  265 871061709 871070463   8754
  266 871070610 871075814   5204
  267 871076912 871080547   3635
  268 871080549 871080634     85
  269 871080636 871080641      5
  270 871080643 871080656     13
  271 871080658 871080665      7
  272 871080668 871080679     11
  273 871080681 871086445   5764
  274 871086493 871094622   8129
  275 871094678 871105384  10706
  276 871106811 871112678   5867
  277 871112813 871120919   8106
  278 871120965 871139050  18085
  279 871155840 871165895  10055
  280 871166086 871175182   9096
  281 871175238 871175399    161
  282 871189220 871202382  13162
  283 871202438 871211229   8791
  284 871211349 871221262   9913
  285 871221324 871228551   7227
  286 871228692 871236633   7941
  287 871236743 871240524   3781
  288 871241333 871243142   1809
  289 871252337 871252915    578
  290 871253053 871256435   3382
  291 871271344 871272397   1053
  292 871273758 871277048   3290
  293 871278377 871289569  11192
  294 871289967 871290128    161
  295 871290238 871290546    308
  296 871290846 871291490    644
  297 871296803 871300049   3246
  298 871300281 871300442    161
  299 871300496 871300698    202
  300 871300998 871301158    160
  301 871301268 871301496    228
  302 871301796 871302189    393
  303 871302238 871307935   5697
  304 871308080 871312821   4741
  305 871313121 871316198   3077
  306 871316244 871329485  13241
  307 871330886 871332221   1335
  308 871334981 871335023     42
  309 871341250 871351444  10194
  310 871351809 871354176   2367
  311 871354358 871356742   2384
  312 871356799 871362583   5784
  313 871362629 871371164   8535
  314 871371228 871382909  11681
  315 871382973 871389613   6640
  316 871389661 871392572   2911
  317 871393624 871393987    363
  318 871394045 871397309   3264
  319 871397372 871409388  12016
  320 871410297 871414310   4013
  321 871415186 871415537    351
  322 871418971 871422245   3274
  323 871422293 871423465   1172
  324 871427414 871438445  11031
  325 871438501 871441165   2664
  326 871444085 871446678   2593
  327 871446725 871457437  10712
  328 871457492 871467253   9761
  329 871467308 871479965  12657
  330 871480013 871485558   5545
  331 871485612 871499709  14097
  332 871499758 871522221  22463
  333 871522278 871522389    111
  334 871522689 871528949   6260
  335 871529079 871535573   6494
  336 871535621 871590273  54652
  337 871590383 871591138    755
  338 871591438 871595645   4207
  339 871595709 871597070   1361
  340 871598665 871615154  16489
  341 871615156 871619024   3868
  342 871622312 871624701   2389
  343 871624749 871640652  15903
  344 871640772 871652685  11913
  345 871652733 871653485    752
  346 871653785 871653879     94
  347 871654249 871671730  17481
  348 871678668 871679392    724
  349 871680868 871681972   1104
  350 871682156 871685386   3230
  351 871693479 871695111   1632
  352 871697037 871713291  16254
  353 871713292 871716453   3161
  354 871716509 871718880   2371
  355 871719180 871721878   2698
  356 871721941 871735573  13632
  357 871735637 871743923   8286
  358 871759954 871765350   5396
  359 871766991 871773829   6838
  360 871773893 871779638   5745
  361 871779693 871797349  17656
  362 871797404 871803290   5886
  363 871803614 871812333   8719
  364 871812389 871818821   6432
  365 871819050 871819228    178
  366 871819278 871847541  28263
  367 871847668 871847859    191
  368 871847862 871847868      6
  369 871847872 871847885     13
  370 871847886 871851523   3637
  371 871851696 871853580   1884
  372 871858697 871868302   9605
  373 871868349 871881908  13559
  374 871881964 871889213   7249
  375 871889268 871905158  15890
  376 871905212 871918013  12801
  377 871918061 871920697   2636
  378 871923063 871933676  10613
  379 871934076 871936998   2922
  380 871937061 871950509  13448
  381 871950565 871957518   6953
  382 871957565 871963554   5989
  383 871963555 871979365  15810
  384 871979421 871989429  10008
  385 871989493 872007398  17905
  386 872007445 872014866   7421
  387 872017742 872018291    549
  388 872019291 872019968    677
  389 872020025 872020629    604
  390 872020631 872023932   3301
  391 872023998 872030838   6840
  392 872032214 872047421  15207
  393 872047423 872048382    959
  394 872048429 872048810    381
  395 872050429 872069069  18640
  396 872069133 872075605   6472
  397 872075741 872081389   5648
  398 872081438 872092903  11465
  399 872093229 872096813   3584
  400 872096868 872103704   6836
  401 872105259 872128631  23372
  402 872128633 872129881   1248
  403 872130812 872132373   1561
  404 872132421 872142129   9708
  405 872143042 872145062   2020
  406 872145108 872156678  11570
  407 872156732 872167498  10766
  408 872169416 872171048   1632
  409 872171171 872183025  11854
  410 872183325 872201550  18225
  411 872202724 872204382   1658
  412 872204438 872211973   7535
  413 872212092 872223613  11521
  414 872223661 872242574  18913
  415 872244259 872263028  18769
  416 872263160 872273838  10678
  417 872273884 872299574  25690
  418 872299684 872299790    106
  419 872300090 872304610   4520
  420 872304910 872315142  10232
  421 872315465 872323924   8459
  422 872323972 872331378   7406
  423 872331690 872345471  13781
  424 872345774 872345780      6
  425 872345890 872346205    315
  426 872346505 872348461   1956
  427 872365308 872365921    613
  428 872366523 872367284    761
  429 872368558 872369949   1391
  430 872370013 872373244   3231
  431 872375124 872375208     84
  432 872375508 872415263  39755
  433 872415265 872415562    297
  434 872415564 872419754   4190
  435 872419864 872420424    560
  436 872420834 872427853   7019
  437 872427918 872436590   8672
  438 872436592 872442801   6209
  439 872443144 872446492   3348
  440 872446541 872455213   8672
  441 872455278 872458966   3688
  442 872458967 872461197   2230
  443 872461307 872461416    109
  444 872461837 872470773   8936
  445 872470830 872482213  11383
  446 872482268 872498405  16137
  447 872498453 872506772   8319
  448 872506820 872515619   8799
  449 872518631 872530462  11831
  450 872530595 872534367   3772
  451 872540333 872545307   4974
  452 872545453 872564669  19216
  453 872566452 872567484   1032
  454 872567548 872587367  19819
  455 872587370 872591068   3698
  456 872591124 872600029   8905
  457 872600092 872608373   8281
  458 872608422 872616718   8296
  459 872616765 872626233   9468
  460 872627375 872635075   7700
  461 872636474 872639725   3251
  462 872639781 872643562   3781
  463 872644177 872644270     93
  464 872644597 872645098    501
  465 872645559 872645694    135
  466 872649803 872657004   7201
  467 872657052 872668439  11387
  468 872668501 872674101   5600
  469 872674149 872687028  12879
  470 872687157 872704671  17514
  471 872704781 872705740    959
  472 872706040 872706064     24
  473 872706174 872706329    155
  474 872706629 872706678     49
  475 872708189 872708235     46
  476 872708345 872708828    483
  477 872715147 872720187   5040
  478 872720189 872731127  10938
  479 872738775 872780261  41486
  480 872780308 872816662  36354
  481 872817269 872817475    206
  482 872817775 872832748  14973
  483 872832797 872840718   7921
  484 872840781 872849069   8288
  485 872849125 872871611  22486
  486 872873536 872878293   4757
  487 872878358 872885477   7119
  488 872887290 872887296      6
  489 872887909 872894726   6817
  490 872894836 872895077    241
  491 872895568 872895588     20
  492 872895646 872907373  11727
  493 872907438 872914593   7155
  494 872917967 872918013     46
  495 872918123 872920062   1939
  496 872920362 872936598  16236
  497 872936661 872952057  15396
  498 872952066 872952983    917
