    1 820359180 820359381    201
    2 820359678 820364665   4987
    3 820365762 820370993   5231
    4 820373426 820375121   1695
    5 820375122 820380169   5047
    6 820381418 820382002    584
    7 820382080 820399001  16921
    8 820409872 820420565  10693
    9 820420567 820420568      1
   10 820420799 820423010   2211
   11 820423203 820424364   1161
   12 820425095 820426295   1200
   13 820426296 820429979   3683
   14 820431584 820432406    822
   15 820432550 820433729   1179
   16 820435906 820438510   2604
   17 820438614 820443230   4616
   18 820444459 820450959   6500
   19 820451607 820451731    124
   20 820451803 820459780   7977
   21 820459881 820473245  13364
   22 820473411 820479562   6151
   23 820480322 820480379     57
   24 820480383 820481447   1064
   25 820481564 820507951  26387
   26 820509989 820510646    657
   27 820512639 820522062   9423
   28 820522272 820522531    259
   29 820522613 820522780    167
   30 820525502 820528733   3231
   31 820537954 820539117   1163
   32 820541648 820544827   3179
   33 820546174 820550176   4002
   34 820550275 820554260   3985
   35 820556256 820557390   1134
   36 820558606 820562867   4261
   37 820563687 820590106  26419
   38 820590108 820608080  17972
   39 820608082 820608084      2
   40 820608158 820608182     24
   41 820608184 820608185      1
   42 820608440 820608619    179
   43 820608620 820608622      2
   44 820609231 820614879   5648
   45 820615215 820626109  10894
   46 820628379 820631601   3222
   47 820631683 820635221   3538
   48 820637054 820641062   4008
   49 820641167 820695652  54485
   50 820696305 820697572   1267
   51 820697574 820700087   2513
   52 820700944 820713046  12102
   53 820713795 820716167   2372
   54 820717712 820720922   3210
   55 820720953 820732008  11055
   56 820733035 820733824    789
   57 820734773 820737172   2399
   58 820737228 820739108   1880
   59 820739118 820741511   2393
   60 820742193 820748965   6772
   61 820750261 820751001    740
   62 820751649 820752456    807
   63 820753458 820756061   2603
   64 820760166 820782781  22615
   65 820782941 820805020  22079
   66 820806311 820828101  21790
   67 820829068 820847395  18327
   68 820848189 820852289   4100
   69 820852657 820854495   1838
   70 820856245 820856849    604
   71 820857155 820858166   1011
   72 820859713 820860774   1061
   73 820861472 820861647    175
   74 820862326 820863811   1485
   75 820865924 820866339    415
   76 820866526 820866802    276
   77 820866804 820866805      1
   78 820866870 820867121    251
   79 820867914 820868640    726
   80 820868794 820873186   4392
   81 820876092 820876304    212
   82 820876352 820876363     11
   83 820876732 820876859    127
   84 820876893 820877269    376
   85 820877425 820879048   1623
   86 820890881 820891310    429
   87 820891561 820893540   1979
   88 820893730 820893795     65
   89 820893936 820894125    189
   90 820895941 820898697   2756
   91 820898894 820902270   3376
   92 820902320 820909843   7523
   93 820910486 820913515   3029
   94 820913670 820921293   7623
   95 820923558 820934053  10495
   96 820934862 820940150   5288
   97 820940415 820940709    294
   98 820940872 820942889   2017
   99 820965635 820966398    763
  100 820966698 820967222    524
  101 820968237 820973646   5409
  102 820976296 820978684   2388
  103 820978734 820981470   2736
  104 820982417 820986385   3968
  105 820986685 820988772   2087
  106 820989072 820989328    256
  107 820989628 820990919   1291
  108 820991219 820993809   2590
  109 820995490 820995766    276
  110 820997694 820997816    122
  111 820998216 820998385    169
  112 821025824 821027278   1454
  113 821027406 821027429     23
  114 821027430 821027431      1
  115 821032285 821034554   2269
  116 821034556 821034558      2
  117 821037156 821037384    228
  118 821037497 821037574     77
  119 821037841 821037904     63
  120 821052036 821052932    896
  121 821053056 821053103     47
  122 821055275 821055763    488
  123 821055864 821055871      7
  124 821056143 821056324    181
  125 821062149 821062808    659
  126 821063136 821063287    151
  127 821064968 821070983   6015
  128 821071093 821072355   1262
  129 821072655 821073261    606
  130 821073561 821074077    516
  131 821074201 821074828    627
  132 821075569 821076009    440
  133 821076975 821077059     84
  134 821077436 821077637    201
  135 821077880 821084037   6157
  136 821084254 821084623    369
  137 821086406 821088618   2212
  138 821089987 821098656   8669
  139 821099980 821100364    384
  140 821101761 821104019   2258
  141 821104129 821104491    362
  142 821104922 821107515   2593
  143 821107625 821108473    848
  144 821108773 821113001   4228
  145 821116917 821118324   1407
  146 821124594 821124772    178
  147 821127688 821127757     69
  148 821127867 821128351    484
  149 821128548 821129035    487
  150 821129436 821130771   1335
  151 821131676 821132550    874
  152 821132850 821133531    681
  153 821134929 821136837   1908
  154 821137722 821138157    435
  155 821138745 821150929  12184
  156 821151351 821168269  16918
  157 821168271 821182369  14098
  158 821213389 821214483   1094
  159 821214511 821216589   2078
  160 821216906 821216974     68
  161 821219445 821221356   1911
  162 821221359 821221360      1
  163 821221574 821222080    506
  164 821224156 821227281   3125
  165 821227449 821227473     24
  166 821227504 821232433   4929
  167 821233092 821239340   6248
  168 821240172 821287162  46990
  169 821288674 821307700  19026
  170 821308381 821326325  17944
  171 821326418 821344161  17743
  172 821345496 821363127  17631
  173 821364960 821388547  23587
  174 821390722 821394306   3584
  175 821394441 821456809  62368
  176 821461916 821467658   5742
  177 821469601 821477431   7830
  178 821479678 821480126    448
  179 821482538 821483369    831
  180 821484249 821484657    408
  181 821486277 821486567    290
  182 821489091 821489383    292
  183 821490217 821496271   6054
  184 821497024 821513247  16223
  185 821513547 821514234    687
  186 821516932 821517556    624
  187 821517647 821520385   2738
  188 821521226 821522814   1588
  189 821524082 821528695   4613
  190 821528919 821536032   7113
  191 821538177 821538625    448
  192 821539236 821543831   4595
  193 821545948 821548679   2731
  194 821563195 821564855   1660
  195 821570867 821582797  11930
  196 821591776 821592004    228
  197 821594707 821597430   2723
  198 821599742 821600244    502
  199 821604602 821612931   8329
  200 821625020 821625189    169
  201 821625984 821628474   2490
  202 821628703 821629336    633
  203 821630884 821635213   4329
  204 821636981 821641512   4531
  205 821642231 821648095   5864
  206 821649297 821649978    681
  207 821650135 821653445   3310
  208 821654121 821654129      8
  209 821654148 821657286   3138
  210 821657287 821659661   2374
  211 821660538 821663968   3430
  212 821665575 821666930   1355
  213 821667073 821681661  14588
  214 821682347 821684623   2276
  215 821685363 821691073   5710
  216 821691562 821718648  27086
  217 821720082 821720786    704
  218 821722673 821723068    395
  219 821723117 821725793   2676
  220 821728718 821729224    506
  221 821729303 821734884   5581
  222 821734947 821738147   3200
  223 821739681 821741500   1819
  224 821741556 821742782   1226
  225 821744967 821746957   1990
  226 821747711 821754826   7115
  227 821754963 821756512   1549
  228 821756768 821760148   3380
  229 821760197 821781369  21172
  230 821784676 821785155    479
  231 821785971 821786653    682
  232 821786792 821787253    461
  233 821789712 821790601    889
  234 821790602 821796475   5873
  235 821798664 821798747     83
  236 821800732 821801963   1231
  237 821804220 821805112    892
  238 821820062 821820740    678
  239 821821581 821822395    814
  240 821824292 821824728    436
  241 821825563 821826609   1046
  242 821827606 821831432   3826
  243 821832198 821832908    710
  244 821832957 821833070    113
  245 821835537 821838975   3438
  246 821839089 821840680   1591
  247 821841971 821846305   4334
  248 821847618 821850661   3043
  249 821850718 821863839  13121
  250 821863884 821872820   8936
  251 821875260 821883302   8042
  252 821883539 821897460  13921
  253 821897524 821904597   7073
  254 821904660 821906409   1749
  255 821906707 821909475   2768
  256 821910889 821911970   1081
  257 821912080 821915105   3025
  258 821916305 821921948   5643
  259 821921996 821933644  11648
  260 821933692 821967492  33800
  261 821967548 821969278   1730
  262 821970104 821990409  20305
  263 821991937 821992728    791
  264 821993087 822003365  10278
  265 822004157 822004892    735
  266 822004940 822011828   6888
  267 822012769 822031547  18778
  268 822031603 822032160    557
  269 822032815 822034626   1811
  270 822035492 822040420   4928
  271 822040483 822047143   6660
  272 822047198 822058852  11654
  273 822058917 822064943   6026
  274 822065156 822066194   1038
  275 822066974 822077734  10760
  276 822079059 822081029   1970
  277 822081996 822084265   2269
  278 822084352 822085206    854
  279 822085976 822088180   2204
  280 822089508 822089739    231
  281 822091576 822092501    925
  282 822093343 822094531   1188
  283 822095392 822098152   2760
  284 822098385 822100302   1917
  285 822100358 822108958   8600
  286 822109014 822117903   8889
  287 822117951 822128759  10808
  288 822128761 822131100   2339
  289 822131148 822152222  21074
  290 822152436 822153290    854
  291 822178414 822179424   1010
  292 822179496 822179643    147
  293 822179943 822182928   2985
  294 822183781 822184997   1216
  295 822185719 822191337   5618
  296 822191397 822194569   3172
  297 822194633 822198254   3621
  298 822202743 822205353   2610
  299 822205653 822205661      8
  300 822205961 822208567   2606
  301 822208867 822209074    207
  302 822209413 822210625   1212
  303 822210681 822217145   6464
  304 822217192 822221262   4070
  305 822227903 822233491   5588
  306 822233791 822233792      1
  307 822233956 822238662   4706
  308 822243518 822243719    201
  309 822244032 822244252    220
  310 822245031 822263182  18151
  311 822263641 822263642      1
  312 822263796 822266757   2961
  313 822268196 822268786    590
  314 822270644 822270988    344
  315 822271416 822279065   7649
  316 822279112 822282617   3505
  317 822283455 822290414   6959
  318 822292223 822294827   2604
  319 822294912 822300352   5440
  320 822300401 822315390  14989
  321 822315951 822316224    273
  322 822316620 822318360   1740
  323 822318478 822320236   1758
  324 822320320 822322207   1887
  325 822322350 822322982    632
  326 822323113 822323669    556
  327 822323770 822323819     49
  328 822325319 822325983    664
  329 822326100 822327014    914
  330 822327160 822327321    161
  331 822327580 822327661     81
  332 822329548 822329708    160
  333 822329823 822329879     56
  334 822339353 822339642    289
  335 822339688 822339899    211
  336 822339943 822340102    159
  337 822347137 822347814    677
  338 822347985 822350928   2943
  339 822351001 822351726    725
  340 822351875 822351966     91
  341 822352040 822352981    941
  342 822354283 822357606   3323
  343 822358351 822359051    700
  344 822359099 822361482   2383
  345 822361555 822366348   4793
  346 822366444 822368621   2177
  347 822368823 822369564    741
  348 822369628 822371361   1733
  349 822371496 822375659   4163
  350 822376169 822379677   3508
  351 822379754 822380113    359
  352 822380196 822380211     15
  353 822380258 822382760   2502
  354 822382820 822382849     29
  355 822383279 822385772   2493
  356 822386072 822386418    346
  357 822386718 822388683   1965
  358 822388731 822393025   4294
  359 822393778 822393856     78
  360 822397076 822401984   4908
  361 822402216 822411715   9499
  362 822411823 822412181    358
  363 822412276 822412342     66
  364 822412534 822413179    645
  365 822413593 822416167   2574
  366 822416230 822416895    665
  367 822424979 822425003     24
  368 822425058 822425079     21
  369 822431340 822433590   2250
  370 822433784 822434602    818
  371 822434812 822435556    744
  372 822437391 822438538   1147
  373 822438603 822443205   4602
  374 822443266 822446750   3484
  375 822446850 822446861     11
  376 822446930 822447064    134
  377 822447144 822447255    111
  378 822447352 822460884  13532
  379 822460917 822463723   2806
  380 822463758 822472109   8351
  381 822472252 822475205   2953
  382 822475354 822476180    826
  383 822476368 822477411   1043
  384 822477711 822477774     63
  385 822478157 822478319    162
  386 822478491 822478768    277
  387 822480318 822481638   1320
  388 822481938 822482390    452
  389 822483124 822483303    179
  390 822486746 822486766     20
  391 822486894 822487182    288
  392 822487304 822487617    313
  393 822487724 822487893    169
  394 822488003 822488348    345
  395 822489188 822489241     53
  396 822489544 822489729    185
  397 822489874 822491970   2096
  398 822492074 822492983    909
  399 822493283 822494011    728
  400 822494164 822494330    166
  401 822494405 822494561    156
  402 822494861 822495523    662
  403 822495631 822495821    190
  404 822495913 822496124    211
  405 822496250 822496453    203
  406 822510610 822511112    502
  407 822511272 822511513    241
  408 822531425 822535309   3884
  409 822536379 822537693   1314
  410 822537879 822539296   1417
  411 822539460 822539979    519
  412 822540137 822540486    349
  413 822540542 822540795    253
  414 822541018 822541916    898
  415 822542026 822542038     12
  416 822542489 822542916    427
  417 822543052 822543323    271
  418 822543370 822544500   1130
  419 822545278 822545280      2
  420 822545382 822546509   1127
  421 822548265 822548654    389
  422 822548714 822548736     22
  423 822548892 822549474    582
  424 822549554 822551255   1701
  425 822551458 822554071   2613
  426 822554371 822555368    997
  427 822555525 822558045   2520
  428 822558115 822558579    464
  429 822558916 822558999     83
  430 822559104 822562683   3579
  431 822562745 822563108    363
  432 822563170 822564236   1066
  433 822564322 822564741    419
  434 822564812 822565547    735
  435 822565764 822567044   1280
  436 822568101 822568714    613
  437 822570012 822571939   1927
  438 822572043 822576293   4250
  439 822577621 822578674   1053
  440 822579257 822579812    555
  441 822580112 822583914   3802
  442 822584214 822597423  13209
  443 822597627 822605148   7521
  444 822605448 822606517   1069
  445 822606672 822610139   3467
  446 822610439 822612050   1611
  447 822613496 822614610   1114
  448 822614865 822617563   2698
  449 822617618 822619312   1694
  450 822619390 822621379   1989
  451 822621455 822622294    839
  452 822622373 822625014   2641
  453 822625110 822625403    293
  454 822625466 822625764    298
  455 822625801 822626019    218
  456 822626081 822626298    217
  457 822626363 822626537    174
  458 822626834 822632796   5962
  459 822633384 822634169    785
  460 822634279 822634479    200
  461 822637533 822638013    480
  462 822638089 822638151     62
  463 822638242 822638483    241
  464 822638783 822638953    170
  465 822639253 822639864    611
  466 822639903 822640585    682
  467 822640749 822641690    941
  468 822641757 822651045   9288
  469 822651394 822651468     74
  470 822651562 822654021   2459
  471 822654321 822664729  10408
  472 822665221 822665888    667
  473 822665992 822666011     19
  474 822666044 822666106     62
  475 822666136 822666180     44
  476 822666212 822666307     95
  477 822666417 822666472     55
  478 822666511 822666642    131
  479 822666680 822666710     30
  480 822667010 822667098     88
  481 822667398 822667499    101
  482 822667535 822667598     63
  483 822667741 822667773     32
  484 822699919 822705651   5732
  485 822705700 822710139   4439
  486 822710338 822714296   3958
  487 822714798 822722060   7262
  488 822722115 822722817    702
  489 822722915 822723117    202
  490 822723284 822723523    239
  491 822723668 822725728   2060
  492 822726028 822731233   5205
  493 822731282 822731290      8
  494 822731340 822732636   1296
  495 822732936 822734966   2030
  496 822735076 822735435    359
  497 822736447 822737655   1208
  498 822740790 822743149   2359
  499 822743204 822745358   2154
  500 822745395 822755770  10375
  501 822755801 822756237    436
  502 822756333 822757845   1512
  503 822757887 822758230    343
  504 822773444 822773504     60
  505 822773524 822776291   2767
  506 822776440 822777313    873
  507 822777490 822777729    239
  508 822779149 822779260    111
  509 822779315 822781462   2147
  510 822782446 822788932   6486
  511 822788980 822793436   4456
  512 822793497 822799784   6287
  513 822799838 822800054    216
  514 822800154 822800719    565
  515 822800786 822800841     55
  516 822800948 822801925    977
  517 822801974 822804445   2471
  518 822804489 822804877    388
  519 822805177 822805776    599
  520 822805818 822806114    296
  521 822806183 822806187      4
  522 822806257 822806414    157
  523 822806966 822807090    124
  524 822815950 822816070    120
  525 822822257 822822342     85
  526 822822393 822822634    241
  527 822822677 822822700     23
  528 822822796 822822867     71
  529 822822994 822823001      7
  530 822823138 822823345    207
  531 822823664 822824127    463
  532 822824192 822825555   1363
  533 822825603 822825657     54
  534 822825696 822826224    528
  535 822826264 822826398    134
  536 822826434 822826737    303
  537 822826815 822826932    117
  538 822827105 822827193     88
  539 822827282 822827341     59
  540 822848880 822848953     73
  541 822849186 822849476    290
  542 822849691 822850197    506
  543 822850324 822850391     67
  544 822859664 822860564    900
  545 822862046 822862183    137
  546 822865896 822866497    601
  547 822867086 822867660    574
  548 822867707 822869918   2211
  549 822871937 822872217    280
  550 822872353 822873303    950
  551 822877048 822883628   6580
  552 822883667 822887565   3898
  553 822887633 822889886   2253
  554 822893845 822898131   4286
  555 822898273 822898396    123
  556 822898459 822912143  13684
  557 822912236 822913090    854
  558 822913244 822914348   1104
  559 822914412 822914617    205
  560 822914763 822914972    209
  561 822917469 822920394   2925
  562 822922220 822928152   5932
  563 822928321 822931044   2723
  564 822931091 822931343    252
  565 822931528 822932419    891
  566 822932524 822936355   3831
  567 822936979 822936997     18
  568 822936998 822939621   2623
  569 822939677 822942880   3203
  570 822942926 822944084   1158
  571 822944384 822946933   2549
  572 822947407 822948316    909
  573 822948380 822949850   1470
  574 822949897 822949945     48
  575 822950031 822950964    933
  576 822951002 822951024     22
  577 822951076 822951087     11
  578 822951204 822951220     16
  579 822953424 822954027    603
  580 822954227 822956548   2321
  581 822956611 822956879    268
  582 822956963 822957317    354
  583 822957395 822962223   4828
  584 822962332 822963708   1376
  585 822963835 822966497   2662
  586 822968760 822970948   2188
  587 822971802 822973347   1545
  588 822973647 822974928   1281
  589 822975063 822977383   2320
  590 822977557 822979316   1759
  591 822979364 822985433   6069
  592 822985854 822993529   7675
  593 822993606 822994605    999
  594 822994910 823012283  17373
  595 823012285 823012332     47
  596 823014112 823017614   3502
  597 823018000 823018328    328
  598 823020636 823021814   1178
  599 823021942 823022083    141
  600 823022220 823022921    701
  601 823023021 823023270    249
  602 823023624 823029611   5987
  603 823030532 823032147   1615
  604 823034368 823040292   5924
  605 823040372 823042031   1659
  606 823042068 823044051   1983
  607 823044115 823048717   4602
  608 823048874 823066324  17450
  609 823066372 823078023  11651
  610 823078387 823079723   1336
  611 823079841 823080381    540
  612 823162635 823162664     29
  613 823167164 823177929  10765
  614 823178003 823187527   9524
  615 823187827 823187828      1
  616 823187984 823188133    149
  617 823190504 823191047    543
  618 823192729 823193342    613
  619 823195679 823201104   5425
  620 823201168 823205222   4054
  621 823205697 823209520   3823
  622 823209584 823210116    532
  623 823210164 823217956   7792
  624 823218020 823223136   5116
  625 823225641 823235410   9769
  626 823235467 823240827   5360
  627 823243120 823243901    781
  628 823248158 823255476   7318
  629 823255524 823261712   6188
  630 823261776 823273960  12184
  631 823274402 823277662   3260
  632 823279064 823280223   1159
  633 823281109 823282943   1834
  634 823328161 823336842   8681
  635 823339195 823350708  11513
  636 823350755 823351071    316
  637 823351371 823355485   4114
  638 823356287 823357262    975
  639 823357804 823361284   3480
