    1 832454156 832454213     57
    2 832457521 832458508    987
    3 832459362 832461975   2613
    4 832463201 832465115   1914
    5 832466589 832472641   6052
    6 832473303 832479465   6162
    7 832481394 832487911   6517
    8 832488030 832493898   5868
    9 832494520 832504080   9560
   10 832510782 832520417   9635
   11 832525136 832530176   5040
   12 832530496 832530808    312
   13 832535727 832537286   1559
   14 832537686 832542171   4485
   15 832543352 832553329   9977
   16 832554169 832554851    682
   17 832554904 832555459    555
   18 832559438 832561942   2504
   19 832561990 832571329   9339
   20 832571381 832588551  17170
   21 832588598 832595398   6800
   22 832595454 832601510   6056
   23 832601557 832601898    341
   24 832604214 832604828    614
   25 832605738 832608088   2350
   26 832608134 832613840   5706
   27 832615740 832619078   3338
   28 832619825 832620993   1168
   29 832622441 832625466   3025
   30 832626896 832627523    627
   31 832629121 832630396   1275
   32 832631325 832635647   4322
   33 832635772 832638092   2320
   34 832638217 832640506   2289
   35 832642850 832643505    655
   36 832644551 832650239   5688
   37 832651592 832652741   1149
   38 832653154 832653419    265
   39 832653905 832654878    973
   40 832654927 832658050   3123
   41 832658796 832661671   2875
   42 832661727 832667464   5737
   43 832667561 832682413  14852
   44 832682865 832682901     36
   45 832684443 832685953   1510
   46 832686353 832688354   2001
   47 832689169 832690143    974
   48 832690878 832698892   8014
   49 832701217 832702360   1143
   50 832703030 832706537   3507
   51 832707216 832713611   6395
   52 832715036 832716661   1625
   53 832717520 832718491    971
   54 832719982 832720109    127
   55 832720539 832725238   4699
   56 832725638 832732827   7189
   57 832732829 832737718   4889
   58 832737774 832748254  10480
   59 832748389 832755518   7129
   60 832755654 832764718   9064
   61 832764782 832772754   7972
   62 832774035 832786695  12660
   63 832786741 832801933  15192
   64 832803849 832804490    641
   65 832804890 832804960     70
   66 832805472 832806651   1179
   67 832807186 832807588    402
   68 832807908 832808298    390
   69 832808698 832812537   3839
   70 832813184 832813600    416
   71 832814247 832817102   2855
   72 832817150 832821912   4762
   73 832824372 832824873    501
   74 832825273 832837241  11968
   75 832837561 832837805    244
   76 832838205 832849078  10873
   77 832849142 832853010   3868
   78 832855777 832858401   2624
   79 832859352 832860478   1126
   80 832861690 832865473   3783
   81 832866437 832882587  16150
   82 832883900 832885702   1802
   83 832885767 832901393  15626
   84 832901448 832923567  22119
   85 832923887 832923935     48
   86 832924335 832925876   1541
   87 832926459 832927598   1139
   88 832927646 832939982  12336
   89 832943096 832948438   5342
   90 832948494 832950545   2051
   91 832950945 832950990     45
   92 832951393 832953045   1652
   93 832953703 832954132    429
   94 832956078 832961494   5416
   95 832961542 832968934   7392
   96 832968998 832980334  11336
   97 832980398 832988171   7773
   98 832988223 832992599   4376
   99 832992601 833002638  10037
  100 833002687 833007591   4904
  101 833007911 833009580   1669
  102 833011437 833016144   4707
  103 833017570 833020501   2931
  104 833021306 833026154   4848
  105 833027870 833035381   7511
  106 833036093 833036550    457
  107 833060467 833061164    697
  108 833062624 833062820    196
  109 833062876 833068925   6049
  110 833069493 833086083  16590
  111 833086210 833089470   3260
  112 833089965 833091085   1120
  113 833091485 833099099   7614
  114 833099147 833108931   9784
  115 833108986 833122107  13121
  116 833122534 833125643   3109
  117 833125691 833137574  11883
  118 833138983 833140424   1441
  119 833141296 833144668   3372
  120 833145484 833146879   1395
  121 833147789 833148467    678
  122 833149017 833149023      6
  123 833149032 833149041      9
  124 833149044 833174491  25447
  125 833174556 833193356  18800
  126 833193410 833201716   8306
  127 833201842 833210631   8789
  128 833211413 833220603   9190
  129 833220659 833227299   6640
  130 833229330 833233700   4370
  131 833234537 833234824    287
  132 833235744 833242947   7203
  133 833242996 833257563  14567
  134 833257610 833269381  11771
  135 833272621 833289947  17326
  136 833289995 833292244   2249
  137 833293073 833304650  11577
  138 833305062 833317921  12859
  139 833318357 833318692    335
  140 833319128 833319758    630
  141 833320829 833323878   3049
  142 833324364 833336460  12096
  143 833336507 833364011  27504
  144 833364076 833369481   5405
  145 833370860 833386744  15884
  146 833387665 833389809   2144
  147 833391258 833393424   2166
  148 833394611 833396773   2162
  149 833397446 833398074    628
  150 833398598 833403356   4758
  151 833403402 833412400   8998
  152 833412800 833413747    947
  153 833413796 833414767    971
  154 833415832 833417779   1947
  155 833418365 833425060   6695
  156 833427109 833429396   2287
  157 833429442 833430809   1367
  158 833431238 833433235   1997
  159 833433651 833437059   3408
  160 833437186 833446708   9522
  161 833448607 833450744   2137
  162 833452115 833463250  11135
  163 833463306 833470683   7377
  164 833470746 833480233   9487
  165 833480640 833484747   4107
  166 833484796 833494636   9840
  167 833494690 833510837  16147
  168 833510899 833519546   8647
  169 833519596 833535061  15465
  170 833535108 833545987  10879
  171 833546051 833572043  25992
  172 833572107 833574134   2027
  173 833575168 833576491   1323
  174 833577477 833578075    598
  175 833579192 833579370    178
  176 833579426 833580679   1253
  177 833581326 833596596  15270
  178 833596643 833608946  12303
  179 833609002 833636363  27361
  180 833636420 833641231   4811
  181 833659775 833661646   1871
  182 833662046 833663114   1068
  183 833665479 833675277   9798
  184 833675340 833681475   6135
  185 833682895 833682981     86
  186 833683045 833688495   5450
  187 833688497 833712397  23900
  188 833712445 833717989   5544
  189 833718037 833728054  10017
  190 833728108 833728645    537
  191 833729398 833731303   1905
  192 833731961 833741964  10003
  193 833743600 833744588    988
  194 833744661 833749158   4497
  195 833751248 833752314   1066
  196 833752898 833753168    270
  197 833754400 833756512   2112
  198 833757520 833763749   6229
  199 833763805 833771705   7900
  200 833772176 833794778  22602
  201 833795239 833795873    634
  202 833796193 833798292   2099
  203 833798692 833800909   2217
  204 833800973 833811349  10376
  205 833811397 833811456     59
  206 833813220 833826621  13401
  207 833826678 833827197    519
  208 833830049 833832973   2924
  209 833832975 833833849    874
  210 833834512 833836593   2081
  211 833837193 833839527   2334
  212 833840116 833841022    906
  213 833841069 833845546   4477
  214 833846466 833847375    909
  215 833847695 833850786   3091
  216 833851186 833868583  17397
  217 833869355 833869624    269
  218 833870158 833874470   4312
  219 833874533 833885516  10983
  220 833887097 833904013  16916
  221 833904061 833913653   9592
  222 833913708 833917751   4043
  223 833920382 833921734   1352
  224 833926792 833928357   1565
  225 833928757 833936835   8078
  226 833937155 833937410    255
  227 833937810 833941917   4107
  228 833942044 833942655    611
  229 833942658 833947179   4521
  230 833948722 833949484    762
  231 833949804 833950463    659
  232 833954511 833954611    100
  233 833955327 833955505    178
  234 833955905 833957652   1747
  235 833974972 833987301  12329
  236 834015124 834037321  22197
  237 834037792 834040051   2259
  238 834040099 834040676    577
  239 834040678 834047971   7293
  240 834048291 834051257   2966
  241 834052047 834069549  17502
  242 834069869 834072404   2535
  243 834072804 834091620  18816
  244 834093328 834094350   1022
  245 834094844 834095617    773
  246 834099673 834105138   5465
  247 834105458 834106194    736
  248 834106594 834106595      1
  249 834106959 834107827    868
  250 834108227 834115275   7048
  251 834115322 834117413   2091
  252 834117733 834118222    489
  253 834118622 834124780   6158
  254 834124844 834126577   1733
  255 834127043 834135284   8241
  256 834135348 834146123  10775
  257 834146187 834156395  10208
  258 834158444 834169444  11000
  259 834169500 834178769   9269
  260 834179089 834179665    576
  261 834180065 834182540   2475
  262 834182587 834182700    113
  263 834186985 834189219   2234
  264 834189539 834189729    190
  265 834190129 834190244    115
  266 834190292 834193584   3292
  267 834193904 834196189   2285
  268 834196589 834206167   9578
  269 834206487 834206498     11
  270 834207231 834210076   2845
  271 834210131 834218894   8763
  272 834219214 834219645    431
  273 834220045 834231700  11655
  274 834231756 834246060  14304
  275 834268309 834268651    342
  276 834268715 834270155   1440
  277 834272138 834276342   4204
  278 834276551 834278084   1533
  279 834278148 834281665   3517
  280 834283046 834283334    288
  281 834284039 834286492   2453
  282 834286620 834294018   7398
  283 834298181 834298199     18
  284 834298599 834300756   2157
  285 834302721 834305446   2725
  286 834305846 834307300   1454
  287 834309400 834312197   2797
  288 834312673 834312705     32
  289 834313025 834314251   1226
  290 834314651 834314652      1
  291 834315080 834315246    166
  292 834315646 834322682   7036
  293 834324065 834324533    468
  294 834324933 834325194    261
  295 834325514 834326022    508
  296 834327921 834328643    722
  297 834329355 834334220   4865
  298 834334268 834345621  11353
  299 834346368 834346925    557
  300 834347713 834350550   2837
  301 834351920 834352475    555
  302 834352875 834353280    405
  303 834353956 834358395   4439
  304 834359140 834368512   9372
  305 834368832 834368843     11
  306 834369243 834372324   3081
  307 834372372 834374697   2325
  308 834375017 834376617   1600
  309 834377017 834385723   8706
  310 834385779 834390135   4356
  311 834392077 834405836  13759
  312 834405900 834409708   3808
  313 834409709 834409752     43
  314 834409754 834420924  11170
  315 834421699 834424285   2586
  316 834424605 834425476    871
  317 834425876 834431892   6016
  318 834431940 834435138   3198
  319 834436076 834437786   1710
  320 834438106 834442092   3986
  321 834442803 834444207   1404
  322 834444607 834445552    945
  323 834445563 834448676   3113
  324 834448739 834450475   1736
  325 834451337 834484286  32949
  326 834484348 834491996   7648
  327 834492044 834508052  16008
  328 834508099 834509176   1077
  329 834511118 834511439    321
  330 834511874 834515756   3882
  331 834516157 834518356   2199
  332 834519079 834519753    674
  333 834522004 834524193   2189
  334 834524594 834525330    736
  335 834526065 834527834   1769
  336 834529902 834530045    143
  337 834544462 834546259   1797
  338 834546970 834548237   1267
  339 834548557 834549031    474
  340 834549431 834549433      2
  341 834551068 834551154     86
  342 834552062 834553128   1066
  343 834553632 834553723     91
  344 834554955 834558332   3377
  345 834558380 834568186   9806
  346 834568606 834571076   2470
  347 834571520 834571973    453
  348 834572373 834596258  23885
  349 834597854 834607110   9256
  350 834607232 834610078   2846
  351 834610080 834614854   4774
  352 834614855 834614857      2
  353 834614858 834614860      2
  354 834614888 834614889      1
  355 834615293 834616872   1579
  356 834617461 834622665   5204
  357 834623168 834623498    330
  358 834626661 834631742   5081
  359 834632258 834634426   2168
  360 834635039 834635041      2
  361 834637988 834642353   4365
  362 834642866 834646298   3432
  363 834646823 834649629   2806
  364 834650085 834656794   6709
  365 834657242 834660561   3319
  366 834661138 834664918   3780
  367 834665470 834666971   1501
  368 834667499 834676229   8730
  369 834676677 834676743     66
  370 834677232 834677780    548
  371 834677828 834687663   9835
  372 834688063 834690727   2664
  373 834692707 834707433  14726
  374 834708520 834715808   7288
  375 834716229 834717060    831
  376 834717107 834723637   6530
  377 834724212 834726940   2728
  378 834727422 834729932   2510
  379 834729996 834731478   1482
  380 834732030 834732930    900
  381 834733410 834741795   8385
  382 834741843 834744057   2214
  383 834745837 834778461  32624
  384 834778961 834779933    972
  385 834783331 834787586   4255
  386 834788351 834795532   7181
  387 834799716 834800196    480
  388 834810465 834810829    364
  389 834810830 834811513    683
  390 834812640 834817540   4900
  391 834817596 834829902  12306
  392 834829956 834832687   2731
  393 834836384 834839880   3496
  394 834839882 834839902     20
  395 834841352 834844249   2897
  396 834844795 834846180   1385
  397 834849257 834851086   1829
