    1 856656434 856663450   7016
    2 856663498 856667449   3951
    3 856667451 856670642   3191
    4 856670698 856683746  13048
    5 856683801 856695705  11904
    6 856696222 856698625   2403
    7 856700103 856700105      2
    8 856700142 856702997   2855
    9 856703566 856707697   4131
   10 856707753 856710863   3110
   11 856711420 856713514   2094
   12 856713569 856718656   5087
   13 856720897 856726102   5205
   14 856727129 856727650    521
   15 856728380 856728775    395
   16 856747232 856754701   7469
   17 856754757 856764514   9757
   18 856764516 856767004   2488
   19 856767124 856778501  11377
   20 856780920 856783285   2365
   21 856783333 856797780  14447
   22 856797828 856808426  10598
   23 856809490 856816757   7267
   24 856816821 856826528   9707
   25 856828009 856845809  17800
   26 856845810 856848950   3140
   27 856848997 856876820  27823
   28 856877534 856897653  20119
   29 856897717 856900906   3189
   30 856911183 856911396    213
   31 856912144 856912788    644
   32 856913978 856922474   8496
   33 856923007 856928214   5207
   34 856928716 856951885  23169
   35 856951940 856987245  35305
   36 856988224 856992149   3925
   37 856992205 857007008  14803
   38 857008616 857015053   6437
   39 857015100 857025717  10617
   40 857025765 857038292  12527
   41 857038348 857053829  15481
   42 857053877 857060764   6887
   43 857060828 857085349  24521
   44 857085413 857094645   9232
   45 857095976 857105493   9517
   46 857105541 857110941   5400
   47 857110989 857131802  20813
   48 857133195 857136789   3594
   49 857136837 857148333  11496
   50 857148397 857162994  14597
   51 857163126 857168995   5869
   52 857169815 857170059    244
   53 857170485 857192485  22000
   54 857192540 857208421  15881
   55 857208476 857215109   6633
   56 857216649 857219733   3084
   57 857219780 857229901  10121
   58 857231076 857232138   1062
   59 857249580 857257984   8404
   60 857258539 857262608   4069
   61 857263825 857265525   1700
   62 857265589 857268786   3197
   63 857269658 857299238  29580
   64 857299292 857307246   7954
   65 857308431 857318918  10487
   66 857318973 857334893  15920
   67 857336215 857362620  26405
   68 857363297 857364548   1251
   69 857364612 857366090   1478
   70 857367064 857373878   6814
   71 857373933 857384485  10552
   72 857384542 857402350  17808
   73 857403003 857406061   3058
   74 857429946 857435190   5244
   75 857435700 857436301    601
   76 857437416 857445566   8150
   77 857447734 857457845  10111
   78 857457892 857461668   3776
   79 857462456 857489053  26597
   80 857489101 857495488   6387
   81 857502227 857502308     81
   82 857503093 857505388   2295
   83 857505972 857507470   1498
   84 857508106 857509742   1636
   85 857513028 857514369   1341
   86 857515722 857516498    776
   87 857517570 857521931   4361
   88 857523555 857524469    914
   89 857524518 857529226   4708
   90 857530374 857531030    656
   91 857531671 857532200    529
   92 857532261 857544348  12087
   93 857545339 857547581   2242
   94 857547628 857551781   4153
   95 857552645 857559142   6497
   96 857559774 857574253  14479
   97 857574300 857580776   6476
   98 857580808 857581980   1172
   99 857583894 857590782   6888
  100 857590909 857592055   1146
  101 857593865 857596896   3031
  102 857597962 857632768  34806
  103 857633885 857636312   2427
  104 857637670 857638045    375
  105 857638108 857639309   1201
  106 857642133 857644718   2585
  107 857644765 857645416    651
  108 857647201 857652016   4815
  109 857653542 857655511   1969
  110 857655512 857656838   1326
  111 857656884 857667252  10368
  112 857669641 857672854   3213
  113 857675267 857678570   3303
  114 857679613 857682007   2394
  115 857682621 857686165   3544
  116 857689497 857695445   5948
  117 857696660 857706546   9886
  118 857708948 857713893   4945
  119 857713942 857715479   1537
  120 857716317 857733078  16761
  121 857733142 857735266   2124
  122 857737436 857738266    830
  123 857738311 857738990    679
  124 857740945 857742764   1819
  125 857742766 857743006    240
  126 857743612 857746756   3144
  127 857746758 857746923    165
  128 857746924 857755001   8077
  129 857779169 857788971   9802
  130 857789062 857789838    776
  131 857789901 857790218    317
  132 857792670 857800959   8289
  133 857801005 857808597   7592
  134 857808644 857814205   5561
  135 857814252 857831085  16833
  136 857831149 857833218   2069
  137 857850329 857851252    923
  138 857861192 857862288   1096
  139 857864602 857888029  23427
  140 857888158 857898506  10348
  141 857901167 857914198  13031
  142 857914261 857927404  13143
  143 857927524 857929297   1773
  144 857932255 857932483    228
  145 857934618 857936878   2260
  146 857936932 857940914   3982
  147 857946173 857946437    264
  148 857948674 857949035    361
  149 857950654 857962374  11720
  150 857962484 857971358   8874
  151 857971421 857989348  17927
  152 857989397 857994849   5452
  153 857995858 858007533  11675
  154 858007582 858018581  10999
  155 858018628 858024151   5523
  156 858025675 858031480   5805
  157 858033290 858037204   3914
  158 858037917 858054493  16576
  159 858054612 858079461  24849
  160 858079508 858091238  11730
  161 858091293 858105319  14026
  162 858105452 858107553   2101
  163 858108993 858115504   6511
  164 858124846 858127789   2943
  165 858127838 858132563   4725
  166 858133133 858134332   1199
  167 858134388 858165002  30614
  168 858165899 858184612  18713
  169 858186452 858194661   8209
  170 858194724 858200718   5994
  171 858200764 858207150   6386
  172 858208069 858209278   1209
  173 858209325 858216983   7658
  174 858218403 858219620   1217
  175 858221022 858227172   6150
  176 858227237 858268953  41716
  177 858271183 858272239   1056
  178 858272285 858274067   1782
  179 858274680 858291773  17093
  180 858293294 858298149   4855
  181 858298278 858310772  12494
  182 858310822 858329558  18736
  183 858329613 858335485   5872
  184 858335542 858365469  29927
  185 858365533 858372413   6880
  186 858372415 858376378   3963
  187 858377319 858377777    458
  188 858379360 858390331  10971
  189 858391097 858395925   4828
  190 858395989 858403541   7552
  191 858403598 858419718  16120
  192 858419773 858425389   5616
  193 858425438 858429005   3567
  194 858429006 858429014      8
  195 858429016 858438016   9000
  196 858457346 858459164   1818
  197 858459220 858461927   2707
  198 858464035 858465374   1339
  199 858466900 858467802    902
  200 858468478 858469472    994
  201 858469473 858470010    537
  202 858471314 858477788   6474
  203 858477917 858489746  11829
  204 858490325 858490900    575
  205 858490964 858503573  12609
  206 858503709 858515165  11456
  207 858515221 858528382  13161
  208 858530522 858532022   1500
  209 858532918 858535232   2314
  210 858536022 858551067  15045
  211 858551069 858553948   2879
  212 858553998 858556042   2044
  213 858556721 858564808   8087
  214 858564856 858579847  14991
  215 858579911 858591504  11593
  216 858591551 858594442   2891
  217 858595219 858603808   8589
  218 858603864 858607747   3883
  219 858609594 858617678   8084
  220 858619237 858620361   1124
  221 858621260 858626630   5370
  222 858627903 858628528    625
  223 858628576 858628985    409
  224 858628987 858634544   5557
  225 858634592 858643054   8462
  226 858645059 858666760  21701
  227 858666808 858693343  26535
  228 858694964 858717776  22812
  229 858717832 858724929   7097
  230 858725778 858730967   5189
  231 858731103 858738608   7505
  232 858738655 858741251   2596
  233 858742343 858765968  23625
  234 858766511 858773272   6761
  235 858773336 858776785   3449
  236 858777410 858784216   6806
  237 858784264 858784988    724
  238 858792268 858792449    181
  239 858793100 858797923   4823
  240 858800052 858800488    436
  241 858800544 858801221    677
  242 858801223 858805133   3910
  243 858810836 858819180   8344
  244 858825931 858838024  12093
  245 858838072 858885505  47433
  246 858887470 858888616   1146
  247 858888664 858892077   3413
  248 858892897 858903880  10983
  249 858903936 858919472  15536
  250 858919520 858933984  14464
  251 858934048 858951352  17304
  252 858951408 858951712    304
  253 858955010 858961242   6232
  254 858962276 858963308   1032
  255 858968640 858970480   1840
  256 858970482 858973777   3295
  257 858975196 858985222  10026
  258 858985869 858990016   4147
  259 858990080 858991184   1104
  260 858991186 858991188      2
  261 858991189 858991191      2
  262 858991192 858991195      3
  263 858991196 858991201      5
  264 858991203 858998104   6901
  265 858998151 859007904   9753
  266 859007952 859018256  10304
  267 859018304 859028559  10255
  268 859028607 859042797  14190
  269 859059899 859068964   9065
  270 859069657 859069792    135
  271 859069840 859074836   4996
  272 859074837 859074847     10
  273 859074849 859075077    228
  274 859075079 859075109     30
  275 859081588 859082322    734
  276 859084013 859084684    671
  277 859084686 859084692      6
  278 859092694 859093661    967
  279 859094893 859094919     26
  280 859095548 859095863    315
  281 859098081 859115336  17255
  282 859115391 859123595   8204
  283 859125095 859126480   1385
  284 859126536 859127269    733
  285 859129866 859140870  11004
  286 859141292 859145836   4544
  287 859147007 859155047   8040
  288 859156316 859182051  25735
  289 859183991 859189960   5969
  290 859190016 859195896   5880
  291 859195944 859229615  33671
  292 859229679 859231903   2224
  293 859232896 859242765   9869
  294 859243986 859269896  25910
  295 859269943 859281342  11399
  296 859285389 859296021  10632
  297 859296084 859310877  14793
  298 859310925 859312533   1608
  299 859314708 859318764   4056
  300 859318820 859320109   1289
  301 859321105 859324765   3660
  302 859324812 859340685  15873
  303 859340749 859348528   7779
  304 859349520 859360653  11133
  305 859360716 859379292  18576
  306 859379340 859397485  18145
  307 859397533 859399554   2021
  308 859401094 859431726  30632
  309 859433233 859447005  13772
  310 859447124 859454837   7713
  311 859454885 859460917   6032
  312 859460965 859469717   8752
  313 859469764 859474790   5026
  314 859477164 859477513    349
  315 859478795 859488989  10194
  316 859489045 859495978   6933
  317 859511146 859522229  11083
  318 859522293 859551324  29031
  319 859552630 859575997  23367
  320 859577226 859591340  14114
  321 859592816 859595853   3037
  322 859595900 859607213  11313
  323 859607269 859607373    104
  324 859608305 859615692   7387
  325 859615756 859626317  10561
  326 859626364 859637613  11249
  327 859637669 859643324   5655
  328 859643380 859647517   4137
  329 859663562 859664402    840
  330 859664605 859664958    353
  331 859665070 859690146  25076
  332 859690194 859704468  14274
  333 859705507 859714778   9271
  334 859714825 859720414   5589
  335 859721719 859722349    630
  336 859725180 859730586   5406
  337 859730642 859736184   5542
  338 859737807 859751603  13796
  339 859752467 859758226   5759
  340 859759062 859759256    194
  341 859759969 859760826    857
  342 859760955 859761457    502
  343 859762860 859766654   3794
  344 859767291 859767303     12
  345 859767703 859781258  13555
  346 859783361 859787071   3710
  347 859796788 859812642  15854
  348 859812691 859826851  14160
  349 859826897 859831578   4681
  350 859834357 859840171   5814
  351 859840226 859848824   8598
  352 859849602 859852101   2499
  353 859852421 859853369    948
  354 859859737 859864946   5209
  355 859865702 859868567   2865
  356 859868967 859878651   9684
  357 859878698 859898954  20256
  358 859900450 859921826  21376
  359 859925963 859934467   8504
  360 859935476 859936906   1430
  361 859937034 859937242    208
  362 859937875 859945594   7719
  363 859945642 859957571  11929
  364 859957625 859965385   7760
  365 859965987 859975754   9767
  366 859975811 859993594  17783
  367 859993642 859999058   5416
  368 859999122 860000729   1607
  369 860001339 860006090   4751
  370 860006153 860010971   4818
  371 860011670 860011900    230
  372 860011916 860023634  11718
  373 860023682 860031786   8104
  374 860031851 860057011  25160
  375 860057075 860060461   3386
  376 860062829 860065450   2621
  377 860065514 860091110  25596
  378 860110767 860120893  10126
  379 860120941 860149671  28730
  380 860151094 860153068   1974
  381 860153118 860160331   7213
  382 860161958 860162593    635
  383 860166061 860166832    771
  384 860167892 860168663    771
  385 860206213 860213741   7528
  386 860213788 860232318  18530
  387 860232365 860248525  16160
  388 860248582 860252425   3843
