    1 853666463 853668706   2243
    2 853669905 853673706   3801
    3 853674386 853686620  12234
    4 853686917 853688626   1709
    5 853746598 853747061    463
    6 853747500 853758744  11244
    7 853760307 853769148   8841
    8 853769204 853781095  11891
    9 853832364 853838307   5943
   10 853843331 853860028  16697
   11 853860075 853865016   4941
   12 853931656 853933061   1405
   13 853933470 853941436   7966
   14 853941500 853949405   7905
   15 853951446 853955016   3570
   16 853956065 853956308    243
   17 853956371 853966095   9724
   18 854006768 854008228   1460
   19 854008275 854015444   7169
   20 854015507 854034387  18880
   21 854034523 854041738   7215
   22 854089181 854117317  28136
   23 854117437 854122746   5309
   24 854124997 854134789   9792
   25 854134845 854161037  26192
   26 854161092 854171844  10752
   27 854174271 854187709  13438
   28 854187837 854198229  10392
   29 854198703 854208104   9401
   30 854238916 854245310   6394
   31 854245311 854249328   4017
   32 854251032 854253125   2093
   33 854253172 854259765   6593
   34 854259821 854276877  17056
   35 854276924 854288259  11335
   36 854288687 854292395   3708
   37 854300468 854300524     56
   38 854300588 854306073   5485
   39 854306556 854308323   1767
   40 854309362 854311486   2124
   41 854314929 854314999     70
   42 854323839 854324746    907
   43 854326883 854338877  11994
   44 854338924 854355061  16137
   45 854355125 854362508   7383
   46 854362556 854381773  19217
   47 854381821 854383168   1347
   48 854383170 854408748  25578
   49 854410252 854412381   2129
   50 854412429 854427583  15154
   51 854428266 854456301  28035
   52 854456348 854476848  20500
   53 854477899 854478756    857
   54 854479545 854482211   2666
   55 854483246 854483426    180
   56 854483940 854490170   6230
   57 854490171 854492309   2138
   58 854492373 854504661  12288
   59 854505380 854506292    912
   60 854506340 854526839  20499
   61 854526841 854533508   6667
   62 854533510 854552037  18527
   63 854552085 854579789  27704
   64 854579836 854584176   4340
   65 854586719 854588726   2007
   66 854588773 854616685  27912
   67 854616813 854618005   1192
   68 854620246 854645197  24951
   69 854645253 854650941   5688
   70 854650989 854657937   6948
   71 854662715 854663116    401
   72 854663707 854666092   2385
   73 854667569 854668893   1324
   74 854668941 854675989   7048
   75 854676037 854682685   6648
   76 854682741 854690364   7623
   77 854690420 854699013   8593
   78 854699069 854705293   6224
   79 854706346 854706523    177
   80 854707221 854713221   6000
   81 854713348 854719308   5960
   82 854719372 854729205   9833
   83 854729268 854736493   7225
   84 854736549 854751243  14694
   85 854752774 854760917   8143
   86 854760965 854770206   9241
   87 854771300 854778660   7360
   88 854778780 854794500  15720
   89 854794979 854797333   2354
   90 854797397 854812842  15445
   91 854829913 854829929     16
   92 854829931 854829933      2
   93 854829934 854830113    179
   94 854830974 854848552  17578
   95 854848601 854862162  13561
   96 854862218 854910415  48197
   97 854911430 854913345   1915
   98 854913481 854916967   3486
   99 854918105 854919025    920
  100 854920868 854923832   2964
  101 854924305 854926257   1952
  102 854926801 854932881   6080
  103 854932937 854946801  13864
  104 854946865 854957768  10903
  105 854957818 854968569  10751
  106 854968633 854987528  18895
  107 854987592 854988003    411
  108 854988720 855004871  16151
  109 855005484 855005665    181
  110 855005667 855011499   5832
  111 855012214 855013241   1027
  112 855013288 855020729   7441
  113 855020777 855030892  10115
  114 855031544 855045240  13696
  115 855045288 855067830  22542
  116 855067831 855067834      3
  117 855067836 855068618    782
  118 855068673 855086928  18255
  119 855088216 855091849   3633
  120 855091898 855101201   9303
  121 855101248 855115458  14210
  122 855115505 855120335   4830
  123 855120655 855120892    237
  124 855121596 855121822    226
  125 855122533 855122546     13
  126 855123003 855129192   6189
  127 855129248 855137128   7880
  128 855137192 855151538  14346
  129 855151593 855152170    577
  130 855152172 855157744   5572
  131 855157792 855158534    742
  132 855159802 855167218   7416
  133 855167281 855173052   5771
  134 855173053 855182265   9212
  135 855182313 855199408  17095
  136 855199941 855207729   7788
  137 855207793 855220519  12726
  138 855222208 855232025   9817
  139 855232152 855243006  10854
  140 855243953 855258348  14395
  141 855259194 855268071   8877
  142 855268763 855276968   8205
  143 855277018 855309272  32254
  144 855309338 855312076   2738
  145 855313576 855321105   7529
  146 855321241 855336704  15463
  147 855336768 855352842  16074
  148 855360456 855362089   1633
  149 855362138 855379498  17360
  150 855379617 855392129  12512
  151 855392178 855405393  13215
  152 855405457 855414018   8561
  153 855416553 855417626   1073
  154 855459213 855461337   2124
  155 855462027 855476939  14912
  156 855478896 855483082   4186
  157 855483138 855485422   2284
  158 855499904 855501125   1221
  159 855511643 855514210   2567
  160 855514258 855516576   2318
  161 855516736 855520162   3426
  162 855520217 855520961    744
  163 855521956 855526457   4501
  164 855528028 855544082  16054
  165 855547114 855551690   4576
  166 855551737 855557878   6141
  167 855558470 855561762   3292
  168 855561810 855574913  13103
  169 855574970 855584385   9415
  170 855588405 855591898   3493
  171 855619748 855620206    458
  172 855622572 855625594   3022
  173 855625650 855630052   4402
  174 855630055 855632434   2379
  175 855632482 855643027  10545
  176 855643153 855669587  26434
  177 855669633 855684772  15139
  178 855685884 855689304   3420
  179 855693275 855706418  13143
  180 855708260 855708742    482
  181 855709523 855712538   3015
  182 855713172 855778710  65538
  183 855780880 855783240   2360
  184 855784316 855809700  25384
  185 855813326 855824205  10879
  186 855825516 855862413  36897
  187 855867651 855867681     30
  188 855869550 855869740    190
  189 855887484 855889756   2272
  190 855889804 855901139  11335
  191 855902199 855907780   5581
  192 855908878 855918156   9278
  193 855918204 855928413  10209
  194 855928533 855943424  14891
  195 855944815 855949000   4185
  196 855949813 855953342   3529
  197 855954822 855954948    126
  198 856006144 856006427    283
  199 856009275 856022431  13156
  200 856053671 856057923   4252
  201 856058524 856067880   9356
  202 856070598 856074194   3596
  203 856074242 856075762   1520
  204 856076306 856104402  28096
  205 856104466 856105801   1335
  206 856106848 856122602  15754
  207 856122658 856127010   4352
  208 856127160 856127795    635
  209 856128417 856131410   2993
  210 856131554 856132090    536
  211 856132138 856132450    312
  212 856132641 856133519    878
  213 856134515 856135748   1233
  214 856136218 856142915   6697
  215 856143522 856150213   6691
  216 856151149 856167348  16199
  217 856168058 856169953   1895
  218 856170017 856186746  16729
  219 856186802 856197026  10224
  220 856197090 856201501   4411
  221 856202087 856210327   8240
  222 856212543 856214394   1851
  223 856214514 856218050   3536
  224 856218988 856223813   4825
  225 856226230 856233084   6854
  226 856233656 856244514  10858
  227 856244570 856253378   8808
  228 856253506 856258785   5279
  229 856259542 856261881   2339
  230 856261945 856276878  14933
  231 856277529 856294308  16779
  232 856296840 856309458  12618
  233 856309665 856317521   7856
  234 856317577 856319364   1787
  235 856319909 856320407    498
  236 856321215 856321709    494
  237 856322511 856323700   1189
  238 856323702 856323709      7
  239 856325321 856331079   5758
  240 856331725 856338858   7133
  241 856338922 856365453  26531
  242 856365456 856382980  17524
  243 856384260 856396249  11989
  244 856397086 856401834   4748
  245 856402590 856410982   8392
  246 856411648 856414746   3098
  247 856415480 856418706   3226
  248 856418753 856432994  14241
  249 856433050 856436319   3269
  250 856439173 856446618   7445
  251 856446673 856448583   1910
  252 856448584 856450769   2185
  253 856454285 856457498   3213
  254 856457554 856466305   8751
  255 856467690 856470788   3098
  256 856472054 856500185  28131
  257 856500321 856500878    557
  258 856510165 856527688  17523
  259 856529025 856529079     54
  260 856529721 856536408   6687
  261 856536891 856539818   2927
  262 856539874 856544276   4402
  263 856545467 856546466    999
  264 856546530 856550661   4131
  265 856550663 856558873   8210
  266 856558929 856571502  12573
  267 856574812 856583590   8778
  268 856584052 856584658    606
  269 856584722 856591033   6311
  270 856591523 856603850  12327
  271 856603914 856612554   8640
  272 856612610 856613449    839
  273 856613944 856624778  10834
  274 856624825 856627246   2421
