    1 845336111 845350003  13892
    2 845350067 845360311  10244
    3 845364142 845365535   1393
    4 845366068 845366687    619
    5 845366757 845377206  10449
    6 845381098 845389756   8658
    7 845389802 845398570   8768
    8 845400433 845403328   2895
    9 845408936 845410283   1347
   10 845410893 845411549    656
   11 845411551 845420993   9442
   12 845427994 845429708   1714
   13 845430144 845430649    505
   14 845431125 845440462   9337
   15 845443248 845446584   3336
   16 845448148 845453083   4935
   17 845453147 845462863   9716
   18 845462865 845476523  13658
   19 845476570 845476772    202
   20 845478132 845478652    520
   21 845479716 845492569  12853
   22 845493978 845503680   9702
   23 845506107 845509422   3315
   24 845511920 845520238   8318
   25 845520283 845533095  12812
   26 845539529 845540415    886
   27 845540735 845540946    211
   28 845541346 845541910    564
   29 845548807 845560819  12012
   30 845590143 845590368    225
   31 845590964 845595212   4248
   32 845595267 845629237  33970
   33 845629301 845636143   6842
   34 845637179 845657671  20492
   35 845660218 845665826   5608
   36 845666432 845668136   1704
   37 845669829 845669915     86
   38 845671230 845674137   2907
   39 845675760 845680117   4357
   40 845680163 845687611   7448
   41 845691701 845697317   5616
   42 845697372 845700253   2881
   43 845700951 845701110    159
   44 845728375 845734996   6621
   45 845793605 845795783   2178
   46 845796183 845811238  15055
   47 845811939 845813285   1346
   48 845813793 845814117    324
   49 845814163 845817635   3472
   50 845819206 845823325   4119
   51 845886777 845888876   2099
   52 845890687 845892138   1451
   53 845895599 845899520   3921
   54 845901090 845908486   7396
   55 845952215 845959645   7430
   56 845960202 845983314  23112
   57 845983440 845994529  11089
   58 845994577 846010995  16418
   59 846011041 846013198   2157
   60 846014817 846016647   1830
   61 846017473 846020882   3409
   62 846055078 846075994  20916
   63 846076048 846083137   7089
   64 846083184 846093769  10585
   65 846093834 846095181   1347
   66 846099026 846106512   7486
   67 846107673 846110105   2432
   68 846110168 846116656   6488
   69 846122518 846125809   3291
   70 846125864 846132442   6578
   71 846145969 846146131    162
   72 846147105 846173165  26060
   73 846173680 846188949  15269
   74 846190977 846191757    780
   75 846200270 846206554   6284
   76 846206601 846219920  13319
   77 846219984 846225480   5496
   78 846225544 846237058  11514
   79 846237114 846248888  11774
   80 846248938 846272497  23559
   81 846272545 846280012   7467
   82 846280014 846280314    300
   83 846280360 846308978  28618
   84 846309024 846311967   2943
   85 846322037 846322236    199
   86 846322325 846323049    724
   87 846323097 846324229   1132
   88 846329101 846332145   3044
   89 846332194 846334215   2021
   90 846336898 846342468   5570
   91 846375822 846377598   1776
   92 846378321 846393692  15371
   93 846393740 846400211   6471
   94 846400267 846409351   9084
   95 846409971 846412622   2651
   96 846412685 846441613  28928
   97 846447806 846449549   1743
   98 846451908 846456096   4188
   99 846456222 846457798   1576
  100 846460659 846463943   3284
  101 846463998 846488367  24369
  102 846488430 846510699  22269
  103 846515578 846521887   6309
  104 846521951 846529444   7493
  105 846530755 846540010   9255
  106 846540330 846540704    374
  107 846541104 846544998   3894
  108 846545531 846545682    151
  109 846545850 846551847   5997
  110 846551902 846558927   7025
  111 846559047 846565751   6704
  112 846565799 846602192  36393
  113 846602247 846615479  13232
  114 846615535 846620087   4552
  115 846622710 846623360    650
  116 846626034 846632725   6691
  117 846636853 846641638   4785
  118 846641958 846642235    277
  119 846642635 846643207    572
  120 846643255 846646183   2928
  121 846646622 846654119   7497
  122 846654183 846660335   6152
  123 846660391 846668391   8000
  124 846668438 846675219   6781
  125 846676314 846677431   1117
  126 846677487 846689875  12388
  127 846690977 846692403   1426
  128 846693400 846697967   4567
  129 846698030 846698838    808
  130 846700050 846710023   9973
  131 846710071 846728274  18203
  132 846728321 846746029  17708
  133 846750254 846751139    885
  134 846756016 846804390  48374
  135 846804510 846822990  18480
  136 846823054 846826176   3122
  137 846827781 846834350   6569
  138 846834398 846834604    206
  139 846836951 846853799  16848
  140 846917049 846917675    626
  141 846918075 846918076      1
  142 846918432 846920420   1988
  143 846922904 846923442    538
  144 846923444 846924587   1143
  145 846930038 846930307    269
  146 846935693 846936100    407
  147 846940340 846941490   1150
  148 846942690 846945979   3289
  149 846946379 846946380      1
  150 846946728 846950945   4217
  151 847001725 847016116  14391
  152 847016516 847016517      1
  153 847016872 847035523  18651
  154 847035923 847035924      1
  155 847036288 847041583   5295
  156 847095859 847096532    673
  157 847096580 847096841    261
  158 847097594 847117284  19690
  159 847117411 847120098   2687
  160 847122416 847133444  11028
  161 847133500 847133877    377
  162 847181955 847190876   8921
  163 847190940 847201836  10896
  164 847201883 847213892  12009
  165 847213940 847228176  14236
  166 847228178 847230627   2449
  167 847231867 847237364   5497
  168 847238294 847239486   1192
  169 847264057 847266140   2083
  170 847266491 847267268    777
  171 847267331 847298076  30745
  172 847298140 847317962  19822
  173 847320045 847332670  12625
  174 847332716 847334435   1719
  175 847347771 847349036   1265
  176 847349091 847357996   8905
  177 847358044 847361044   3000
  178 847361262 847373468  12206
  179 847373523 847381428   7905
  180 847382390 847383619   1229
  181 847396581 847402627   6046
  182 847404960 847416734  11774
  183 847421708 847421823    115
  184 847475224 847479788   4564
  185 847479908 847494435  14527
  186 847494555 847503652   9097
  187 847503787 847519124  15337
  188 847519180 847530036  10856
  189 847530083 847541820  11737
  190 847541884 847554987  13103
  191 847602253 847604571   2318
  192 847605646 847622470  16824
  193 847638826 847638934    108
  194 847640262 847651231  10969
  195 847651234 847651238      4
  196 847651240 847651245      5
  197 847651247 847659977   8730
  198 847660236 847661125    889
  199 847661127 847661509    382
