    1 823410891 823423193  12302
    2 823426108 823449969  23861
    3 823450225 823450810    585
    4 823517554 823517619     65
    5 823517675 823525932   8257
    6 823525995 823531522   5527
    7 823601121 823613886  12765
    8 823613990 823615188   1198
    9 823616642 823617734   1092
   10 823698641 823711817  13176
   11 823768885 823768965     80
   12 823769267 823769972    705
   13 823770272 823770626    354
   14 823770926 823770950     24
   15 823771250 823771388    138
   16 823771950 823772308    358
   17 823772608 823773389    781
   18 823773689 823773843    154
   19 823774143 823774934    791
   20 823775398 823777253   1855
   21 823777553 823778096    543
   22 823778541 823784501   5960
   23 823784801 823785955   1154
   24 823786011 823789292   3281
   25 823789712 823792697   2985
   26 823793007 823795396   2389
   27 823795451 823800289   4838
   28 823800589 823803004   2415
   29 823866547 823870748   4201
   30 823871572 823873683   2111
   31 823873731 823876000   2269
   32 823878141 823883808   5667
   33 823941762 823948628   6866
   34 823948676 823963459  14783
   35 824035162 824035228     66
   36 824035276 824046126  10850
   37 824046184 824049536   3352
   38 824121950 824128997   7047
   39 824129045 824137066   8021
   40 824204584 824211788   7204
   41 824212202 824214296   2094
   42 824215048 824215355    307
   43 824216174 824217152    978
   44 824221812 824223924   2112
   45 824299426 824299872    446
   46 824300336 824314087  13751
   47 824361208 824361350    142
   48 824363311 824373060   9749
   49 824373542 824373839    297
   50 824374015 824374157    142
   51 824378271 824385148   6877
   52 824385267 824390242   4975
   53 824390352 824392362   2010
   54 824392662 824392834    172
   55 824393134 824393288    154
   56 824393588 824397887   4299
   57 824408990 824409037     47
   58 824409905 824411912   2007
   59 824412840 824413034    194
   60 824413144 824413308    164
   61 824413608 824413744    136
   62 824414044 824414295    251
   63 824414405 824414858    453
   64 824415158 824417437   2279
   65 824417738 824418070    332
   66 824452200 824453972   1772
   67 824455711 824470796  15085
   68 824470843 824490396  19553
   69 824491365 824494672   3307
   70 824494828 824494943    115
   71 824495735 824496780   1045
   72 824496828 824499952   3124
   73 824500072 824501041    969
   74 824501364 824501786    422
   75 824505283 824510753   5470
   76 824510754 824510786     32
   77 824510788 824510825     37
   78 824510827 824510834      7
   79 824510836 824510837      1
   80 824510839 824510859     20
   81 824510860 824510863      3
   82 824510864 824510918     54
   83 824510919 824510923      4
   84 824510925 824510926      1
   85 824510928 824510933      5
   86 824510935 824510994     59
   87 824510996 824511004      8
   88 824511006 824511009      3
   89 824511010 824511011      1
   90 824511013 824511019      6
   91 824511021 824511032     11
   92 824511034 824511038      4
   93 824511041 824511050      9
   94 824511052 824511054      2
   95 824511056 824511060      4
   96 824511062 824511067      5
   97 824511072 824511087     15
   98 824511089 824511090      1
   99 824511092 824511119     27
  100 824511120 824511123      3
  101 824511125 824511167     42
  102 824511168 824511179     11
  103 824511181 824511191     10
  104 824511195 824511210     15
  105 824511212 824511213      1
  106 824511215 824511227     12
  107 824511229 824511232      3
  108 824511234 824511249     15
  109 824511252 824511253      1
  110 824511255 824511257      2
  111 824511261 824511269      8
  112 824511271 824511275      4
  113 824511277 824511282      5
  114 824511284 824511306     22
  115 824521701 824526036   4335
  116 824526084 824547404  21320
  117 824547452 824555660   8208
  118 824555724 824567167  11443
  119 824596147 824596571    424
  120 824599275 824604234   4959
  121 824607207 824607632    425
  122 824611030 824612810   1780
  123 824612959 824615708   2749
  124 824615828 824618471   2643
  125 824618581 824619579    998
  126 824619879 824624608   4729
  127 824626985 824628934   1949
  128 824672944 824674263   1319
  129 824675518 824676087    569
  130 824676530 824676654    124
  131 824676764 824678427   1663
  132 824681146 824682725   1579
  133 824703372 824716172  12800
  134 824716220 824720663   4443
  135 824720773 824729731   8958
  136 824739317 824742465   3148
  137 824750010 824750188    178
  138 824756436 824756530     94
  139 824778734 824780220   1486
  140 824780268 824791207  10939
  141 824792095 824798964   6869
  142 824799011 824807221   8210
  143 824807331 824808448   1117
  144 824808896 824818423   9527
  145 824818723 824818786     63
  146 824819192 824825414   6222
  147 824832862 824833091    229
  148 824833391 824837898   4507
  149 824838318 824839909   1591
  150 824839964 824842055   2091
  151 824842442 824843996   1554
  152 824843998 824844020     22
  153 824844022 824844045     23
  154 824844047 824844134     87
  155 824844136 824844152     16
  156 824844154 824844200     46
  157 824844202 824844206      4
  158 824844210 824844220     10
  159 824844222 824844249     27
  160 824844250 824844252      2
  161 824844253 824844256      3
  162 824844258 824844260      2
  163 824844266 824844267      1
  164 824844271 824844274      3
  165 824844276 824844281      5
  166 824844284 824844296     12
  167 824844299 824844300      1
  168 824844304 824844307      3
  169 824844308 824844324     16
  170 824844328 824844337      9
  171 824844338 824844343      5
  172 824844345 824844356     11
  173 824844358 824844359      1
  174 824844361 824844363      2
  175 824844366 824844370      4
  176 824844371 824844374      3
  177 824844375 824844389     14
  178 824844392 824844398      6
  179 824844401 824844411     10
  180 824844415 824844416      1
  181 824844418 824844419      1
  182 824844422 824844648    226
  183 824844650 824844866    216
  184 824846398 824846457     59
  185 824846851 824846897     46
  186 824847007 824847426    419
  187 824847726 824855066   7340
  188 824857591 824858247    656
  189 824858569 824865585   7016
  190 824865695 824865773     78
  191 824866073 824866075      2
  192 824866550 824866571     21
  193 824866871 824867913   1042
  194 824868213 824868881    668
  195 824868991 824869287    296
  196 824869587 824871017   1430
  197 824871317 824871569    252
  198 824871909 824872483    574
  199 824877444 824877569    125
  200 824877679 824878327    648
  201 824878627 824879088    461
  202 824879467 824879755    288
  203 824880055 824880578    523
  204 824880878 824881072    194
  205 824881182 824881227     45
  206 824881527 824882336    809
  207 824882636 824883230    594
  208 824883340 824883351     11
  209 824883651 824883652      1
  210 824883800 824885172   1372
  211 824885472 824886033    561
  212 824886143 824886871    728
  213 824887171 824887533    362
  214 824887606 824887750    144
  215 824888050 824888239    189
  216 824888620 824888770    150
  217 824889112 824894580   5468
  218 824894627 824911148  16521
  219 824911268 824925388  14120
  220 824925451 824932273   6822
  221 824932383 824933290    907
  222 824933590 824937553   3963
  223 824937663 824938107    444
  224 824938407 824938714    307
  225 824939014 824939572    558
  226 824939682 824940762   1080
  227 824941386 824942189    803
  228 824942299 824942474    175
  229 824942774 824943069    295
  230 824943179 824943306    127
  231 824943606 824943905    299
  232 824944205 824944529    324
  233 824944639 824945508    869
  234 824945808 824946124    316
  235 824946518 824946998    480
  236 824947298 824947450    152
  237 824947560 824947819    259
  238 824948119 824948689    570
  239 824948799 824949715    916
  240 824950537 824951797   1260
  241 824952586 824953842   1256
  242 824954578 824955276    698
  243 824955596 824956015    419
  244 824956125 824957598   1473
  245 824957898 824958162    264
  246 824958272 824958944    672
  247 824960556 824960560      4
  248 824960670 824960918    248
  249 824961218 824961429    211
  250 824961975 824962184    209
  251 824962294 824962393     99
  252 824962693 824962906    213
  253 824963278 824963484    206
  254 824963594 824963897    303
  255 824964197 824964401    204
  256 824964511 824964631    120
  257 824964931 824965090    159
  258 824965390 824965651    261
  259 824965951 824966227    276
  260 824966786 824966804     18
  261 824967400 824968202    802
  262 824974879 824975276    397
  263 824975576 824975782    206
  264 824977858 824977905     47
  265 824978205 824978359    154
  266 824978659 824979129    470
  267 824979502 824979596     94
  268 824979706 824979723     17
  269 824980023 824983326   3303
  270 824983436 824983496     60
  271 824983796 824988068   4272
  272 824988116 824989008    892
  273 824997501 824998455    954
  274 824999082 824999444    362
  275 824999744 824999938    194
  276 825000048 825000707    659
  277 825001120 825002584   1464
  278 825002694 825002835    141
  279 825003135 825004026    891
  280 825004600 825014598   9998
  281 825014898 825015808    910
  282 825016108 825019456   3348
  283 825019756 825019913    157
  284 825020023 825020196    173
  285 825020496 825020525     29
  286 825020825 825020975    150
  287 825021085 825021095     10
  288 825021395 825021726    331
  289 825022026 825022205    179
  290 825022506 825024117   1611
  291 825024227 825024312     85
  292 825024612 825025492    880
  293 825025540 825026213    673
  294 825026323 825026403     80
  295 825026703 825027755   1052
  296 825028055 825028138     83
  297 825028248 825028376    128
  298 825028799 825029254    455
  299 825029554 825030100    546
  300 825030400 825031128    728
  301 825031465 825032010    545
  302 825032369 825032708    339
  303 825033008 825034435   1427
  304 825034491 825035243    752
  305 825035749 825035751      2
  306 825035861 825044164   8303
  307 825044862 825045786    924
  308 825045896 825045985     89
  309 825046285 825047048    763
  310 825047348 825047994    646
  311 825048617 825050129   1512
  312 825050567 825050821    254
  313 825051378 825074788  23410
  314 825074844 825089294  14450
  315 825089404 825089757    353
  316 825090057 825092515   2458
  317 825092563 825093208    645
  318 825093318 825093386     68
  319 825093686 825093768     82
  320 825093878 825093998    120
  321 825094298 825097664   3366
  322 825098112 825101849   3737
  323 825105567 825105597     30
  324 825106133 825106267    134
  325 825106571 825107409    838
  326 825108373 825109129    756
  327 825109312 825109980    668
  328 825110090 825110128     38
  329 825110428 825110730    302
  330 825117071 825119704   2633
  331 825120181 825120461    280
  332 825120761 825126932   6171
  333 825126995 825150226  23231
  334 825150659 825150818    159
  335 825150928 825151187    259
  336 825151487 825151639    152
  337 825151749 825152900   1151
  338 825153200 825165396  12196
  339 825165444 825170473   5029
  340 825175459 825177817   2358
  341 825204167 825204813    646
  342 825205113 825208204   3091
  343 825208607 825213907   5300
  344 825219025 825220564   1539
  345 825220611 825240571  19960
  346 825240871 825245420   4549
  347 825245467 825246076    609
  348 825403803 825407948   4145
  349 825408076 825420676  12600
  350 825420731 825421168    437
  351 825421169 825428905   7736
  352 825429015 825436901   7886
  353 825437201 825437422    221
  354 825437788 825437912    124
  355 825438022 825441494   3472
  356 825441794 825441984    190
  357 825443193 825445231   2038
  358 825445277 825448424   3147
  359 825448556 825448573     17
  360 825448873 825450792   1919
  361 825450886 825456237   5351
  362 825456503 825458938   2435
  363 825468294 825471092   2798
  364 825471140 825482091  10951
  365 825482147 825482207     60
  366 825484706 825484738     32
  367 825485038 825485209    171
  368 825485319 825485441    122
  369 825485741 825496868  11127
  370 825496916 825516429  19513
  371 825517016 825519845   2829
  372 825519955 825520151    196
  373 825520451 825522740   2289
  374 825522796 825526362   3566
  375 825526563 825528668   2105
  376 825534332 825539985   5653
  377 825541382 825545364   3982
  378 825545573 825545861    288
  379 825546686 825546976    290
  380 825547484 825554920   7436
  381 825555920 825557828   1908
  382 825557876 825579040  21164
  383 825579150 825579968    818
  384 825580432 825581728   1296
  385 825585263 825587855   2592
  386 825588155 825588156      1
  387 825588385 825589802   1417
  388 825590102 825590168     66
  389 825590278 825590523    245
  390 825597440 825605398   7958
  391 825605508 825606835   1327
  392 825607135 825607182     47
  393 825607586 825609390   1804
  394 825610395 825610681    286
  395 825610791 825611447    656
  396 825611747 825615025   3278
  397 825617321 825622836   5515
  398 825622964 825633124  10160
  399 825633171 825639972   6801
  400 825640035 825645178   5143
  401 825645180 825654162   8982
  402 825656828 825656839     11
  403 825657186 825666660   9474
  404 825666723 825691636  24913
  405 825691763 825696108   4345
  406 825697158 825697374    216
  407 825697484 825699093   1609
  408 825699393 825702880   3487
  409 825702990 825703936    946
  410 825704236 825711345   7109
  411 825711455 825711567    112
  412 825711867 825712020    153
  413 825712130 825712188     58
  414 825712488 825720226   7738
  415 825720346 825722259   1913
  416 825722407 825724029   1622
  417 825724031 825732350   8319
  418 825732404 825739602   7198
  419 825750502 825764349  13847
  420 825766094 825770400   4306
  421 825772269 825781374   9105
  422 825781484 825782003    519
  423 825782303 825782408    105
  424 825821123 825822791   1668
  425 825824272 825824669    397
  426 825824783 825826796   2013
  427 825826844 825841312  14468
  428 825841612 825868139  26527
  429 825868187 825869170    983
  430 825869172 825873487   4315
  431 825877604 825880411   2807
  432 825882309 825882524    215
  433 825882824 825884500   1676
  434 825884548 825889324   4776
  435 825895472 825897062   1590
  436 825897362 825898706   1344
  437 825899536 825899859    323
  438 825900522 825900781    259
  439 825900891 825903157   2266
  440 825903457 825904459   1002
  441 825904569 825904591     22
  442 825905793 825906152    359
  443 825906475 825906649    174
  444 825906759 825906820     61
  445 825907251 825910190   2939
  446 825910300 825911902   1602
  447 825912202 825912817    615
  448 825912927 825913193    266
  449 825913759 825913839     80
  450 825913972 825914897    925
  451 825940962 825941096    134
  452 825941872 825941896     24
  453 825942006 825942007      1
  454 825942471 825943587   1116
  455 825943635 825944817   1182
  456 825944927 825946164   1237
  457 825946464 825956642  10178
  458 825962313 825962409     96
  459 825962519 825962556     37
  460 825962856 825965882   3026
  461 825966228 825966708    480
  462 825967025 825970922   3897
  463 825971513 825975556   4043
  464 825975856 825987649  11793
  465 825989023 825989521    498
  466 825989821 825991598   1777
  467 825992014 826000504   8490
  468 826000804 826002023   1219
  469 826002323 826013042  10719
  470 826013098 826014462   1364
  471 826014572 826015145    573
  472 826015445 826015459     14
  473 826015569 826015738    169
  474 826016038 826017039   1001
  475 826017339 826043546  26207
  476 826043602 826047482   3880
  477 826047628 826059507  11879
  478 826059555 826062218   2663
  479 826079504 826083568   4064
  480 826083868 826083963     95
  481 826084026 826092500   8474
  482 826092610 826092662     52
  483 826092962 826093659    697
  484 826093769 826093901    132
  485 826094201 826107228  13027
  486 826107283 826111613   4330
  487 826111723 826112205    482
  488 826112764 826126931  14167
  489 826126987 826127321    334
  490 826127431 826128734   1303
  491 826129034 826129166    132
  492 826129654 826135512   5858
  493 826135622 826136345    723
  494 826136645 826137074    429
  495 826137476 826142164   4688
  496 826142584 826143752   1168
  497 826144181 826150355   6174
  498 826150419 826169183  18764
  499 826169293 826171109   1816
  500 826171409 826172386    977
  501 826172496 826172598    102
  502 826173089 826176771   3682
  503 826194368 826194387     19
  504 826195144 826195200     56
  505 826195310 826196412   1102
  506 826197095 826222941  25846
  507 826223003 826229112   6109
  508 826234942 826236963   2021
  509 826237263 826241163   3900
  510 826241211 826248090   6879
  511 826248138 826260144  12006
  512 826260254 826260397    143
  513 826260697 826265001   4304
  514 826265111 826265318    207
  515 826265618 826265812    194
  516 826266401 826266985    584
  517 826267095 826267621    526
  518 826267921 826268783    862
  519 826269191 826270589   1398
  520 826270699 826271062    363
  521 826271812 826271838     26
  522 826274285 826275622   1337
  523 826275732 826276399    667
  524 826276699 826277397    698
  525 826277507 826280111   2604
  526 826280411 826280701    290
  527 826281001 826281005      4
  528 826281115 826281247    132
  529 826281547 826288371   6824
  530 826288434 826296379   7945
  531 826296427 826310192  13765
  532 826310195 826316089   5894
  533 826324002 826326646   2644
  534 826332770 826339639   6869
  535 826339749 826339791     42
  536 826340267 826340268      1
  537 826340568 826341333    765
  538 826341633 826341995    362
  539 826342935 826347025   4090
  540 826347135 826347591    456
  541 826347891 826352539   4648
  542 826352603 826355768   3165
  543 826356068 826356502    434
  544 826365657 826368286   2629
  545 826368586 826377155   8569
  546 826377210 826380811   3601
  547 826384559 826387526   2967
  548 826434933 826437088   2155
  549 826437134 826439473   2339
  550 826439583 826439713    130
  551 826440013 826440981    968
  552 826441091 826443260   2169
  553 826443560 826443851    291
  554 826443961 826444101    140
  555 826444401 826445411   1010
  556 826445521 826445576     55
  557 826445876 826448328   2452
  558 826448391 826457855   9464
  559 826457903 826466255   8352
  560 826466304 826467311   1007
  561 826468188 826468350    162
  562 826468460 826468485     25
  563 826469076 826469839    763
  564 826473302 826473831    529
  565 826473879 826478477   4598
  566 826481668 826489449   7781
  567 826491598 826497018   5420
  568 826497128 826497333    205
  569 826497633 826507294   9661
  570 826507602 826512008   4406
  571 826512064 826542688  30624
  572 826542735 826547941   5206
  573 826553416 826554052    636
  574 826554162 826555872   1710
  575 826564401 826564541    140
  576 826565254 826568831   3577
  577 826568944 826569539    595
  578 826569649 826569713     64
  579 826570013 826570706    693
  580 826570816 826571508    692
  581 826571701 826572013    312
  582 826572313 826573648   1335
  583 826573948 826580393   6445
  584 826580693 826582931   2238
  585 826583231 826593271  10040
  586 826593399 826602544   9145
  587 826602844 826622751  19907
  588 826622808 826626511   3703
  589 826626811 826626914    103
  590 826627374 826628575   1201
  591 826628631 826640996  12365
  592 826641106 826641119     13
  593 826641419 826642204    785
  594 826642550 826643595   1045
  595 826645094 826658331  13237
  596 826659118 826660455   1337
  597 826660519 826660794    275
  598 826661094 826666681   5587
  599 826673817 826674567    750
  600 826674615 826681296   6681
  601 826681406 826681425     19
  602 826681725 826681755     30
  603 826682402 826685365   2963
  604 826685665 826686358    693
  605 826686782 826693292   6510
  606 826693356 826700204   6848
  607 826700653 826707748   7095
  608 826707877 826709211   1334
  609 826709321 826709402     81
  610 826709702 826717364   7662
  611 826717794 826718226    432
  612 826718856 826722372   3516
  613 826722420 826724400   1980
  614 826724702 826730476   5774
  615 826732906 826737892   4986
  616 826737940 826739235   1295
  617 826739370 826744905   5535
  618 826745015 826746282   1267
  619 826746779 826748908   2129
  620 826748957 826795044  46087
  621 826795100 826801395   6295
  622 826801695 826804228   2533
  623 826804338 826805043    705
  624 826805343 826810512   5169
  625 826812562 826812879    317
  626 826816794 826829256  12462
  627 826829556 826829561      5
  628 826830145 826830177     32
  629 826830287 826830982    695
  630 826831282 826833348   2066
  631 826833412 826850015  16603
  632 826850328 826852292   1964
  633 826852339 826852628    289
  634 826859116 826868844   9728
  635 826868900 826891788  22888
  636 826891844 826897260   5416
  637 826897318 826910548  13230
  638 826910597 826916132   5535
  639 826916196 826920366   4170
  640 826928086 826953284  25198
  641 826953340 826958915   5575
  642 826960327 826962971   2644
  643 826963027 826965998   2971
  644 826968174 826982540  14366
  645 826982677 826992290   9613
  646 827025204 827026347   1143
  647 827026396 827031819   5423
  648 827032502 827041174   8672
  649 827043925 827045741   1816
  650 827045797 827071530  25733
  651 827071684 827075292   3608
  652 827075436 827082707   7271
  653 827086885 827089345   2460
  654 827089403 827089674    271
  655 827089784 827090526    742
  656 827092406 827092716    310
  657 827094659 827097972   3313
  658 827098037 827101432   3395
  659 827101832 827104659   2827
  660 827104959 827115506  10547
  661 827115806 827123668   7862
  662 827123724 827156262  32538
  663 827156562 827158180   1618
  664 827158228 827161485   3257
  665 827164157 827166484   2327
  666 827166540 827175126   8586
  667 827178045 827189397  11352
  668 827189507 827189515      8
  669 827190022 827192291   2269
  670 827192339 827237158  44819
  671 827239912 827243571   3659
  672 827243619 827247607   3988
  673 827247907 827250132   2225
  674 827250242 827250319     77
  675 827250619 827250709     90
  676 827251009 827251045     36
  677 827251386 827255692   4306
  678 827255802 827255862     60
  679 827256162 827260242   4080
  680 827260346 827266099   5753
  681 827266147 827267500   1353
  682 827269402 827274917   5515
  683 827275217 827277334   2117
  684 827277444 827278422    978
  685 827278880 827291605  12725
  686 827295526 827303171   7645
  687 827303235 827311699   8464
  688 827311762 827332757  20995
  689 827332803 827352683  19880
  690 827357728 827364347   6619
  691 827364457 827364546     89
  692 827364846 827366216   1370
  693 827366326 827366414     88
  694 827366714 827367117    403
  695 827367179 827369423   2244
  696 827369533 827369610     77
  697 827369910 827370466    556
  698 827370772 827373600   2828
  699 827373959 827375189   1230
  700 827375299 827375730    431
  701 827376030 827378591   2561
  702 827378701 827379603    902
  703 827379903 827385379   5476
  704 827385679 827386041    362
  705 827386341 827389947   3606
  706 827389995 827409185  19190
  707 827409945 827420677  10732
  708 827420739 827428542   7803
  709 827429996 827452387  22391
  710 827452436 827461847   9411
  711 827462260 827464892   2632
  712 827465303 827466463   1160
  713 827466776 827484723  17947
  714 827484787 827490852   6065
  715 827490907 827503755  12848
  716 827504055 827510722   6667
  717 827510724 827513028   2304
  718 827513030 827513050     20
  719 827520565 827523667   3102
  720 827523715 827528548   4833
  721 827528848 827536973   8125
  722 827537273 827555299  18026
  723 827555356 827555663    307
  724 827556093 827571803  15710
  725 827571859 827586051  14192
  726 827586170 827588360   2190
  727 827591185 827597287   6102
  728 827611031 827611130     99
  729 827611573 827617128   5555
  730 827617235 827618210    975
  731 827620359 827625264   4905
  732 827625390 827643535  18145
  733 827643583 827684488  40905
  734 827684550 827687406   2856
  735 827689435 827693150   3715
  736 827693450 827694151    701
  737 827694206 827696427   2221
  738 827696727 827698162   1435
  739 827698462 827706857   8395
  740 827706967 827707067    100
  741 827707367 827742446  35079
  742 827742510 827752151   9641
  743 827752199 827768975  16776
  744 827769023 827771566   2543
  745 827771676 827772073    397
  746 827772373 827772422     49
  747 827772757 827772934    177
  748 827773356 827777993   4637
  749 827778144 827779975   1831
  750 827780030 827783836   3806
  751 827785268 827786477   1209
  752 827786780 827791404   4624
  753 827791704 827793108   1404
  754 827793492 827794594   1102
  755 827794894 827795728    834
  756 827795783 827804175   8392
  757 827804222 827817718  13496
  758 827820324 827826360   6036
  759 827826423 827833038   6615
  760 827833040 827849217  16177
  761 827854488 827858761   4273
  762 827858833 827865042   6209
  763 827865088 827868872   3784
  764 827869310 827876386   7076
  765 827876731 827879071   2340
  766 827879127 827882111   2984
  767 827882411 827887455   5044
  768 827887519 827893115   5596
  769 827893177 827921742  28565
  770 827922151 827924927   2776
  771 827924974 827934471   9497
  772 827934527 827942879   8352
  773 827942927 827945828   2901
  774 827945938 827946399    461
  775 827946699 827948288   1589
  776 827948351 827958471  10120
  777 827958527 827970799  12272
  778 827970927 827971455    528
  779 827971565 827971626     61
  780 827971926 827978416   6490
  781 827978480 827980584   2104
  782 827980884 827987294   6410
  783 827989660 828002424  12764
  784 828002471 828016183  13712
  785 828016239 828018016   1777
  786 828018017 828021258   3241
  787 828021837 828033860  12023
  788 828033914 828037969   4055
  789 828038394 828038444     50
  790 828038554 828039288    734
  791 828039588 828039724    136
  792 828039834 828040044    210
  793 828040344 828041324    980
  794 828042211 828049066   6855
  795 828049068 828054175   5107
  796 828054223 828077815  23592
  797 828077871 828095584  17713
  798 828095647 828112239  16592
  799 828135455 828138217   2762
  800 828138517 828148987  10470
  801 828149341 828153387   4046
  802 828162854 828163577    723
  803 828163687 828163779     92
  804 828164079 828167310   3231
  805 828168009 828169973   1964
  806 828169975 828170897    922
  807 828171232 828172795   1563
  808 828173413 828173452     39
  809 828173752 828174262    510
  810 828174372 828174445     73
  811 828175469 828178463   2994
  812 828178928 828179066    138
  813 828179176 828180340   1164
  814 828180640 828182014   1374
  815 828182314 828185897   3583
  816 828186197 828186680    483
  817 828186980 828190660   3680
  818 828191101 828191800    699
  819 828191910 828192022    112
  820 828192443 828192634    191
  821 828229006 828230855   1849
  822 828230911 828233681   2770
  823 828233791 828234862   1071
  824 828235162 828239227   4065
  825 828239337 828239500    163
  826 828239800 828242823   3023
  827 828242887 828246222   3335
  828 828257369 828265751   8382
  829 828266051 828272189   6138
  830 828272245 828281357   9112
  831 828281420 828281973    553
  832 828282273 828284926   2653
  833 828340389 828342784   2395
  834 828347390 828347394      4
  835 828347504 828347557     53
  836 828347857 828357928  10071
  837 828360736 828360955    219
  838 828364150 828365344   1194
  839 828365390 828365427     37
  840 828365609 828367855   2246
  841 828440157 828457730  17573
  842 828458030 828459058   1028
  843 828459380 828462081   2701
  844 828513668 828527880  14212
  845 828528180 828537202   9022
  846 828537870 828543547   5677
  847 828589203 828589617    414
  848 828589660 828591124   1464
  849 828591424 828615880  24456
  850 828618282 828619872   1590
