    1 823410809 823423455  12646
    2 823424708 823451061  26353
    3 823517412 823517622    210
    4 823517677 823525934   8257
    5 823525998 823531521   5523
    6 823601122 823614801  13679
    7 823616912 823617779    867
    8 823699942 823711814  11872
    9 823773035 823773428    393
   10 823780386 823784427   4041
   11 823784430 823784674    244
   12 823785377 823785580    203
   13 823785812 823785954    142
   14 823786018 823789419   3401
   15 823790218 823792681   2463
   16 823793570 823795395   1825
   17 823795450 823800477   5027
   18 823801409 823803200   1791
   19 823858273 823862379   4106
   20 823866491 823870754   4263
   21 823872504 823873683   1179
   22 823873731 823875899   2168
   23 823878023 823883807   5784
   24 823941723 823948628   6905
   25 823948676 823963464  14788
   26 824035044 824035228    184
   27 824035276 824049536  14260
   28 824117813 824118664    851
   29 824119118 824128996   9878
   30 824129044 824137067   8023
   31 824203440 824207325   3885
   32 824207380 824208097    717
   33 824208117 824211914   3797
   34 824213339 824214388   1049
   35 824216351 824217054    703
   36 824218364 824219383   1019
   37 824219783 824220201    418
   38 824220734 824223925   3191
   39 824361211 824361351    140
   40 824363312 824371241   7929
   41 824371398 824375157   3759
   42 824375221 824385140   9919
   43 824385268 824390219   4951
   44 824395082 824397536   2454
   45 824408744 824409150    406
   46 824409920 824411889   1969
   47 824458123 824461527   3404
   48 824461571 824461837    266
   49 824461840 824461918     78
   50 824462556 824470795   8239
   51 824470843 824490395  19552
   52 824491366 824494649   3283
   53 824496618 824496780    162
   54 824496828 824501170   4342
   55 824503637 824503820    183
   56 824504220 824504291     71
   57 824504292 824511307   7015
   58 824511600 824512130    530
   59 824512612 824512715    103
   60 824515606 824516404    798
   61 824516452 824526036   9584
   62 824526084 824547404  21320
   63 824547452 824555660   8208
   64 824555724 824568843  13119
   65 824591331 824591507    176
   66 824591509 824591733    224
   67 824592053 824592058      5
   68 824592458 824592606    148
   69 824593008 824596208   3200
   70 824598819 824604235   5416
   71 824607208 824609141   1933
   72 824611031 824615708   4677
   73 824615828 824618447   2619
   74 824621228 824629448   8220
   75 824629768 824631056   1288
   76 824664694 824667678   2984
   77 824668078 824668404    326
   78 824669431 824669560    129
   79 824670686 824671432    746
   80 824673478 824674167    689
   81 824675684 824676237    553
   82 824680902 824681124    222
   83 824681243 824682983   1740
   84 824684705 824686077   1372
   85 824690769 824693661   2892
   86 824694061 824694228    167
   87 824695911 824716172  20261
   88 824716220 824720639   4419
   89 824778001 824778032     31
   90 824779123 824780220   1097
   91 824780268 824791732  11464
   92 824791788 824792067    279
   93 824792923 824798964   6041
   94 824799011 824807198   8187
   95 824820405 824825526   5121
   96 824828013 824831042   3029
   97 824831442 824833078   1636
   98 824834302 824837875   3573
   99 824839158 824839910    752
  100 824839964 824842031   2067
  101 824843064 824844782   1718
  102 824845199 824846434   1235
  103 824848477 824855318   6841
  104 824858041 824858217    176
  105 824859181 824863861   4680
  106 824894426 824894580    154
  107 824894627 824904768  10141
  108 824905022 824907000   1978
  109 824907070 824911148   4078
  110 824911268 824925388  14120
  111 824925451 824932250   6799
  112 824935898 824937530   1632
  113 824986270 824988068   1798
  114 824988116 824991125   3009
  115 824993278 824996750   3472
  116 825008377 825011300   2923
  117 825011605 825014678   3073
  118 825018374 825019062    688
  119 825052227 825052549    322
  120 825052699 825058128   5429
  121 825058205 825061206   3001
  122 825061267 825061809    542
  123 825062031 825066446   4415
  124 825066591 825072000   5409
  125 825072119 825074788   2669
  126 825074843 825085681  10838
  127 825085958 825089271   3313
  128 825091703 825092515    812
  129 825092563 825093185    622
  130 825095827 825097901   2074
  131 825098625 825101603   2978
  132 825102307 825104032   1725
  133 825104432 825105138    706
  134 825108374 825109957   1583
  135 825112403 825114241   1838
  136 825117050 825119821   2771
  137 825121379 825124451   3072
  138 825125225 825126932   1707
  139 825126995 825150242  23247
  140 825154329 825165396  11067
  141 825165444 825170486   5042
  142 825171360 825171364      4
  143 825171764 825171982    218
  144 825172302 825172487    185
  145 825172887 825174046   1159
  146 825174366 825174367      1
  147 825174767 825177721   2954
  148 825205805 825208377   2572
  149 825209598 825213913   4315
  150 825215245 825215716    471
  151 825216623 825220564   3941
  152 825220611 825240611  20000
  153 825241882 825245420   3538
  154 825245467 825245715    248
  155 825250425 825250559    134
  156 825250879 825252789   1910
  157 825253189 825253632    443
  158 825253952 825254190    238
  159 825254414 825254708    294
  160 825255211 825255305     94
  161 825255705 825255862    157
  162 825256182 825256519    337
  163 825256919 825257036    117
  164 825257569 825257859    290
  165 825259724 825260313    589
  166 825261000 825261917    917
  167 825262535 825262582     47
  168 825263927 825263940     13
  169 825264438 825264858    420
  170 825265288 825265560    272
  171 825266124 825266518    394
  172 825266838 825267946   1108
  173 825268346 825268486    140
  174 825278301 825278824    523
  175 825279224 825279969    745
  176 825283968 825284799    831
  177 825285378 825285493    115
  178 825286010 825286015      5
  179 825286717 825287675    958
  180 825288830 825290094   1264
  181 825290510 825291116    606
  182 825291534 825291662    128
  183 825294242 825294572    330
  184 825295589 825296255    666
  185 825297785 825299196   1411
  186 825308127 825309091    964
  187 825309411 825309456     45
  188 825310458 825312485   2027
  189 825313649 825318431   4782
  190 825322687 825323029    342
  191 825323742 825323892    150
  192 825324605 825325297    692
  193 825326158 825327981   1823
  194 825329819 825329872     53
  195 825330192 825330959    767
  196 825338354 825343160   4806
  197 825343187 825345457   2270
  198 825345459 825348134   2675
  199 825348136 825348156     20
  200 825348158 825348605    447
  201 825377545 825377976    431
  202 825383339 825383388     49
  203 825384812 825384872     60
  204 825385457 825386092    635
  205 825394976 825396258   1282
  206 825396717 825396736     19
  207 825397056 825397244    188
  208 825397644 825397682     38
  209 825398002 825398144    142
  210 825398544 825400420   1876
  211 825401433 825407948   6515
  212 825408076 825420675  12599
  213 825420731 825428881   8150
  214 825444138 825445231   1093
  215 825445277 825448401   3124
  216 825449859 825458937   9078
  217 825467574 825471092   3518
  218 825471140 825481845  10705
  219 825486348 825496868  10520
  220 825496916 825516429  19513
  221 825521544 825522740   1196
  222 825522796 825528726   5930
  223 825534137 825539998   5861
  224 825540318 825540506    188
  225 825540906 825545640   4734
  226 825546194 825546407    213
  227 825547889 825557828   9939
  228 825557876 825579017  21141
  229 825592758 825592957    199
  230 825593861 825594132    271
  231 825594452 825594996    544
  232 825595396 825605375   9979
  233 825612393 825615157   2764
  234 825616540 825616852    312
  235 825616900 825622836   5936
  236 825622964 825633124  10160
  237 825633171 825639972   6801
  238 825640035 825654175  14140
  239 825654495 825655150    655
  240 825655550 825666660  11110
  241 825666723 825691636  24913
  242 825691763 825697350   5587
  243 825700117 825702857   2740
  244 825705005 825711321   6316
  245 825713282 825732350  19068
  246 825732405 825739615   7210
  247 825739935 825740048    113
  248 825744847 825747083   2236
  249 825747912 825748560    648
  250 825750273 825764156  13883
  251 825764896 825770144   5248
  252 825772030 825781351   9321
  253 825809668 825810410    742
  254 825811118 825812778   1660
  255 825812931 825814462   1531
  256 825814862 825815685    823
  257 825816087 825822429   6342
  258 825824273 825826796   2523
  259 825826844 825841415  14571
  260 825842368 825868140  25772
  261 825868187 825873716   5529
  262 825876357 825876817    460
  263 825876818 825880388   3570
  264 825883313 825884500   1187
  265 825884548 825889227   4679
  266 825898531 825898683    152
  267 825908198 825908322    124
  268 825908324 825908528    204
  269 825908530 825909059    529
  270 825909062 825909421    359
  271 825909423 825910085    662
  272 825910087 825910120     33
  273 825910122 825910160     38
  274 825910162 825910167      5
  275 825943279 825943286      7
  276 825943288 825943588    300
  277 825943636 825944794   1158
  278 825947854 825956358   8504
  279 825959156 825960613   1457
  280 825961967 825962142    175
  281 825964355 825965859   1504
  282 825966665 825970923   4258
  283 825971514 825975566   4052
  284 825976740 825978566   1826
  285 825978568 825987650   9082
  286 825992016 825998531   6515
  287 825998604 826000000   1396
  288 826003246 826010817   7571
  289 826010819 826013043   2224
  290 826013091 826014439   1348
  291 826016682 826017150    468
  292 826017759 826029332  11573
  293 826029334 826043547  14213
  294 826043603 826059508  15905
  295 826059556 826062477   2921
  296 826067256 826069791   2535
  297 826070191 826070385    194
  298 826071618 826071907    289
  299 826073027 826074663   1636
  300 826078086 826078968    882
  301 826080649 826083619   2970
  302 826085017 826092477   7460
  303 826094903 826101061   6158
  304 826101062 826107229   6167
  305 826107284 826111591   4307
  306 826114755 826126924  12169
  307 826126988 826127298    310
  308 826130124 826135489   5365
  309 826138554 826138666    112
  310 826139519 826142154   2635
  311 826146811 826148823   2012
  312 826150137 826150356    219
  313 826150412 826150641    229
  314 826150642 826169160  18518
  315 826172078 826172363    285
  316 826174029 826176783   2754
  317 826177333 826177628    295
  318 826178128 826178139     11
  319 826179184 826179506    322
  320 826180198 826180304    106
  321 826180858 826181050    192
  322 826181370 826181432     62
  323 826181832 826182017    185
  324 826187694 826189239   1545
  325 826189788 826190475    687
  326 826191040 826191164    124
  327 826191567 826194444   2877
  328 826197924 826222942  25018
  329 826223004 826229364   6360
  330 826231497 826231716    219
  331 826231779 826232261    482
  332 826233047 826237047   4000
  333 826237049 826237051      2
  334 826237852 826241156   3304
  335 826241212 826248092   6880
  336 826248140 826260121  11981
  337 826262669 826264978   2309
  338 826274883 826275599    716
  339 826282042 826288372   6330
  340 826288435 826296380   7945
  341 826296428 826316338  19910
  342 826322469 826322583    114
  343 826323300 826326897   3597
  344 826328623 826329226    603
  345 826329626 826339616   9990
  346 826341045 826341442    397
  347 826343325 826347002   3677
  348 826349274 826352540   3266
  349 826352596 826355807   3211
  350 826361789 826361858     69
  351 826362258 826362318     60
  352 826363320 826368287   4967
  353 826369307 826377156   7849
  354 826377203 826380453   3250
  355 826383613 826387313   3700
  356 826410751 826410795     44
  357 826411195 826411348    153
  358 826411668 826411669      1
  359 826412069 826412195    126
  360 826412600 826412654     54
  361 826430474 826437085   6611
  362 826437132 826439450   2318
  363 826446442 826448332   1890
  364 826448388 826457852   9464
  365 826457900 826466252   8352
  366 826466300 826468327   2027
  367 826470197 826471099    902
  368 826471499 826473828   2329
  369 826473876 826478602   4726
  370 826479601 826480358    757
  371 826480758 826489092   8334
  372 826490594 826491531    937
  373 826491533 826491534      1
  374 826491536 826496996   5460
  375 826498709 826507271   8562
  376 826508174 826512006   3832
  377 826512068 826542371  30303
  378 826543395 826547954   4559
  379 826548274 826548905    631
  380 826551426 826551833    407
  381 826552233 826554029   1796
  382 826563262 826564561   1299
  383 826565582 826568636   3054
  384 826568638 826569089    451
  385 826569091 826569516    425
  386 826573008 826573735    727
  387 826574287 826580389   6102
  388 826581086 826582942   1856
  389 826583649 826586305   2656
  390 826586307 826586751    444
  391 826586753 826593268   6515
  392 826593405 826602648   9243
  393 826603740 826622748  19008
  394 826622812 826626601   3789
  395 826628501 826628572     71
  396 826628636 826640973  12337
  397 826641817 826642190    373
  398 826642903 826643240    337
  399 826645091 826648093   3002
  400 826648095 826658308  10213
  401 826659119 826660460   1341
  402 826660516 826660931    415
  403 826661962 826666820   4858
  404 826670429 826670802    373
  405 826671330 826673001   1671
  406 826673003 826674565   1562
  407 826674620 826681239   6619
  408 826688264 826693292   5028
  409 826693356 826700209   6853
  410 826701367 826707748   6381
  411 826707885 826709188   1303
  412 826710267 826717519   7252
  413 826718191 826718262     71
  414 826719448 826722372   2924
  415 826722420 826724377   1957
  416 826725361 826727494   2133
  417 826727495 826730127   2632
  418 826733464 826737892   4428
  419 826737940 826744882   6942
  420 826747456 826748908   1452
  421 826748956 826795046  46090
  422 826795100 826801519   6419
  423 826802736 826804205   1469
  424 826806156 826810524   4368
  425 826810844 826811159    315
  426 826811559 826812892   1333
  427 826813212 826813308     96
  428 826814370 826814475    105
  429 826814795 826814899    104
  430 826815299 826829283  13984
  431 826832007 826833348   1341
  432 826833412 826852292  18880
  433 826852339 826852627    288
  434 826855821 826856983   1162
  435 826857383 826857903    520
  436 826858391 826868846  10455
  437 826868901 826891788  22887
  438 826891845 826897260   5415
  439 826897316 826910548  13232
  440 826910595 826916132   5537
  441 826916196 826920270   4074
  442 826925517 826925708    191
  443 826926108 826926452    344
  444 826927029 826928734   1705
  445 826928735 826953285  24550
  446 826953340 826958668   5328
  447 826959444 826962965   3521
  448 826963027 826965756   2729
  449 826966330 826966423     93
  450 826966986 826982540  15554
  451 826982676 826992406   9730
  452 827015025 827015234    209
  453 827015554 827015641     87
  454 827016041 827016296    255
  455 827016616 827017028    412
  456 827017428 827017487     59
  457 827018577 827018878    301
  458 827019198 827019338    140
  459 827023611 827024061    450
  460 827025512 827026348    836
  461 827026395 827031797   5402
  462 827033064 827041428   8364
  463 827043187 827045740   2553
  464 827045796 827082759  36963
  465 827086226 827089346   3120
  466 827092503 827092977    474
  467 827093933 827097973   4040
  468 827098036 827101409   3373
  469 827102446 827104816   2370
  470 827105369 827115548  10179
  471 827119084 827123668   4584
  472 827123725 827156378  32653
  473 827157495 827158180    685
  474 827158228 827161421   3193
  475 827161821 827162979   1158
  476 827163933 827166486   2553
  477 827166540 827173527   6987
  478 827173529 827175138   1609
  479 827175458 827176001    543
  480 827176401 827189374  12973
  481 827190602 827192285   1683
  482 827192340 827236227  43887
  483 827236228 827237092    864
  484 827237492 827238077    585
  485 827238524 827238538     14
  486 827238971 827243572   4601
  487 827243620 827247725   4105
  488 827248509 827250053   1544
  489 827250054 827250109     55
  490 827251899 827255669   3770
  491 827256543 827258397   1854
  492 827258400 827266100   7700
  493 827266148 827267399   1251
  494 827268736 827274954   6218
  495 827280304 827291855  11551
  496 827294895 827295508    613
  497 827295572 827303172   7600
  498 827303236 827311700   8464
  499 827311765 827332358  20593
  500 827332359 827332756    397
  501 827332805 827352934  20129
  502 827354685 827355923   1238
  503 827356458 827364324   7866
  504 827370304 827370444    140
  505 827371463 827373577   2114
  506 827377783 827378568    785
  507 827385358 827385424     66
  508 827387164 827389940   2776
  509 827389996 827420677  30681
  510 827420740 827424038   3298
  511 827424039 827452380  28341
  512 827452436 827459095   6659
  513 827459097 827459607    510
  514 827459609 827462019   2410
  515 827462762 827465071   2309
  516 827465785 827466440    655
  517 827467529 827484726  17197
  518 827484788 827490848   6060
  519 827490910 827503821  12911
  520 827504769 827512939   8170
  521 827514491 827514936    445
  522 827515256 827515340     84
  523 827515740 827516195    455
  524 827516952 827517903    951
  525 827520581 827523668   3087
  526 827523715 827528690   4975
  527 827529571 827536971   7400
  528 827538185 827555300  17115
  529 827555355 827571157  15802
  530 827571159 827571806    647
  531 827571852 827586045  14193
  532 827586171 827588617   2446
  533 827590058 827591077   1019
  534 827591080 827597289   6209
  535 827611575 827618470   6895
  536 827619540 827619633     93
  537 827620930 827625268   4338
  538 827625386 827643539  18153
  539 827643587 827684492  40905
  540 827684546 827687631   3085
  541 827694281 827696496   2215
  542 827697076 827698182   1106
  543 827698827 827706834   8007
  544 827707915 827742450  34535
  545 827742506 827752155   9649
  546 827752202 827768971  16769
  547 827769019 827769874    855
  548 827770013 827771543   1530
  549 827773716 827779971   6255
  550 827780034 827782477   2443
  551 827782479 827783772   1293
  552 827785085 827786454   1369
  553 827787236 827791513   4277
  554 827792432 827793085    653
  555 827793898 827794742    844
  556 827795251 827795723    472
  557 827795787 827804171   8384
  558 827804226 827813284   9058
  559 827813285 827817718   4433
  560 827819647 827826363   6716
  561 827826419 827847293  20874
  562 827847599 827849108   1509
  563 827853949 827859533   5584
  564 827859695 827862602   2907
  565 827862651 827865038   2387
  566 827865091 827865449    358
  567 827865491 827865492      1
  568 827865520 827865648    128
  569 827865698 827867913   2215
  570 827867971 827868877    906
  571 827869825 827874125   4300
  572 827874208 827876363   2155
  573 827877372 827879067   1695
  574 827879131 827882096   2965
  575 827883085 827887451   4366
  576 827887515 827893118   5603
  577 827893173 827906172  12999
  578 827906406 827921719  15313
  579 827923298 827924931   1633
  580 827924978 827925629    651
  581 827925630 827934475   8845
  582 827934523 827942883   8360
  583 827942931 827945805   2874
  584 827947586 827948291    705
  585 827948347 827958467  10120
  586 827958530 827969873  11343
  587 827970007 827970803    796
  588 827970923 827971432    509
  589 827973240 827978420   5180
  590 827978475 827980679   2204
  591 827981917 827987161   5244
  592 827987626 827987822    196
  593 827988302 827989347   1045
  594 827989410 828002419  13009
  595 828002467 828016179  13712
  596 828016242 828033856  17614
  597 828033917 828038085   4168
  598 828040821 828041301    480
  599 828042173 828043541   1368
  600 828043896 828051548   7652
  601 828051702 828054179   2477
  602 828054227 828056101   1874
  603 828056102 828077819  21717
  604 828077866 828095587  17721
  605 828095651 828112497  16846
  606 828116725 828117685    960
  607 828121642 828122373    731
  608 828122773 828123381    608
  609 828124193 828126046   1853
  610 828126330 828126428     98
  611 828126592 828126953    361
  612 828127014 828127754    740
  613 828134180 828138354   4174
  614 828138944 828148983  10039
  615 828149116 828153066   3950
  616 828154671 828156321   1650
  617 828157452 828157475     23
  618 828157967 828158155    188
  619 828165138 828167437   2299
  620 828170357 828170874    517
  621 828176226 828178597   2371
  622 828181661 828182088    427
  623 828182779 828185918   3139
  624 828186704 828186797     93
  625 828187587 828190746   3159
  626 828191486 828191777    291
  627 828222067 828224608   2541
  628 828230103 828230851    748
  629 828230915 828233658   2743
  630 828242698 828242827    129
  631 828242883 828265870  22987
  632 828266890 828272187   5297
  633 828272251 828281363   9112
  634 828281426 828282068    642
  635 828282850 828283809    959
  636 828283918 828284939   1021
  637 828285259 828287832   2573
  638 828291141 828291632    491
  639 828299838 828302108   2270
  640 828302244 828303321   1077
  641 828303721 828304789   1068
  642 828305109 828305863    754
  643 828309352 828309966    614
  644 828311167 828311391    224
  645 828311848 828312197    349
  646 828312730 828313215    485
  647 828314910 828323546   8636
  648 828323946 828323947      1
  649 828324303 828337039  12736
  650 828337865 828338432    567
  651 828338919 828342797   3878
  652 828343117 828343151     34
  653 828343551 828344029    478
  654 828344349 828344419     70
  655 828344819 828345041    222
  656 828346250 828347371   1121
  657 828348780 828360419  11639
  658 828360467 828360677    210
  659 828361288 828361818    530
  660 828362589 828362706    117
  661 828363173 828364468   1295
  662 828364564 828366280   1716
  663 828366338 828366677    339
  664 828366755 828366853     98
  665 828367155 828367857    702
  666 828379397 828380057    660
  667 828381868 828382452    584
  668 828389005 828393158   4153
  669 828397445 828400187   2742
  670 828400951 828425241  24290
  671 828428006 828428589    583
  672 828429057 828429435    378
  673 828429835 828432604   2769
  674 828433180 828434482   1302
  675 828435473 828437511   2038
  676 828437924 828457799  19875
  677 828458686 828462093   3407
  678 828467413 828472469   5056
  679 828474811 828474818      7
  680 828474820 828475343    523
  681 828477517 828485083   7566
  682 828485831 828486466    635
  683 828489140 828490547   1407
  684 828491303 828500247   8944
  685 828500764 828503034   2270
  686 828505150 828511011   5861
  687 828511411 828516291   4880
  688 828516354 828525459   9105
  689 828525507 828527881   2374
  690 828528653 828531955   3302
  691 828532003 828537070   5067
  692 828537180 828543699   6519
  693 828543883 828545083   1200
  694 828545146 828551754   6608
  695 828552074 828554766   2692
  696 828557276 828557954    678
  697 828558557 828559985   1428
  698 828562529 828562532      3
  699 828563985 828564901    916
  700 828564903 828565381    478
  701 828565383 828566145    762
  702 828567788 828571042   3254
  703 828573795 828577955   4160
  704 828578703 828581296   2593
  705 828583138 828584764   1626
  706 828585886 828587622   1736
  707 828588122 828588525    403
  708 828589204 828591264   2060
  709 828591856 828602819  10963
  710 828602874 828612307   9433
  711 828612354 828619884   7530
  712 828620491 828621592   1101
  713 828622020 828622827    807
  714 828624750 828624843     93
  715 828625959 828625989     30
