    1 863561792 863564661   2869
    2 863591372 863595370   3998
    3 863595434 863615635  20201
    4 863615683 863624778   9095
    5 863624914 863631427   6513
    6 863631482 863635372   3890
    7 863635672 863636508    836
    8 863636729 863637059    330
    9 863639399 863643393   3994
   10 863656674 863665699   9025
   11 863665763 863666160    397
   12 863666162 863667815   1653
   13 863668115 863668380    265
   14 863668801 863669479    678
   15 863673357 863683663  10306
   16 863685001 863689099   4098
   17 863689162 863694731   5569
   18 863694778 863713122  18344
   19 863713170 863713663    493
   20 863713966 863715589   1623
   21 863715889 863718372   2483
   22 863718683 863719501    818
   23 863719611 863720311    700
   24 863720851 863721259    408
   25 863721369 863721700    331
   26 863722000 863728371   6371
   27 863728419 863734028   5609
   28 863734512 863734973    461
   29 863735273 863740154   4881
   30 863740210 863743559   3349
   31 863743927 863748219   4292
   32 863748283 863755347   7064
   33 863755395 863760367   4972
   34 863760822 863763323   2501
   35 863763451 863770507   7056
   36 863772906 863780715   7809
   37 863780778 863790003   9225
   38 863790067 863799068   9001
   39 863799122 863805585   6463
   40 863805695 863806323    628
   41 863806623 863810241   3618
   42 863810541 863819811   9270
   43 863819859 863830456  10597
   44 863830756 863831067    311
   45 863831177 863831481    304
   46 863845685 863848081   2396
   47 863848598 863862483  13885
   48 863862538 863874379  11841
   49 863874427 863879428   5001
   50 863880414 863881244    830
   51 863899234 863902451   3217
   52 863902514 863905821   3307
   53 863905823 863908803   2980
   54 863908859 863920450  11591
   55 863920506 863931136  10630
   56 863931415 863932101    686
   57 863932924 863938116   5192
   58 863938226 863938368    142
   59 863938668 863942203   3535
   60 863942251 863945503   3252
   61 863945803 863948394   2591
   62 863948442 863951342   2900
   63 863951452 863951546     94
   64 863951846 863955354   3508
   65 863955418 863963507   8089
   66 863963555 863965225   1670
   67 863965834 863966237    403
   68 863966537 863966538      1
   69 863966838 863966849     11
   70 863966959 863967691    732
   71 863967991 863969686   1695
   72 863969796 863971190   1394
   73 863971490 863971491      1
   74 863971647 863975324   3677
   75 863975624 863977652   2028
   76 863977982 863978999   1017
   77 863980125 863982186   2061
   78 863982322 863982658    336
   79 863983982 863984082    100
   80 863985229 863988931   3702
   81 863988986 863993557   4571
   82 863993859 864000883   7024
   83 864000939 864008738   7799
   84 864008786 864014655   5869
   85 864014765 864014919    154
   86 864015375 864015765    390
   87 864016065 864021323   5258
   88 864021370 864030483   9113
   89 864030547 864058700  28153
   90 864059885 864062667   2782
   91 864062833 864068355   5522
   92 864068410 864069037    627
   93 864070379 864077627   7248
   94 864077682 864094300  16618
   95 864094347 864107882  13535
   96 864107992 864108655    663
   97 864108955 864123707  14752
   98 864123771 864131983   8212
   99 864132330 864146468  14138
  100 864146578 864147612   1034
  101 864147912 864148373    461
  102 864148929 864149871    942
  103 864150203 864150235     32
  104 864150345 864151204    859
  105 864151408 864152452   1044
  106 864152752 864158570   5818
  107 864158919 864168506   9587
  108 864168806 864171315   2509
  109 864171363 864187354  15991
  110 864187418 864193841   6423
  111 864193951 864194487    536
  112 864194787 864224291  29504
  113 864224354 864230483   6129
  114 864230539 864241699  11160
  115 864241755 864252370  10615
  116 864252426 864253148    722
  117 864254897 864257735   2838
  118 864258927 864267200   8273
  119 864267310 864267719    409
  120 864268019 864270019   2000
  121 864270075 864272182   2107
  122 864272292 864273013    721
  123 864273489 864274509   1020
  124 864274619 864274761    142
  125 864275061 864280527   5466
  126 864280637 864280879    242
  127 864281179 864282506   1327
  128 864282562 864291155   8593
  129 864291211 864303578  12367
  130 864303642 864305568   1926
  131 864305868 864314452   8584
  132 864314883 864325230  10347
  133 864326713 864327997   1284
  134 864328602 864339033  10431
  135 864339496 864340013    517
  136 864340934 864341375    441
  137 864341616 864341726    110
  138 864353062 864353216    154
  139 864353415 864353531    116
  140 864353831 864354018    187
  141 864354406 864358555   4149
  142 864358611 864363194   4583
  143 864363196 864375483  12287
  144 864375546 864392844  17298
  145 864392898 864415959  23061
  146 864416325 864416329      4
  147 864416439 864416700    261
  148 864417230 864418222    992
  149 864418375 864421435   3060
  150 864421563 864428210   6647
  151 864428258 864433800   5542
  152 864435507 864436597   1090
  153 864436994 864437144    150
  154 864437444 864463863  26419
  155 864464497 864469571   5074
  156 864469699 864486082  16383
  157 864506081 864506246    165
  158 864506546 864507622   1076
  159 864507902 864510479   2577
  160 864510779 864521675  10896
  161 864521730 864529188   7458
  162 864529235 864551002  21767
  163 864551058 864562771  11713
  164 864562828 864577330  14502
  165 864577477 864585096   7619
  166 864585396 864585769    373
  167 864586439 864592254   5815
  168 864593820 864593952    132
  169 864595062 864596834   1772
  170 864596882 864600640   3758
  171 864600643 864600692     49
  172 864600694 864603722   3028
  173 864603787 864604554    767
  174 864604664 864605629    965
  175 864605929 864606637    708
  176 864607754 864607773     19
  177 864608173 864608706    533
  178 864608802 864612133   3331
  179 864613018 864627982  14964
  180 864628313 864641067  12754
  181 864641114 864664658  23544
  182 864664714 864671221   6507
  183 864671453 864673161   1708
  184 864674343 864676595   2252
  185 864676658 864678386   1728
  186 864678686 864696402  17716
  187 864696467 864708308  11841
  188 864708355 864714068   5713
  189 864714188 864726242  12054
  190 864726290 864740131  13841
  191 864740188 864746563   6375
  192 864746754 864750887   4133
  193 864752152 864753027    875
  194 864753327 864753332      5
  195 864754103 864754122     19
  196 864754422 864754434     12
  197 864754800 864755291    491
  198 864755347 864755859    512
  199 864755861 864760803   4942
  200 864760858 864761230    372
  201 864761530 864761531      1
  202 864761641 864762261    620
  203 864762561 864767459   4898
  204 864767515 864767657    142
  205 864768148 864771374   3226
  206 864771484 864771662    178
  207 864771962 864775939   3977
  208 864775941 864777318   1377
  209 864779342 864807963  28621
  210 864808011 864814268   6257
  211 864814330 864825763  11433
  212 864825819 864842691  16872
  213 864842748 864850699   7951
  214 864850762 864858768   8006
  215 864860156 864872011  11855
  216 864872067 864885468  13401
  217 864885588 864901828  16240
  218 864901891 864921588  19697
  219 864922152 864925003   2851
  220 864925068 864962905  37837
  221 864963207 864963358    151
  222 864963468 864963818    350
  223 864968791 864969231    440
  224 864969531 864975088   5557
  225 864975090 864984651   9561
  226 864984707 865015524  30817
  227 865016362 865019895   3533
  228 865020719 865028777   8058
  229 865030030 865030323    293
  230 865031749 865034964   3215
  231 865037349 865046285   8936
  232 865046287 865049427   3140
  233 865049490 865055715   6225
  234 865056075 865057134   1059
  235 865057920 865062755   4835
  236 865062756 865067259   4503
  237 865067315 865073443   6128
  238 865073499 865077926   4427
  239 865078057 865079282   1225
  240 865112470 865112635    165
  241 865114884 865115026    142
  242 865116577 865129351  12774
  243 865130017 865130286    269
  244 865130472 865134178   3706
  245 865134288 865135720   1432
  246 865136020 865137539   1519
  247 865137587 865146437   8850
  248 865146563 865163824  17261
  249 865163826 865172572   8746
  250 865172774 865180060   7286
  251 865180062 865181809   1747
  252 865181919 865182126    207
  253 865182426 865183437   1011
  254 865183547 865184305    758
  255 865184605 865184644     39
  256 865184944 865184984     40
  257 865189081 865189237    156
  258 865189347 865189695    348
  259 865189995 865190054     59
  260 865193408 865193490     82
  261 865194102 865194365    263
  262 865194475 865195425    950
  263 865195725 865196236    511
  264 865196291 865196653    362
  265 865196953 865198283   1330
  266 865198839 865199399    560
  267 865199509 865199686    177
  268 865199986 865200196    210
  269 865200306 865200325     19
  270 865200933 865201425    492
  271 865201798 865201833     35
  272 865219366 865222044   2678
  273 865222108 865229347   7239
  274 865229397 865259996  30599
  275 865260059 865263825   3766
  276 865272148 865273864   1716
  277 865273919 865288688  14769
  278 865288988 865288993      5
  279 865289103 865289256    153
  280 865289556 865301639  12083
  281 865301687 865308631   6944
  282 865308679 865318397   9718
  283 865318399 865320318   1919
  284 865320383 865327247   6864
  285 865327374 865330062   2688
  286 865330414 865331366    952
  287 865331689 865340007   8318
  288 865340071 865344901   4830
  289 865356577 865361864   5287
  290 865389877 865397990   8113
  291 865398100 865398277    177
  292 865398684 865399098    414
  293 865399398 865399399      1
  294 865399547 865399646     99
  295 865399946 865409686   9740
  296 865409750 865439638  29888
  297 865439703 865447799   8096
  298 865447854 865457655   9801
  299 865457719 865464518   6799
  300 865464583 865465053    470
  301 865465475 865465497     22
  302 865465812 865474358   8546
  303 865475485 865479253   3768
  304 865479255 865485655   6400
  305 865485704 865487247   1543
  306 865487250 865490701   3451
  307 865492064 865492678    614
  308 865492726 865534119  41393
  309 865534174 865542225   8051
  310 865543780 865556787  13007
  311 865558373 865576199  17826
  312 865576247 865583490   7243
  313 865584634 865596247  11613
  314 865596294 865613979  17685
  315 865616171 865616514    343
  316 865616814 865616823      9
  317 865616933 865617256    323
  318 865618141 865619659   1518
  319 865619959 865620319    360
  320 865622920 865624740   1820
  321 865624786 865625814   1028
  322 865626114 865641485  15371
  323 865641486 865645694   4208
  324 865646750 865668084  21334
  325 865670152 865683331  13179
  326 865683379 865684080    701
  327 865684433 865695242  10809
  328 865720229 865720550    321
  329 865720953 865721097    144
  330 865721565 865725872   4307
  331 865725928 865736606  10678
  332 865738229 865743301   5072
  333 865744591 865744644     53
  334 865745061 865745299    238
  335 865745409 865746298    889
  336 865746598 865748648   2050
  337 865748704 865780352  31648
  338 865780400 865785155   4755
  339 865785240 865791024   5784
  340 865791160 865793143   1983
  341 865793292 865795030   1738
  342 865796583 865798360   1777
  343 865802988 865807161   4173
  344 865807318 865808378   1060
  345 865809599 865810992   1393
  346 865811056 865816888   5832
  347 865816944 865823915   6971
  348 865825373 865826168    795
  349 865826468 865827610   1142
  350 865827685 865828651    966
  351 865829092 865829155     63
  352 865830058 865853534  23476
  353 865853851 865864217  10366
  354 865866711 865876240   9529
  355 865877681 865885218   7537
  356 865886115 865887816   1701
  357 865887911 865893225   5314
  358 865897984 865902224   4240
  359 865902344 865907573   5229
  360 865907575 865945687  38112
  361 865945751 865947214   1463
  362 865947324 865947463    139
  363 865947763 865949835   2072
  364 865950246 865957875   7629
  365 865958043 865965697   7654
  366 865974877 865982008   7131
  367 865982319 865983160    841
  368 865983274 865990337   7063
  369 865992600 865996603   4003
  370 865997050 866007039   9989
  371 866007103 866014520   7417
  372 866014576 866032029  17453
  373 866032695 866057528  24833
  374 866057590 866062943   5353
  375 866062999 866071512   8513
  376 866071559 866075512   3953
  377 866076012 866078356   2344
  378 866078466 866078721    255
  379 866079021 866079080     59
  380 866079190 866079467    277
  381 866082449 866083688   1239
  382 866084438 866086248   1810
  383 866086548 866087083    535
  384 866087193 866087272     79
  385 866087689 866088072    383
  386 866088128 866098658  10530
  387 866098660 866099445    785
  388 866099809 866108072   8263
  389 866108200 866110357   2157
  390 866110467 866110658    191
  391 866110958 866110970     12
  392 866111343 866112045    702
  393 866112155 866112253     98
  394 866112553 866114680   2127
  395 866114808 866123135   8327
  396 866123502 866125612   2110
  397 866125912 866128848   2936
  398 866129249 866129705    456
  399 866130185 866133952   3767
  400 866134000 866134895    895
  401 866138631 866139303    672
  402 866139305 866150399  11094
  403 866150509 866151772   1263
  404 866152265 866159523   7258
  405 866159866 866159901     35
  406 866160201 866160695    494
  407 866161105 866161241    136
  408 866161351 866161450     99
  409 866161750 866162809   1059
  410 866162919 866163007     88
  411 866163307 866164159    852
  412 866164269 866164479    210
  413 866164779 866164795     16
  414 866164905 866164917     12
  415 866165263 866165823    560
  416 866165933 866166017     84
  417 866166318 866166382     64
  418 866166801 866167346    545
  419 866167646 866167962    316
  420 866168072 866168233    161
  421 866171147 866171237     90
  422 866172028 866172227    199
  423 866173805 866183546   9741
  424 866183656 866183683     27
  425 866184260 866184343     83
  426 866184399 866190186   5787
  427 866190305 866193131   2826
  428 866193334 866209939  16605
  429 866210049 866210051      2
  430 866210786 866216780   5994
  431 866216890 866216916     26
  432 866217372 866219306   1934
  433 866219606 866221684   2078
  434 866222306 866222422    116
  435 866224786 866224980    194
  436 866225590 866225821    231
  437 866226157 866226640    483
  438 866226940 866229696   2756
  439 866229996 866231388   1392
  440 866232125 866232146     21
  441 866232458 866232475     17
  442 866232585 866232618     33
  443 866232918 866235948   3030
  444 866236248 866237312   1064
  445 866237840 866240128   2288
  446 866240214 866241555   1341
  447 866245277 866245698    421
  448 866246172 866248964   2792
  449 866248965 866254549   5584
  450 866254551 866257174   2623
  451 866257430 866259343   1913
  452 866259453 866259834    381
  453 866260134 866300414  40280
  454 866323162 866325523   2361
  455 866325596 866325696    100
  456 866326015 866333482   7467
  457 866333902 866353506  19604
  458 866355458 866355781    323
  459 866356081 866382203  26122
  460 866382366 866386563   4197
  461 866389454 866389609    155
  462 866389611 866389699     88
  463 866390185 866391666   1481
  464 866392264 866393920   1656
  465 866394512 866396833   2321
  466 866397165 866397897    732
  467 866398007 866398665    658
  468 866403538 866410768   7230
  469 866411068 866411263    195
  470 866411373 866411593    220
  471 866411893 866412436    543
  472 866413459 866413627    168
  473 866415470 866420050   4580
  474 866420052 866447370  27318
  475 866448711 866468963  20252
  476 866472021 866475453   3432
  477 866475620 866477573   1953
  478 866490322 866490903    581
  479 866491013 866491177    164
  480 866491774 866497401   5627
  481 866501767 866504664   2897
  482 866505650 866506674   1024
  483 866506777 866518280  11503
  484 866518282 866524470   6188
  485 866524770 866524782     12
  486 866524892 866525188    296
  487 866525488 866559820  34332
  488 866560845 866567579   6734
  489 866567689 866568774   1085
  490 866569074 866569530    456
  491 866569976 866571131   1155
  492 866571757 866571794     37
  493 866572113 866575714   3601
  494 866576406 866578213   1807
  495 866578919 866578988     69
  496 866579691 866579733     42
  497 866580514 866581316    802
  498 866581616 866583373   1757
  499 866587207 866593661   6454
  500 866593961 866600405   6444
  501 866600705 866601102    397
  502 866601634 866601786    152
  503 866602429 866602583    154
  504 866602640 866602693     53
  505 866602993 866603852    859
  506 866604408 866604799    391
  507 866606199 866606649    450
  508 866606949 866614448   7499
  509 866614504 866651000  36496
  510 866651001 866651429    428
  511 866659969 866672556  12587
  512 866672856 866673212    356
  513 866673652 866673913    261
  514 866674623 866684795  10172
  515 866684852 866685943   1091
  516 866685945 866690387   4442
  517 866690451 866698368   7917
  518 866698668 866698876    208
  519 866698939 866711116  12177
  520 866711558 866716403   4845
  521 866716539 866726651  10112
  522 866726924 866733401   6477
  523 866733402 866736126   2724
  524 866737368 866737792    424
  525 866738092 866738335    243
  526 866739202 866750410  11208
  527 866750474 866761859  11385
  528 866761915 866762333    418
  529 866762767 866762771      4
  530 866763399 866770203   6804
  531 866770323 866770821    498
  532 866771121 866773776   2655
  533 866784871 866794659   9788
  534 866794723 866804842  10119
  535 866804898 866818979  14081
  536 866819027 866823864   4837
  537 866828705 866828725     20
  538 866829025 866829248    223
  539 866829574 866834266   4692
  540 866834314 866836132   1818
  541 866836242 866836542    300
  542 866846954 866849944   2990
  543 866850244 866850399    155
  544 866850699 866850981    282
  545 866851037 866861860  10823
  546 866862888 866862940     52
  547 866862996 866904709  41713
