    1 828706279 828711169   4890
    2 828711441 828711787    346
    3 828712147 828712738    591
    4 828714159 828714441    282
    5 828715894 828716447    553
    6 828716767 828717907   1140
    7 828719339 828719497    158
    8 828719634 828719683     49
    9 828747618 828747700     82
   10 828747748 828749359   1611
   11 828749679 828750142    463
   12 828750854 828750888     34
   13 828751288 828751932    644
   14 828752332 828753118    786
   15 828753181 828753364    183
   16 828754115 828757123   3008
   17 828757904 828758424    520
   18 828760045 828768508   8463
   19 828768555 828775508   6953
   20 828775572 828785956  10384
   21 828786021 828796463  10442
   22 828797128 828797959    831
   23 828798316 828798833    517
   24 828833441 828839792   6351
   25 828840154 828842068   1914
   26 828842116 828861516  19400
   27 828861580 828889477  27897
   28 828889549 828891260   1711
   29 828891580 828893543   1963
   30 828898954 828901299   2345
   31 828901418 828904068   2650
   32 828904116 828910527   6411
   33 828912172 828915919   3747
   34 828915991 828918825   2834
   35 828919005 828921756   2751
   36 828922520 828923612   1092
   37 828924323 828924926    603
   38 828928804 828929828   1024
   39 828929876 828944484  14608
   40 828944539 828968107  23568
   41 828968163 828968201     38
   42 828971385 828975228   3843
   43 828975283 828978560   3277
   44 828982557 828982884    327
   45 828983536 828983871    335
   46 828984291 828984885    594
   47 828986661 828987190    529
   48 828991589 828994328   2739
   49 828998784 829001057   2273
   50 829001172 829002123    951
   51 829002590 829013687  11097
   52 829014007 829015543   1536
   53 829015943 829016294    351
   54 829024494 829024512     18
   55 829025028 829029187   4159
   56 829029251 829044628  15377
   57 829044692 829059576  14884
   58 829059880 829060252    372
   59 829060315 829063664   3349
   60 829063806 829066246   2440
   61 829066288 829066291      3
   62 829066370 829066423     53
   63 829067754 829068164    410
   64 829068564 829069643   1079
   65 829070043 829070134     91
   66 829070538 829070872    334
   67 829073975 829073978      3
   68 829074046 829075098   1052
   69 829075418 829075475     57
   70 829076232 829076375    143
   71 829079491 829079562     71
   72 829079637 829080135    498
   73 829080535 829081740   1205
   74 829082060 829082193    133
   75 829082593 829083709   1116
   76 829083790 829083887     97
   77 829085358 829086882   1524
   78 829087327 829097092   9765
   79 829099086 829099619    533
   80 829099939 829100813    874
   81 829101213 829109124   7911
   82 829115654 829115715     61
   83 829115763 829117533   1770
   84 829118007 829118513    506
   85 829118833 829119388    555
   86 829119788 829148476  28688
   87 829148523 829166580  18057
   88 829167007 829167947    940
   89 829168097 829170397   2300
   90 829170657 829171342    685
   91 829171574 829174674   3100
   92 829176134 829176784    650
   93 829177326 829177805    479
   94 829178927 829178931      4
   95 829179251 829179438    187
   96 829180711 829180730     19
   97 829181315 829181351     36
   98 829181751 829181964    213
   99 829182284 829182575    291
  100 829183287 829184002    715
  101 829184402 829184408      6
  102 829184728 829185857   1129
  103 829186801 829187471    670
  104 829191155 829191411    256
  105 829193317 829198409   5092
  106 829200521 829204523   4002
  107 829206685 829214460   7775
  108 829215269 829216900   1631
  109 829217656 829217765    109
  110 829218085 829218123     38
  111 829218523 829218866    343
  112 829219186 829219311    125
  113 829219711 829219979    268
  114 829220299 829222789   2490
  115 829223189 829223626    437
  116 829226191 829227050    859
  117 829227450 829228085    635
  118 829233599 829233890    291
  119 829234816 829247941  13125
  120 829250842 829251064    222
  121 829251464 829259495   8031
  122 829260459 829263372   2913
  123 829278750 829288390   9640
  124 829288566 829311084  22518
  125 829311132 829331001  19869
  126 829332203 829333729   1526
  127 829334416 829335583   1167
  128 829337209 829337843    634
  129 829338243 829338244      1
  130 829338825 829339437    612
  131 829340108 829340644    536
  132 829340964 829341310    346
  133 829341710 829341890    180
  134 829342574 829342753    179
  135 829343073 829343720    647
  136 829344120 829346676   2556
  137 829346724 829349115   2391
  138 829352466 829354620   2154
  139 829354683 829363303   8620
  140 829364452 829370772   6320
  141 829370908 829377972   7064
  142 829378020 829380055   2035
  143 829380954 829381270    316
  144 829381590 829381652     62
  145 829382052 829382782    730
  146 829383193 829391268   8075
  147 829391315 829395368   4053
  148 829395688 829396081    393
  149 829396696 829396927    231
  150 829397041 829397045      4
  151 829397365 829399323   1958
  152 829399723 829399724      1
  153 829400152 829400921    769
  154 829401321 829401871    550
  155 829402367 829407651   5284
  156 829434834 829436898   2064
  157 829438694 829439288    594
  158 829439688 829439696      8
  159 829440234 829440367    133
  160 829441011 829442748   1737
  161 829442811 829456763  13952
  162 829458286 829458849    563
  163 829459310 829475492  16182
  164 829475547 829484924   9377
  165 829484972 829496873  11901
  166 829498779 829508484   9705
  167 829508619 829510997   2378
  168 829511071 829517315   6244
  169 829526264 829557308  31044
  170 829557364 829589908  32544
  171 829590002 829590432    430
  172 829590562 829591364    802
  173 829591435 829592268    833
  174 829592317 829596584   4267
  175 829596716 829599716   3000
  176 829599779 829601358   1579
  177 829604450 829607436   2986
  178 829608490 829610806   2316
  179 829635717 829647637  11920
  180 829647691 829653724   6033
  181 829655456 829655772    316
  182 829655836 829669530  13694
  183 829670559 829680277   9718
  184 829680323 829684799   4476
  185 829684891 829685238    347
  186 829685350 829686140    790
  187 829686203 829687817   1614
  188 829687980 829699197  11217
  189 829699336 829701789   2453
  190 829704904 829705018    114
  191 829705682 829705937    255
  192 829706699 829707288    589
  193 829707967 829708987   1020
  194 829709987 829710200    213
  195 829710352 829710558    206
  196 829711852 829714228   2376
  197 829714283 829725823  11540
  198 829728894 829744374  15480
  199 829746503 829758364  11861
  200 829758412 829767067   8655
  201 829767187 829772557   5370
  202 829772603 829782891  10288
  203 829783927 829785204   1277
  204 829785252 829826357  41105
  205 829826403 829836052   9649
  206 829836100 829842572   6472
  207 829845466 829856135  10669
  208 829857178 829860172   2994
  209 829861360 829864092   2732
  210 829864147 829886946  22799
  211 829889195 829890242   1047
  212 829890700 829892797   2097
  213 829892843 829893887   1044
  214 829896356 829904518   8162
  215 829904580 829915763  11183
  216 829915827 829928574  12747
  217 829935935 829936013     78
  218 829937064 829937768    704
  219 829938886 829942100   3214
  220 829943062 829943489    427
  221 829944195 829945851   1656
  222 829945899 829948685   2786
  223 829951365 829956049   4684
  224 829959579 829980580  21001
  225 829980636 829981584    948
  226 829984451 829988037   3586
  227 829988100 830005659  17559
  228 830005723 830012454   6731
  229 830040713 830044037   3324
  230 830045201 830052108   6907
  231 830052172 830057178   5006
  232 830057803 830058121    318
  233 830059261 830059332     71
  234 830059380 830063003   3623
  235 830064455 830096354  31899
  236 830098823 830099387    564
  237 830099895 830102867   2972
  238 830102941 830111268   8327
  239 830111397 830113106   1709
  240 830115133 830116195   1062
  241 830117735 830120694   2959
  242 830121082 830124657   3575
  243 830125439 830127362   1923
  244 830127464 830127564    100
  245 830128086 830129388   1302
  246 830129436 830138797   9361
  247 830138860 830140501   1641
  248 830141044 830143873   2829
  249 830143932 830143990     58
  250 830145054 830145334    280
  251 830145999 830155482   9483
  252 830156061 830156188    127
  253 830156243 830187056  30813
  254 830189505 830191946   2441
  255 830193419 830194130    711
  256 830194993 830196089   1096
  257 830196409 830196787    378
  258 830197187 830200494   3307
  259 830201315 830202478   1163
  260 830202532 830202555     23
  261 830202642 830204558   1916
  262 830206691 830210459   3768
  263 830211315 830211972    657
  264 830212034 830214468   2434
  265 830214516 830242723  28207
  266 830242771 830271197  28426
  267 830271251 830273042   1791
  268 830274210 830277628   3418
  269 830277760 830280083   2323
  270 830281250 830283480   2230
  271 830283548 830285277   1729
  272 830285332 830291809   6477
  273 830291881 830294033   2152
  274 830294968 830297187   2219
  275 830297320 830301380   4060
  276 830301427 830308739   7312
  277 830308882 830320437  11555
  278 830320484 830324447   3963
  279 830325127 830334762   9635
  280 830337595 830342804   5209
  281 830343661 830347412   3751
  282 830347477 830357852  10375
  283 830357908 830360255   2347
  284 830360989 830361074     85
  285 830363172 830365206   2034
  286 830368513 830368973    460
  287 830369373 830372524   3151
  288 830372572 830380418   7846
  289 830380501 830380720    219
  290 830382272 830386882   4610
  291 830388452 830391817   3365
  292 830392175 830393324   1149
  293 830393404 830393588    184
  294 830393661 830393752     91
  295 830393821 830393847     26
  296 830401892 830415970  14078
  297 830416052 830416674    622
  298 830416786 830426541   9755
  299 830426596 830428428   1832
  300 830429008 830434110   5102
  301 830434954 830437173   2219
  302 830437837 830440457   2620
  303 830441058 830450737   9679
  304 830451335 830452098    763
  305 830452793 830454692   1899
  306 830454820 830460592   5772
  307 830462461 830462650    189
  308 830463307 830463345     38
  309 830463665 830464723   1058
  310 830465510 830469243   3733
  311 830470062 830490348  20286
  312 830490404 830490876    472
  313 830491196 830491596    400
  314 830494997 830495780    783
  315 830495837 830496830    993
  316 830496979 830503052   6073
  317 830503101 830505451   2350
  318 830505596 830510457   4861
  319 830510556 830510561      5
  320 830510699 830521084  10385
  321 830521132 830533636  12504
  322 830534836 830534915     79
  323 830536231 830537657   1426
  324 830538022 830539141   1119
  325 830539260 830541101   1841
  326 830542066 830542517    451
  327 830543101 830545210   2109
  328 830546039 830547526   1487
  329 830548282 830548436    154
  330 830549696 830549869    173
  331 830549973 830550158    185
  332 830551527 830551547     20
  333 830574114 830574515    401
  334 830575544 830575956    412
  335 830576576 830602690  26114
  336 830604177 830612759   8582
  337 830614534 830617320   2786
  338 830653946 830653995     49
  339 830654395 830654448     53
  340 830654768 830655331    563
  341 830655731 830655732      1
  342 830656155 830656616    461
  343 830657043 830657638    595
  344 830658821 830658904     83
  345 830659451 830660035    584
  346 830660534 830661611   1077
  347 830663582 830664016    434
  348 830664336 830664893    557
  349 830665293 830667740   2447
  350 830667867 830689978  22111
  351 830690060 830695731   5671
  352 830696185 830697064    879
  353 830697473 830697812    339
  354 830697859 830702263   4404
  355 830703373 830705562   2189
  356 830719644 830719743     99
  357 830720488 830722059   1571
  358 830723613 830726917   3304
  359 830728500 830744924  16424
  360 830744980 830754509   9529
  361 830754787 830759012   4225
  362 830759060 830770946  11886
  363 830772315 830775959   3644
  364 830776004 830777887   1883
  365 830779682 830782571   2889
  366 830782636 830797464  14828
  367 830797755 830800825   3070
  368 830802185 830804412   2227
  369 830804568 830811416   6848
  370 830811945 830812027     82
  371 830812076 830815070   2994
  372 830816146 830825028   8882
  373 830825077 830827837   2760
  374 830828430 830833445   5015
  375 830833845 830838751   4906
  376 830838752 830838759      7
  377 830838938 830845749   6811
  378 830846261 830846470    209
  379 830846708 830850012   3304
  380 830850060 830855004   4944
  381 830855231 830857489   2258
  382 830858447 830862320   3873
  383 830862909 830864237   1328
  384 830864284 830869174   4890
  385 830869767 830872539   2772
  386 830880868 830881061    193
  387 830881549 830882763   1214
  388 830883421 830889168   5747
  389 830889794 830892324   2530
  390 830893667 830895275   1608
  391 830896230 830904482   8252
  392 830907460 830918717  11257
  393 830918772 830931843  13071
  394 830931907 830940884   8977
  395 830940940 830954028  13088
  396 830954157 830985066  30909
  397 830987114 830999164  12050
  398 831003786 831005188   1402
  399 831006687 831008338   1651
  400 831009655 831017940   8285
  401 831017997 831022676   4679
  402 831023927 831028639   4712
  403 831028693 831038060   9367
  404 831038124 831038932    808
  405 831039634 831052604  12970
  406 831052651 831056760   4109
  407 831057786 831064832   7046
  408 831065648 831083908  18260
  409 831083957 831096548  12591
  410 831098536 831099645   1109
  411 831101520 831104301   2781
  412 831105526 831118852  13326
  413 831118907 831134200  15293
  414 831136141 831136182     41
  415 831137102 831138598   1496
  416 831139849 831141182   1333
  417 831144367 831144457     90
  418 831145351 831146324    973
  419 831146610 831146680     70
  420 831148355 831151199   2844
  421 831151924 831152989   1065
  422 831154839 831157483   2644
  423 831159558 831160661   1103
  424 831160663 831162225   1562
  425 831169979 831170471    492
  426 831170551 831171506    955
  427 831174333 831174722    389
  428 831175645 831176172    527
  429 831176747 831176754      7
  430 831176812 831180517   3705
  431 831181422 831187348   5926
  432 831187412 831203668  16256
  433 831203717 831208248   4531
  434 831209097 831214637   5540
  435 831214684 831222100   7416
  436 831237740 831241760   4020
  437 831243158 831247119   3961
  438 831248645 831249662   1017
  439 831249746 831261842  12096
  440 831261978 831263338   1360
  441 831264302 831264554    252
  442 831267235 831267498    263
  443 831267546 831273236   5690
  444 831274789 831277154   2365
  445 831277678 831292930  15252
  446 831292994 831306450  13456
  447 831306506 831312252   5746
  448 831314216 831323486   9270
  449 831324643 831331559   6916
  450 831332719 831344003  11284
  451 831345338 831350963   5625
  452 831351880 831353426   1546
  453 831353479 831353691    212
  454 831353797 831355217   1420
  455 831359271 831362618   3347
  456 831362666 831385866  23200
  457 831385913 831394018   8105
  458 831394138 831396057   1919
  459 831396837 831399949   3112
  460 831400068 831402016   1948
  461 831404246 831404770    524
  462 831404834 831410346   5512
  463 831410393 831412267   1874
  464 831413921 831418705   4784
  465 831419734 831420157    423
  466 831421305 831429058   7753
  467 831429122 831439666  10544
  468 831439785 831450802  11017
  469 831450850 831454345   3495
  470 831455617 831465591   9974
  471 831466567 831475503   8936
  472 831476218 831484012   7794
  473 831484876 831495425  10549
  474 831495489 831495528     39
  475 831505433 831507438   2005
  476 831508326 831510162   1836
  477 831511714 831512645    931
  478 831513045 831518625   5580
  479 831520539 831523786   3247
  480 831523850 831545947  22097
  481 831545994 831552273   6279
  482 831552542 831552792    250
  483 831554274 831556234   1960
  484 831556289 831563266   6977
  485 831563313 831569066   5753
  486 831569130 831569527    397
  487 831570998 831582225  11227
  488 831585467 831588757   3290
  489 831589400 831591470   2070
  490 831595158 831597894   2736
  491 831598294 831609916  11622
  492 831614685 831616339   1654
  493 831617590 831620859   3269
  494 831622235 831623012    777
  495 831623067 831630972   7905
  496 831631877 831633094   1217
  497 831633157 831638796   5639
  498 831638852 831644907   6055
  499 831645027 831654212   9185
  500 831654275 831662607   8332
  501 831662653 831669155   6502
  502 831670249 831673908   3659
  503 831674236 831676755   2519
  504 831676757 831677939   1182
  505 831677995 831688923  10928
  506 831689762 831689975    213
  507 831690375 831695708   5333
  508 831696419 831696537    118
  509 831697158 831698263   1105
  510 831698663 831699368    705
  511 831700731 831705011   4280
  512 831705147 831705254    107
  513 831708123 831717532   9409
  514 831717580 831735043  17463
  515 831735099 831742733   7634
  516 831743161 831746228   3067
  517 831746291 831747195    904
  518 831748416 831758884  10468
  519 831758940 831764817   5877
  520 831766832 831773044   6212
  521 831773107 831790819  17712
  522 831791757 831791988    231
  523 831792036 831811583  19547
  524 831817611 831824779   7168
  525 831824827 831826865   2038
  526 831847109 831848884   1775
  527 831849823 831850412    589
  528 831852713 831860544   7831
  529 831860609 831871146  10537
  530 831873460 831881748   8288
  531 831881812 831911418  29606
  532 831913030 831923458  10428
  533 831931179 831933651   2472
  534 831937050 831938810   1760
  535 831940387 831944022   3635
  536 831944523 831944811    288
  537 831944875 831953124   8249
  538 831953179 831956194   3015
  539 831956638 831962852   6214
  540 831962950 831982342  19392
  541 831985270 831986860   1590
  542 831986916 831995924   9008
  543 831995988 832001391   5403
  544 832005076 832008528   3452
  545 832011322 832012657   1335
  546 832014671 832017694   3023
  547 832018393 832018670    277
  548 832021111 832029192   8081
  549 832031460 832031781    321
  550 832033346 832037617   4271
  551 832043200 832043726    526
  552 832049050 832049731    681
  553 832051213 832052275   1062
  554 832053193 832054170    977
  555 832055642 832059914   4272
  556 832059916 832072728  12812
  557 832073633 832082750   9117
  558 832083665 832083782    117
  559 832089285 832100280  10995
  560 832108605 832108988    383
  561 832110884 832111411    527
  562 832112489 832116446   3957
  563 832129398 832130780   1382
  564 832131441 832131607    166
  565 832131927 832132559    632
  566 832132959 832133020     61
  567 832133340 832140506   7166
  568 832142245 832142475    230
  569 832142795 832143053    258
  570 832143453 832144651   1198
  571 832145051 832145398    347
  572 832145718 832147155   1437
  573 832147555 832148185    630
  574 832148505 832150034   1529
  575 832151476 832162031  10555
  576 832166201 832169929   3728
  577 832170649 832171026    377
  578 832172031 832172369    338
  579 832172789 832174997   2208
  580 832177573 832179205   1632
  581 832179880 832180495    615
  582 832180815 832180950    135
  583 832182009 832182290    281
  584 832182610 832183621   1011
  585 832184021 832185206   1185
  586 832185614 832196691  11077
  587 832198250 832198359    109
  588 832198938 832198973     35
  589 832200784 832200919    135
  590 832201395 832201791    396
  591 832203059 832205683   2624
  592 832208232 832234810  26578
  593 832235446 832271990  36544
  594 832274275 832274866    591
  595 832278133 832284891   6758
  596 832286339 832295716   9377
  597 832299890 832300392    502
  598 832301633 832331631  29998
  599 832336403 832338049   1646
  600 832341731 832343008   1277
  601 832343408 832343824    416
  602 832344144 832344995    851
  603 832348027 832348360    333
  604 832348680 832349845   1165
  605 832350932 832351755    823
  606 832352303 832353628   1325
  607 832353948 832355209   1261
  608 832355377 832359422   4045
  609 832359822 832360626    804
  610 832365821 832366039    218
  611 832366439 832366987    548
  612 832367307 832369476   2169
  613 832369876 832370361    485
  614 832370899 832373191   2292
  615 832373511 832373526     15
  616 832373926 832375135   1209
  617 832375455 832375658    203
  618 832376058 832376403    345
  619 832376723 832377201    478
  620 832377601 832401511  23910
  621 832402240 832404322   2082
  622 832404763 832406113   1350
  623 832406513 832406519      6
  624 832406839 832406993    154
  625 832407393 832423150  15757
  626 832423470 832423613    143
  627 832424118 832424189     71
  628 832424611 832424629     18
  629 832424949 832426089   1140
  630 832426489 832427135    646
