    1 845155225 845155536    311
    2 845155649 845157853   2204
    3 845157941 845158650    709
    4 845159036 845159182    146
    5 845159292 845160349   1057
    6 845160766 845161524    758
    7 845161573 845162619   1046
    8 845162799 845175588  12789
    9 845175644 845176189    545
   10 845176299 845177840   1541
   11 845178140 845184244   6104
   12 845184307 845186723   2416
   13 845186833 845187344    511
   14 845187746 845196980   9234
   15 845197028 845202396   5368
   16 845202460 845211196   8736
   17 845211252 845221789  10537
   18 845221793 845222934   1141
   19 845232926 845235820   2894
   20 845235867 845237993   2126
   21 845312859 845316279   3420
   22 845316591 845318186   1595
   23 845318694 845319958   1264
   24 845320068 845321055    987
   25 845321738 845322094    356
   26 845322148 845324259   2111
   27 845324667 845325531    864
   28 845325679 845329679   4000
   29 845330997 845350004  19007
   30 845350060 845360333  10273
   31 845360443 845363256   2813
   32 845363556 845376946  13390
   33 845381950 845389756   7806
   34 845389803 845398667   8864
   35 845411788 845421354   9566
   36 845435003 845446606  11603
   37 845446716 845447033    317
   38 845448750 845453085   4335
   39 845453140 845476795  23655
   40 845477103 845477301    198
   41 845477601 845478586    985
   42 845478886 845483875   4989
   43 845484261 845486783   2522
   44 845486875 845492592   5717
   45 845492702 845492952    250
   46 845493252 845503701  10449
   47 845510815 845520237   9422
   48 845520284 845533118  12834
   49 845533228 845533259     31
   50 845533559 845533593     34
   51 845534266 845534340     74
   52 845534450 845537233   2783
   53 845537533 845540402   2869
   54 845543338 845543611    273
   55 845543911 845544158    247
   56 845544560 845544735    175
   57 845544845 845546786   1941
   58 845547086 845547552    466
   59 845547960 845560681  12721
   60 845560981 845561050     69
   61 845561569 845561572      3
   62 845561942 845562275    333
   63 845562385 845562503    118
   64 845562911 845563058    147
   65 845563168 845570176   7008
   66 845579083 845579234    151
   67 845580026 845585749   5723
   68 845585859 845585988    129
   69 845586288 845587298   1010
   70 845588092 845588468    376
   71 845589185 845589326    141
   72 845589626 845590632   1006
   73 845591557 845595212   3655
   74 845595267 845629237  33970
   75 845629300 845636106   6806
   76 845636406 845643503   7097
   77 845643601 845657694  14093
   78 845657804 845658472    668
   79 845658772 845659356    584
   80 845659511 845665626   6115
   81 845665958 845667876   1918
   82 845671082 845673888   2806
   83 845676226 845680117   3891
   84 845680163 845688452   8289
   85 845688562 845688703    141
   86 845689003 845689894    891
   87 845690194 845690461    267
   88 845690508 845697317   6809
   89 845697372 845700074   2702
   90 845700386 845704736   4350
   91 845705054 845705313    259
   92 845705613 845708482   2869
   93 845708592 845714688   6096
   94 845715420 845720345   4925
   95 845720517 845722240   1723
   96 845722350 845724743   2393
   97 845725043 845725044      1
   98 845725208 845726646   1438
   99 845726946 845734996   8050
  100 845801191 845811361  10170
  101 845812640 845813286    646
  102 845813792 845814117    325
  103 845814163 845815980   1817
  104 845816016 845816538    522
  105 845966391 845983316  16925
  106 845983438 845994532  11094
  107 845994580 845999772   5192
  108 845999832 846006335   6503
  109 846006388 846010511   4123
  110 846010776 846010997    221
  111 846011044 846012576   1532
  112 846012646 846013022    376
  113 846013441 846013443      2
  114 846013482 846013762    280
  115 846014062 846016460   2398
  116 846016780 846017722    942
  117 846049150 846075996  26846
  118 846076043 846083140   7097
  119 846083187 846092302   9115
  120 846092536 846093772   1236
  121 846093828 846094370    542
  122 846094502 846095279    777
  123 846098927 846101668   2741
  124 846101830 846106610   4780
  125 846107955 846110108   2153
  126 846110163 846116759   6596
  127 846117790 846118495    705
  128 846119006 846125812   6806
  129 846125860 846134636   8776
  130 846134699 846135855   1156
  131 846136155 846136899    744
  132 846137229 846137307     78
  133 846137763 846138142    379
  134 846138252 846138654    402
  135 846138954 846142956   4002
  136 846144349 846145044    695
  137 846145100 846173276  28176
  138 846174914 846176126   1212
  139 846176293 846188971  12678
  140 846189081 846189302    221
  141 846189602 846191721   2119
  142 846192021 846192264    243
  143 846192374 846192700    326
  144 846193492 846193711    219
  145 846193821 846193991    170
  146 846194291 846194485    194
  147 846194917 846195085    168
  148 846200358 846201882   1524
  149 846202530 846202652    122
  150 846202994 846206556   3562
  151 846206603 846219922  13319
  152 846219986 846225482   5496
  153 846225538 846237059  11521
  154 846237116 846248890  11774
  155 846248938 846255401   6463
  156 846255515 846262917   7402
  157 846262918 846264427   1509
  158 846264499 846267841   3342
  159 846267914 846268865    951
  160 846269030 846269463    433
  161 846269534 846271433   1899
  162 846271473 846272476   1003
  163 846272667 846276037   3370
  164 846276103 846280315   4212
  165 846280362 846282812   2450
  166 846291108 846308980  17872
  167 846309026 846312456   3430
  168 846312513 846323051  10538
  169 846323099 846324305   1206
  170 846329075 846332140   3065
  171 846332187 846332465    278
  172 846332892 846341023   8131
  173 846341207 846342220   1013
  174 846343900 846344149    249
  175 846344490 846345098    608
  176 846369424 846369897    473
  177 846374761 846377807   3046
  178 846379546 846382526   2980
  179 846382717 846384059   1342
  180 846384061 846385736   1675
  181 846385739 846385941    202
  182 846385943 846393691   7748
  183 846393739 846400210   6471
  184 846400266 846409352   9086
  185 846409773 846412621   2848
  186 846412684 846435821  23137
  187 846435969 846438565   2596
  188 846438568 846440192   1624
  189 846440272 846441846   1574
  190 846441956 846443949   1993
  191 846444402 846446533   2131
  192 846446833 846449572   2739
  193 846449682 846450394    712
  194 846450694 846450697      3
  195 846450997 846456100   5103
  196 846456218 846457540   1322
  197 846460721 846463939   3218
  198 846464003 846488371  24368
  199 846488426 846510722  22296
  200 846510832 846512594   1762
  201 846512894 846513447    553
  202 846513557 846513564      7
  203 846513864 846514062    198
  204 846514172 846514670    498
  205 846514970 846515196    226
  206 846515242 846521883   6641
  207 846521946 846529302   7356
  208 846529714 846539989  10275
  209 846542348 846544767   2419
  210 846545223 846545686    463
  211 846545844 846551843   5999
  212 846551906 846558923   7017
  213 846559051 846565747   6696
  214 846565795 846602187  36392
  215 846602251 846615475  13224
  216 846615539 846620088   4549
  217 846620743 846623382   2639
  218 846623492 846623500      8
  219 846624913 846625392    479
  220 846625692 846632748   7056
  221 846633083 846633406    323
  222 846633706 846633797     91
  223 846633907 846634131    224
  224 846634431 846634690    259
  225 846634746 846641626   6880
  226 846647923 846654123   6200
  227 846654179 846660332   6153
  228 846660395 846668387   7992
  229 846668434 846675026   6592
  230 846675351 846675562    211
  231 846675862 846677435   1573
  232 846677483 846689897  12414
  233 846690275 846692335   2060
  234 846692856 846697971   5115
  235 846698034 846698861    827
  236 846699263 846703306   4043
  237 846703887 846710019   6132
  238 846710075 846728271  18196
  239 846728317 846746052  17735
  240 846746162 846746179     17
  241 846746479 846746931    452
  242 846747041 846747118     77
  243 846747418 846748008    590
  244 846748359 846751161   2802
  245 846751271 846751306     35
  246 846751730 846751759     29
  247 846752059 846752626    567
  248 846752736 846752887    151
  249 846753187 846753356    169
  250 846753466 846753771    305
  251 846754071 846754178    107
  252 846754478 846792928  38450
  253 846792930 846804386  11456
  254 846804514 846822986  18472
  255 846823050 846826277   3227
  256 846827779 846834353   6574
  257 846838280 846844733   6453
  258 846846836 846853721   6885
  259 846854021 846854310    289
  260 846854610 846854949    339
  261 846855265 846855282     17
  262 846859852 846861872   2020
  263 846861874 846861977    103
  264 847097667 847101689   4022
  265 847101691 847117284  15593
  266 847117411 847120121   2710
  267 847120231 847120555    324
  268 847120645 847120687     42
  269 847120829 847120965    136
  270 847122524 847122878    354
  271 847123086 847130068   6982
  272 847130186 847132256   2070
  273 847132258 847133444   1186
  274 847133500 847133876    376
  275 847181954 847190876   8922
  276 847190940 847201836  10896
  277 847201883 847213892  12009
  278 847213940 847225973  12033
  279 847226069 847230525   4456
  280 847235374 847237308   1934
  281 847237608 847239487   1879
  282 847265469 847266139    670
  283 847266490 847267268    778
  284 847267331 847298076  30745
  285 847298140 847317984  19844
  286 847318094 847318886    792
  287 847319186 847332670  13484
  288 847332716 847334433   1717
  289 847348466 847349035    569
  290 847349091 847357996   8905
  291 847358044 847361044   3000
  292 847361260 847373468  12208
  293 847373523 847381258   7735
  294 847381830 847383641   1811
  295 847383751 847383752      1
  296 847384052 847384374    322
  297 847394954 847395196    242
  298 847395496 847395577     81
  299 847395948 847402405   6457
  300 847404803 847416831  12028
  301 847425715 847425821    106
  302 847426121 847426357    236
  303 847426820 847427053    233
  304 847427353 847427376     23
  305 847427804 847430491   2687
  306 847430842 847432103   1261
  307 847432213 847432968    755
  308 847473393 847473611    218
  309 847473911 847473930     19
  310 847474040 847474313    273
  311 847474993 847479789   4796
  312 847479909 847483377   3468
  313 847483470 847492902   9432
  314 847492946 847494436   1490
  315 847494556 847503653   9097
  316 847503788 847518885  15097
  317 847518887 847519125    238
  318 847519181 847530037  10856
  319 847530084 847541821  11737
  320 847541885 847554965  13080
  321 847602603 847604670   2067
  322 847605956 847622456  16500
  323 847622756 847623353    597
  324 847623463 847623753    290
  325 847624053 847624066     13
  326 847624646 847624779    133
  327 847640899 847655724  14825
  328 847655726 847661261   5535
