    1 815402926 815403127    201
    2 815410857 815412895   2038
    3 815412897 815412910     13
    4 815412959 815414266   1307
    5 815494115 815494942    827
    6 815494945 815498048   3103
    7 815563778 815570255   6477
    8 815570257 815571761   1504
    9 815572952 815580719   7767
   10 815582989 815585329   2340
   11 815585331 815585917    586
   12 815586326 815586444    118
   13 815586447 815586526     79
   14 815589938 815590177    239
   15 815591958 815592256    298
   16 815592317 815592384     67
   17 815592386 815592406     20
   18 815726352 815734181   7829
   19 815751372 815753031   1659
   20 815753033 815757707   4674
   21 815757709 815758212    503
   22 815772558 815773383    825
   23 815773384 815773850    466
   24 815773878 815775742   1864
   25 815775744 815775952    208
   26 815775960 815776495    535
   27 815776497 815776886    389
   28 815776912 815776992     80
   29 815780978 815783311   2333
   30 815783313 815784054    741
   31 815795295 815795433    138
   32 815795434 815795567    133
   33 815796003 815798508   2505
   34 815804799 815805565    766
   35 815805567 815805728    161
   36 815813402 815817718   4316
   37 815817719 815820237   2518
   38 815821081 815826882   5801
   39 815826885 815827695    810
   40 815827698 815833207   5509
   41 815833210 815836104   2894
   42 815838512 815840967   2455
   43 815880370 815889052   8682
   44 815889054 815889269    215
   45 815889406 815890633   1227
   46 815892907 815902073   9166
   47 815902075 815902190    115
   48 815902260 815904965   2705
   49 815912574 815913187    613
   50 815916245 815917030    785
   51 815917032 815917037      5
   52 815927183 815927381    198
   53 815928305 815928363     58
   54 815931030 815931056     26
   55 815962530 815962812    282
   56 815963531 815963893    362
   57 815964775 815965319    544
   58 815965936 815966106    170
   59 815966108 815966755    647
   60 815966831 815966839      8
   61 815970229 815971712   1483
   62 815971713 815971741     28
   63 815971853 815972895   1042
   64 815974096 815988424  14328
   65 815989608 815999291   9683
   66 816000300 816001175    875
   67 816001178 816002503   1325
   68 816003093 816003234    141
   69 816003236 816003474    238
   70 816006191 816008583   2392
   71 816017051 816017357    306
   72 816017494 816019181   1687
   73 816019182 816019351    169
   74 816019871 816019917     46
   75 816054956 816055149    193
   76 816055152 816055478    326
   77 816055561 816060544   4983
   78 816060547 816072971  12424
   79 816074396 816077202   2806
   80 816077282 816078899   1617
   81 816078902 816080080   1178
   82 816082625 816087861   5236
   83 816087942 816089507   1565
   84 816089509 816092060   2551
   85 816095582 816095838    256
   86 816096599 816098092   1493
   87 816098095 816099159   1064
   88 816100791 816103347   2556
   89 816141407 816141659    252
   90 816142132 816142159     27
   91 816143173 816155176  12003
   92 816155230 816156455   1225
   93 816156457 816161789   5332
   94 816161845 816183165  21320
   95 816184320 816185103    783
   96 816186901 816189789   2888
   97 816190352 816192344   1992
   98 816192345 816192423     78
   99 816193833 816195463   1630
  100 816197786 816199158   1372
  101 816199160 816200047    887
  102 816200244 816200695    451
  103 816200697 816200788     91
  104 816201454 816203305   1851
  105 816204829 816204854     25
  106 816206281 816207630   1349
  107 816207632 816207656     24
  108 816207978 816208468    490
  109 816209567 816209590     23
  110 816210833 816211274    441
  111 816211384 816211869    485
  112 816211871 816211891     20
  113 816213626 816214132    506
  114 816214134 816214227     93
  115 816214942 816215005     63
  116 816215007 816215773    766
  117 816247674 816251686   4012
  118 816251734 816266372  14638
  119 816266375 816271619   5244
  120 816273495 816277077   3582
  121 816277994 816280392   2398
  122 816280891 816280892      1
  123 816284928 816285022     94
  124 816290344 816291263    919
  125 816319884 816326067   6183
  126 816327625 816335750   8125
  127 816335816 816343929   8113
  128 816343932 816351638   7706
  129 816351685 816353595   1910
  130 816356313 816360278   3965
  131 816360987 816363169   2182
  132 816363171 816363841    670
  133 816364506 816366406   1900
  134 816366454 816369000   2546
  135 816374569 816377058   2489
  136 816383502 816383508      6
  137 816383535 816383649    114
  138 816383705 816384410    705
  139 816386130 816387882   1752
  140 816388101 816390271   2170
  141 816393435 816394485   1050
  142 816397338 816399442   2104
  143 816399498 816400589   1091
  144 816400592 816415866  15274
  145 816415914 816430802  14888
  146 816432144 816438231   6087
  147 816438233 816439024    791
  148 816443733 816444247    514
  149 816444354 816445753   1399
  150 816446360 816448803   2443
  151 816450273 816453229   2956
  152 816453231 816456751   3520
  153 816456753 816457127    374
  154 816457130 816457619    489
  155 816459873 816462529   2656
  156 816462532 816469847   7315
  157 816470728 816471708    980
  158 816472765 816481445   8680
  159 816482752 816493423  10671
  160 816493425 816493547    122
  161 816495423 816497356   1933
  162 816497410 816497803    393
  163 816497805 816499981   2176
  164 816500281 816506042   5761
  165 816506089 816509032   2943
  166 816509035 816526313  17278
  167 816526730 816526740     10
  168 816528645 816534628   5983
  169 816534631 816535086    455
  170 816535619 816540866   5247
  171 816542382 816548581   6199
  172 816553621 816554065    444
  173 816554089 816561785   7696
  174 816561849 816563151   1302
  175 816564940 816572139   7199
  176 816572141 816572153     12
  177 816573266 816579650   6384
  178 816579706 816589889  10183
  179 816589892 816596820   6928
  180 816596823 816597730    907
  181 816597785 816603815   6030
  182 816603817 816618515  14698
  183 816618518 816618889    371
  184 816618937 816623306   4369
  185 816625941 816626701    760
  186 816626703 816626753     50
  187 816626914 816627435    521
  188 816627481 816630157   2676
  189 816633130 816633660    530
  190 816634759 816635129    370
  191 816635861 816636906   1045
  192 816636908 816636938     30
  193 816636954 816637692    738
  194 816650176 816656394   6218
  195 816656397 816657324    927
  196 816660712 816665035   4323
  197 816665082 816674838   9756
  198 816676286 816703530  27244
  199 816703578 816703812    234
  200 816703815 816707726   3911
  201 816709659 816710434    775
  202 816776371 816776380      9
  203 816776409 816776410      1
  204 816776414 816776420      6
  205 816777770 816777779      9
  206 816778075 816778079      4
  207 816778348 816783011   4663
  208 816783059 816783709    650
  209 816783712 816793051   9339
  210 816793105 816807208  14103
  211 816812488 816814171   1683
  212 816816157 816818400   2243
  213 816819345 816823607   4262
  214 816825229 816858420  33191
  215 816858423 816865173   6750
  216 816866663 816868982   2319
  217 816869713 816885240  15527
  218 816885297 816892478   7181
  219 816892479 816893008    529
  220 816894486 816896034   1548
  221 816896080 816897650   1570
  222 816898945 816901156   2211
  223 816901158 816901510    352
  224 816901601 816908911   7310
  225 816909479 816913994   4515
  226 816915659 816922487   6828
  227 816923281 816926352   3071
  228 816926355 816929067   2712
  229 816929069 816942328  13259
  230 816942384 816946957   4573
  231 816948519 816951343   2824
  232 816951345 816952139    794
  233 816953193 816957065   3872
  234 816957120 816962630   5510
  235 816963358 816967385   4027
  236 816967441 816969462   2021
  237 816970965 816971136    171
  238 816974803 816977576   2773
  239 816977578 816977667     89
  240 816991143 816991315    172
  241 816991378 816996859   5481
  242 816996922 816997263    341
  243 816997265 817000712   3447
  244 817000715 817003441   2726
  245 817003498 817003847    349
  246 817003849 817012424   8575
  247 817012427 817015977   3550
  248 817015980 817018425   2445
  249 817018428 817018554    126
  250 817018555 817031491  12936
  251 817034008 817042746   8738
  252 817042795 817051924   9129
  253 817051927 817052219    292
  254 817052222 817064881  12659
  255 817064937 817067155   2218
  256 817067157 817068234   1077
  257 817071048 817073859   2811
  258 817073861 817074578    717
  259 817074842 817076147   1305
  260 817076150 817077421   1271
  261 817077423 817077832    409
  262 817080202 817080471    269
  263 817080473 817080501     28
  264 817081349 817082127    778
  265 817085572 817088061   2489
  266 817088210 817095930   7720
  267 817095994 817101397   5403
  268 817101400 817103818   2418
  269 817104793 817107053   2260
  270 817108112 817111760   3648
  271 817111763 817138138  26375
  272 817138140 817150577  12437
  273 817150580 817160023   9443
  274 817160026 817163369   3343
  275 817163372 817172307   8935
  276 817172309 817178287   5978
  277 817179724 817181740   2016
  278 817181743 817192626  10883
  279 817192682 817193769   1087
  280 817193772 817194199    427
  281 817194202 817197853   3651
  282 817197856 817201458   3602
  283 817201506 817214128  12622
  284 817214131 817218352   4221
  285 817219167 817224039   4872
  286 817228513 817229068    555
  287 817229069 817231996   2927
  288 817236172 817236643    471
  289 817236943 817236980     37
  290 817237090 817237313    223
  291 817237315 817237684    369
  292 817237686 817237736     50
  293 817238778 817238863     85
  294 817239402 817243338   3936
  295 817244187 817245946   1759
  296 817245948 817246020     72
  297 817247901 817252428   4527
  298 817255379 817257924   2545
  299 817257927 817259618   1691
  300 817259620 817261579   1959
  301 817261635 817262054    419
  302 817262116 817267808   5692
  303 817267809 817267838     29
  304 817267934 817268022     88
  305 817268164 817268682    518
  306 817268738 817269702    964
  307 817269705 817275416   5711
  308 817276762 817278124   1362
  309 817278127 817291160  13033
  310 817291161 817291183     22
  311 817291895 817299169   7274
  312 817299225 817301675   2450
  313 817301678 817302959   1281
  314 817302962 817310778   7816
  315 817310834 817312591   1757
  316 817314125 817314489    364
  317 817314490 817314519     29
  318 817334047 817334259    212
  319 817335553 817339362   3809
  320 817339417 817340717   1300
  321 817343130 817347002   3872
  322 817348937 817351025   2088
  323 817352166 817353363   1197
  324 817353364 817353389     25
  325 817353587 817356077   2490
  326 817356130 817362446   6316
  327 817363929 817372955   9026
  328 817373010 817393986  20976
  329 817394035 817398365   4330
  330 817398367 817398387     20
  331 817404620 817404970    350
  332 817405819 817408088   2269
  333 817408137 817412739   4602
  334 817412741 817412819     78
  335 817414689 817416362   1673
  336 817416418 817417665   1247
  337 817417667 817417692     25
  338 817417918 817417958     40
  339 817418071 817419802   1731
  340 817419804 817419823     19
  341 817419877 817423352   3475
  342 817424327 817425722   1395
  343 817427752 817431882   4130
  344 817432099 817439449   7350
  345 817439542 817442404   2862
  346 817443515 817444490    975
  347 817444546 817447648   3102
  348 817447758 817447970    212
  349 817448270 817449567   1297
  350 817449677 817450205    528
  351 817450467 817453793   3326
  352 817454851 817454852      1
  353 817454855 817459255   4400
  354 817459821 817468051   8230
  355 817468098 817482539  14441
  356 817484113 817485257   1144
  357 817493409 817494022    613
  358 817494024 817494089     65
  359 817494155 817496137   1982
  360 817497517 817500756   3239
  361 817500818 817502041   1223
  362 817502095 817503211   1116
  363 817506984 817508356   1372
  364 817509064 817510250   1186
  365 817511218 817511561    343
  366 817511617 817519645   8028
  367 817519754 817528036   8282
  368 817528082 817549458  21376
  369 817551093 817551344    251
  370 817551346 817551365     19
  371 817551461 817551469      8
  372 817551548 817552718   1170
  373 817555363 817559995   4632
  374 817560050 817564341   4291
  375 817566099 817566623    524
  376 817567848 817569522   1674
  377 817570188 817570465    277
  378 817570529 817570681    152
  379 817573361 817575002   1641
  380 817575004 817575031     27
  381 817575095 817577236   2141
  382 817577237 817577265     28
  383 817577363 817577581    218
  384 817577582 817577599     17
  385 817577663 817592553  14890
  386 817594520 817596476   1956
  387 817597348 817600256   2908
  388 817605934 817606493    559
  389 817606495 817606523     28
  390 817606764 817618144  11380
  391 817633929 817645650  11721
  392 817645706 817657601  11895
  393 817657665 817661903   4238
  394 817664610 817682925  18315
  395 817684188 817685665   1477
  396 817685715 817687067   1352
  397 817688327 817688563    236
  398 817688565 817689447    882
  399 817701704 817707343   5639
  400 817708634 817714726   6092
  401 817723423 817730666   7243
  402 817730835 817753223  22388
  403 817757865 817764696   6831
  404 817765466 817766187    721
  405 817768021 817770767   2746
  406 817774855 817781836   6981
  407 817782558 817783510    952
  408 817783810 817821573  37763
  409 817822627 817824427   1800
  410 817828411 817829006    595
  411 817829052 817839331  10279
  412 817841097 817844323   3226
  413 817844326 817844343     17
  414 817844763 817845367    604
  415 817845369 817849622   4253
  416 817850070 817852385   2315
  417 817857283 817859392   2109
  418 817861772 817870609   8837
  419 817873174 817915187  42013
