    1 815200973 815211833  10860
    2 815211991 815214704   2713
    3 815215435 815215913    478
    4 815215915 815216067    152
    5 815216171 815216341    170
    6 815217937 815217974     37
    7 815219912 815221302   1390
    8 815221912 815223724   1812
    9 815223886 815230076   6190
   10 815231235 815236328   5093
   11 815236330 815238073   1743
   12 815238084 815239832   1748
   13 815239833 815239834      1
   14 815239836 815239943    107
   15 815240846 815247153   6307
   16 815247994 815252520   4526
   17 815265560 815265588     28
   18 815265590 815266813   1223
   19 815267210 815267724    514
   20 815267726 815271379   3653
   21 815298136 815298301    165
   22 815298304 815299861   1557
   23 815300562 815303630   3068
   24 815304110 815304752    642
   25 815306225 815306386    161
   26 815306389 815306452     63
   27 815306454 815306479     25
   28 815307250 815307298     48
   29 815307989 815308035     46
   30 815310056 815313339   3283
   31 815313998 815314552    554
   32 815314554 815322774   8220
   33 815322776 815332238   9462
   34 815341180 815341710    530
   35 815365597 815370539   4942
   36 815373336 815373550    214
   37 815373979 815378706   4727
   38 815386833 815386846     13
   39 815386853 815394298   7445
   40 815395535 815399072   3537
   41 815399073 815403145   4072
   42 815403147 815404236   1089
   43 815405223 815409034   3811
   44 815409614 815411214   1600
   45 815411216 815413825   2609
   46 815420229 815420654    425
   47 815421978 815422020     42
   48 815422023 815422249    226
   49 815425980 815426371    391
   50 815426373 815426716    343
   51 815426718 815426764     46
   52 815447636 815447661     25
   53 815450191 815450662    471
   54 815456378 815456690    312
   55 815457216 815458676   1460
   56 815466304 815467966   1662
   57 815467968 815468828    860
   58 815468830 815469855   1025
   59 815469858 815470961   1103
   60 815471910 815480226   8316
   61 815533002 815533215    213
   62 815533392 815533523    131
   63 815533909 815533948     39
   64 815534401 815534509    108
   65 815543063 815551004   7941
   66 815552578 815555551   2973
   67 815563790 815571762   7972
   68 815576075 815603078  27003
   69 815604477 815607778   3301
   70 815607781 815609744   1963
   71 815609747 815610530    783
   72 815616627 815620202   3575
   73 815623237 815626105   2868
   74 815627414 815627866    452
   75 815627913 815635944   8031
   76 815637315 815643272   5957
   77 815653666 815656032   2366
   78 815656035 815657911   1876
   79 815657913 815658129    216
   80 815658745 815661955   3210
   81 815662541 815662655    114
   82 815662658 815663154    496
   83 815664550 815671163   6613
   84 815671166 815673127   1961
   85 815673390 815682411   9021
   86 815683820 815685155   1335
   87 815685157 815686835   1678
   88 815689734 815691877   2143
   89 815691924 815692264    340
   90 815692761 815696384   3623
   91 815696387 815700472   4085
   92 815705428 815708288   2860
   93 815708291 815712257   3966
   94 815712260 815717555   5295
   95 815717558 815719397   1839
   96 815719460 815725948   6488
   97 815725951 815726169    218
   98 815726172 815734224   8052
   99 815751076 815752009    933
  100 815752012 815752675    663
  101 815752677 815761396   8719
  102 815761452 815762619   1167
  103 815762621 815766659   4038
  104 815776688 815780213   3525
  105 815780268 815782499   2231
  106 815782502 815785267   2765
  107 815785269 815787139   1870
  108 815787141 815788959   1818
  109 815790062 815791332   1270
  110 815791888 815804373  12485
  111 815804376 815805959   1583
  112 815805962 815807688   1726
  113 815807691 815809028   1337
  114 815813090 815820239   7149
  115 815821082 815837541  16459
  116 815837604 815838188    584
  117 815838191 815838631    440
  118 815838633 815839517    884
  119 815839520 815843612   4092
  120 815843676 815844163    487
  121 815844166 815846819   2653
  122 815846821 815848808   1987
  123 815848811 815852124   3313
  124 815852127 815855439   3312
  125 815855441 815858749   3308
  126 815858752 815867838   9086
  127 815867841 815868495    654
  128 815868497 815870680   2183
  129 815870686 815873371   2685
  130 815873373 815880300   6927
  131 815880356 815882712   2356
  132 815882713 815886549   3836
  133 815886612 815891899   5287
  134 815891902 815894781   2879
  135 815894836 815905168  10332
  136 815905171 815906023    852
  137 815906436 815906495     59
  138 815906497 815908915   2418
  139 815911204 815912457   1253
  140 815912460 815914028   1568
  141 815914092 815922399   8307
  142 815922402 815926220   3818
  143 815926223 815929695   3472
  144 815929698 815941068  11370
  145 815942702 815943820   1118
  146 815943823 815945597   1774
  147 815945600 815946920   1320
  148 815946923 815959604  12681
  149 815961820 815962948   1128
  150 815962996 815965885   2889
  151 815965888 815974257   8369
  152 815974260 815977764   3504
  153 815977812 815988434  10622
  154 815990222 815991982   1760
  155 815991985 815994604   2619
  156 815994651 815997949   3298
  157 815997952 815999302   1350
  158 815999744 816001612   1868
  159 816001668 816005653   3985
  160 816005656 816007893   2237
  161 816007896 816011873   3977
  162 816011876 816015284   3408
  163 816015395 816020413   5018
  164 816020476 816027013   6537
  165 816034772 816037609   2837
  166 816039940 816040172    232
  167 816052114 816055481   3367
  168 816055561 816067078  11517
  169 816067081 816068749   1668
  170 816070484 816073632   3148
  171 816073635 816077201   3566
  172 816077282 816084933   7651
  173 816084936 816087593   2657
  174 816087596 816087862    266
  175 816087942 816095285   7343
  176 816095365 816099366   4001
  177 816099885 816103555   3670
  178 816103558 816104387    829
  179 816104389 816105945   1556
  180 816105948 816107761   1813
  181 816107844 816108531    687
  182 816141409 816141648    239
  183 816148895 816155179   6284
  184 816155226 816161793   6567
  185 816161841 816163939   2098
  186 816163942 816174547  10605
  187 816174549 816179849   5300
  188 816179852 816182969   3117
  189 816183972 816185006   1034
  190 816186052 816189556   3504
  191 816190122 816192181   2059
  192 816192756 816193795   1039
  193 816193822 816194783    961
  194 816194785 816195107    322
  195 816197300 816200571   3271
  196 816201122 816203203   2081
  197 816203638 816203785    147
  198 816204188 816205159    971
  199 816205918 816208305   2387
  200 816208801 816209603    802
  201 816210210 816211250   1040
  202 816213644 816214128    484
  203 816214560 816215582   1022
  204 816216106 816216877    771
  205 816217197 816221610   4413
  206 816221882 816224267   2385
  207 816225711 816231787   6076
  208 816233403 816233536    133
  209 816233936 816234171    235
  210 816234712 816238609   3897
  211 816238929 816241155   2226
  212 816241555 816244459   2904
  213 816245026 816246468   1442
  214 816246471 816250080   3609
  215 816250083 816251689   1606
  216 816251737 816253397   1660
  217 816253400 816265989  12589
  218 816265992 816271632   5640
  219 816272062 816272183    121
  220 816272747 816276877   4130
  221 816277410 816280384   2974
  222 816281864 816283899   2035
  223 816283902 816284934   1032
  224 816285355 816285491    136
  225 816285891 816285902     11
  226 816286329 816286548    219
  227 816286868 816287175    307
  228 816287992 816289149   1157
  229 816289745 816290458    713
  230 816303630 816303768    138
  231 816303771 816304428    657
  232 816304431 816304658    227
  233 816306715 816307466    751
  234 816308112 816311597   3485
  235 816312622 816312687     65
  236 816313007 816313295    288
  237 816313695 816313945    250
  238 816314516 816314864    348
  239 816315297 816315530    233
  240 816316485 816317565   1080
  241 816317568 816319578   2010
  242 816319581 816325651   6070
  243 816325653 816326275    622
  244 816326675 816327659    984
  245 816327661 816335754   8093
  246 816335809 816336928   1119
  247 816336931 816350867  13936
  248 816350869 816350963     94
  249 816350966 816351641    675
  250 816351688 816353608   1920
  251 816353928 816354968   1040
  252 816355368 816355507    139
  253 816356107 816356382    275
  254 816356385 816356433     48
  255 816356436 816360080   3644
  256 816360611 816361299    688
  257 816361301 816363453   2152
  258 816363456 816363741    285
  259 816364174 816366409   2235
  260 816366457 816366791    334
  261 816366793 816368849   2056
  262 816373828 816374553    725
  263 816374609 816376835   2226
  264 816377391 816377630    239
  265 816378160 816378271    111
  266 816378546 816379318    772
  267 816381928 816382577    649
  268 816383521 816383649    128
  269 816383704 816384181    477
  270 816384743 816387865   3122
  271 816388088 816390090   2002
  272 816390605 816391179    574
  273 816392461 816394262   1801
  274 816395210 816395214      4
  275 816395736 816399442   3706
  276 816399498 816407211   7713
  277 816407213 816415865   8652
  278 816415921 816422933   7012
  279 816423525 816430581   7056
  280 816431335 816435883   4548
  281 816435885 816438398   2513
  282 816438401 816438925    524
  283 816441310 816445589   4279
  284 816446086 816448636   2550
  285 816449348 816449541    193
  286 816449941 816457632   7691
  287 816458042 816463640   5598
  288 816463643 816468903   5260
  289 816468905 816469625    720
  290 816470180 816470953    773
  291 816470956 816471377    421
  292 816474137 816474878    741
  293 816474881 816476027   1146
  294 816476029 816481249   5220
  295 816481778 816484833   3055
  296 816484836 816493364   8528
  297 816494067 816494264    197
  298 816494664 816497362   2698
  299 816497409 816498097    688
  300 816498100 816500099   1999
  301 816501988 816506041   4053
  302 816506098 816526378  20280
  303 816528561 816534883   6322
  304 816535419 816539873   4454
  305 816539876 816540619    743
  306 816541199 816545843   4644
  307 816545845 816548396   2551
  308 816548914 816552489   3575
  309 816552553 816561785   9232
  310 816561848 816563011   1163
  311 816563484 816571954   8470
  312 816572486 816575015   2529
  313 816575017 816575975    958
  314 816575977 816579649   3672
  315 816579705 816594237  14532
  316 816594240 816597738   3498
  317 816597784 816611487  13703
  318 816611489 816612149    660
  319 816612152 816613233   1081
  320 816613236 816618889   5653
  321 816618938 816623022   4084
  322 816625182 816627433   2251
  323 816627488 816630017   2529
  324 816630491 816630555     64
  325 816633049 816633554    505
  326 816633994 816634688    694
  327 816634691 816635060    369
  328 816635463 816637589   2126
  329 816639203 816639481    278
  330 816639545 816641508   1963
  331 816642352 816645295   2943
  332 816645298 816648617   3319
  333 816648620 816651273   2653
  334 816651276 816657678   6402
  335 816658211 816658786    575
  336 816659373 816665033   5660
  337 816665081 816674851   9770
  338 816675556 816677791   2235
  339 816677793 816703530  25737
  340 816703579 816706313   2734
  341 816706316 816706977    661
  342 816706980 816707640    660
  343 816708060 816708310    250
  344 816708710 816710439   1729
  345 816773714 816783009   9295
  346 816783059 816785273   2214
  347 816785276 816793229   7953
  348 816793232 816797031   3799
  349 816797033 816806847   9814
  350 816810792 816813792   3000
  351 816813795 816813963    168
  352 816815361 816815420     59
  353 816816150 816817108    958
  354 816817111 816817222    111
  355 816817225 816818040    815
  356 816819345 816823392   4047
  357 816824154 816835018  10864
  358 816835021 816847619  12598
  359 816847622 816852260   4638
  360 816852263 816864819  12556
  361 816865574 816871492   5918
  362 816871495 816881843  10348
  363 816881845 816885241   3396
  364 816885297 816888069   2772
  365 816888072 816896033   7961
  366 816896081 816897554   1473
  367 816898939 816908685   9746
  368 816909244 816913263   4019
  369 816913265 816913780    515
  370 816914327 816916019   1692
  371 816916021 816916580    559
  372 816916583 816922333   5750
  373 816922820 816927844   5024
  374 816927847 816939773  11926
  375 816939776 816942330   2554
  376 816942384 816946819   4435
  377 816947649 816951700   4051
  378 816951703 816951936    233
  379 816952472 816957066   4594
  380 816957121 816962528   5407
  381 816962963 816967385   4422
  382 816967441 816969101   1660
  383 816974148 816978551   4403
  384 816981141 816982769   1628
  385 816983481 816984187    706
  386 816984923 816985397    474
  387 816985897 816986456    559
  388 816986856 816988440   1584
  389 816989738 816990267    529
  390 816990783 816991321    538
  391 816991378 816996859   5481
  392 816996921 816998657   1736
  393 816998660 817003449   4789
  394 817003498 817014552  11054
  395 817014555 817031165  16610
  396 817032914 817042745   9831
  397 817042792 817043299    507
  398 817043302 817048443   5141
  399 817048445 817063557  15112
  400 817063560 817064881   1321
  401 817064937 817067528   2591
  402 817067531 817068247    716
  403 817069839 817075465   5626
  404 817075468 817077656   2188
  405 817078578 817079029    451
  406 817079512 817080440    928
  407 817080840 817081955   1115
  408 817082461 817082577    116
  409 817083020 817084075   1055
  410 817084078 817090703   6625
  411 817090705 817095929   5224
  412 817095992 817097992   2000
  413 817097995 817099317   1322
  414 817099320 817101969   2649
  415 817101972 817103298   1326
  416 817103301 817103730    429
  417 817104151 817105287   1136
  418 817105289 817107052   1763
  419 817108111 817125843  17732
  420 817125846 817133318   7472
  421 817133320 817136467   3147
  422 817136469 817139483   3014
  423 817139486 817166331  26845
  424 817166333 817174279   7946
  425 817174281 817178222   3941
  426 817178622 817180251   1629
  427 817180253 817184235   3982
  428 817184238 817192625   8387
  429 817192680 817196849   4169
  430 817196852 817201457   4605
  431 817201505 817202163    658
  432 817202165 817208143   5978
  433 817208146 817214788   6642
  434 817214791 817218778   3987
  435 817218781 817219442    661
  436 817219445 817224052   4607
  437 817224553 817224714    161
  438 817227569 817231407   3838
  439 817231409 817231632    223
  440 817239342 817242035   2693
  441 817242037 817242996    959
  442 817244374 817252356   7982
  443 817252761 817253832   1071
  444 817254324 817254334     10
  445 817254763 817261578   6815
  446 817261634 817268688   7054
  447 817268736 817275209   6473
  448 817275749 817281063   5314
  449 817281065 817290331   9266
  450 817290333 817299168   8835
  451 817299224 817310777  11553
  452 817310834 817312457   1623
  453 817313169 817314532   1363
  454 817314942 817315241    299
  455 817334958 817339364   4406
  456 817339411 817340364    953
  457 817341783 817342150    367
  458 817342702 817346659   3957
  459 817348088 817351003   2915
  460 817351403 817356078   4675
  461 817356124 817362224   6100
  462 817363146 817372948   9802
  463 817373012 817393988  20976
  464 817394036 817398833   4797
  465 817400049 817400679    630
  466 817403782 817403972    190
  467 817404028 817404740    712
  468 817405303 817416364  11061
  469 817416420 817422996   6576
  470 817423853 817425602   1749
  471 817426677 817426852    175
  472 817426900 817442042  15142
  473 817443516 817444492    976
  474 817444540 817447625   3085
  475 817460989 817468051   7062
  476 817468098 817484995  16897
  477 817486380 817488302   1922
  478 817491662 817492352    690
  479 817492870 817494090   1220
  480 817494155 817496057   1902
  481 817496470 817500755   4285
  482 817500818 817503224   2406
  483 817503544 817503624     80
  484 817504024 817504123     99
  485 817507859 817507999    140
  486 817509065 817510020    955
  487 817510583 817511562    979
  488 817511618 817528035  16417
  489 817528082 817549399  21317
  490 817549799 817552531   2732
  491 817553568 817554037    469
  492 817554092 817554255    163
  493 817554764 817559996   5232
  494 817560050 817564236   4186
  495 817564674 817565054    380
  496 817567460 817569323   1863
  497 817569856 817570465    609
  498 817570529 817570694    165
  499 817571014 817571549    535
  500 817571949 817592566  20617
  501 817592886 817593111    225
  502 817593511 817596124   2613
  503 817597339 817600269   2930
  504 817600885 817601982   1097
  505 817602302 817604483   2181
  506 817604883 817617804  12921
  507 817630709 817631248    539
  508 817632079 817645650  13571
  509 817645706 817656283  10577
  510 817656285 817657601   1316
  511 817657665 817661804   4139
  512 817664611 817682923  18312
  513 817683323 817685665   2342
  514 817685714 817686948   1234
  515 817687400 817689448   2048
  516 817690520 817690744    224
  517 817691284 817694054   2770
  518 817694507 817694556     49
  519 817695518 817698766   3248
  520 817698771 817700198   1427
  521 817700611 817700668     57
  522 817701405 817707265   5860
  523 817708401 817714727   6326
  524 817716248 817719115   2867
  525 817720367 817722831   2464
  526 817723413 817753031  29618
  527 817753557 817754577   1020
  528 817756611 817764480   7869
  529 817765029 817770728   5699
  530 817771128 817771820    692
  531 817772347 817773142    795
  532 817773743 817781813   8070
  533 817784709 817821220  36511
  534 817822357 817824441   2084
  535 817827579 817839344  11765
  536 817839664 817839892    228
  537 817840292 817852022  11730
  538 817855011 817855167    156
  539 817855487 817856396    909
  540 817856796 817859405   2609
  541 817859978 817870622  10644
  542 817870942 817871419    477
  543 817871819 817914910  43091
