    1 847701031 847731438  30407
    2 847733010 847733579    569
    3 847734387 847734429     42
    4 847742700 847744293   1593
    5 847752171 847753043    872
    6 847775781 847784591   8810
    7 847784639 847797088  12449
    8 847798683 847802556   3873
    9 847803691 847804384    693
   10 847804511 847810215   5704
   11 847810279 847811779   1500
   12 847819476 847820810   1334
   13 847821199 847821250     51
   14 847823778 847823941    163
   15 847826448 847834691   8243
   16 847837065 847837408    343
   17 847838012 847841040   3028
   18 847842323 847875359  33036
   19 847875415 847883699   8284
   20 847887522 847890198   2676
   21 847890200 847899709   9509
   22 847902100 847902602    502
   23 847903002 847904511   1509
   24 847904567 847914985  10418
   25 847916130 847918479   2349
   26 847918527 847922223   3696
   27 847922827 847945256  22429
   28 847952376 847952415     39
   29 847952938 847954775   1837
   30 847957965 847958164    199
   31 847958166 847962144   3978
   32 847962190 847981927  19737
   33 847981983 847989367   7384
   34 847989424 847994987   5563
   35 847995033 847998406   3373
   36 848001235 848004624   3389
   37 848005122 848008191   3069
   38 848008247 848014671   6424
   39 848015191 848030407  15216
   40 848030455 848030775    320
   41 848030777 848031224    447
   42 848037920 848053759  15839
   43 848053815 848069410  15595
   44 848072037 848080535   8498
   45 848080584 848086215   5631
   46 848088503 848089791   1288
   47 848089855 848095190   5335
   48 848096268 848099911   3643
   49 848102931 848116299  13368
   50 848117703 848137207  19504
   51 848137264 848147385  10121
   52 848147431 848155986   8555
   53 848198645 848205517   6872
   54 848205572 848211628   6056
   55 848211684 848219958   8274
   56 848221955 848228380   6425
   57 848228443 848229912   1469
   58 848234927 848237075   2148
   59 848238106 848238612    506
   60 848238677 848255929  17252
   61 848289871 848291404   1533
   62 848291468 848302616  11148
   63 848305733 848311639   5906
   64 848312977 848313228    251
   65 848313284 848317882   4598
   66 848318823 848319572    749
   67 848324697 848324935    238
   68 848325568 848325646     78
   69 848326670 848330206   3536
   70 848332046 848335469   3423
   71 848336639 848348063  11424
   72 848383967 848385244   1277
   73 848385301 848396252  10951
   74 848396316 848408964  12648
   75 848409020 848418247   9227
   76 848419578 848421437   1859
   77 848421499 848424924   3425
   78 848425667 848430952   5285
   79 848433373 848439959   6586
   80 848441458 848456468  15010
   81 848456517 848458118   1601
   82 848460473 848466285   5812
   83 848468244 848476078   7834
   84 848476132 848488844  12712
   85 848488891 848492182   3291
   86 848492765 848498901   6136
   87 848498957 848507860   8903
   88 848507908 848517164   9256
   89 848517227 848522940   5713
   90 848522987 848527640   4653
   91 848531470 848531980    510
   92 848532037 848543636  11599
   93 848543691 848581243  37552
   94 848582987 848613684  30697
   95 848613732 848619415   5683
   96 848620376 848623021   2645
   97 848623140 848623993    853
   98 848628688 848629616    928
   99 848635752 848638415   2663
  100 848638417 848638800    383
  101 848644144 848648663   4519
  102 848650551 848673411  22860
  103 848675936 848684633   8697
  104 848685158 848687037   1879
  105 848687091 848691412   4321
  106 848693368 848701425   8057
  107 848703576 848712958   9382
  108 848713092 848722420   9328
  109 848722467 848728284   5817
  110 848728347 848735286   6939
  111 848735858 848736685    827
  112 848738271 848741954   3683
  113 848743127 848743932    805
  114 848743980 848744532    552
  115 848745876 848750403   4527
  116 848750459 848750493     34
  117 848751890 848755568   3678
  118 848757717 848764850   7133
  119 848782331 848783472   1141
  120 848783520 848785874   2354
  121 848786786 848789393   2607
  122 848789953 848795911   5958
  123 848796231 848797264   1033
  124 848797664 848797670      6
  125 848797990 848798125    135
  126 848798525 848798727    202
  127 848799379 848803369   3990
  128 848803417 848816519  13102
  129 848818003 848823127   5124
  130 848823128 848829689   6561
  131 848829753 848842303  12550
  132 848844157 848846358   2201
  133 848846360 848846366      6
  134 848847365 848848041    676
  135 848848088 848850522   2434
  136 848851323 848853371   2048
  137 848853917 848855256   1339
  138 848856326 848858337   2011
  139 848859399 848865333   5934
  140 848869241 848876430   7189
  141 848877822 848877969    147
  142 848878032 848878290    258
  143 848878610 848882904   4294
  144 848883304 848889321   6017
  145 848889449 848896801   7352
  146 848898210 848899784   1574
  147 848899840 848918508  18668
  148 848919778 848922335   2557
  149 848923274 848936345  13071
  150 848936392 848942049   5657
  151 848942856 848943929   1073
  152 848945593 848956848  11255
  153 848956912 848963512   6600
  154 848964055 848969596   5541
  155 848970201 848970214     13
  156 848971379 848981877  10498
  157 848984685 848995161  10476
  158 848995224 849002737   7513
  159 849002793 849008833   6040
  160 849008897 849014968   6071
  161 849015032 849035342  20310
  162 849036862 849037112    250
  163 849038862 849044924   6062
  164 849045800 849049958   4158
  165 849051650 849053082   1432
  166 849054750 849056633   1883
  167 849056752 849072640  15888
  168 849072704 849076389   3685
  169 849083076 849087175   4099
  170 849088629 849089078    449
  171 849089789 849109593  19804
  172 849109671 849112162   2491
  173 849112482 849112767    285
  174 849113167 849120681   7514
  175 849120729 849129185   8456
  176 849129233 849147677  18444
  177 849166101 849172441   6340
  178 849172488 849185769  13281
  179 849185833 849197497  11664
  180 849197544 849212653  15109
  181 849214041 849214408    367
  182 849216268 849220528   4260
  183 849220576 849225435   4859
  184 849225437 849234929   9492
  185 849234985 849240393   5408
  186 849240449 849248205   7756
  187 849249890 849263961  14071
  188 849264008 849278672  14664
  189 849278720 849300006  21286
  190 849306061 849309896   3835
  191 849310016 849325129  15113
  192 849325177 849336473  11296
  193 849336593 849360993  24400
  194 849361049 849369716   8667
  195 849401857 849413711  11854
  196 849415838 849427490  11652
  197 849427810 849427890     80
  198 849428478 849430819   2341
  199 849430867 849443385  12518
  200 849445377 849449724   4347
  201 849449780 849470600  20820
  202 849471555 849477096   5541
  203 849477558 849487875  10317
  204 849487876 849554031  66155
  205 849555995 849558443   2448
  206 849558506 849564262   5756
  207 849565220 849568069   2849
  208 849576463 849584395   7932
  209 849584458 849613162  28704
  210 849613282 849637534  24252
  211 849680776 849689483   8707
  212 849689539 849705286  15747
  213 849706362 849711123   4761
  214 849712714 849717667   4953
  215 849717723 849719470   1747
  216 849720590 849726040   5450
  217 849727436 849728926   1490
  218 849729869 849731066   1197
  219 849731114 849740043   8929
  220 849740091 849750623  10532
  221 849752708 849759370   6662
  222 849759434 849770227  10793
  223 849770291 849774015   3724
  224 849777933 849786094   8161
  225 849794224 849795091    867
  226 849795146 849822362  27216
  227 849829006 849829152    146
  228 849829576 849831955   2379
  229 849832003 849870108  38105
  230 849871555 849875530   3975
  231 849875586 849892634  17048
  232 849897424 849901303   3879
  233 849901998 849903287   1289
  234 849905014 849905316    302
  235 849907744 849908370    626
  236 849909071 849911388   2317
  237 849917352 849918411   1059
  238 849924223 849927023   2800
  239 849928965 849929108    143
  240 849930110 849950596  20486
  241 849953968 849955651   1683
  242 849955699 849958655   2956
  243 849961136 849967338   6202
  244 849967386 849974438   7052
  245 849997247 849997772    525
  246 849999196 850001388   2192
  247 850001443 850020485  19042
  248 850021582 850039428  17846
  249 850039492 850061082  21590
  250 850063845 850064016    171
  251 850100411 850101568   1157
  252 850102470 850104267   1797
  253 850104269 850109879   5610
  254 850109881 850110108    227
  255 850110110 850110115      5
  256 850110117 850110267    150
  257 850110269 850112073   1804
  258 850116401 850122332   5931
  259 850122459 850133828  11369
  260 850133877 850137395   3518
  261 850140362 850153551  13189
  262 850154106 850156643   2537
  263 850156648 850161185   4537
  264 850162212 850164434   2222
  265 850165236 850165889    653
  266 850165891 850166918   1027
  267 850166964 850170191   3227
  268 850170765 850172973   2208
  269 850174329 850179652   5323
  270 850179699 850182152   2453
  271 850182741 850187405   4664
  272 850189281 850189550    269
  273 850190779 850190780      1
  274 850191144 850191205     61
  275 850192853 850193542    689
  276 850196494 850196504     10
  277 850196973 850197011     38
  278 850266240 850271723   5483
  279 850271770 850271882    112
  280 850272772 850275973   3201
  281 850276994 850278004   1010
  282 850279635 850279669     34
  283 850280770 850281628    858
  284 850281631 850282713   1082
  285 850284828 850299203  14375
  286 850299250 850317422  18172
  287 850324837 850330598   5761
  288 850331099 850331123     24
  289 850331910 850332131    221
  290 850332196 850345499  13303
  291 850345556 850346039    483
  292 850346506 850362242  15736
  293 850363263 850368819   5556
  294 850368867 850370145   1278
  295 850373568 850376202   2634
  296 850376258 850383755   7497
  297 850383818 850394619  10801
  298 850394667 850395810   1143
  299 850397098 850405237   8139
  300 850406348 850422067  15719
  301 850422115 850426199   4084
  302 850426200 850437878  11678
  303 850437880 850444107   6227
  304 850444162 850455236  11074
  305 850455299 850461596   6297
  306 850461598 850488162  26564
  307 850490026 850490739    713
  308 850491543 850495036   3493
  309 850495082 850495123     41
  310 850495124 850508883  13759
  311 850508939 850514107   5168
  312 850515309 850517613   2304
  313 850518897 850522702   3805
  314 850522704 850527235   4531
  315 850527299 850532621   5322
  316 850533992 850535011   1019
  317 850535058 850562836  27778
  318 850562882 850571999   9117
  319 850599545 850601254   1709
  320 850601257 850602883   1626
  321 850603583 850604901   1318
  322 850605037 850620390  15353
  323 850620452 850630541  10089
  324 850630605 850642643  12038
  325 850644406 850666488  22082
  326 850667071 850674292   7221
  327 850675021 850677398   2377
  328 850678933 850678992     59
  329 850680081 850691864  11783
  330 850693703 850693765     62
  331 850693901 850694571    670
  332 850695939 850697160   1221
  333 850697887 850715435  17548
  334 850719644 850722996   3352
  335 850724398 850724790    392
  336 850724837 850725453    616
  337 850725900 850728896   2996
  338 850730023 850730174    151
  339 850734561 850735284    723
  340 850736072 850736087     15
  341 850736487 850736760    273
  342 850739436 850739621    185
  343 850769207 850770240   1033
  344 850774290 850774455    165
  345 850779057 850780273   1216
  346 850784707 850814348  29641
  347 850814350 850825126  10776
  348 850827133 850841054  13921
  349 850842252 850853309  11057
  350 850853356 850853390     34
  351 850854708 850856497   1789
  352 850860212 850866277   6065
  353 850866333 850873590   7257
  354 850873637 850880210   6573
  355 850881680 850899565  17885
  356 850899629 850924813  25184
  357 850924870 850931221   6351
  358 850931277 850955645  24368
  359 850955701 850979693  23992
  360 850979740 851033081  53341
  361 851034582 851038484   3902
  362 851040270 851044805   4535
  363 851044853 851069677  24824
  364 851069740 851071106   1366
  365 851077902 851078685    783
  366 851078805 851082866   4061
  367 851085292 851092989   7697
  368 851093109 851111260  18151
  369 851111660 851122910  11250
  370 851122964 851143797  20833
  371 851143853 851144053    200
