    1 817938432 817940291   1859
    2 817941908 817943229   1321
    3 817943231 817943232      1
    4 817943607 817943837    230
    5 817944849 817953005   8156
    6 817959916 817978571  18655
    7 817978573 818003647  25074
    8 818003706 818006474   2768
    9 818006476 818006477      1
   10 818006754 818012044   5290
   11 818030252 818034090   3838
   12 818035322 818037017   1695
   13 818037019 818037020      1
   14 818037193 818059265  22072
   15 818060899 818068193   7294
   16 818069157 818077182   8025
   17 818077748 818093514  15766
   18 818094671 818096058   1387
   19 818097973 818098616    643
   20 818098618 818098619      1
   21 818098844 818112812  13968
   22 818120524 818130342   9818
   23 818130581 818145065  14484
   24 818146101 818160993  14892
   25 818161103 818161135     32
   26 818164648 818172826   8178
   27 818174757 818180076   5319
   28 818181463 818182068    605
   29 818188726 818206514  17788
   30 818207218 818227407  20189
   31 818227489 818238896  11407
   32 818244105 818261492  17387
   33 818263897 818267523   3626
   34 818270274 818286896  16622
   35 818290241 818291438   1197
   36 818292646 818322361  29715
   37 818324474 818326515   2041
   38 818327398 818338808  11410
   39 818340677 818343163   2486
   40 818344995 818345336    341
   41 818345636 818346837   1201
   42 818349742 818352284   2542
   43 818355312 818356292    980
   44 818358542 818365796   7254
   45 818367579 818370698   3119
   46 818371863 818407379  35516
   47 818409295 818419686  10391
   48 818419755 818426514   6759
   49 818428397 818438974  10577
   50 818448634 818449337    703
   51 818449338 818449340      2
   52 818449563 818449864    301
   53 818449901 818454087   4186
   54 818456437 818456454     17
   55 818456528 818456880    352
   56 818457864 818460061   2197
   57 818462869 818471452   8583
   58 818471614 818479436   7822
   59 818485616 818522047  36431
   60 818522049 818522050      1
   61 818522294 818524775   2481
   62 818547092 818548593   1501
   63 818550111 818550741    630
   64 818552070 818552292    222
   65 818552592 818552601      9
   66 818552711 818557533   4822
   67 818557833 818557919     86
   68 818558029 818558115     86
   69 818558415 818558627    212
   70 818558737 818559369    632
   71 818559669 818561285   1616
   72 818561932 818564684   2752
   73 818564984 818569770   4786
   74 818569880 818571169   1289
   75 818571469 818571691    222
   76 818572427 818572514     87
   77 818573468 818573474      6
   78 818574101 818574127     26
   79 818574427 818574500     73
   80 818575037 818575145    108
   81 818575445 818575699    254
   82 818577371 818604186  26815
   83 818606090 818616821  10731
   84 818616823 818616825      2
   85 818617456 818619161   1705
   86 818621618 818635016  13398
   87 818636410 818636551    141
   88 818637603 818641135   3532
   89 818641136 818645208   4072
   90 818647355 818649507   2152
   91 818649640 818654670   5030
   92 818657617 818677604  19987
   93 818681335 818687176   5841
   94 818689526 818695232   5706
   95 818695233 818695234      1
   96 818695661 818712060  16399
   97 818712375 818715318   2943
   98 818716549 818718030   1481
   99 818718840 818719603    763
  100 818720844 818723619   2775
  101 818725527 818728409   2882
  102 818730103 818734597   4494
  103 818736605 818768729  32124
  104 818770503 818790363  19860
  105 818791706 818793690   1984
  106 818795618 818800586   4968
  107 818801834 818805514   3680
  108 818809957 818812419   2462
  109 818814826 818814968    142
  110 818816477 818817005    528
  111 818817518 818831824  14306
  112 818832578 818860226  27648
  113 818862107 818878298  16191
  114 818880188 818883231   3043
  115 818883464 818885383   1919
  116 818886084 818888268   2184
  117 818888966 818893967   5001
  118 818894582 818901414   6832
  119 818902910 818911869   8959
  120 818912156 818917834   5678
  121 818919353 818945579  26226
  122 818946980 818952356   5376
  123 818953327 818954290    963
  124 818955978 818959136   3158
  125 818959400 818959403      3
  126 818961755 818969152   7397
  127 818969936 818971076   1140
  128 818971385 819028020  56635
  129 819029601 819030087    486
  130 819033769 819035372   1603
  131 819035482 819036955   1473
  132 819037255 819037412    157
  133 819037732 819037741      9
  134 819038049 819042920   4871
  135 819047054 819048833   1779
  136 819049472 819050021    549
  137 819052128 819055265   3137
  138 819055400 819057649   2249
  139 819059272 819060192    920
  140 819061326 819061928    602
  141 819062005 819062827    822
  142 819062939 819066610   3671
  143 819069292 819075637   6345
  144 819076642 819076984    342
  145 819078358 819089413  11055
  146 819089611 819090301    690
  147 819090401 819091601   1200
  148 819091876 819093690   1814
  149 819094356 819094474    118
  150 819095330 819100880   5550
  151 819100906 819101639    733
  152 819101643 819104314   2671
  153 819105095 819113436   8341
  154 819114475 819124300   9825
  155 819124456 819128036   3580
  156 819128146 819129842   1696
  157 819144129 819144310    181
  158 819145645 819147016   1371
  159 819165778 819185263  19485
  160 819189059 819191056   1997
  161 819192072 819201781   9709
  162 819202650 819202863    213
  163 819202879 819204075   1196
  164 819204688 819210044   5356
  165 819210046 819210048      2
  166 819210534 819211286    752
  167 819212082 819216086   4004
  168 819217966 819218623    657
  169 819218919 819226589   7670
  170 819228203 819228468    265
  171 819229754 819230128    374
  172 819230311 819234399   4088
  173 819235345 819238106   2761
  174 819241451 819250632   9181
  175 819252274 819269430  17156
  176 819271266 819292653  21387
  177 819292655 819295047   2392
  178 819295717 819299730   4013
  179 819300449 819308035   7586
  180 819308240 819308258     18
  181 819308368 819308458     90
  182 819312017 819313080   1063
  183 819313797 819316040   2243
  184 819316143 819317085    942
  185 819323264 819324677   1413
  186 819324863 819325101    238
  187 819326844 819335888   9044
  188 819336002 819346961  10959
  189 819347043 819348000    957
  190 819348110 819348184     74
  191 819354505 819358313   3808
  192 819358366 819362043   3677
  193 819362242 819362613    371
  194 819364026 819370134   6108
  195 819371319 819377830   6511
  196 819377831 819377832      1
  197 819378478 819380116   1638
  198 819380976 819392347  11371
  199 819397710 819400737   3027
  200 819402488 819404684   2196
  201 819405436 819409213   3777
  202 819410200 819410223     23
  203 819411761 819418770   7009
  204 819419475 819424082   4607
  205 819424973 819468371  43398
  206 819468748 819480732  11984
  207 819486095 819555904  69809
  208 819557861 819560095   2234
  209 819560225 819573177  12952
  210 819574106 819579897   5791
  211 819580664 819600208  19544
  212 819601648 819604115   2467
  213 819605130 819640831  35701
  214 819642439 819656602  14163
  215 819656712 819657009    297
  216 819659384 819661316   1932
  217 819662144 819697618  35474
  218 819698739 819725831  27092
  219 819726138 819729063   2925
  220 819731983 819734746   2763
  221 819755886 819756282    396
  222 819757726 819760350   2624
  223 819761763 819763784   2021
  224 819764281 819768054   3773
  225 819768252 819790002  21750
  226 819791652 819801969  10317
  227 819803753 819822551  18798
  228 819823046 819825377   2331
  229 819827551 819828245    694
  230 819828488 819829956   1468
  231 819830689 819837732   7043
  232 819839073 819841253   2180
  233 819841372 819842625   1253
  234 819843526 819847154   3628
  235 819847379 819849445   2066
  236 819850670 819850783    113
  237 819850869 819856874   6005
  238 819857006 819880776  23770
  239 819882118 819887123   5005
  240 819888765 819894217   5452
  241 819894360 819901722   7362
  242 819902363 819909125   6762
  243 819909314 819913630   4316
  244 819913632 819913633      1
  245 819913759 819914474    715
  246 819914670 819916252   1582
  247 819916431 819922480   6049
  248 819923510 819927291   3781
  249 819930752 819930871    119
  250 819931087 819938413   7326
  251 819938768 819941674   2906
  252 819941790 819963916  22126
  253 819963918 819966010   2092
  254 819966143 819968506   2363
  255 819977247 819977522    275
  256 819979099 819979267    168
  257 819982169 819983904   1735
  258 819985429 820001764  16335
  259 820002434 820002661    227
  260 820026973 820049737  22764
  261 820051021 820051548    527
  262 820052715 820052946    231
  263 820054389 820054688    299
  264 820060252 820060499    247
  265 820062025 820062973    948
  266 820064390 820087074  22684
  267 820089692 820097607   7915
  268 820097741 820100949   3208
  269 820102769 820103337    568
  270 820104221 820106703   2482
  271 820107411 820107864    453
  272 820111501 820111770    269
  273 820113112 820114075    963
  274 820114140 820114171     31
  275 820114254 820114258      4
  276 820117428 820123850   6422
  277 820123892 820139451  15559
  278 820139822 820141600   1778
  279 820142783 820143653    870
  280 820144096 820144404    308
  281 820144497 820147257   2760
  282 820148015 820148564    549
  283 820148760 820148766      6
  284 820149460 820150970   1510
  285 820152273 820157084   4811
  286 820157670 820171977  14307
  287 820173625 820173981    356
  288 820174486 820175691   1205
  289 820177368 820194235  16867
  290 820196007 820196299    292
  291 820196839 820199379   2540
  292 820204001 820210521   6520
  293 820216753 820218380   1627
  294 820228454 820231366   2912
  295 820231621 820250460  18839
  296 820251634 820251643      9
  297 820251657 820273452  21795
  298 820273686 820275900   2214
  299 820280886 820280902     16
  300 820280976 820284765   3789
  301 820285510 820301972  16462
  302 820301974 820304495   2521
  303 820304918 820316391  11473
  304 820316628 820321165   4537
  305 820321810 820322265    455
  306 820322267 820322269      2
  307 820322418 820327209   4791
  308 820327808 820338086  10278
  309 820338288 820340203   1915
  310 820340205 820340206      1
