    1 834870058 834873821   3763
    2 834875129 834878066   2937
    3 834878969 834879216    247
    4 834879264 834882774   3510
    5 834882776 834896155  13379
    6 834897114 834897688    574
    7 834897816 834906078   8262
    8 834906993 834930386  23393
    9 834931844 834932800    956
   10 834933728 834948577  14849
   11 834948898 834950183   1285
   12 834950321 834950343     22
   13 834955940 834960404   4464
   14 834961469 834963285   1816
   15 834964591 834983666  19075
   16 834983697 834985758   2061
   17 834995603 835005668  10065
   18 835006771 835007922   1151
   19 835007976 835009119   1143
   20 835010582 835020089   9507
   21 835021459 835025095   3636
   22 835025097 835034241   9144
   23 835034288 835039443   5155
   24 835504589 835505922   1333
   25 835507211 835508616   1405
   26 835509564 835514901   5337
   27 835514964 835517050   2086
   28 835517051 835517073     22
   29 835520107 835524522   4415
   30 835524523 835526012   1489
   31 835526077 835541540  15463
   32 835541604 835545175   3571
   33 835545285 835546131    846
   34 835546431 835548837   2406
   35 835548883 835551540   2657
   36 835552443 835555577   3134
   37 835556460 835562940   6480
   38 835563076 835565644   2568
   39 835566584 835567194    610
   40 835568813 835574948   6135
   41 835574997 835584134   9137
   42 835584198 835626486  42288
   43 835626534 835637655  11121
   44 835638761 835643677   4916
   45 835644781 835647740   2959
   46 835649172 835652300   3128
   47 835652482 835652670    188
   48 835652726 835655434   2708
   49 835690522 835696794   6272
   50 835698482 835710096  11614
   51 835710159 835721559  11400
   52 835723570 835726354   2784
   53 835728475 835729610   1135
   54 835729910 835731782   1872
   55 835731954 835735207   3253
   56 835735256 835739025   3769
   57 835739027 835759732  20705
   58 835759734 835764257   4523
   59 835764304 835766973   2669
   60 835766974 835770462   3488
   61 835771994 835784592  12598
   62 835784728 835793033   8305
   63 835793088 835799912   6824
   64 835799914 835799922      8
   65 835799923 835804312   4389
   66 835805602 835814404   8802
   67 835815913 835817857   1944
   68 835819440 835847870  28430
   69 835849102 835868061  18959
   70 835868107 835883265  15158
   71 835883312 835888386   5074
   72 835890751 835894868   4117
   73 835898072 835900487   2415
   74 835900866 835902166   1300
   75 835902186 835915257  13071
   76 835915313 835928745  13432
   77 835928801 835934802   6001
   78 835934864 835942521   7657
   79 835942585 835944853   2268
   80 835944855 835954078   9223
   81 835956185 835956804    619
   82 835956807 835958873   2066
   83 835960739 835961430    691
   84 835962564 835967761   5197
   85 835967816 835978478  10662
   86 835978479 835978770    291
   87 835980371 835984104   3733
   88 835985009 835988690   3681
   89 835988797 835988897    100
   90 835988953 835989662    709
   91 835989742 836031785  42043
   92 836031849 836038691   6842
   93 836038994 836039534    540
   94 836039644 836039649      5
   95 836042913 836047985   5072
   96 836048041 836056177   8136
   97 836056224 836061553   5329
   98 836061555 836063460   1905
   99 836064734 836067440   2706
  100 836074822 836078870   4048
  101 836079173 836080397   1224
  102 836084224 836087329   3105
  103 836087448 836097877  10429
  104 836099208 836108886   9678
  105 836108996 836109790    794
  106 836110090 836112225   2135
  107 836112273 836118774   6501
  108 836119074 836119261    187
  109 836120775 836126238   5463
  110 836132113 836139593   7480
  111 836139649 836152489  12840
  112 836152625 836158058   5433
  113 836158630 836159865   1235
  114 836160141 836160913    772
  115 836160961 836163625   2664
  116 836164545 836165670   1125
  117 836166799 836169305   2506
  118 836169433 836169987    554
  119 836169989 836169996      7
  120 836169998 836170065     67
  121 836171038 836172369   1331
  122 836173306 836179052   5746
  123 836179054 836183844   4790
  124 836185290 836188378   3088
  125 836189582 836191570   1988
  126 836191572 836197381   5809
  127 836198465 836198742    277
  128 836200045 836202409   2364
  129 836203336 836203458    122
  130 836203512 836221947  18435
  131 836223587 836233739  10152
  132 836233741 836234497    756
  133 836234544 836234580     36
  134 836235694 836243540   7846
  135 836243694 836247482   3788
  136 836248859 836259700  10841
  137 836260663 836261529    866
  138 836261639 836261720     81
  139 836262020 836282457  20437
  140 836282513 836286757   4244
  141 836286759 836292837   6078
  142 836294523 836302467   7944
  143 836302566 836306108   3542
  144 836309520 836331356  21836
  145 836332509 836333553   1044
  146 836334614 836334920    306
  147 836336136 836336145      9
  148 836336285 836352448  16163
  149 836353872 836354178    306
  150 836355935 836356455    520
  151 836358409 836361824   3415
  152 836363150 836365857   2707
  153 836365905 836374936   9031
  154 836377081 836378772   1691
  155 836378774 836379062    288
  156 836380618 836389353   8735
  157 836389355 836391254   1899
  158 836393051 836395940   2889
  159 836397463 836406825   9362
  160 836406873 836412243   5370
  161 836413952 836416529   2577
  162 836416592 836426566   9974
  163 836432247 836442396  10149
  164 836442450 836451444   8994
  165 836451507 836453896   2389
  166 836454959 836459656   4697
  167 836460610 836461281    671
  168 836462434 836465099   2665
  169 836466453 836466561    108
  170 836466563 836468312   1749
  171 836471012 836472300   1288
  172 836474116 836478282   4166
  173 836479880 836484790   4910
  174 836487042 836490188   3146
  175 836490252 836491104    852
  176 836491105 836494365   3260
  177 836494367 836502286   7919
  178 836503674 836509356   5682
  179 836509403 836513995   4592
  180 836515291 836530876  15585
  181 836530940 836542070  11130
  182 836542838 836575756  32918
  183 836575804 836578663   2859
  184 836578664 836578690     26
  185 836580914 836583292   2378
  186 836583294 836583427    133
  187 836584540 836588789   4249
  188 836588866 836588962     96
  189 836588963 836588971      8
  190 836588973 836593973   5000
  191 836595480 836600332   4852
  192 836600395 836601830   1435
  193 836602130 836602382    252
  194 836602384 836602407     23
  195 836603623 836603723    100
  196 836604944 836604954     10
  197 836605990 836607227   1237
  198 836608509 836609965   1456
  199 836610921 836613580   2659
  200 836613628 836616645   3017
  201 836616647 836616835    188
  202 836618059 836621849   3790
  203 836621851 836632036  10185
  204 836632083 836632748    665
  205 836634075 836636455   2380
  206 836636457 836637508   1051
  207 836637564 836644534   6970
  208 836644581 836649021   4440
  209 836649023 836649072     49
  210 836649948 836660980  11032
  211 836661028 836664915   3887
  212 836664916 836664932     16
  213 836694631 836694814    183
  214 836696133 836699277   3144
  215 836701239 836706443   5204
  216 836706491 836709914   3423
  217 836710943 836719539   8596
  218 836719602 836733923  14321
  219 836733987 836740062   6075
  220 836741997 836747443   5446
  221 836747490 836762275  14785
  222 836763372 836766261   2889
  223 836766263 836766348     85
  224 836767442 836769060   1618
  225 836769994 836771103   1109
  226 836773281 836776330   3049
  227 836777302 836780563   3261
  228 836780565 836781414    849
  229 836781416 836782064    648
  230 836796127 836800468   4341
  231 836801661 836810472   8811
  232 836810474 836811548   1074
  233 836811603 836818070   6467
  234 836818117 836846734  28617
  235 836846797 836848173   1376
  236 836848280 836852756   4476
  237 836852804 836853271    467
  238 836853582 836858134   4552
  239 836859132 836860384   1252
  240 836860505 836861754   1249
  241 836863621 836863683     62
  242 836863731 836884652  20921
  243 836884716 836902596  17880
  244 836902651 836928237  25586
  245 836928350 836928993    643
  246 836930851 836931604    753
  247 836931659 836931821    162
  248 836933582 836934879   1297
  249 836934953 836940321   5368
  250 836948220 836948844    624
  251 836949995 836953302   3307
  252 836954280 836958089   3809
  253 836959404 836959789    385
  254 836959861 836962678   2817
  255 836962740 836965083   2343
  256 836966925 836968916   1991
  257 836968980 836973495   4515
  258 836973536 837010953  37417
  259 837010955 837014297   3342
  260 837014299 837014309     10
  261 837014311 837025609  11298
  262 837027449 837033156   5707
  263 837033220 837033446    226
  264 837034728 837038055   3327
  265 837038990 837051324  12334
  266 837051371 837070839  19468
  267 837072567 837072664     97
  268 837072666 837073726   1060
  269 837073728 837076853   3125
  270 837076916 837078609   1693
  271 837084693 837085874   1181
  272 837088679 837089677    998
  273 837089977 837093148   3171
  274 837094742 837109039  14297
  275 837113321 837118770   5449
  276 837118772 837124260   5488
  277 837124262 837124897    635
  278 837126584 837134757   8173
  279 837136285 837155986  19701
  280 837157510 837160576   3066
  281 837162561 837162851    290
  282 837170443 837174156   3713
  283 837174157 837176677   2520
  284 837177810 837178625    815
  285 837178627 837179780   1153
  286 837180039 837188525   8486
  287 837190460 837193214   2754
  288 837193322 837193494    172
  289 837195230 837195709    479
  290 837195711 837199819   4108
  291 837199874 837202167   2293
  292 837203448 837204694   1246
  293 837206770 837209539   2769
  294 837209667 837218608   8941
  295 837218610 837219437    827
  296 837219597 837222265   2668
  297 837223387 837223420     33
  298 837226406 837226481     75
  299 837226482 837227386    904
  300 837227783 837230643   2860
  301 837230698 837241475  10777
  302 837241531 837247506   5975
  303 837247570 837269312  21742
  304 837269313 837270385   1072
  305 837299149 837299503    354
  306 837301573 837304144   2571
  307 837307435 837313115   5680
  308 837313162 837322013   8851
  309 837323011 837323304    293
  310 837323305 837329976   6671
  311 837329978 837330186    208
  312 837330187 837330188      1
  313 837331855 837332927   1072
  314 837333227 837344598  11371
  315 837346232 837347045    813
  316 837348123 837361243  13120
  317 837362673 837369455   6782
  318 837371096 837372108   1012
  319 837372157 837372256     99
  320 837373333 837384582  11249
  321 837384692 837384819    127
  322 837385119 837442128  57009
  323 837443060 837443987    927
  324 837446446 837446594    148
  325 837447901 837452387   4486
  326 837452906 837453954   1048
  327 837454254 837454356    102
  328 837455206 837458130   2924
  329 837458430 837467092   8662
  330 837467157 837474664   7507
  331 837476135 837479658   3523
  332 837480686 837483265   2579
  333 837483352 837498412  15060
  334 837498459 837505898   7439
  335 837507032 837509553   2521
  336 837510653 837510846    193
  337 837511796 837511809     13
  338 837513981 837514599    618
  339 837514601 837514771    170
  340 837514773 837515437    664
  341 837515439 837515513     74
  342 837516333 837516925    592
  343 837516927 837516936      9
  344 837517796 837523986   6190
  345 837524883 837524967     84
  346 837525262 837541647  16385
  347 837541856 837547895   6039
  348 837548195 837548210     15
  349 837548510 837549125    615
  350 837549632 837552135   2503
  351 837576112 837579731   3619
  352 837580031 837597769  17738
  353 837597770 837600176   2406
  354 837601271 837601403    132
  355 837602290 837628299  26009
  356 837629815 837630061    246
  357 837630117 837635948   5831
  358 837635996 837636308    312
  359 837637517 837641667   4150
  360 837642801 837644023   1222
  361 837644921 837651929   7008
  362 837652942 837653030     88
  363 837653136 837653893    757
  364 837653894 837667923  14029
  365 837668792 837696603  27811
  366 837696605 837723724  27119
  367 837727091 837737028   9937
  368 837737077 837743471   6394
  369 837743473 837745812   2339
  370 837745877 837753958   8081
  371 837754020 837765572  11552
  372 837765707 837766509    802
  373 837767310 837775700   8390
  374 837775764 837778253   2489
  375 837779093 837785385   6292
  376 837785386 837785617    231
  377 837785733 837787255   1522
  378 837788519 837788551     32
  379 837788553 837788869    316
  380 837790232 837797031   6799
  381 837797408 837801237   3829
  382 837801308 837801586    278
  383 837801886 837806483   4597
  384 837806653 837815197   8544
  385 837815252 837815458    206
  386 837816616 837826373   9757
  387 837826375 837830803   4428
  388 837830805 837832374   1569
  389 837837028 837841977   4949
  390 837841978 837843230   1252
  391 837844612 837856188  11576
  392 837856243 837865930   9687
  393 837867068 837868251   1183
  394 837868253 837869905   1652
  395 837870119 837871590   1471
