    1 856654948 856663449   8501
    2 856663497 856670649   7152
    3 856670697 856683745  13048
    4 856683808 856695487  11679
    5 856695848 856698378   2530
    6 856699772 856702893   3121
    7 856703193 856707698   4505
    8 856707754 856710795   3041
    9 856711095 856713515   2420
   10 856713570 856718678   5108
   11 856718788 856719818   1030
   12 856720118 856720925    807
   13 856721141 856724626   3485
   14 856724871 856725857    986
   15 856727131 856727506    375
   16 856727876 856728141    265
   17 856728381 856728401     20
   18 856728450 856728792    342
   19 856729173 856729522    349
   20 856729862 856730216    354
   21 856730326 856730995    669
   22 856743290 856745439   2149
   23 856746382 856754699   8317
   24 856754755 856767002  12247
   25 856767122 856778602  11480
   26 856781630 856783283   1653
   27 856783331 856797778  14447
   28 856797826 856804558   6732
   29 856804674 856806469   1795
   30 856806550 856808425   1875
   31 856809489 856816755   7266
   32 856816819 856817630    811
   33 856817756 856822380   4624
   34 856822472 856826314   3842
   35 856826725 856827159    434
   36 856827513 856876786  49273
   37 856877562 856900641  23079
   38 856913978 856922322   8344
   39 856922622 856928058   5436
   40 856928358 856951884  23526
   41 856951947 856986982  35035
   42 856988561 856992148   3587
   43 856992204 857007030  14826
   44 857007412 857007744    332
   45 857008094 857015052   6958
   46 857015099 857022111   7012
   47 857022383 857025716   3333
   48 857025764 857038291  12527
   49 857038347 857053828  15481
   50 857053876 857060772   6896
   51 857060836 857085356  24520
   52 857085412 857094541   9129
   53 857095537 857105492   9955
   54 857105539 857110940   5401
   55 857110996 857131824  20828
   56 857132145 857132161     16
   57 857132461 857136788   4327
   58 857136844 857148332  11488
   59 857148396 857162988  14592
   60 857163125 857169256   6131
   61 857170484 857192484  22000
   62 857192539 857208428  15889
   63 857208476 857214883   6407
   64 857215522 857219732   4210
   65 857219779 857232137  12358
   66 857251150 857257827   6677
   67 857258374 857262418   4044
   68 857263073 857264648   1575
   69 857264989 857265531    542
   70 857265588 857268708   3120
   71 857269210 857299234  30024
   72 857299290 857308035   8745
   73 857308082 857308434    352
   74 857308975 857318915   9940
   75 857318971 857321204   2233
   76 857321382 857325335   3953
   77 857325337 857334762   9425
   78 857335062 857335790    728
   79 857336119 857362356  26237
   80 857363924 857364547    623
   81 857364610 857365836   1226
   82 857367553 857373883   6330
   83 857373931 857384483  10552
   84 857384548 857402091  17543
   85 857403321 857406403   3082
   86 857410503 857411130    627
   87 857411240 857411415    175
   88 857412000 857412477    477
   89 857423453 857423635    182
   90 857423935 857424026     91
   91 857424911 857425949   1038
   92 857426249 857426586    337
   93 857426696 857426863    167
   94 857427569 857427648     79
   95 857427948 857428082    134
   96 857428192 857428412    220
   97 857428712 857428719      7
   98 857429050 857430389   1339
   99 857430486 857433480   2994
  100 857433771 857434983   1212
  101 857435466 857436207    741
  102 857436507 857442471   5964
  103 857442487 857445325   2838
  104 857447941 857448534    593
  105 857448537 857461665  13128
  106 857461965 857477592  15627
  107 857477949 857495724  17775
  108 857495834 857496257    423
  109 857496557 857498079   1522
  110 857498189 857498438    249
  111 857500271 857500962    691
  112 857502075 857502313    238
  113 857502613 857502722    109
  114 857503094 857505212   2118
  115 857505950 857507298   1348
  116 857507602 857509528   1926
  117 857512004 857512014     10
  118 857512124 857512217     93
  119 857512517 857512796    279
  120 857512858 857514478   1620
  121 857514778 857516234   1456
  122 857517557 857518092    535
  123 857518333 857522141   3808
  124 857522486 857524467   1981
  125 857524516 857529105   4589
  126 857529448 857530814   1366
  127 857531234 857532203    969
  128 857532259 857544335  12076
  129 857544635 857547579   2944
  130 857547627 857548676   1049
  131 857548677 857551657   2980
  132 857551957 857559063   7106
  133 857559363 857559691    328
  134 857559756 857574251  14495
  135 857574298 857581909   7611
  136 857582356 857582564    208
  137 857582864 857590779   7915
  138 857590907 857591710    803
  139 857593865 857596635   2770
  140 857597961 857608152  10191
  141 857608689 857632522  23833
  142 857633884 857636334   2450
  143 857636444 857636533     89
  144 857636833 857636873     40
  145 857637225 857639043   1818
  146 857641735 857644717   2982
  147 857644772 857645155    383
  148 857646464 857652038   5574
  149 857652148 857652252    104
  150 857652552 857652623     71
  151 857652923 857656836   3913
  152 857656891 857667105  10214
  153 857667405 857667836    431
  154 857669640 857673218   3578
  155 857674535 857677738   3203
  156 857677780 857678396    616
  157 857678962 857681820   2858
  158 857682140 857685997   3857
  159 857688330 857688379     49
  160 857688679 857692393   3714
  161 857692457 857695468   3011
  162 857695578 857695644     66
  163 857695654 857695939    285
  164 857696239 857706568  10329
  165 857706678 857707166    488
  166 857707210 857707240     30
  167 857707677 857713892   6215
  168 857713940 857715433   1493
  169 857715733 857718192   2459
  170 857718293 857725622   7329
  171 857725624 857733042   7418
  172 857733328 857733442    114
  173 857733527 857733792    265
  174 857733861 857734232    371
  175 857734298 857734824    526
  176 857734911 857735165    254
  177 857735221 857735288     67
  178 857735398 857735430     32
  179 857735501 857735600     99
  180 857738310 857738910    600
  181 857741615 857742918   1303
  182 857743218 857749052   5834
  183 857749239 857755024   5785
  184 857755325 857755485    160
  185 857761777 857761798     21
  186 857761908 857762451    543
  187 857762918 857763145    227
  188 857763147 857763711    564
  189 857763821 857764030    209
  190 857765766 857766127    361
  191 857766235 857766586    351
  192 857767892 857769111   1219
  193 857769411 857769412      1
  194 857769568 857772093   2525
  195 857773443 857774138    695
  196 857774438 857774439      1
  197 857774549 857777591   3042
  198 857778040 857778072     32
  199 857778372 857778455     83
  200 857778755 857789837  11082
  201 857789900 857789953     53
  202 857792537 857800958   8421
  203 857801004 857808597   7593
  204 857808643 857814204   5561
  205 857814251 857831084  16833
  206 857831148 857833216   2068
  207 857849057 857851253   2196
  208 857861194 857862269   1075
  209 857862569 857862734    165
  210 857862844 857862982    138
  211 857863282 857863315     33
  212 857863425 857863516     91
  213 857863816 857864196    380
  214 857864258 857888027  23769
  215 857888156 857898529  10373
  216 857898639 857899148    509
  217 857900346 857900389     43
  218 857900753 857914196  13443
  219 857914259 857924676  10417
  220 857924870 857927402   2532
  221 857927522 857932506   4984
  222 857932616 857932954    338
  223 857933409 857936876   3467
  224 857936938 857940937   3999
  225 857941047 857942341   1294
  226 857942472 857943880   1408
  227 857944283 857944692    409
  228 857944992 857945252    260
  229 857945813 857946460    647
  230 857946570 857946585     15
  231 857947152 857947691    539
  232 857948109 857949058    949
  233 857949168 857949170      2
  234 857950894 857971363  20469
  235 857971419 857989356  17937
  236 857989402 857995215   5813
  237 857996325 858007531  11206
  238 858007579 858017390   9811
  239 858018351 858018578    227
  240 858018626 858021479   2853
  241 858031243 858031488    245
  242 858033186 858034155    969
  243 858034407 858037203   2796
  244 858044302 858054491  10189
  245 858054610 858079459  24849
  246 858079506 858091236  11730
  247 858091291 858105315  14024
  248 858105450 858107288   1838
  249 858108937 858111124   2187
  250 858111307 858112426   1119
  251 858112646 858115358   2712
  252 858118326 858118735    409
  253 858119100 858119535    435
  254 858119896 858120443    547
  255 858121057 858121147     90
  256 858121257 858121438    181
  257 858121738 858122129    391
  258 858124830 858126864   2034
  259 858131232 858132381   1149
  260 858132696 858134330   1634
  261 858134395 858165025  30630
  262 858165327 858182897  17570
  263 858183102 858184979   1877
  264 858186449 858191286   4837
  265 858191482 858204081  12599
  266 858204208 858206891   2683
  267 858208136 858217005   8869
  268 858217115 858217308    193
  269 858218348 858219355   1007
  270 858221428 858227171   5743
  271 858227236 858268975  41739
  272 858269085 858269730    645
  273 858270498 858271909   1411
  274 858272143 858272237     94
  275 858272284 858274337   2053
  276 858275717 858291510  15793
  277 858293500 858298148   4648
  278 858298277 858310772  12495
  279 858310820 858329558  18738
  280 858329612 858335484   5872
  281 858335540 858365468  29928
  282 858365532 858376151  10619
  283 858377319 858377799    480
  284 858377909 858377910      1
  285 858378451 858390065  11614
  286 858391298 858395932   4634
  287 858395988 858403540   7552
  288 858403596 858419717  16121
  289 858419772 858425397   5625
  290 858425444 858429004   3560
  291 858429408 858436385   6977
  292 858436480 858438014   1534
  293 858455027 858455571    544
  294 858455871 858459164   3293
  295 858459220 858461926   2706
  296 858464008 858464684    676
  297 858464857 858465397    540
  298 858465507 858465659    152
  299 858465959 858467537   1578
  300 858468962 858469681    719
  301 858469769 858469832     63
  302 858470142 858470144      2
  303 858470561 858470574     13
  304 858470874 858489665  18791
  305 858489965 858528278  38313
  306 858529261 858531817   2556
  307 858532154 858535136   2982
  308 858535758 858553947  18189
  309 858553997 858555779   1782
  310 858557039 858563170   6131
  311 858563172 858564810   1638
  312 858564858 858579849  14991
  313 858579905 858591506  11601
  314 858591553 858594179   2626
  315 858595354 858603804   8450
  316 858603868 858607481   3613
  317 858609212 858617417   8205
  318 858619710 858620095    385
  319 858621523 858626366   4843
  320 858627585 858628532    947
  321 858628580 858634540   5960
  322 858634596 858643077   8481
  323 858643283 858644257    974
  324 858644557 858666756  22199
  325 858666804 858693365  26561
  326 858693475 858693552     77
  327 858694210 858715047  20837
  328 858715357 858717416   2059
  329 858717688 858717772     84
  330 858717836 858724815   6979
  331 858725316 858730963   5647
  332 858731099 858738604   7505
  333 858738651 858741068   2417
  334 858741462 858765780  24318
  335 858766128 858773276   7148
  336 858773332 858777077   3745
  337 858778422 858783472   5050
  338 858783774 858784087    313
  339 858784156 858784212     56
  340 858784260 858785011    751
  341 858785121 858785505    384
  342 858791763 858792767   1004
  343 858793740 858797810   4070
  344 858798265 858798436    171
  345 858798736 858799573    837
  346 858800050 858800484    434
  347 858800548 858805155   4607
  348 858805265 858805281     16
  349 858805968 858806095    127
  350 858806395 858806728    333
  351 858811192 858818918   7726
  352 858825932 858885505  59573
  353 858888373 858888611    238
  354 858888658 858892004   3346
  355 858892720 858901046   8326
  356 858901048 858903874   2826
  357 858903938 858919467  15529
  358 858919524 858933986  14462
  359 858934042 858951347  17305
  360 858951411 858951734    323
  361 858951844 858951866     22
  362 858952166 858952236     70
  363 858952346 858953986   1640
  364 858954286 858960980   6694
  365 858962252 858963181    929
  366 858963481 858963785    304
  367 858965510 858966233    723
  368 858968477 858970475   1998
  369 858970634 858973516   2882
  370 858974969 858985536  10567
  371 858986760 858990019   3259
  372 858990075 858998106   8031
  373 858998154 859007899   9745
  374 859007947 859018259  10312
  375 859018307 859028554  10247
  376 859028610 859042618  14008
  377 859059180 859068698   9518
  378 859070175 859074385   4210
  379 859074472 859074585    113
  380 859074674 859074823    149
  381 859075370 859075883    513
  382 859076148 859077083    935
  383 859077137 859077393    256
  384 859077693 859077723     30
  385 859077833 859078191    358
  386 859078235 859078634    399
  387 859079114 859079115      1
  388 859079271 859079424    153
  389 859080526 859080535      9
  390 859080632 859080869    237
  391 859081169 859082104    935
  392 859082455 859082622    167
  393 859082922 859083132    210
  394 859083242 859083384    142
  395 859083684 859084715   1031
  396 859084825 859084878     53
  397 859085399 859085536    137
  398 859085836 859085900     64
  399 859092206 859093675   1469
  400 859093975 859093999     24
  401 859094299 859094887    588
  402 859095187 859095597    410
  403 859095599 859095645     46
  404 859095995 859096242    247
  405 859096605 859096801    196
  406 859097274 859115338  18064
  407 859115386 859123329   7943
  408 859125094 859126475   1381
  409 859126539 859127634   1095
  410 859128854 859128865     11
  411 859129165 859140646  11481
  412 859141002 859145588   4586
  413 859147006 859155412   8406
  414 859156455 859181785  25330
  415 859183097 859183164     67
  416 859183464 859189963   6499
  417 859190011 859195891   5880
  418 859195939 859229618  33679
  419 859229674 859231907   2233
  420 859232391 859242503  10112
  421 859243717 859269891  26174
  422 859269938 859281082  11144
  423 859283147 859284008    861
  424 859284308 859296019  11711
  425 859296082 859310883  14801
  426 859310931 859312447   1516
  427 859313116 859313413    297
  428 859313713 859313762     49
  429 859314123 859317282   3159
  430 859317418 859318762   1344
  431 859318818 859319848   1030
  432 859321245 859324763   3518
  433 859324810 859340683  15873
  434 859340747 859348261   7514
  435 859349519 859360659  11140
  436 859360714 859379290  18576
  437 859379346 859399919  20573
  438 859401092 859423074  21982
  439 859423180 859431749   8569
  440 859431859 859432019    160
  441 859432319 859474812  42493
  442 859474922 859475126    204
  443 859476502 859477256    754
  444 859478654 859480947   2293
  445 859481243 859488989   7746
  446 859489045 859495725   6680
  447 859511144 859522229  11085
  448 859522293 859551331  29038
  449 859552232 859575730  23498
  450 859577739 859591363  13624
  451 859591473 859591554     81
  452 859592359 859595852   3493
  453 859595907 859607188  11281
  454 859608490 859615691   7201
  455 859615755 859626316  10561
  456 859626371 859637620  11249
  457 859637668 859643324   5656
  458 859643380 859647622   4242
  459 859662073 859662351    278
  460 859662939 859664105   1166
  461 859664106 859704276  40170
  462 859704690 859704720     30
  463 859705126 859715267  10141
  464 859715580 859720250   4670
  465 859721074 859722622   1548
  466 859725179 859726904   1725
  467 859726906 859730588   3682
  468 859730644 859736182   5538
  469 859737806 859751626  13820
  470 859752011 859758214   6203
  471 859760767 859760828     61
  472 859760948 859761192    244
  473 859765346 859766586   1240
  474 859769448 859781019  11571
  475 859782247 859782818    571
  476 859784102 859787094   2992
  477 859787204 859787769    565
  478 859788967 859791479   2512
  479 859791779 859791780      1
  480 859792000 859795066   3066
  481 859795476 859831327  35851
  482 859834360 859840172   5812
  483 859840227 859848847   8620
  484 859849174 859852089   2915
  485 859870514 859877372   6858
  486 859877374 859878652   1278
  487 859878700 859898818  20118
  488 859899988 859903349   3361
  489 859903382 859905794   2412
  490 859905964 859922088  16124
  491 859926181 859926208     27
  492 859926467 859929207   2740
  493 859929541 859931630   2089
  494 859931749 859934201   2452
  495 859935427 859936907   1480
  496 859937036 859937542    506
  497 859938448 859945596   7148
  498 859945642 859948983   3341
  499 859948985 859957571   8586
  500 859957619 859964353   6734
  501 859964354 859965648   1294
  502 859967060 859975746   8686
  503 859975809 859993596  17787
  504 859993643 859999059   5416
  505 859999123 860000511   1388
  506 860000929 860006090   5161
  507 860006155 860010705   4550
  508 860011960 860023627  11667
  509 860023683 860031787   8104
  510 860031851 860057011  25160
  511 860057075 860060196   3121
  512 860061935 860071416   9481
  513 860071708 860091132  19424
  514 860091242 860091857    615
  515 860092157 860092547    390
  516 860092657 860093829   1172
  517 860094129 860094140     11
  518 860094617 860094905    288
  519 860095415 860095419      4
  520 860095529 860096455    926
  521 860096755 860096880    125
  522 860097180 860097337    157
  523 860097637 860097837    200
  524 860097947 860098241    294
  525 860098541 860098553     12
  526 860098853 860099003    150
  527 860099303 860099563    260
  528 860099863 860099872      9
  529 860100224 860101341   1117
  530 860101777 860101806     29
  531 860102776 860103590    814
  532 860103700 860103765     65
  533 860104370 860104552    182
  534 860105178 860105324    146
  535 860105624 860105684     60
  536 860106177 860106186      9
  537 860106588 860109703   3115
  538 860110766 860149446  38680
  539 860150499 860151465    966
  540 860151604 860160214   8610
  541 860160514 860160520      6
  542 860160867 860162615   1748
  543 860162725 860163262    537
  544 860163447 860164381    934
  545 860164681 860166855   2174
  546 860166965 860167143    178
  547 860167443 860168685   1242
  548 860169652 860169807    155
  549 860170414 860170439     25
  550 860170781 860170792     11
  551 860206202 860213738   7536
  552 860213786 860232316  18530
  553 860232363 860248531  16168
  554 860248579 860252424   3845
