    1 851376354 851379998   3644
    2 851380062 851388387   8325
    3 851389234 851395580   6346
    4 851396041 851399736   3695
    5 851400719 851407879   7160
    6 851408425 851463977  55552
    7 851467126 851467234    108
    8 851467814 851475956   8142
    9 851476012 851513219  37207
   10 851516309 851520002   3693
   11 851520112 851520310    198
   12 851520656 851521110    454
   13 851521410 851521900    490
   14 851523205 851525748   2543
   15 851525804 851533812   8008
   16 851533876 851545731  11855
   17 851545779 851579412  33633
   18 851579467 851601195  21728
   19 851601243 851630995  29752
   20 851631043 851643148  12105
   21 851643204 851644587   1383
   22 851645178 851646343   1165
   23 851646671 851659969  13298
   24 851660387 851660543    156
   25 851661166 851662587   1421
   26 851662887 851665364   2477
   27 851665428 851665982    554
   28 851666092 851666134     42
   29 851669462 851670200    738
   30 851670500 851673872   3372
   31 851674217 851674233     16
   32 851674343 851674673    330
   33 851677734 851691837  14103
   34 851691892 851697525   5633
   35 851697588 851697956    368
   36 851699585 851703781   4196
   37 851703783 851729314  25531
   38 851729614 851778335  48721
   39 851778445 851778675    230
   40 851780244 851780791    547
   41 851782098 851784430   2332
   42 851784747 851785188    441
   43 851786839 851787680    841
   44 851805974 851806603    629
   45 851806659 851815036   8377
   46 851815171 851820924   5753
   47 851820971 851848908  27937
   48 851848955 851864192  15237
   49 851867117 851872173   5056
   50 851872196 851872197      1
   51 851872286 851921393  49107
   52 851921638 851928195   6557
   53 851928804 851934382   5578
   54 851937679 851939825   2146
   55 851946828 851965668  18840
   56 851970009 851970042     33
   57 851970486 851970525     39
   58 851976314 851977995   1681
   59 851978563 851978582     19
   60 851979666 851980353    687
   61 851980447 851980573    126
   62 851993881 852019225  25344
   63 852023416 852025694   2278
   64 852025804 852025899     95
   65 852026199 852047776  21577
   66 852048872 852051197   2325
   67 852056064 852058724   2660
   68 852058788 852065118   6330
   69 852065418 852065620    202
   70 852065730 852065987    257
   71 852066619 852067787   1168
   72 852069950 852070054    104
   73 852099630 852100364    734
   74 852100474 852100700    226
   75 852101000 852101016     16
   76 852101316 852101920    604
   77 852102030 852102159    129
   78 852138587 852138922    335
   79 852139280 852139712    432
   80 852139822 852139993    171
   81 852140161 852140595    434
   82 852140895 852141666    771
   83 852141776 852142199    423
   84 852142499 852142550     51
   85 852142660 852142783    123
   86 852143333 852144614   1281
   87 852144914 852144923      9
   88 852145033 852146189   1156
   89 852146489 852146847    358
   90 852147010 852147402    392
   91 852147512 852147665    153
   92 852147965 852148883    918
   93 852149183 852149224     41
   94 852155097 852156147   1050
   95 852156447 852177278  20831
   96 852177279 852184228   6949
   97 852184284 852192531   8247
   98 852192587 852212321  19734
   99 852246896 852247288    392
  100 852247833 852249066   1233
  101 852249176 852250415   1239
  102 852250715 852250935    220
  103 852251275 852251516    241
  104 852251626 852251779    153
  105 852252079 852258396   6317
  106 852258451 852263403   4952
  107 852263719 852263810     91
  108 852264126 852264238    112
  109 852264348 852265662   1314
  110 852265962 852266115    153
  111 852266415 852266595    180
  112 852267096 852276829   9733
  113 852277129 852305836  28707
  114 852305964 852312974   7010
  115 852313326 852313487    161
  116 852313787 852314250    463
  117 852314360 852314363      3
  118 852314663 852314810    147
  119 852315254 852320588   5334
  120 852320823 852323158   2335
  121 852324494 852325181    687
  122 852326460 852332428   5968
  123 852332476 852347196  14720
  124 852347252 852358205  10953
  125 852358315 852360366   2051
  126 852361136 852361679    543
  127 852361789 852361909    120
  128 852362209 852366124   3915
  129 852366172 852388468  22296
  130 852388523 852392929   4406
  131 852414474 852414532     58
  132 852416122 852416307    185
  133 852416417 852416543    126
  134 852417075 852417980    905
  135 852418090 852418325    235
  136 852418625 852418651     26
  137 852419203 852419298     95
  138 852419598 852419767    169
  139 852420067 852421658   1591
  140 852421958 852421990     32
  141 852422290 852422341     51
  142 852422644 852422811    167
  143 852423297 852423726    429
  144 852425426 852427008   1582
  145 852427371 852427799    428
  146 852430257 852430258      1
  147 852430562 852430785    223
  148 852430842 852435981   5139
  149 852436091 852436456    365
  150 852436756 852439796   3040
  151 852442901 852454868  11967
  152 852454997 852458870   3873
  153 852459170 852487564  28394
  154 852487567 852489585   2018
  155 852489906 852490443    537
  156 852490757 852491204    447
  157 852491268 852492987   1719
  158 852494303 852497245   2942
  159 852497355 852498014    659
  160 852498314 852499803   1489
  161 852499859 852502329   2470
  162 852502629 852503840   1211
  163 852504322 852504336     14
  164 852504446 852505893   1447
  165 852506193 852506277     84
  166 852506387 852506542    155
  167 852506842 852507509    667
  168 852507855 852507884     29
  169 852507994 852508068     74
  170 852508368 852508951    583
  171 852509251 852516244   6993
  172 852516308 852520564   4256
  173 852520981 852534588  13607
  174 852534636 852547957  13321
  175 852548004 852565965  17961
  176 852567776 852568700    924
  177 852568810 852569102    292
  178 852569344 852569726    382
  179 852570026 852574796   4770
  180 852574938 852575031     93
  181 852575141 852575173     32
  182 852575473 852576296    823
  183 852576596 852577261    665
  184 852577561 852577722    161
  185 852577832 852578515    683
  186 852579063 852580469   1406
  187 852580579 852580796    217
  188 852582030 852582791    761
  189 852583091 852583796    705
  190 852584096 852585652   1556
  191 852585768 852585858     90
  192 852585969 852587096   1127
  193 852587170 852590552   3382
  194 852590611 852590632     21
  195 852590757 852595322   4565
  196 852595432 852595500     68
  197 852597931 852598385    454
  198 852598685 852608868  10183
  199 852608932 852627865  18933
  200 852628165 852632932   4767
  201 852632933 852633514    581
  202 852633624 852634398    774
  203 852635203 852635239     36
  204 852635849 852635973    124
  205 852636653 852636941    288
  206 852637241 852641071   3830
  207 852641406 852644864   3458
  208 852648479 852648648    169
  209 852656763 852657189    426
  210 852657489 852660417   2928
  211 852660527 852661178    651
  212 852661741 852662978   1237
  213 852663294 852663965    671
  214 852664031 852669929   5898
  215 852670039 852671537   1498
  216 852672037 852672267    230
  217 852672588 852672715    127
  218 852672825 852673082    257
  219 852673382 852679043   5661
  220 852690020 852691892   1872
  221 852691943 852692060    117
  222 852692124 852692149     25
  223 852695528 852697706   2178
  224 852712775 852715503   2728
  225 852716820 852716873     53
  226 852716983 852717042     59
  227 852717342 852734148  16806
  228 852734211 852745432  11221
  229 852745760 852746157    397
  230 852746220 852752785   6565
  231 852753085 852758596   5511
  232 852759038 852768997   9959
  233 852769060 852794265  25205
  234 852795892 852797717   1825
  235 852797771 852817238  19467
  236 852817300 852825572   8272
  237 852825872 852828248   2376
  238 852829997 852831332   1335
  239 852831387 852833715   2328
  240 852833870 852838648   4778
  241 852838751 852920674  81923
  242 852924759 852924934    175
  243 852924965 852926259   1294
  244 852926497 852931501   5004
  245 852931611 852931645     34
  246 852931945 852945878  13933
  247 852945924 852952866   6942
  248 852953170 852953198     28
  249 852953498 852998078  44580
  250 853023583 853024013    430
  251 853024526 853029237   4711
  252 853029284 853034304   5020
  253 853034604 853035317    713
  254 853035438 853041254   5816
  255 853041256 853067303  26047
  256 853067603 853071469   3866
  257 853071517 853098913  27396
  258 853099012 853142614  43602
  259 853142616 853196436  53820
  260 853199741 853206713   6972
  261 853206851 853230901  24050
  262 853230965 853238292   7327
  263 853238357 853246613   8256
  264 853246732 853263721  16989
  265 853266188 853272686   6498
  266 853273907 853276489   2582
  267 853276577 853277213    636
  268 853277335 853280149   2814
  269 853280449 853283479   3030
  270 853283525 853288957   5432
  271 853289545 853289813    268
  272 853289861 853290857    996
  273 853291157 853293369   2212
  274 853293551 853313003  19452
  275 853313551 853315982   2431
  276 853343884 853344183    299
  277 853346506 853346563     57
  278 853347364 853351204   3840
  279 853351268 853353903   2635
  280 853353943 853357509   3566
  281 853357558 853358876   1318
  282 853359509 853365413   5904
  283 853365478 853384629  19151
  284 853384630 853391005   6375
  285 853391052 853396758   5706
  286 853396821 853414675  17854
  287 853424053 853444469  20416
  288 853445968 853453262   7294
  289 853453339 853453813    474
  290 853454118 853478769  24651
  291 853480706 853482793   2087
  292 853484156 853489622   5466
  293 853489677 853506999  17322
  294 853507052 853518607  11555
  295 853518766 853522317   3551
  296 853522427 853522993    566
  297 853572927 853573042    115
  298 853574047 853574135     88
  299 853574245 853574553    308
  300 853574853 853574864     11
  301 853575462 853575859    397
  302 853575969 853576065     96
  303 853577313 853577380     67
  304 853577436 853577648    212
  305 853578858 853591140  12282
  306 853591187 853595153   3966
  307 853597064 853601820   4756
  308 853601967 853601999     32
  309 853602398 853603855   1457
