    1 834868979 834873801   4822
    2 834874201 834874363    162
    3 834874367 834874368      1
    4 834874370 834877814   3444
    5 834878398 834879211    813
    6 834879261 834895996  16735
    7 834896488 834897691   1203
    8 834897810 834905906   8096
    9 834906410 834930306  23896
   10 834930718 834932617   1899
   11 834933133 834950356  17223
   12 834951416 834951853    437
   13 834952703 834952878    175
   14 834955380 834960162   4782
   15 834960737 834963186   2449
   16 834964357 834983667  19310
   17 834983699 834985758   2059
   18 834995606 835005453   9847
   19 835006001 835007916   1915
   20 835007980 835009022   1042
   21 835011074 835020089   9015
   22 835021487 835034244  12757
   23 835034291 835039348   5057
   24 835041686 835042190    504
   25 835042619 835047328   4709
   26 835047910 835062827  14917
   27 835062883 835085795  22912
   28 835085851 835099632  13781
   29 835100575 835100792    217
   30 835101713 835101829    116
   31 835102409 835102757    348
   32 835103348 835110900   7552
   33 835110947 835125052  14105
   34 835125115 835135723  10608
   35 835135850 835149269  13419
   36 835149866 835154582   4716
   37 835154627 835186434  31807
   38 835186482 835199581  13099
   39 835199627 835211971  12344
   40 835214244 835229315  15071
   41 835229380 835244980  15600
   42 835245044 835247098   2054
   43 835248192 835250211   2019
   44 835250611 835251675   1064
   45 835251723 835253750   2027
   46 835254235 835257702   3467
   47 835257764 835260598   2834
   48 835261356 835264274   2918
   49 835264704 835265187    483
   50 835265243 835265741    498
   51 835266268 835270715   4447
   52 835270780 835275688   4908
   53 835276088 835292007  15919
   54 835292061 835304542  12481
   55 835304595 835306588   1993
   56 835306590 835315229   8639
   57 835315928 835324004   8076
   58 835324067 835355275  31208
   59 835355331 835372515  17184
   60 835372517 835374873   2356
   61 835376304 835377568   1264
   62 835377612 835388371  10759
   63 835388421 835391916   3495
   64 835392498 835393132    634
   65 835395164 835397587   2423
   66 835398216 835400801   2585
   67 835401369 835404195   2826
   68 835404714 835411626   6912
   69 835413846 835414285    439
   70 835414605 835416547   1942
   71 835416947 835422141   5194
   72 835422187 835429955   7768
   73 835430002 835439715   9713
   74 835439771 835443420   3649
   75 835444353 835449978   5625
   76 835450858 835455664   4806
   77 835471334 835472110    776
   78 835473265 835473503    238
   79 835473823 835474598    775
   80 835476665 835477788   1123
   81 835477844 835479664   1820
   82 835481303 835482659   1356
   83 835483197 835486340   3143
   84 835486924 835490010   3086
   85 835491526 835495836   4310
   86 835497410 835498871   1461
   87 835499271 835499605    334
   88 835500823 835501711    888
   89 835502541 835503486    945
   90 835504034 835505935   1901
   91 835506398 835508444   2046
   92 835508949 835514901   5952
   93 835514964 835517004   2040
   94 835517433 835518498   1065
   95 835518818 835518962    144
   96 835519362 835526012   6650
   97 835526077 835541541  15464
   98 835541604 835545152   3548
   99 835547022 835548837   1815
  100 835548883 835551350   2467
  101 835551873 835555345   3472
  102 835555910 835557053   1143
  103 835557057 835562940   5883
  104 835563077 835565466   2389
  105 835565977 835567099   1122
  106 835568138 835568393    255
  107 835568811 835574948   6137
  108 835574997 835584132   9135
  109 835584197 835626484  42287
  110 835626540 835643321  16781
  111 835644333 835647641   3308
  112 835648691 835652668   3977
  113 835652724 835655435   2711
  114 835691713 835696747   5034
  115 835697147 835697366    219
  116 835697986 835710092  12106
  117 835710156 835721460  11304
  118 835730888 835731781    893
  119 835731786 835735212   3426
  120 835735262 835738659   3397
  121 835738661 835764253  25592
  122 835764309 835770366   6057
  123 835772174 835784590  12416
  124 835784724 835793037   8313
  125 835793084 835804152  11068
  126 835804644 835814416   9772
  127 835814889 835817758   2869
  128 835819436 835819448     12
  129 835819598 835848115  28517
  130 835849154 835868057  18903
  131 835868111 835883261  15150
  132 835883316 835888247   4931
  133 835888719 835888860    141
  134 835889563 835894778   5215
  135 835897842 835897957    115
  136 835898005 835900464   2459
  137 835901426 835915253  13827
  138 835915317 835928741  13424
  139 835928805 835934804   5999
  140 835934860 835942525   7665
  141 835942580 835953964  11384
  142 835955956 835958666   2710
  143 835959741 835961388   1647
  144 835961788 835967757   5969
  145 835967821 835978655  10834
  146 835979103 835979981    878
  147 835980037 835983893   3856
  148 835984436 835988893   4457
  149 835988957 835999727  10770
  150 835999731 835999743     12
  151 835999746 836031789  32043
  152 836031844 836039511   7667
  153 836042727 836047981   5254
  154 836048045 836056173   8128
  155 836056220 836063473   7253
  156 836063901 836067445   3544
  157 836074823 836080301   5478
  158 836082292 836082661    369
  159 836083061 836087325   4264
  160 836087452 836097754  10302
  161 836098210 836108863  10653
  162 836111110 836111119      9
  163 836111134 836112229   1095
  164 836112277 836118795   6518
  165 836119868 836127425   7557
  166 836130845 836139597   8752
  167 836139645 836152493  12848
  168 836152629 836158056   5427
  169 836160142 836160909    767
  170 836160957 836163462   2505
  171 836163958 836165622   1664
  172 836166022 836169309   3287
  173 836169429 836169909    480
  174 836170398 836172204   1806
  175 836172702 836183857  11155
  176 836184270 836188277   4007
  177 836189850 836197129   7279
  178 836197713 836198554    841
  179 836199075 836202252   3177
  180 836202742 836203460    718
  181 836203508 836221960  18452
  182 836222424 836234501  12077
  183 836234548 836234556      8
  184 836234956 836247384  12428
  185 836248672 836259587  10915
  186 836260032 836260445    413
  187 836260501 836261506   1005
  188 836262622 836273725  11103
  189 836273727 836282453   8726
  190 836282517 836293079  10562
  191 836294525 836306121  11596
  192 836306441 836308061   1620
  193 836308461 836325110  16649
  194 836325112 836331260   6148
  195 836332454 836333509   1055
  196 836333909 836334823    914
  197 836336154 836343996   7842
  198 836343998 836352352   8354
  199 836353833 836354048    215
  200 836354511 836356467   1956
  201 836357059 836361837   4778
  202 836362285 836365861   3576
  203 836365909 836375197   9288
  204 836376446 836379075   2629
  205 836379570 836391065  11495
  206 836391587 836395680   4093
  207 836396272 836406829  10557
  208 836406877 836412147   5270
  209 836413952 836416525   2573
  210 836416588 836426471   9883
  211 836432248 836442392  10144
  212 836442454 836451445   8991
  213 836451508 836453736   2228
  214 836454961 836459294   4333
  215 836460612 836461535    923
  216 836462436 836464844   2408
  217 836465432 836468147   2715
  218 836468645 836472188   3543
  219 836472633 836478042   5409
  220 836478615 836485047   6432
  221 836487201 836490189   2988
  222 836490253 836502141  11888
  223 836502618 836509357   6739
  224 836509404 836513862   4458
  225 836514328 836530878  16550
  226 836530940 836542515  11575
  227 836543112 836575749  32637
  228 836575805 836578437   2632
  229 836579023 836579558    535
  230 836580104 836583169   3065
  231 836583760 836584141    381
  232 836584205 836593986   9781
  233 836594415 836600333   5918
  234 836600396 836601962   1566
  235 836603596 836603605      9
  236 836604056 836604759    703
  237 836605286 836605336     50
  238 836605338 836607070   1732
  239 836607560 836609788   2228
  240 836610298 836613581   3283
  241 836613629 836616738   3109
  242 836617168 836632037  14869
  243 836632085 836632761    676
  244 836633308 836637509   4201
  245 836637557 836644529   6972
  246 836644575 836648784   4209
  247 836649405 836660981  11576
  248 836661029 836664670   3641
  249 836701816 836706443   4627
  250 836706490 836709557   3067
  251 836710680 836719539   8859
  252 836719602 836733923  14321
  253 836733987 836740721   6734
  254 836741220 836747443   6223
  255 836747490 836762134  14644
  256 836762607 836766103   3496
  257 836766681 836768703   2022
  258 836770538 836770746    208
  259 836772309 836775970   3661
  260 836777056 836781869   4813
  261 836796571 836800209   3638
  262 836800801 836811546  10745
  263 836811601 836818068   6467
  264 836818115 836846732  28617
  265 836846795 836852754   5959
  266 836852802 836853248    446
  267 836854059 836857982   3923
  268 836858466 836861394   2928
  269 836862677 836863682   1005
  270 836863729 836880375  16646
  271 836882638 836884658   2020
  272 836884722 836902594  17872
  273 836902650 836928632  25982
  274 836930041 836931602   1561
  275 836931658 836931736     78
  276 836934070 836943129   9059
  277 836944478 836948576   4098
  278 836949177 836953043   3866
  279 836953635 836958102   4467
  280 836958515 836962676   4161
  281 836962738 836965048   2310
  282 836965448 836965749    301
  283 836966250 836968914   2664
  284 836968978 837025511  56533
  285 837027450 837028361    911
  286 837028364 837033154   4790
  287 837033218 837033348    130
  288 837034728 837037695   2967
  289 837038990 837051322  12332
  290 837051369 837070583  19214
  291 837071568 837076860   5292
  292 837076915 837078365   1450
  293 837078942 837080525   1583
  294 837081120 837085622   4502
  295 837090809 837092941   2132
  296 837093481 837109052  15571
  297 837109466 837110218    752
  298 837114783 837114831     48
  299 837114851 837124910  10059
  300 837125506 837129722   4216
  301 837129777 837134664   4887
  302 837136248 837140746   4498
  303 837140802 837147186   6384
  304 837147242 837155897   8655
  305 837156318 837160788   4470
  306 837162612 837162864    252
  307 837169296 837176421   7125
  308 837177010 837179946   2936
  309 837180074 837187594   7520
  310 837187642 837188538    896
  311 837189093 837193255   4162
  312 837193827 837194093    266
  313 837194582 837199818   5236
  314 837199874 837201904   2030
  315 837202626 837204707   2081
  316 837205027 837205148    121
  317 837205548 837209538   3990
  318 837209666 837209816    150
  319 837209818 837209833     15
  320 837209835 837218914   9079
  321 837218916 837222110   3194
  322 837222598 837223180    582
  323 837226407 837227363    956
  324 837228247 837229689   1442
  325 837229691 837229692      1
  326 837229693 837230642    949
  327 837230698 837241474  10776
  328 837241538 837247505   5967
  329 837247569 837270383  22814
  330 837309005 837313120   4115
  331 837313166 837321742   8576
  332 837322345 837323304    959
  333 837323305 837329969   6664
  334 837330521 837330561     40
  335 837331040 837333067   2027
  336 837334247 837344239   9992
  337 837346564 837346798    234
  338 837347378 837361341  13963
  339 837362678 837369160   6482
  340 837371426 837372111    685
  341 837372159 837372279    120
  342 837373279 837384560  11281
  343 837386483 837393860   7377
  344 837393905 837399871   5966
  345 837399919 837400990   1071
  346 837406494 837408936   2442
  347 837408991 837437336  28345
  348 837437391 837441929   4538
  349 837442460 837444000   1540
  350 837445557 837446487    930
  351 837446926 837452420   5494
  352 837454778 837457208   2430
  353 837457213 837458161    948
  354 837459449 837467092   7643
  355 837467157 837474493   7336
  356 837474997 837479447   4450
  357 837479991 837480229    238
  358 837480284 837498412  18128
  359 837498460 837505783   7323
  360 837506231 837509393   3162
  361 837509886 837510650    764
  362 837511188 837511644    456
  363 837512491 837512688    197
  364 837513256 837515249   1993
  365 837515846 837516718    872
  366 837517269 837523786   6517
  367 837524318 837541625  17307
  368 837541814 837548024   6210
  369 837550701 837552135   1434
  370 837560414 837560493     79
  371 837560813 837561023    210
  372 837561423 837561929    506
  373 837563071 837564629   1558
  374 837565190 837565278     88
  375 837565772 837568874   3102
  376 837570052 837570931    879
  377 837570987 837572957   1970
  378 837573556 837579781   6225
  379 837580788 837587171   6383
  380 837587236 837600009  12773
  381 837600508 837601193    685
  382 837601736 837616211  14475
  383 837616266 837628078  11812
  384 837629217 837630060    843
  385 837630123 837635946   5823
  386 837635995 837636126    131
  387 837636640 837636794    154
  388 837638135 837641503   3368
  389 837642000 837643795   1795
  390 837644356 837651780   7424
  391 837652262 837653029    767
  392 837653076 837667690  14614
  393 837668256 837715859  47603
  394 837715923 837723362   7439
  395 837727128 837737027   9899
  396 837737076 837745811   8735
  397 837745876 837753956   8080
  398 837754018 837765571  11553
  399 837765706 837766229    523
  400 837766841 837775700   8859
  401 837775763 837778025   2262
  402 837778586 837786963   8377
  403 837787588 837788809   1221
  404 837789224 837801243  12019
  405 837801307 837801630    323
  406 837802960 837815097  12137
  407 837816730 837831149  14419
  408 837831150 837832176   1026
  409 837833826 837833995    169
  410 837834592 837834723    131
  411 837834726 837834747     21
  412 837836227 837842873   6646
  413 837844536 837856187  11651
  414 837856243 837865568   9325
  415 837867035 837871591   4556
