    1 851195981 851196026     45
    2 851197305 851197533    228
    3 851197535 851201647   4112
    4 851201649 851202370    721
    5 851202465 851206532   4067
    6 851206533 851206534      1
    7 851206536 851226408  19872
    8 851228739 851237080   8341
    9 851240648 851244123   3475
   10 851244497 851247453   2956
   11 851251313 851258028   6715
   12 851258029 851260885   2856
   13 851260886 851262850   1964
   14 851262986 851264515   1529
   15 851304026 851304266    240
   16 851304268 851305249    981
   17 851305251 851307583   2332
   18 851307585 851310357   2772
   19 851310402 851310603    201
   20 851310651 851312611   1960
   21 851313196 851314182    986
   22 851314183 851322109   7926
   23 851322111 851326408   4297
   24 851327458 851343064  15606
   25 851344184 851348959   4775
   26 851348960 851351676   2716
   27 851351722 851352078    356
   28 851353473 851357447   3974
   29 851357449 851359331   1882
   30 851359396 851360829   1433
   31 851361693 851365604   3911
   32 851367998 851368898    900
   33 851368955 851369059    104
   34 851369244 851373930   4686
   35 851378004 851380003   1999
   36 851380058 851389196   9138
   37 851389243 851391483   2240
   38 851392056 851397996   5940
   39 851398042 851411646  13604
   40 851412718 851419891   7173
   41 851419947 851431613  11666
   42 851431615 851433616   2001
   43 851435617 851437110   1493
   44 851437883 851441712   3829
   45 851443610 851446459   2849
   46 851446507 851447322    815
   47 851448048 851454542   6494
   48 851454715 851458707   3992
   49 851458770 851462165   3395
   50 851497324 851498538   1214
   51 851500059 851501063   1004
   52 851501312 851502404   1092
   53 851502648 851502805    157
   54 851564658 851579411  14753
   55 851579467 851579483     16
   56 851579485 851579490      5
   57 851579492 851583212   3720
   58 851585939 851586416    477
   59 851586418 851586693    275
   60 851586694 851587652    958
   61 851587654 851601195  13541
   62 851601243 851613521  12278
   63 851614528 851618921   4393
   64 851619029 851619166    137
   65 851619292 851630995  11703
   66 851631043 851643146  12103
   67 851643202 851644566   1364
   68 851646794 851649507   2713
   69 851649508 851658731   9223
   70 851658822 851658982    160
   71 851661674 851661694     20
   72 851661733 851664866   3133
   73 851665104 851665362    258
   74 851665426 851665660    234
   75 851665661 851670288   4627
   76 851670354 851671646   1292
   77 851671648 851685781  14133
   78 851685783 851686651    868
   79 851686653 851686707     54
   80 851686709 851686915    206
   81 851687791 851691842   4051
   82 851691891 851697522   5631
   83 851697586 851708957  11371
   84 851708959 851732819  23860
   85 851732821 851747706  14885
   86 851747762 851759880  12118
   87 851759881 851761683   1802
   88 851761819 851766912   5093
   89 851766914 851766991     77
   90 851768488 851770914   2426
   91 851772613 851773813   1200
   92 851773920 851783491   9571
   93 851784222 851786977   2755
   94 851788212 851789949   1737
   95 851798813 851798971    158
   96 851799019 851800755   1736
   97 851800854 851806602   5748
   98 851806666 851811850   5184
   99 851811925 851814444   2519
  100 851814558 851815035    477
  101 851815171 851820923   5752
  102 851820971 851845076  24105
  103 851845931 851848907   2976
  104 851848955 851857975   9020
  105 851858066 851860425   2359
  106 851860618 851861745   1127
  107 851863604 851868278   4674
  108 851869225 851871563   2338
  109 851877791 851878866   1075
  110 851885195 851886401   1206
  111 851886403 851888560   2157
  112 851890706 851891238    532
  113 851891240 851892349   1109
  114 851895774 851899176   3402
  115 851899178 851904596   5418
  116 851905223 851907863   2640
  117 851908208 851919371  11163
  118 851919426 851924937   5511
  119 851925165 851928683   3518
  120 851928747 851928989    242
  121 851930139 851940474  10335
  122 851940530 851943417   2887
  123 851943692 851951060   7368
  124 851951958 851954230   2272
  125 851955053 851957554   2501
  126 851957801 851970219  12418
  127 851970274 851973874   3600
  128 851974197 851989853  15656
  129 851990294 851993280   2986
  130 851993438 851993971    533
  131 851994069 851994554    485
  132 851994556 851995023    467
  133 851995122 852004685   9563
  134 852006106 852017746  11640
  135 852018912 852021626   2714
  136 852021674 852025687   4013
  137 852028084 852031292   3208
  138 852031744 852034857   3113
  139 852034859 852037358   2499
  140 852037360 852048432  11072
  141 852049430 852049837    407
  142 852049924 852050382    458
  143 852060956 852061378    422
  144 852063790 852065519   1729
  145 852067139 852070661   3522
  146 852070954 852073231   2277
  147 852073232 852076264   3032
  148 852077674 852095655  17981
  149 852095657 852096691   1034
  150 852096739 852102186   5447
  151 852102335 852102819    484
  152 852103634 852116675  13041
  153 852116677 852128607  11930
  154 852128608 852134404   5796
  155 852134406 852134624    218
  156 852134981 852140859   5878
  157 852140923 852156201  15278
  158 852156466 852184226  27760
  159 852184290 852187682   3392
  160 852187684 852190600   2916
  161 852191749 852192531    782
  162 852192586 852213234  20648
  163 852213574 852213900    326
  164 852214295 852216129   1834
  165 852216291 852216301     10
  166 852216464 852216899    435
  167 852236312 852239722   3410
  168 852239778 852255710  15932
  169 852256028 852256036      8
  170 852256448 852258403   1955
  171 852258451 852259746   1295
  172 852260323 852292927  32604
  173 852309132 852310527   1395
  174 852314633 852315527    894
  175 852319145 852320901   1756
  176 852321753 852325269   3516
  177 852327461 852330261   2800
  178 852330263 852330617    354
  179 852330822 852331501    679
  180 852332529 852337111   4582
  181 852337179 852338706   1527
  182 852339436 852346771   7335
  183 852346773 852347194    421
  184 852347258 852351074   3816
  185 852351076 852351564    488
  186 852351631 852363314  11683
  187 852363334 852363344     10
  188 852363898 852366123   2225
  189 852366171 852382834  16663
  190 852387319 852388082    763
  191 852388439 852389407    968
  192 852390478 852390839    361
  193 852392256 852393191    935
  194 852393249 852393797    548
  195 852416033 852416282    249
  196 852416284 852416467    183
  197 852416468 852416669    201
  198 852416671 852417713   1042
  199 852419548 852423896   4348
  200 852424036 852424180    144
  201 852424228 852425058    830
  202 852425144 852425758    614
  203 852425760 852426149    389
  204 852426237 852430779   4542
  205 852430844 852438588   7744
  206 852438644 852454867  16223
  207 852454995 852473235  18240
  208 852474951 852475785    834
  209 852475959 852476875    916
  210 852476947 852479409   2462
  211 852481038 852481066     28
  212 852481107 852482624   1517
  213 852482641 852482642      1
  214 852482750 852483070    320
  215 852484153 852486156   2003
  216 852487326 852489965   2639
  217 852490227 852491205    978
  218 852498424 852499600   1176
  219 852500735 852504370   3635
  220 852504372 852507464   3092
  221 852507466 852507598    132
  222 852507698 852509061   1363
  223 852509354 852511319   1965
  224 852511427 852516243   4816
  225 852516306 852518134   1828
  226 852518136 852533144  15008
  227 852533538 852534586   1048
  228 852534635 852535894   1259
  229 852536002 852539533   3531
  230 852539535 852547956   8421
  231 852548003 852556747   8744
  232 852558242 852563635   5393
  233 852563812 852564261    449
  234 852565318 852566301    983
  235 852566363 852568572   2209
  236 852568617 852569460    843
  237 852569528 852573287   3759
  238 852573404 852577654   4250
  239 852579705 852585034   5329
  240 852586880 852588527   1647
  241 852588653 852589281    628
  242 852589522 852589634    112
  243 852589803 852605452  15649
  244 852605556 852606110    554
  245 852606421 852608867   2446
  246 852608931 852624310  15379
  247 852624312 852625011    699
  248 852625058 852626083   1025
  249 852629940 852643055  13115
  250 852643681 852644191    510
  251 852644382 852644595    213
  252 852645936 852651114   5178
  253 852652319 852652509    190
  254 852655607 852657281   1674
  255 852657282 852660168   2886
  256 852664939 852670081   5142
  257 852672795 852674421   1626
  258 852674483 852675925   1442
  259 852676021 852676212    191
  260 852679182 852681973   2791
  261 852682137 852684258   2121
  262 852684459 852691934   7475
  263 852691936 852692060    124
  264 852692123 852695455   3332
  265 852695839 852698143   2304
  266 852725631 852725857    226
  267 852725859 852726866   1007
  268 852726868 852727629    761
  269 852727631 852731075   3444
  270 852731077 852734147   3070
  271 852734210 852740278   6068
  272 852740280 852740410    130
  273 852740412 852742385   1973
  274 852742386 852742389      3
  275 852742391 852742432     41
  276 852742434 852746157   3723
  277 852746219 852747631   1412
  278 852751703 852751951    248
  279 852751953 852753406   1453
  280 852753408 852754094    686
  281 852754095 852755614   1519
  282 852755616 852756201    585
  283 852756203 852757489   1286
  284 852757491 852757729    238
  285 852757731 852764133   6402
  286 852766081 852768997   2916
  287 852769059 852782825  13766
  288 852782826 852797717  14891
  289 852797771 852798978   1207
  290 852799962 852800976   1014
  291 852800978 852802529   1551
  292 852802531 852811330   8799
  293 852811332 852814678   3346
  294 852814680 852817236   2556
  295 852817299 852820247   2948
  296 852820249 852831338  11089
  297 852831386 852847083  15697
  298 852847131 852853779   6648
  299 852853899 852855416   1517
  300 852855624 852857243   1619
  301 852857245 852862541   5296
  302 852862543 852867286   4743
  303 852867287 852870880   3593
  304 852870882 852873605   2723
  305 852873607 852875331   1724
  306 852875333 852881683   6350
  307 852881731 852882851   1120
  308 852883966 852887151   3185
  309 852887153 852887501    348
  310 852887503 852892334   4831
  311 852892336 852893124    788
  312 852895632 852898669   3037
  313 852898916 852901044   2128
  314 852901046 852903454   2408
  315 852903456 852903821    365
  316 852905254 852910235   4981
  317 852910237 852913187   2950
  318 852917147 852917466    319
  319 852919949 852926481   6532
  320 852929831 852930109    278
  321 852932116 852932379    263
  322 852932381 852932667    286
  323 852934041 852934855    814
  324 852934857 852942470   7613
  325 852942472 852945876   3404
  326 852945922 852946976   1054
  327 852946978 852950055   3077
  328 852950325 852951757   1432
  329 852951759 852951866    107
  330 852951869 852965402  13533
  331 852965466 852973656   8190
  332 852973823 852974643    820
  333 852974690 852987067  12377
  334 852987131 852987242    111
  335 852988499 852992609   4110
  336 852992612 852998208   5596
  337 853020602 853029237   8635
  338 853029290 853029349     59
  339 853029351 853034544   5193
  340 853035304 853045482  10178
  341 853045483 853056107  10624
  342 853058291 853071467  13176
  343 853071517 853072197    680
  344 853072404 853074612   2208
  345 853074615 853075201    586
  346 853077892 853086131   8239
  347 853086179 853086386    207
  348 853086509 853086574     65
  349 853086705 853086800     95
  350 853087029 853092291   5262
  351 853092411 853095904   3493
  352 853098891 853102421   3530
  353 853104893 853108076   3183
  354 853108196 853115256   7060
  355 853118442 853118713    271
  356 853118801 853121171   2370
  357 853121219 853128758   7539
  358 853129768 853129890    122
  359 853129956 853137262   7306
  360 853139212 853143666   4454
  361 853144475 853159288  14813
  362 853159289 853162259   2970
  363 853162315 853162905    590
  364 853163851 853170511   6660
  365 853171398 853172564   1166
  366 853173079 853177251   4172
  367 853177307 853180119   2812
  368 853181083 853181475    392
  369 853182206 853183054    848
  370 853183108 853184790   1682
  371 853185457 853187389   1932
  372 853188374 853189121    747
  373 853189185 853195003   5818
  374 853195066 853199691   4625
  375 853200540 853206954   6414
  376 853208456 853217567   9111
  377 853217639 853224782   7143
  378 853225281 853230899   5618
  379 853230963 853236791   5828
  380 853237661 853238290    629
  381 853238355 853243166   4811
  382 853243305 853246001   2696
  383 853246458 853246554     96
  384 853246604 853246611      7
  385 853246730 853246776     46
  386 853246928 853252492   5564
  387 853252773 853254463   1690
  388 853254944 853256257   1313
  389 853256387 853256662    275
  390 853256737 853259381   2644
  391 853260233 853266010   5777
  392 853266012 853271023   5011
  393 853272088 853272883    795
  394 853272946 853278051   5105
  395 853278645 853283476   4831
  396 853283523 853289810   6287
  397 853289858 853298854   8996
  398 853298928 853311805  12877
  399 853315823 853316751    928
  400 853318765 853320506   1741
  401 853320562 853322965   2403
  402 853323134 853333849  10715
  403 853334539 853337858   3319
  404 853337860 853338224    364
  405 853339221 853342630   3409
  406 853342631 853344150   1519
  407 853344230 853351275   7045
  408 853351277 853357507   6230
  409 853357556 853365411   7855
  410 853365476 853391003  25527
  411 853391059 853393419   2360
  412 853394408 853396763   2355
  413 853396819 853401343   4524
  414 853402339 853409701   7362
  415 853409703 853415291   5588
  416 853438917 853439177    260
  417 853439678 853440188    510
  418 853443836 853444351    515
  419 853444449 853445636   1187
  420 853445638 853447113   1475
  421 853447352 853448649   1297
  422 853450626 853451273    647
  423 853451392 853453112   1720
  424 853453114 853453810    696
  425 853453866 853455386   1520
  426 853455488 853456097    609
  427 853456099 853457086    987
  428 853457088 853461670   4582
  429 853461918 853470055   8137
  430 853470057 853478625   8568
  431 853478627 853479757   1130
  432 853480614 853480992    378
  433 853486715 853489619   2904
  434 853489675 853490144    469
  435 853490146 853495515   5369
  436 853495517 853502460   6943
