    1 816061324 816061427    103
    2 816062161 816062207     46
    3 816062271 816062987    716
    4 816064048 816064577    529
    5 816064752 816065043    291
    6 816065503 816065957    454
    7 816065991 816066168    177
    8 816066179 816066215     36
    9 816066223 816066532    309
   10 816068440 816068702    262
   11 816068764 816069152    388
   12 816069505 816069857    352
   13 816069963 816076084   6121
   14 816085801 816087968   2167
   15 816088083 816094517   6434
   16 816094519 816094585     66
   17 816094586 816096167   1581
   18 816097026 816097625    599
   19 816098432 816099148    716
   20 816132800 816133052    252
   21 816133054 816133076     22
   22 816229176 816231737   2561
   23 816231739 816236578   4839
   24 816258792 816259171    379
   25 816260098 816260134     36
   26 816260809 816264750   3941
   27 816267217 816269331   2114
   28 816270860 816271110    250
   29 816271111 816271935    824
   30 816271940 816272234    294
   31 816272236 816272459    223
   32 816272461 816274674   2213
   33 816274676 816275740   1064
   34 816275742 816276857   1115
   35 816287178 816288555   1377
   36 816289750 816290891   1141
   37 816303755 816305443   1688
   38 816306983 816308876   1893
   39 816310655 816311478    823
   40 816311986 816314382   2396
   41 816314942 816318231   3289
   42 816321073 816323952   2879
   43 816324557 816324625     68
   44 816325335 816330414   5079
   45 816330886 816337581   6695
   46 816338522 816341977   3455
   47 816344402 816348263   3861
   48 816349019 816358871   9852
   49 816359384 816359548    164
   50 816362511 816364877   2366
   51 816366108 816367546   1438
   52 816367883 816368161    278
   53 816369733 816370345    612
   54 816371734 816376260   4526
   55 816386940 816387520    580
   56 816402435 816403467   1032
   57 816407805 816410606   2801
   58 816410608 816416512   5904
   59 816417153 816437922  20769
   60 816439775 816440340    565
   61 816440343 816440364     21
   62 816443253 816446010   2757
   63 816459130 816463887   4757
   64 816463981 816464823    842
   65 816464909 816473698   8789
   66 816474324 816480941   6617
   67 816482627 816484609   1982
   68 816485606 816486335    729
   69 816486337 816486409     72
   70 816486459 816486617    158
   71 816486618 816486653     35
   72 816486672 816487173    501
   73 816487174 816488076    902
   74 816488256 816488438    182
   75 816493058 816512264  19206
   76 816512741 816518449   5708
   77 816520882 816526079   5197
   78 816527115 816527427    312
   79 816541120 816557375  16255
   80 816558047 816560284   2237
   81 816563711 816567554   3843
   82 816568930 816574102   5172
   83 816574110 816574135     25
   84 816574139 816578660   4521
   85 816579423 816581370   1947
   86 816582145 816593729  11584
   87 816600198 816607952   7754
   88 816613462 816615338   1876
   89 816617073 816618513   1440
   90 816619011 816619425    414
   91 816619533 816619577     44
   92 816651331 816651508    177
   93 816651510 816651599     89
   94 816651601 816651947    346
   95 816651949 816651964     15
   96 816651966 816653003   1037
   97 816653005 816654979   1974
   98 816656274 816662905   6631
   99 816663559 816664206    647
  100 816664208 816665669   1461
  101 816667587 816667589      2
  102 816668003 816675841   7838
  103 816676673 816693875  17202
  104 816697874 816697875      1
  105 816697879 816697880      1
  106 816697883 816697886      3
  107 816697887 816697898     11
  108 816697900 816697901      1
  109 816697905 816697906      1
  110 816697908 816698520    612
  111 816698524 816698544     20
  112 816698548 816698564     16
  113 816706743 816706782     39
  114 816706784 816707372    588
  115 816737408 816737828    420
  116 816737834 816738415    581
  117 816738416 816738715    299
  118 816738717 816749343  10626
  119 816749345 816749368     23
  120 816749370 816749419     49
  121 816750806 816752672   1866
  122 816752674 816752822    148
  123 816757833 816759467   1634
  124 816760119 816769440   9321
  125 816771575 816771602     27
  126 816771604 816771623     19
  127 816771626 816771628      2
  128 816771631 816771636      5
  129 816771643 816771663     20
  130 816771665 816771669      4
  131 816771671 816771673      2
  132 816771675 816771678      3
  133 816772426 816773176    750
  134 816775140 816775566    426
  135 816776927 816777080    153
  136 816777082 816779338   2256
  137 816779340 816779442    102
  138 816779444 816780483   1039
  139 816780485 816783757   3272
  140 816783761 816783762      1
  141 816783765 816783805     40
  142 816790398 816791951   1553
  143 816791953 816792104    151
  144 816821542 816821564     22
  145 816825524 816825704    180
  146 816825706 816825821    115
  147 816827265 816828763   1498
  148 816828765 816830679   1914
  149 816831356 816833182   1826
  150 816840345 816851504  11159
  151 816852661 816856491   3830
  152 816856493 816856750    257
  153 816856752 816856812     60
  154 816858141 816864072   5931
  155 816908980 816911377   2397
  156 816911378 816913365   1987
  157 816914496 816916268   1772
  158 816917124 816918998   1874
  159 816920674 816922321   1647
  160 816922322 816925639   3317
  161 816925642 816942143  16501
  162 816942147 816942164     17
  163 816942166 816942185     19
  164 816942186 816942193      7
  165 816942195 816942228     33
  166 816942231 816942299     68
  167 816942301 816942329     28
  168 816942384 816942392      8
  169 816942394 816956867  14473
  170 816956869 816957065    196
  171 816957121 816966220   9099
  172 816966223 816966407    184
  173 816971577 816980599   9022
  174 816981203 816984781   3578
  175 816984785 816991001   6216
  176 816991005 816991314    309
  177 816991376 816992064    688
  178 816992067 816996857   4790
  179 816996920 816998991   2071
  180 816998993 817003449   4456
  181 817003497 817004796   1299
  182 817005314 817013479   8165
  183 817013482 817027246  13764
  184 817027248 817027249      1
  185 817027251 817027252      1
  186 817027255 817027257      2
  187 817030102 817031621   1519
  188 817031625 817034120   2495
  189 817034123 817034134     11
  190 817048430 817050839   2409
  191 817059261 817061487   2226
  192 817117943 817118167    224
  193 817118462 817118517     55
  194 817118585 817119072    487
  195 817119074 817119116     42
  196 817119119 817119284    165
  197 817119287 817119342     55
  198 817119344 817119354     10
  199 817119355 817119831    476
  200 817119950 817119965     15
  201 817119967 817120016     49
  202 817120018 817120025      7
  203 817120026 817120124     98
  204 817123028 817124352   1324
  205 817124357 817125561   1204
  206 817125563 817125671    108
  207 817130229 817141721  11492
  208 817141725 817142751   1026
  209 817145310 817147295   1985
  210 817161030 817163947   2917
  211 817163949 817163990     41
  212 817163991 817164899    908
  213 817164901 817166283   1382
  214 817166285 817167188    903
  215 817167773 817171460   3687
  216 817171462 817171759    297
  217 817198996 817199124    128
  218 817199126 817199965    839
  219 817199967 817200000     33
  220 817200002 817201458   1456
  221 817201506 817201553     47
  222 817201555 817202434    879
  223 817203056 817207258   4202
  224 817207370 817210517   3147
  225 817210518 817211988   1470
  226 817214813 817217322   2509
  227 817217324 817217325      1
  228 817217327 817218033    706
  229 817223233 817227303   4070
  230 817227305 817227307      2
  231 817227309 817227323     14
  232 817227326 817229110   1784
  233 817229112 817229113      1
  234 817229114 817229237    123
  235 817229239 817229308     69
  236 817230920 817231697    777
  237 817232358 817232403     45
  238 817232406 817232531    125
  239 817232533 817232699    166
  240 817232701 817232720     19
  241 817232721 817232724      3
  242 817232726 817232740     14
  243 817241993 817242140    147
  244 817242143 817242172     29
  245 817243345 817247535   4190
  246 817247537 817247562     25
  247 817248222 817248425    203
  248 817249073 817250850   1777
  249 817250906 817254539   3633
  250 817254717 817261526   6809
  251 817261632 817264182   2550
  252 817264974 817268682   3708
  253 817268737 817283239  14502
  254 817283241 817287088   3847
  255 817290054 817294783   4729
  256 817294785 817294922    137
  257 817299137 817299221     84
  258 817299223 817299225      2
  259 817299226 817299643    417
  260 817303237 817303888    651
  261 817303891 817304628    737
  262 817304629 817306158   1529
  263 817306162 817306576    414
  264 817306578 817306616     38
  265 817306619 817306672     53
  266 817306674 817306678      4
  267 817306680 817306681      1
  268 817306684 817308588   1904
  269 817352726 817353135    409
  270 817353271 817353386    115
  271 817353388 817354951   1563
  272 817354953 817356075   1122
  273 817356130 817365352   9222
  274 817366310 817372955   6645
  275 817373009 817393986  20977
  276 817394034 817395164   1130
  277 817399812 817401511   1699
  278 817403006 817403007      1
  279 817403010 817403011      1
  280 817403014 817403015      1
  281 817403029 817403031      2
  282 817403035 817403037      2
  283 817403044 817403047      3
  284 817403050 817403052      2
  285 817403058 817403065      7
  286 817403067 817403073      6
  287 817403074 817403077      3
  288 817403079 817403081      2
  289 817403083 817403090      7
  290 817403092 817403096      4
  291 817403097 817403101      4
  292 817403103 817403106      3
  293 817403107 817403113      6
  294 817403296 817403871    575
  295 817415494 817416014    520
  296 817416818 817418143   1325
  297 817418145 817419253   1108
  298 817419719 817425779   6060
  299 817425781 817425838     57
  300 817425840 817426388    548
  301 817430054 817434290   4236
  302 817434545 817443187   8642
  303 817443189 817443676    487
  304 817443678 817444394    716
  305 817444398 817444490     92
  306 817444546 817445109    563
  307 817445111 817447360   2249
  308 817447362 817447600    238
  309 817451182 817451373    191
  310 817451374 817462774  11400
  311 817463345 817468050   4705
  312 817468098 817473058   4960
  313 817473061 817473089     28
  314 817474958 817476616   1658
  315 817477300 817477513    213
  316 817477515 817477561     46
  317 817513848 817524639  10791
  318 817524706 817528034   3328
  319 817528082 817542157  14075
  320 817543022 817547689   4667
  321 817547691 817552587   4896
  322 817552589 817552597      8
  323 817553384 817554034    650
  324 817554098 817559995   5897
  325 817560049 817565869   5820
  326 817580832 817587317   6485
  327 817589035 817594124   5089
  328 817600227 817600657    430
  329 817600658 817605290   4632
  330 817605369 817632914  27545
  331 817634454 817635068    614
  332 817635730 817638193   2463
  333 817638857 817645649   6792
  334 817645704 817652637   6933
  335 817652638 817657609   4971
  336 817657665 817661791   4126
  337 817692013 817692434    421
  338 817692480 817694622   2142
  339 817694624 817696173   1549
  340 817696175 817698556   2381
  341 817700009 817700159    150
  342 817704087 817705520   1433
  343 817705522 817719064  13542
  344 817720684 817736537  15853
  345 817736585 817748072  11487
  346 817750205 817750487    282
  347 817755360 817769296  13936
  348 817771268 817771751    483
  349 817773011 817775664   2653
  350 817775666 817778286   2620
  351 817778288 817781896   3608
  352 817784015 817799377  15362
  353 817799379 817803082   3703
  354 817803084 817803416    332
  355 817804811 817814030   9219
  356 817814032 817816073   2041
  357 817816075 817817221   1146
  358 817853794 817854447    653
  359 817854449 817855697   1248
  360 817855699 817855712     13
  361 817856616 817857961   1345
  362 817857964 817859405   1441
  363 817859407 817859972    565
  364 817859974 817860047     73
  365 817860049 817860394    345
  366 817861292 817861400    108
  367 817861404 817861569    165
  368 817861571 817864597   3026
  369 817864601 817865323    722
  370 817865325 817865477    152
  371 817865478 817866804   1326
  372 817866806 817868537   1731
  373 817868538 817869466    928
  374 817869469 817869764    295
  375 817869765 817869866    101
  376 817869868 817873653   3785
  377 817874685 817875853   1168
  378 817875855 817878028   2173
  379 817878030 817878717    687
  380 817878719 817879096    377
  381 817881058 817890898   9840
  382 817892173 817897192   5019
  383 817897194 817900442   3248
  384 817901092 817901346    254
  385 817901348 817901496    148
  386 817902729 817908628   5899
  387 817908630 817908725     95
  388 817909481 817909487      6
  389 817909488 817909634    146
