    1 841961414 841961423      9
    2 841961426 841961443     17
    3 841961445 841961457     12
    4 841961459 841961469     10
    5 841961471 841961510     39
    6 841961512 841961515      3
    7 841961517 841961525      8
    8 841961527 841961529      2
    9 841961531 841961533      2
   10 841961534 841961548     14
   11 841961550 841961577     27
   12 841961992 841962003     11
   13 841962005 841962570    565
   14 841962572 841963171    599
   15 841963235 841965427   2192
   16 841965429 841965544    115
   17 841965546 841965549      3
   18 841965551 841965558      7
   19 841968546 841974250   5704
   20 841974298 841975290    992
   21 841975292 841977158   1866
   22 841977160 841986331   9171
   23 841986395 841990745   4350
   24 841990746 841990760     14
   25 841990762 841992310   1548
   26 841994886 841994909     23
   27 841994911 842001018   6107
   28 842001020 842005181   4161
   29 842005183 842006838   1655
   30 842006840 842010185   3345
   31 842010187 842011271   1084
   32 842011273 842011344     71
   33 842011346 842011886    540
   34 842011888 842012085    197
   35 842012087 842012321    234
   36 842012323 842012334     11
   37 842012336 842012439    103
   38 842012441 842012645    204
   39 842012647 842012853    206
   40 842012855 842012857      2
   41 842012859 842012916     57
   42 842012918 842013001     83
   43 842013002 842013045     43
   44 842013046 842013050      4
   45 842014070 842016979   2909
   46 842017043 842018257   1214
   47 842018259 842024294   6035
   48 842024296 842025660   1364
   49 842025662 842027578   1916
   50 842027642 842030364   2722
   51 842031158 842033179   2021
   52 842033242 842038683   5441
   53 842039145 842045083   5938
   54 842045147 842048738   3591
   55 842048854 842049781    927
   56 842049783 842050038    255
   57 842050745 842052935   2190
   58 842052937 842053577    640
   59 842053579 842053582      3
   60 842053585 842053714    129
   61 842053762 842053942    180
   62 842053943 842054234    291
   63 842054236 842054624    388
   64 842054625 842054634      9
   65 842054635 842054637      2
   66 842054638 842054649     11
   67 842054651 842054652      1
   68 842056246 842057410   1164
   69 842057413 842058826   1413
   70 842058828 842059027    199
   71 842059029 842060483   1454
   72 842060546 842062254   1708
   73 842062256 842062446    190
   74 842062448 842063971   1523
   75 842063973 842064146    173
   76 842064148 842065108    960
   77 842065110 842066584   1474
   78 842066586 842066587      1
   79 842066589 842070417   3828
   80 842070420 842071154    734
   81 842071159 842074242   3083
   82 842074244 842074397    153
   83 842074399 842074649    250
   84 842074874 842075954   1080
   85 842075955 842076074    119
   86 842076130 842079590   3460
   87 842079593 842087758   8165
   88 842087760 842091763   4003
   89 842091819 842096753   4934
   90 842096755 842099545   2790
   91 842099547 842103554   4007
   92 842103602 842103947    345
   93 842103948 842104227    279
   94 842135755 842136647    892
   95 842136649 842139037   2388
   96 842141906 842141908      2
   97 842141910 842141912      2
   98 842141915 842141919      4
   99 842141921 842141938     17
  100 842141941 842141956     15
  101 842141959 842141962      3
  102 842141963 842141966      3
  103 842141969 842141970      1
  104 842141972 842141974      2
  105 842141976 842141978      2
  106 842143597 842151851   8254
  107 842151899 842158418   6519
  108 842158482 842169207  10725
  109 842169208 842169213      5
  110 842169214 842169216      2
  111 842169217 842170053    836
  112 842170054 842170103     49
  113 842173083 842177017   3934
  114 842177019 842185603   8584
  115 842185604 842188853   3249
  116 842190403 842190992    589
  117 842191263 842191384    121
  118 842191579 842193602   2023
  119 842193603 842195594   1991
  120 842197303 842199537   2234
  121 842200666 842200677     11
  122 842200679 842200703     24
  123 842200705 842200707      2
  124 842200710 842200722     12
  125 842200724 842200778     54
  126 842200779 842203435   2656
  127 842203555 842203631     76
  128 842204749 842205334    585
  129 842205336 842205620    284
  130 842205622 842205900    278
  131 842205902 842205943     41
  132 842205945 842205994     49
  133 842207049 842207303    254
  134 842207305 842209057   1752
  135 842209059 842209465    406
  136 842209467 842209469      2
  137 842209471 842210232    761
  138 842210235 842210256     21
  139 842213123 842213206     83
  140 842213208 842213234     26
  141 842213236 842213245      9
  142 842213247 842213558    311
  143 842213560 842213575     15
  144 842213577 842214880   1303
  145 842214882 842217530   2648
  146 842217650 842218362    712
  147 842218364 842220588   2224
  148 842221965 842227043   5078
  149 842227091 842227810    719
  150 842227811 842246478  18667
  151 842248993 842253000   4007
  152 842253002 842253022     20
  153 842254920 842254924      4
  154 842254926 842255027    101
  155 842255028 842255509    481
  156 842255511 842255852    341
  157 842255855 842259515   3660
  158 842259517 842259947    430
  159 842260003 842266353   6350
  160 842266661 842267075    414
  161 842267077 842269922   2845
  162 842269923 842269944     21
  163 842274163 842274198     35
  164 842274200 842280105   5905
  165 842280106 842286227   6121
  166 842286229 842286254     25
  167 842286256 842286260      4
  168 842286262 842286298     36
  169 842286831 842288011   1180
  170 842288075 842298203  10128
  171 842298205 842300459   2254
  172 842300514 842308803   8289
  173 842309671 842316427   6756
  174 842316539 842319899   3360
  175 842319901 842326010   6109
  176 842326074 842326531    457
  177 842326533 842329064   2531
  178 842329066 842331678   2612
  179 842331681 842336219   4538
  180 842336221 842338280   2059
  181 842338282 842341271   2989
  182 842344394 842350529   6135
  183 842350530 842354187   3657
  184 842358598 842370768  12170
  185 842370770 842370782     12
  186 842371236 842379266   8030
  187 842379268 842393289  14021
  188 842398827 842417989  19162
  189 842418313 842418403     90
  190 842418819 842419530    711
  191 842419731 842425057   5326
  192 842426343 842430586   4243
  193 842430642 842436574   5932
  194 842445226 842446050    824
  195 842446052 842447892   1840
  196 842447894 842447997    103
  197 842449014 842459842  10828
  198 842459890 842474954  15064
  199 842474955 842480458   5503
  200 842480514 842483730   3216
  201 842483731 842511261  27530
  202 842512370 842514905   2535
  203 842514907 842516795   1888
  204 842516842 842521570   4728
  205 842521572 842521997    425
  206 842526522 842529804   3282
  207 842530635 842530835    200
  208 842530883 842534360   3477
  209 842534362 842563170  28808
  210 842563298 842564631   1333
  211 842564633 842588301  23668
  212 842594849 842596237   1388
  213 842596800 842607318  10518
  214 842607320 842618098  10778
  215 842618099 842618285    186
  216 842619088 842620044    956
  217 842620045 842621177   1132
  218 842623913 842623978     65
  219 842623980 842623983      3
  220 842623985 842631194   7209
  221 842632492 842634299   1807
  222 842634427 842635613   1186
  223 842637055 842640630   3575
  224 842640632 842642675   2043
  225 842642731 842659475  16744
  226 842659523 842660603   1080
  227 842660763 842667118   6355
  228 842667120 842671370   4250
  229 842671490 842672310    820
  230 842672311 842677817   5506
  231 842677819 842679147   1328
  232 842679194 842683872   4678
  233 842683874 842683959     85
  234 842685597 842685633     36
  235 842685635 842688179   2544
  236 842688181 842701585  13404
  237 842701587 842701611     24
  238 842701613 842701789    176
  239 842701791 842701888     97
  240 842701889 842702836    947
  241 842703098 842705173   2075
  242 842705177 842706635   1458
  243 842708571 842708832    261
  244 842708834 842712187   3353
  245 842712548 842713246    698
  246 842738160 842740981   2821
  247 842742105 842742188     83
  248 842742190 842743808   1618
  249 842743810 842746099   2289
  250 842746156 842747568   1412
  251 842747570 842753960   6390
  252 842753962 842754229    267
  253 842754231 842755854   1623
  254 842755856 842757415   1559
  255 842757417 842759523   2106
  256 842759578 842760765   1187
  257 842760767 842765406   4639
  258 842766463 842767641   1178
  259 842768386 842772613   4227
  260 842773916 842780794   6878
  261 842780796 842781225    429
  262 842781227 842781306     79
  263 842782506 842783768   1262
  264 842783770 842791427   7657
  265 842791476 842791541     65
  266 842791543 842791920    377
  267 842791922 842791986     64
  268 842792842 842797294   4452
  269 842797296 842797763    467
  270 842797764 842798176    412
  271 842798369 842800491   2122
  272 842800493 842805007   4514
  273 842805009 842807390   2381
  274 842808017 842814185   6168
  275 842814186 842819147   4961
  276 842819276 842823951   4675
  277 842824156 842828252   4096
  278 842828353 842849950  21597
  279 842849952 842853247   3295
  280 842853249 842853579    330
  281 842854688 842857115   2427
  282 842858230 842862922   4692
  283 842862970 842881731  18761
  284 842881733 842881871    138
  285 842883419 842884886   1467
  286 842885000 842886933   1933
  287 842887841 842889128   1287
  288 842889130 842891087   1957
  289 842894305 842895676   1371
  290 842895739 842896729    990
  291 842896731 842898548   1817
  292 842898550 842901445   2895
  293 842901448 842903188   1740
  294 842903190 842903300    110
  295 842903302 842905616   2314
  296 842905618 842908603   2985
  297 842908605 842909550    945
  298 842909644 842918257   8613
  299 842918258 842925063   6805
  300 842925065 842926579   1514
  301 842926581 842928108   1527
  302 842929960 842930489    529
  303 842931074 842932738   1664
  304 842932739 842934403   1664
  305 842934451 842937028   2577
  306 842937473 842943441   5968
  307 842944494 842957873  13379
  308 842958035 842961467   3432
  309 842961469 842963396   1927
  310 842963459 842965461   2002
  311 842965462 842965959    497
  312 842965961 842966553    592
  313 842966555 842972691   6136
  314 842972693 842973067    374
  315 842973351 842975922   2571
  316 843001489 843003689   2200
  317 843003691 843005193   1502
  318 843005288 843009207   3919
  319 843009325 843010923   1598
  320 843010971 843021075  10104
  321 843021122 843021189     67
  322 843030744 843031616    872
  323 843033130 843034617   1487
  324 843034618 843044060   9442
  325 843044061 843047179   3118
  326 843047181 843049096   1915
  327 843049097 843053302   4205
  328 843053796 843058227   4431
  329 843058276 843067051   8775
  330 843067150 843067689    539
  331 843067765 843067963    198
  332 843067965 843071616   3651
  333 843073276 843075177   1901
  334 843078038 843080718   2680
  335 843082088 843082941    853
  336 843082942 843083683    741
  337 843083730 843095842  12112
  338 843096434 843097600   1166
  339 843097602 843105057   7455
  340 843105059 843111796   6737
  341 843111842 843116382   4540
  342 843117690 843118951   1261
  343 843118953 843120131   1178
  344 843120133 843121562   1429
  345 843121564 843121627     63
  346 843122569 843128365   5796
  347 843128367 843129769   1402
  348 843129771 843138699   8928
  349 843138700 843141829   3129
  350 843141831 843142023    192
  351 843142902 843149493   6591
  352 843149495 843153557   4062
  353 843153611 843154665   1054
  354 843155516 843161010   5494
  355 843161011 843162436   1425
  356 843162498 843163357    859
  357 843163359 843165443   2084
  358 843165445 843166099    654
  359 843166101 843168578   2477
  360 843172697 843173547    850
  361 843173611 843196960  23349
  362 843198269 843199793   1524
  363 843200835 843201421    586
  364 843201934 843202030     96
  365 843202821 843202983    162
  366 843210529 843210826    297
  367 843213183 843214930   1747
  368 843214996 843216040   1044
  369 843216219 843218659   2440
  370 843218661 843221257   2596
  371 843221258 843226087   4829
  372 843227281 843231453   4172
  373 843232097 843233745   1648
  374 843235215 843235752    537
  375 843235754 843235958    204
  376 843238130 843238925    795
  377 843241011 843241986    975
  378 843242036 843242493    457
  379 843244197 843246560   2363
  380 843248449 843248685    236
  381 843250089 843255603   5514
  382 843255651 843256756   1105
  383 843256916 843265268   8352
  384 843267793 843277923  10130
  385 843278043 843284566   6523
  386 843284568 843287606   3038
  387 843288284 843292635   4351
  388 843298849 843301699   2850
  389 843301746 843302687    941
  390 843303536 843304572   1036
  391 843304573 843305613   1040
  392 843306403 843306605    202
  393 843308881 843308888      7
  394 843308889 843308892      3
  395 843308893 843308981     88
  396 843308983 843309012     29
  397 843309013 843309016      3
  398 843309018 843309036     18
  399 843309038 843309369    331
  400 843310158 843310314    156
  401 843310498 843311802   1304
  402 843333121 843334314   1193
  403 843367724 843369858   2134
  404 843369860 843370144    284
  405 843370146 843370205     59
  406 843370207 843379519   9312
  407 843380890 843380942     52
  408 843380944 843384131   3187
  409 843384187 843384428    241
  410 843384430 843385991   1561
  411 843386053 843390339   4286
  412 843392311 843393353   1042
  413 843393355 843394834   1479
  414 843399427 843401352   1925
  415 843402044 843403621   1577
  416 843404497 843404682    185
  417 843405658 843405867    209
  418 843409021 843409837    816
  419 843412568 843415473   2905
  420 843419061 843421267   2206
  421 843421323 843423228   1905
  422 843423230 843423547    317
  423 843425138 843426718   1580
  424 843428177 843428468    291
  425 843428553 843430092   1539
  426 843430189 843440522  10333
  427 843440524 843441342    818
  428 843441343 843441765    422
  429 843441767 843443979   2212
  430 843452602 843452605      3
  431 843452608 843453881   1273
  432 843453882 843457184   3302
  433 843458551 843458552      1
  434 843458554 843458557      3
  435 843458559 843458561      2
  436 843458563 843458580     17
  437 843458583 843458602     19
  438 843458604 843460514   1910
  439 843472128 843472615    487
  440 843472616 843472750    134
  441 843472751 843481146   8395
  442 843481210 843483931   2721
  443 843484139 843484447    308
  444 843484449 843485984   1535
  445 843487175 843489441   2266
  446 843490055 843491038    983
  447 843492070 843492974    904
  448 843496528 843497107    579
  449 843497156 843499857   2701
  450 843499859 843501856   1997
  451 843517347 843525679   8332
  452 843526228 843536299  10071
  453 843536300 843538690   2390
  454 843538739 843545627   6888
  455 843545690 843545749     59
  456 843545751 843545844     93
  457 843545846 843545928     82
  458 843545930 843552315   6385
  459 843553637 843557342   3705
  460 843557989 843560619   2630
  461 843560675 843562432   1757
  462 843562434 843570949   8515
  463 843570951 843570968     17
  464 843576350 843577341    991
  465 843577343 843577405     62
  466 843578847 843580859   2012
  467 843580907 843583732   2825
  468 843583733 843587383   3650
  469 843593528 843594351    823
  470 843594352 843594353      1
  471 843594355 843596726   2371
  472 843596727 843597654    927
  473 843598804 843600466   1662
  474 843601965 843603922   1957
  475 843605211 843605239     28
  476 843605241 843605918    677
  477 843605921 843606113    192
  478 843606374 843607988   1614
  479 843607990 843608558    568
  480 843608560 843614547   5987
  481 843614549 843619443   4894
  482 843621720 843621721      1
  483 843621723 843621781     58
  484 843621783 843622864   1081
  485 843622865 843623191    326
  486 843623193 843627783   4590
  487 843627785 843631844   4059
  488 843631845 843634683   2838
  489 843634684 843635491    807
  490 843636630 843641428   4798
  491 843641430 843646118   4688
  492 843646120 843657842  11722
  493 843657844 843661702   3858
  494 843661704 843662261    557
  495 843662638 843663336    698
  496 843665787 843675187   9400
  497 843691469 843696755   5286
  498 843696757 843700010   3253
  499 843700058 843700457    399
  500 843700459 843701906   1447
  501 843701983 843716320  14337
  502 843717127 843719919   2792
  503 843719921 843721432   1511
  504 843721434 843721539    105
  505 843725116 843730128   5012
  506 843746822 843747866   1044
  507 843747916 843748447    531
  508 843748449 843761819  13370
  509 843761867 843765268   3401
  510 843766195 843770844   4649
  511 843772468 843772471      3
  512 843772577 843789986  17409
  513 843789988 843792393   2405
  514 843792395 843796498   4103
  515 843796500 843810243  13743
  516 843810245 843810382    137
  517 843811596 843813884   2288
  518 843813983 843821996   8013
  519 843823076 843823091     15
  520 843823093 843826966   3873
  521 843827306 843829177   1871
  522 843829179 843829871    692
  523 843829873 843831037   1164
  524 843831038 843831272    234
  525 843831274 843831586    312
  526 843831588 843831589      1
  527 843831591 843832381    790
  528 843832513 843833033    520
  529 843836136 843836166     30
  530 843836167 843836170      3
  531 843836172 843836333    161
  532 843839185 843840355   1170
  533 843842230 843846943   4713
  534 843854133 843857115   2982
  535 843857116 843857322    206
  536 843857386 843858230    844
  537 843858985 843864188   5203
  538 843864239 843885179  20940
  539 843885226 843891070   5844
  540 843948012 843948295    283
  541 843948297 843948324     27
  542 843948326 843949045    719
  543 843949582 843952561   2979
  544 843952563 843952711    148
  545 843952830 843959677   6847
  546 843959679 843960347    668
  547 843960396 843963314   2918
  548 843963316 843973444  10128
  549 843973445 843974987   1542
  550 843975050 843975476    426
  551 843975478 843981512   6034
  552 843981514 843981593     79
  553 843984816 843986707   1891
  554 843986709 843986731     22
  555 843987496 843987611    115
  556 843987613 843988043    430
  557 843990536 843991752   1216
  558 843991754 843991798     44
  559 843991800 843992960   1160
  560 843994610 843998872   4262
  561 843999058 843999957    899
  562 844000557 844001569   1012
  563 844001644 844002188    544
  564 844003915 844005417   1502
  565 844005558 844005611     53
  566 844005786 844005947    161
  567 844005949 844006701    752
  568 844006703 844008683   1980
  569 844008747 844009798   1051
  570 844009918 844010227    309
  571 844010229 844013325   3096
  572 844014353 844015892   1539
  573 844017214 844020561   3347
  574 844022618 844024413   1795
  575 844024544 844026394   1850
  576 844027408 844029655   2247
  577 844030652 844030875    223
  578 844030917 844034703   3786
  579 844034826 844035218    392
  580 844035220 844035223      3
  581 844035225 844044231   9006
  582 844044670 844047063   2393
  583 844047253 844066052  18799
  584 844066054 844066095     41
  585 844067787 844073669   5882
  586 844073671 844083398   9727
  587 844083400 844085360   1960
  588 844085670 844088185   2515
  589 844097568 844097708    140
  590 844097770 844099208   1438
  591 844099210 844101996   2786
  592 844102042 844107656   5614
  593 844107658 844108107    449
  594 844108155 844109934   1779
  595 844110137 844111382   1245
  596 844111482 844114278   2796
  597 844117025 844118742   1717
  598 844121490 844123276   1786
  599 844123560 844127279   3719
  600 844128343 844128516    173
  601 844128564 844135784   7220
  602 844136560 844140197   3637
  603 844140199 844142013   1814
  604 844142069 844143838   1769
  605 844143839 844147555   3716
  606 844147557 844153422   5865
  607 844153707 844154086    379
  608 844154805 844161429   6624
  609 844161492 844167909   6417
  610 844167911 844167920      9
  611 844167921 844167963     42
  612 844169329 844171537   2208
  613 844171539 844176267   4728
  614 844176268 844177075    807
  615 844178246 844178601    355
  616 844178603 844183773   5170
  617 844186788 844186789      1
  618 844186813 844186819      6
  619 844186822 844186829      7
  620 844186837 844186841      4
  621 844186843 844186848      5
  622 844186852 844186997    145
  623 844187000 844187395    395
  624 844189505 844192157   2652
  625 844192978 844193628    650
  626 844195737 844196074    337
  627 844196076 844199157   3081
  628 844199661 844200189    528
  629 844200521 844204977   4456
  630 844204978 844205443    465
  631 844205445 844210934   5489
  632 844210936 844213491   2555
  633 844213493 844215363   1870
  634 844215495 844215655    160
  635 844216145 844225529   9384
  636 844225531 844226733   1202
  637 844226789 844228621   1832
  638 844228622 844229371    749
  639 844229373 844232276   2903
  640 844232340 844237616   5276
  641 844237618 844239935   2317
  642 844239936 844239943      7
  643 844239945 844239949      4
  644 844239951 844241061   1110
  645 844243166 844255086  11920
  646 844255088 844258315   3227
  647 844258316 844261066   2750
  648 844261068 844270313   9245
  649 844270682 844271561    879
  650 844273199 844273685    486
  651 844273687 844273945    258
  652 844273947 844274362    415
  653 844274364 844274505    141
  654 844274506 844282441   7935
  655 844282443 844285957   3514
  656 844286013 844294044   8031
  657 844294108 844294907    799
  658 844294909 844303544   8635
  659 844303546 844313282   9736
  660 844314142 844316062   1920
  661 844318970 844321121   2151
  662 844321123 844321486    363
  663 844322787 844325892   3105
  664 844327314 844328107    793
  665 844328109 844328122     13
  666 844329366 844336521   7155
  667 844336523 844352733  16210
  668 844357548 844357565     17
  669 844357567 844357613     46
  670 844357615 844357629     14
  671 844357631 844367931  10300
  672 844368349 844382586  14237
  673 844382634 844384578   1944
  674 844384580 844389290   4710
  675 844389338 844394334   4996
  676 844396696 844397149    453
  677 844397151 844402178   5027
  678 844402225 844413799  11574
  679 844414626 844416908   2282
  680 844418110 844422139   4029
  681 844422141 844422177     36
  682 844422178 844422182      4
  683 844422184 844422192      8
  684 844422194 844425945   3751
  685 844437294 844438011    717
  686 844438758 844439060    302
  687 844440509 844440573     64
  688 844444108 844446131   2023
  689 844446133 844447183   1050
  690 844449634 844450999   1365
  691 844460883 844463648   2765
  692 844466613 844468626   2013
  693 844468674 844468683      9
  694 844469207 844469954    747
  695 844469999 844470161    162
  696 844470249 844470268     19
  697 844470565 844471834   1269
  698 844471956 844472073    117
  699 844472189 844474264   2075
  700 844474390 844474746    356
  701 844474802 844487133  12331
  702 844487135 844491326   4191
  703 844491328 844493288   1960
  704 844495078 844496421   1343
  705 844496422 844498121   1699
  706 844498695 844509516  10821
  707 844510371 844511881   1510
  708 844511883 844517101   5218
  709 844517566 844520012   2446
  710 844520959 844521168    209
  711 844521978 844521982      4
  712 844524405 844524489     84
  713 844524671 844525165    494
  714 844559089 844559370    281
  715 844559372 844560161    789
  716 844560209 844560638    429
  717 844560640 844562792   2152
  718 844566235 844576033   9798
  719 844576034 844579378   3344
  720 844579506 844582252   2746
  721 844585311 844586779   1468
  722 844587690 844590104   2414
  723 844590331 844591994   1663
  724 844592041 844595913   3872
  725 844595915 844596766    851
  726 844596994 844599959   2965
  727 844601445 844601918    473
  728 844601920 844603514   1594
  729 844603516 844605297   1781
  730 844605459 844606594   1135
  731 844606658 844607406    748
  732 844608308 844608815    507
  733 844610272 844611372   1100
  734 844612219 844612420    201
  735 844613224 844614004    780
  736 844614909 844615826    917
  737 844618483 844620860   2377
  738 844621717 844622323    606
  739 844643008 844643335    327
  740 844643337 844644108    771
  741 844644109 844645752   1643
  742 844645754 844646034    280
  743 844646036 844646865    829
  744 844648422 844665346  16924
  745 844669034 844674029   4995
  746 844674618 844674834    216
  747 844674889 844684224   9335
  748 844684225 844684644    419
  749 844687534 844690810   3276
  750 844690916 844691417    501
  751 844691584 844694770   3186
  752 844694773 844696186   1413
  753 844700387 844700992    605
  754 844701177 844701725    548
  755 844701826 844702771    945
  756 844702869 844702901     32
  757 844762918 844762932     14
  758 844762974 844764090   1116
  759 844764092 844764331    239
  760 844764333 844764496    163
  761 844764497 844764611    114
  762 844764613 844764760    147
  763 844764762 844764858     96
  764 844764859 844764988    129
  765 844765522 844767268   1746
  766 844767270 844768863   1593
  767 844768864 844771320   2456
  768 844771322 844773776   2454
  769 844774747 844777288   2541
  770 844777289 844778082    793
  771 844779664 844780482    818
  772 844780484 844782443   1959
  773 844796910 844797048    138
  774 844797050 844797323    273
  775 844800288 844801824   1536
  776 844802675 844804556   1881
  777 844804692 844804788     96
  778 844806293 844806360     67
  779 844806423 844806455     32
  780 844807344 844808298    954
  781 844810335 844813368   3033
  782 844813571 844813663     92
  783 844813747 844815070   1323
  784 844815390 844821122   5732
  785 844821124 844821404    280
  786 844821405 844837358  15953
  787 844837603 844837650     47
  788 844838814 844845193   6379
  789 844846787 844859364  12577
  790 844859450 844861640   2190
  791 844862402 844863989   1587
  792 844865448 844869681   4233
  793 844872407 844874579   2172
  794 844874581 844880429   5848
  795 844881232 844882803   1571
  796 844884462 844890274   5812
  797 844890593 844891408    815
  798 844891566 844903305  11739
  799 844903307 844906325   3018
  800 844907146 844908514   1368
  801 844909550 844912230   2680
  802 844913398 844916749   3351
  803 844917218 844922264   5046
  804 844922368 844922461     93
  805 844923326 844923446    120
  806 844923544 844924336    792
  807 844926354 844929796   3442
  808 844931750 844941224   9474
  809 844941303 844945316   4013
  810 844945471 844947719   2248
  811 844947721 844958138  10417
  812 844958515 844966515   8000
  813 844966576 844967886   1310
  814 844983789 844984626    837
  815 844984628 844995399  10771
  816 844995702 844996545    843
  817 844996750 844998151   1401
  818 844998153 845002874   4721
  819 845002899 845011702   8803
  820 845012210 845015514   3304
  821 845015516 845016013    497
  822 845016015 845017054   1039
  823 845021142 845027710   6568
  824 845028399 845029724   1325
  825 845029725 845031987   2262
  826 845038010 845039968   1958
