    1 832446533 832447758   1225
    2 832447760 832448097    337
    3 832448152 832448543    391
    4 832448545 832448676    131
    5 832448678 832466112  17434
    6 832466248 832480184  13936
    7 832480185 832480277     92
    8 832484004 832487906   3902
    9 832488033 832491235   3202
   10 832491997 832494136   2139
   11 832494185 832496820   2635
   12 832496935 832504020   7085
   13 832504022 832505576   1554
   14 832505745 832506211    466
   15 832506657 832507258    601
   16 832513923 832514333    410
   17 832518526 832521509   2983
   18 832526812 832527588    776
   19 832529971 832530157    186
   20 832530902 832533987   3085
   21 832534041 832539740   5699
   22 832539742 832540869   1127
   23 832540939 832540940      1
   24 832540979 832541733    754
   25 832541810 832554849  13039
   26 832554896 832561946   7050
   27 832561993 832571330   9337
   28 832571386 832576523   5137
   29 832576525 832576528      3
   30 832576530 832576543     13
   31 832576545 832576550      5
   32 832576551 832576555      4
   33 832576557 832576574     17
   34 832577240 832581590   4350
   35 832581821 832583026   1205
   36 832583027 832586486   3459
   37 832586488 832588553   2065
   38 832588601 832590785   2184
   39 832591224 832592854   1630
   40 832614538 832615011    473
   41 832623814 832624481    667
   42 832624483 832625262    779
   43 832625264 832625430    166
   44 832625431 832627307   1876
   45 832627309 832631129   3820
   46 832631185 832654880  23695
   47 832654928 832658448   3520
   48 832658449 832658712    263
   49 832659283 832660757   1474
   50 832660759 832660821     62
   51 832662212 832679208  16996
   52 832693201 832693614    413
   53 832693616 832694838   1222
   54 832694840 832696794   1954
   55 832704396 832704429     33
   56 832704431 832704495     64
   57 832704497 832714961  10464
   58 832715016 832724088   9072
   59 832728628 832728723     95
   60 832728724 832729007    283
   61 832729009 832729030     21
   62 832729033 832729059     26
   63 832729062 832733241   4179
   64 832733363 832735078   1715
   65 832735201 832735226     25
   66 832735352 832737720   2368
   67 832737776 832747548   9772
   68 832748909 832755521   6612
   69 832755649 832764720   9071
   70 832764776 832775773  10997
   71 832775776 832776134    358
   72 832777236 832777681    445
   73 832777809 832786696   8887
   74 832786746 832789523   2777
   75 832790054 832790979    925
   76 832793778 832795371   1593
   77 832795373 832795400     27
   78 832795401 832802080   6679
   79 832804694 832807124   2430
   80 832807126 832811940   4814
   81 832811942 832817105   5163
   82 832817152 832822909   5757
   83 832832626 832835776   3150
   84 832836345 832849081  12736
   85 832849145 832860234  11089
   86 832864479 832867943   3464
   87 832868015 832881115  13100
   88 832881519 832882519   1000
   89 832882807 832885317   2510
   90 832888210 832901385  13175
   91 832901448 832904359   2911
   92 832904753 832927592  22839
   93 832927640 832939856  12216
   94 832940414 832942546   2132
   95 832942601 832948432   5831
   96 832948496 832951417   2921
   97 832951743 832961497   9754
   98 832961545 832968937   7392
   99 832968993 832980336  11343
  100 832980392 832988169   7777
  101 832988216 833001273  13057
  102 833001275 833002640   1365
  103 833002688 833006716   4028
  104 833009901 833025794  15893
  105 833025933 833026396    463
  106 833026540 833026800    260
  107 833027004 833027068     64
  108 833029164 833029260     96
  109 833029261 833030350   1089
  110 833035000 833035124    124
  111 833035127 833035156     29
  112 833035159 833035209     50
  113 833035210 833036373   1163
  114 833059422 833060424   1002
  115 833060426 833062826   2400
  116 833062872 833080361  17489
  117 833080363 833083413   3050
  118 833083416 833086088   2672
  119 833086208 833093932   7724
  120 833093934 833096337   2403
  121 833098960 833099097    137
  122 833099146 833108928   9782
  123 833108987 833110133   1146
  124 833110135 833110516    381
  125 833111376 833111425     49
  126 833117921 833118706    785
  127 833118708 833118718     10
  128 833122044 833122349    305
  129 833125514 833125641    127
  130 833125689 833126005    316
  131 833127644 833129252   1608
  132 833130566 833132423   1857
  133 833142571 833142997    426
  134 833143272 833146609   3337
  135 833147717 833162698  14981
  136 833162699 833162702      3
  137 833162704 833170456   7752
  138 833170458 833174491   4033
  139 833174555 833175371    816
  140 833175373 833178911   3538
  141 833178913 833183389   4476
  142 833183391 833183545    154
  143 833185562 833185563      1
  144 833185570 833193356   7786
  145 833193410 833193440     30
  146 833193442 833197958   4516
  147 833197961 833199599   1638
  148 833201500 833201502      2
  149 833201530 833201591     61
  150 833201594 833201624     30
  151 833201625 833201716     91
  152 833203342 833203365     23
  153 833203588 833203606     18
  154 833203608 833203610      2
  155 833203612 833203618      6
  156 833203619 833203634     15
  157 833203638 833203641      3
  158 833203642 833203644      2
  159 833203648 833203649      1
  160 833203653 833203694     41
  161 833203696 833203703      7
  162 833203711 833203715      4
  163 833212823 833213949   1126
  164 833214763 833217154   2391
  165 833217280 833218344   1064
  166 833218346 833218541    195
  167 833218808 833219219    411
  168 833219563 833220602   1039
  169 833220658 833222204   1546
  170 833222349 833222521    172
  171 833225490 833225598    108
  172 833225768 833225821     53
  173 833226052 833226752    700
  174 833228352 833228508    156
  175 833228725 833228810     85
  176 833228930 833229731    801
  177 833231814 833232587    773
  178 833232588 833232698    110
  179 833234193 833235912   1719
  180 833236066 833236155     89
  181 833236157 833236693    536
  182 833236771 833237271    500
  183 833237351 833241773   4422
  184 833241775 833242112    337
  185 833243862 833255621  11759
  186 833258074 833258092     18
  187 833258093 833258758    665
  188 833258760 833259200    440
  189 833259202 833259713    511
  190 833259715 833259747     32
  191 833259749 833261408   1659
  192 833261410 833261517    107
  193 833261694 833268855   7161
  194 833268857 833268906     49
  195 833268909 833269675    766
  196 833270455 833271858   1403
  197 833271859 833272365    506
  198 833272367 833273071    704
  199 833273073 833273228    155
  200 833273230 833274101    871
  201 833274103 833274104      1
  202 833274106 833274138     32
  203 833274140 833274182     42
  204 833274184 833274222     38
  205 833274224 833274244     20
  206 833274246 833274253      7
  207 833274255 833274265     10
  208 833274270 833274950    680
  209 833274952 833274964     12
  210 833274966 833275044     78
  211 833275874 833278031   2157
  212 833278034 833278051     17
  213 833278053 833278065     12
  214 833278068 833285504   7436
  215 833285506 833285570     64
  216 833285572 833288037   2465
  217 833288039 833288056     17
  218 833288059 833288060      1
  219 833288062 833288064      2
  220 833288065 833289694   1629
  221 833289696 833289757     61
  222 833290568 833290887    319
  223 833290984 833291329    345
  224 833291332 833291469    137
  225 833291471 833292243    772
  226 833292244 833292303     59
  227 833292305 833292308      3
  228 833292309 833292318      9
  229 833292320 833292351     31
  230 833292353 833292355      2
  231 833292357 833292473    116
  232 833301300 833301709    409
  233 833301711 833301985    274
  234 833301987 833302018     31
  235 833302020 833303509   1489
  236 833303511 833303833    322
  237 833303835 833303966    131
  238 833304175 833307243   3068
  239 833307435 833307758    323
  240 833308046 833309857   1811
  241 833310116 833310301    185
  242 833310583 833313134   2551
  243 833316051 833345109  29058
  244 833345218 833346407   1189
  245 833346409 833348843   2434
  246 833348845 833348849      4
  247 833348853 833348857      4
  248 833348859 833349296    437
  249 833349298 833352768   3470
  250 833355640 833358047   2407
  251 833358110 833364011   5901
  252 833364076 833371499   7423
  253 833371501 833372384    883
  254 833373317 833386597  13280
  255 833386667 833403357  16690
  256 833403403 833413747  10344
  257 833413795 833429397  15602
  258 833429443 833437059   7616
  259 833437186 833440593   3407
  260 833441381 833448259   6878
  261 833448316 833456117   7801
  262 833456793 833463250   6457
  263 833463306 833465436   2130
  264 833465533 833470683   5150
  265 833470746 833485227  14481
  266 833485482 833487592   2110
  267 833488426 833490978   2552
  268 833491133 833494635   3502
  269 833494690 833503556   8866
  270 833503558 833507975   4417
  271 833508098 833510836   2738
  272 833510899 833519546   8647
  273 833519595 833522506   2911
  274 833524367 833530869   6502
  275 833530871 833535059   4188
  276 833535107 833539555   4448
  277 833540362 833544257   3895
  278 833558341 833559046    705
  279 833559205 833566255   7050
  280 833567330 833568943   1613
  281 833569448 833572043   2595
  282 833572106 833573578   1472
  283 833575494 833575511     17
  284 833575599 833579371   3772
  285 833579426 833588896   9470
  286 833589083 833589941    858
  287 833590070 833590143     73
  288 833590456 833590704    248
  289 833591017 833591081     64
  290 833591464 833596596   5132
  291 833596642 833604079   7437
  292 833604081 833608947   4866
  293 833609003 833612425   3422
  294 833613201 833628255  15054
  295 833628875 833629498    623
  296 833629581 833631227   1646
  297 833632367 833636363   3996
  298 833636419 833639168   2749
  299 833639357 833639817    460
  300 833672844 833673098    254
  301 833673099 833675164   2065
  302 833676035 833682986   6951
  303 833683042 833704112  21070
  304 833705195 833712395   7200
  305 833712442 833715027   2585
  306 833716636 833717285    649
  307 833717892 833717956     64
  308 833750405 833750897    492
  309 833751187 833752053    866
  310 833752055 833752800    745
  311 833752802 833752813     11
  312 833752815 833752872     57
  313 833753542 833763746  10204
  314 833763810 833778003  14193
  315 833778005 833785098   7093
  316 833785904 833799208  13304
  317 833799702 833800713   1011
  318 833800714 833800907    193
  319 833800971 833803304   2333
  320 833803354 833804858   1504
  321 833804860 833805372    512
  322 833805373 833807265   1892
  323 833809296 833809317     21
  324 833809319 833809339     20
  325 833809341 833809365     24
  326 833809367 833809378     11
  327 833809380 833809418     38
  328 833809420 833809428      8
  329 833809430 833809491     61
  330 833809493 833810774   1281
  331 833810775 833810781      6
  332 833829244 833829810    566
  333 833829812 833830033    221
  334 833831779 833831880    101
  335 833835300 833836437   1137
  336 833836776 833837730    954
  337 833838509 833841018   2509
  338 833841066 833843030   1964
  339 833843333 833845040   1707
  340 833845042 833867434  22392
  341 833867436 833868867   1431
  342 833870953 833871431    478
  343 833872566 833874475   1909
  344 833874530 833889158  14628
  345 833889346 833890791   1445
  346 833891817 833895492   3675
  347 833903926 833904011     85
  348 833904059 833913651   9592
  349 833913707 833915451   1744
  350 833915538 833917295   1757
  351 833919447 833923291   3844
  352 833923293 833935533  12240
  353 833935535 833941915   6380
  354 833942043 833948923   6880
  355 833949892 833955390   5498
  356 833959244 833959976    732
  357 833961413 833968251   6838
  358 833968299 833974399   6100
  359 833974563 833979881   5318
  360 833980269 833985038   4769
  361 833985890 833990683   4793
  362 833990731 833996131   5400
  363 833996187 833999906   3719
  364 834000056 834000758    702
  365 834000906 834000909      3
  366 834001145 834001177     32
  367 834003189 834003193      4
  368 834003674 834003740     66
  369 834004035 834006595   2560
  370 834006722 834007982   1260
  371 834008276 834008331     55
  372 834008403 834009566   1163
  373 834009629 834009685     56
  374 834012485 834039612  27127
  375 834039614 834040051    437
  376 834040099 834046501   6402
  377 834047106 834051690   4584
  378 834051746 834079084  27338
  379 834079237 834093297  14060
  380 834093299 834094193    894
  381 834098257 834099243    986
  382 834099299 834106594   7295
  383 834106658 834115275   8617
  384 834115322 834124779   9457
  385 834124843 834127300   2457
  386 834127302 834127391     89
  387 834129778 834133445   3667
  388 834133521 834135282   1761
  389 834135346 834146123  10777
  390 834146187 834149730   3543
  391 834150414 834150971    557
  392 834152038 834154724   2686
  393 834157617 834157835    218
  394 834164966 834165747    781
  395 834165749 834165913    164
  396 834165981 834167506   1525
  397 834167508 834169443   1935
  398 834169498 834169625    127
  399 834169627 834170348    721
  400 834174654 834174662      8
  401 834174665 834174671      6
  402 834174673 834174780    107
  403 834174782 834174785      3
  404 834174787 834175127    340
  405 834175129 834175351    222
  406 834175353 834177111   1758
  407 834177113 834177512    399
  408 834177514 834177579     65
  409 834178949 834179688    739
  410 834179690 834181901   2211
  411 834181903 834182539    636
  412 834182595 834187136   4541
  413 834187138 834187537    399
  414 834187539 834189836   2297
  415 834189837 834190242    405
  416 834190290 834210075  19785
  417 834210131 834216046   5915
  418 834216645 834221723   5078
  419 834221725 834230934   9209
  420 834233339 834236600   3261
  421 834267237 834267628    391
  422 834267630 834267996    366
  423 834268758 834269474    716
  424 834269476 834269569     93
  425 834269571 834269681    110
  426 834269682 834278083   8401
  427 834278146 834286499   8353
  428 834286619 834288336   1717
  429 834288452 834292003   3551
  430 834292023 834295142   3119
  431 834307856 834314651   6795
  432 834314779 834321477   6698
  433 834322265 834322297     32
  434 834323201 834327300   4099
  435 834328730 834330274   1544
  436 834330722 834331670    948
  437 834331672 834332071    399
  438 834333013 834333101     88
  439 834333902 834334050    148
  440 834334465 834336422   1957
  441 834336841 834340630   3789
  442 834340632 834346108   5476
  443 834347740 834347828     88
  444 834347975 834349732   1757
  445 834349888 834350024    136
  446 834353170 834354890   1720
  447 834354966 834372323  17357
  448 834372371 834385731  13360
  449 834385778 834389331   3553
  450 834389333 834390836   1503
  451 834397986 834398362    376
  452 834398363 834403353   4990
  453 834403355 834405834   2479
  454 834405898 834410494   4596
  455 834410497 834413271   2774
  456 834413272 834414778   1506
  457 834414780 834414796     16
  458 834417837 834418070    233
  459 834418073 834418140     67
  460 834420685 834420977    292
  461 834420979 834421635    656
  462 834421699 834422392    693
  463 834422394 834422564    170
  464 834422566 834422741    175
  465 834422743 834422818     75
  466 834424880 834426237   1357
  467 834426926 834429200   2274
  468 834431504 834431505      1
  469 834431506 834431510      4
  470 834431512 834431516      4
  471 834431517 834431541     24
  472 834431543 834431552      9
  473 834431554 834431556      2
  474 834431558 834431590     32
  475 834431591 834431608     17
  476 834431612 834431614      2
  477 834431616 834431646     30
  478 834431648 834431682     34
  479 834431684 834431702     18
  480 834431704 834431742     38
  481 834431743 834431758     15
  482 834431759 834431890    131
  483 834431946 834436965   5019
  484 834438340 834438375     35
  485 834438377 834438844    467
  486 834438847 834444268   5421
  487 834444269 834448675   4406
  488 834448739 834451730   2991
  489 834451733 834463114  11381
  490 834463687 834477769  14082
  491 834477771 834477827     56
  492 834477830 834477833      3
  493 834477836 834477971    135
  494 834477972 834478138    166
  495 834478938 834480305   1367
  496 834481606 834484282   2676
  497 834484346 834491995   7649
  498 834492042 834501106   9064
  499 834501335 834501844    509
  500 834504986 834508050   3064
  501 834508098 834510901   2803
  502 834510903 834511615    712
  503 834511617 834511881    264
  504 834511977 834512040     63
  505 834512506 834513370    864
  506 834513932 834514384    452
  507 834518293 834519261    968
  508 834520346 834520627    281
  509 834520629 834523213   2584
  510 834523214 834524338   1124
  511 834526784 834532603   5819
  512 834532651 834538590   5939
  513 834538592 834548363   9771
  514 834548365 834558331   9966
  515 834558379 834563668   5289
  516 834563670 834563856    186
  517 834563858 834563863      5
  518 834564616 834572344   7728
  519 834572345 834573514   1169
  520 834573515 834586005  12490
  521 834587435 834590259   2824
  522 834591038 834591368    330
  523 834591592 834592806   1214
  524 834617524 834618768   1244
  525 834618770 834618930    160
  526 834618932 834634675  15743
  527 834634739 834636892   2153
  528 834640214 834645468   5254
  529 834645470 834650451   4981
  530 834650453 834650487     34
  531 834652381 834663694  11313
  532 834664450 834674561  10111
  533 834674563 834677779   3216
  534 834677826 834677911     85
  535 834677913 834679397   1484
  536 834679502 834691359  11857
  537 834698392 834699879   1487
  538 834699881 834700104    223
  539 834700106 834700113      7
  540 834700370 834717059  16689
  541 834717107 834724268   7161
  542 834724270 834729930   5660
  543 834729994 834737352   7358
  544 834738350 834741795   3445
  545 834741843 834743507   1664
  546 834743509 834752580   9071
  547 834752582 834753176    594
  548 834755123 834765321  10198
  549 834765446 834769270   3824
  550 834773319 834774027    708
  551 834775548 834776218    670
  552 834777730 834780257   2527
  553 834784007 834784312    305
  554 834785216 834787987   2771
  555 834788050 834788990    940
  556 834788991 834789126    135
  557 834789128 834790903   1775
  558 834790995 834791094     99
  559 834791762 834791844     82
  560 834792137 834793518   1381
  561 834804508 834804932    424
  562 834804934 834806177   1243
  563 834806179 834810685   4506
  564 834810687 834810758     71
  565 834811958 834817539   5581
  566 834817602 834822913   5311
  567 834823860 834829907   6047
  568 834829955 834832662   2707
  569 834832664 834834071   1407
  570 834838945 834839649    704
  571 834841172 834842914   1742
  572 834844482 834848211   3729
  573 834848347 834850971   2624
  574 834851011 834851254    243
