    1 860274598 860277618   3020
    2 860277722 860280825   3103
    3 860281934 860282252    318
    4 860282513 860289603   7090
    5 860289666 860295739   6073
    6 860295787 860318200  22413
    7 860321027 860324811   3784
    8 860324859 860328646   3787
    9 860329951 860332474   2523
   10 860333677 860337587   3910
   11 860337589 860342860   5271
   12 860343077 860343716    639
   13 860343836 860344394    558
   14 860344395 860354557  10162
   15 860354619 860359132   4513
   16 860359348 860363742   4394
   17 860363744 860364636    892
   18 860364682 860369197   4515
   19 860369236 860370794   1558
   20 860370796 860400912  30116
   21 860402369 860410786   8417
   22 860412346 860412348      2
   23 860412367 860412368      1
   24 860412373 860412376      3
   25 860412379 860412380      1
   26 860412385 860412390      5
   27 860412395 860412396      1
   28 860412403 860412405      2
   29 860412409 860412412      3
   30 860412417 860412423      6
   31 860412428 860412440     12
   32 860412441 860419026   6585
   33 860419076 860421293   2217
   34 860425485 860428236   2751
   35 860428238 860430455   2217
   36 860430841 860431437    596
   37 860431661 860433464   1803
   38 860435005 860440435   5430
   39 860444670 860444702     32
   40 860444704 860445301    597
   41 860445437 860446408    971
   42 860446609 860447991   1382
   43 860449642 860451319   1677
   44 860451320 860452859   1539
   45 860452979 860453592    613
   46 860453628 860453631      3
   47 860453637 860454024    387
   48 860454603 860463909   9306
   49 860463910 860467890   3980
   50 860468018 860473243   5225
   51 860475337 860478356   3019
   52 860482482 860482485      3
   53 860482492 860482497      5
   54 860482503 860482508      5
   55 860482515 860482520      5
   56 860482527 860482529      2
   57 860482531 860482533      2
   58 860482543 860482548      5
   59 860482553 860482554      1
   60 860482555 860482563      8
   61 860482569 860482575      6
   62 860482581 860482588      7
   63 860482592 860485925   3333
   64 860487391 860489273   1882
   65 860491977 860491978      1
   66 860491982 860491983      1
   67 860491991 860491994      3
   68 860492004 860492007      3
   69 860492009 860492012      3
   70 860492014 860492015      1
   71 860492017 860492018      1
   72 860492019 860492022      3
   73 860492027 860492033      6
   74 860492035 860492036      1
   75 860492038 860492052     14
   76 860492056 860492098     42
   77 860492100 860497176   5076
   78 860497574 860499098   1524
   79 860499530 860501706   2176
   80 860501770 860507605   5835
   81 860507793 860507828     35
   82 860507829 860507851     22
   83 860507854 860507876     22
   84 860509477 860511323   1846
   85 860514353 860521637   7284
   86 860521683 860522916   1233
   87 860522918 860525412   2494
   88 860525413 860526248    835
   89 860533675 860535316   1641
   90 860535370 860535399     29
   91 860535837 860539115   3278
   92 860540886 860540897     11
   93 860540898 860541100    202
   94 860541102 860547179   6077
   95 860547236 860561836  14600
   96 860561890 860570468   8578
   97 860571531 860572405    874
   98 860572816 860573107    291
   99 860573171 860576083   2912
  100 860576085 860576894    809
  101 860578965 860593417  14452
  102 860594300 860610170  15870
  103 860610306 860619324   9018
  104 860621799 860622576    777
  105 860622579 860622931    352
  106 860661512 860661701    189
  107 860661703 860662565    862
  108 860662566 860665028   2462
  109 860666920 860673072   6152
  110 860674435 860675604   1169
  111 860675606 860679073   3467
  112 860679075 860679133     58
  113 860681009 860685491   4482
  114 860685538 860688571   3033
  115 860699205 860700834   1629
  116 860701444 860706739   5295
  117 860706859 860710211   3352
  118 860710714 860737563  26849
  119 860737611 860739324   1713
  120 860739326 860739509    183
  121 860741146 860755587  14441
  122 860757077 860762928   5851
  123 860763952 860768266   4314
  124 860768322 860769121    799
  125 860774819 860775368    549
  126 860775636 860779956   4320
  127 860780019 860781252   1233
  128 860782848 860790562   7714
  129 860793915 860818520  24605
  130 860818522 860826078   7556
  131 860827335 860832211   4876
  132 860832276 860840812   8536
  133 860841656 860844758   3102
  134 860846249 860846611    362
  135 860849520 860856815   7295
  136 860871912 860872483    571
  137 860872485 860872944    459
  138 860874022 860874093     71
  139 860874094 860875770   1676
  140 860879188 860879192      4
  141 860879195 860879230     35
  142 860879232 860879234      2
  143 860879237 860879240      3
  144 860879243 860879255     12
  145 860879257 860879272     15
  146 860879274 860879277      3
  147 860879279 860879295     16
  148 860879298 860879302      4
  149 860879304 860879306      2
  150 860879309 860879324     15
  151 860879326 860880035    709
  152 860881181 860882873   1692
  153 860883401 860893920  10519
  154 860893968 860907529  13561
  155 860907584 860916042   8458
  156 860917266 860919081   1815
  157 860919137 860921903   2766
  158 860923356 860928264   4908
  159 860930148 860936564   6416
  160 860937206 860939220   2014
  161 860939786 860943516   3730
  162 860944785 860945830   1045
  163 860947844 860948437    593
  164 860948570 860950120   1550
  165 860950360 860951152    792
  166 860951208 860963913  12705
  167 860963961 860968575   4614
  168 860969235 860970817   1582
  169 860970873 860976552   5679
  170 860976672 860981068   4396
  171 860981070 860982878   1808
  172 860982880 861002448  19568
  173 861003720 861007752   4032
  174 861007816 861012392   4576
  175 861015369 861018490   3121
  176 861020079 861021954   1875
  177 861022185 861025451   3266
  178 861026233 861028643   2410
  179 861028957 861031211   2254
  180 861031213 861039440   8227
  181 861039504 861045157   5653
  182 861045159 861047915   2756
  183 861047917 861049605   1688
  184 861050014 861052147   2133
  185 861052149 861054180   2031
  186 861054182 861055598   1416
  187 861058838 861059886   1048
  188 861060134 861061016    882
  189 861061755 861067707   5952
  190 861078836 861080688   1852
  191 861080690 861080825    135
  192 861080827 861088617   7790
  193 861089960 861101547  11587
  194 861102150 861102257    107
  195 861102305 861111329   9024
  196 861111393 861111726    333
  197 861112312 861116654   4342
  198 861116655 861116674     19
  199 861116678 861116697     19
  200 861116698 861116704      6
  201 861116706 861116711      5
  202 861117589 861119376   1787
  203 861119424 861123551   4127
  204 861123554 861124643   1089
  205 861127048 861131008   3960
  206 861131323 861131521    198
  207 861131569 861145938  14369
  208 861149017 861158497   9480
  209 861158545 861169192  10647
  210 861169248 861171012   1764
  211 861171407 861172838   1431
  212 861174089 861177065   2976
  213 861177112 861183705   6593
  214 861183769 861189259   5490
  215 861190953 861190956      3
  216 861190962 861190964      2
  217 861190968 861190969      1
  218 861190971 861190972      1
  219 861190973 861190979      6
  220 861190983 861190987      4
  221 861190989 861191036     47
  222 861191037 861193089   2052
  223 861193153 861194537   1384
  224 861195724 861200128   4404
  225 861200192 861200245     53
  226 861200316 861202146   1830
  227 861202234 861211617   9383
  228 861213432 861214529   1097
  229 861225709 861227432   1723
  230 861227434 861236057   8623
  231 861236104 861244417   8313
  232 861244553 861245722   1169
  233 861245787 861260693  14906
  234 861263310 861274689  11379
  235 861274745 861288307  13562
  236 861289414 861295233   5819
  237 861295695 861296697   1002
  238 861296761 861296953    192
  239 861296955 861301341   4386
  240 861303500 861303691    191
  241 861303693 861303803    110
  242 861303805 861303841     36
  243 861303842 861303843      1
  244 861304282 861306496   2214
  245 861306544 861309166   2622
  246 861309354 861316049   6695
  247 861316051 861316335    284
  248 861316336 861316354     18
  249 861316355 861316415     60
  250 861316416 861318885   2469
  251 861318887 861318938     51
  252 861318939 861318944      5
  253 861318945 861342681  23736
  254 861342744 861344198   1454
  255 861344199 861344361    162
  256 861345696 861346463    767
  257 861346465 861354145   7680
  258 861354201 861355180    979
  259 861356062 861356095     33
  260 861356096 861361892   5796
  261 861363256 861363707    451
  262 861364893 861369273   4380
  263 861369320 861372301   2981
  264 861373425 861373857    432
  265 861373961 861379443   5482
  266 861379695 861380236    541
  267 861380238 861381673   1435
  268 861381675 861381786    111
  269 861381989 861382560    571
  270 861382562 861383025    463
  271 861383027 861383401    374
  272 861383525 861384135    610
  273 861384138 861384387    249
  274 861384950 861393612   8662
  275 861394259 861394763    504
  276 861395797 861397600   1803
  277 861400818 861405737   4919
  278 861405785 861405927    142
  279 861405929 861413727   7798
  280 861413729 861416276   2547
  281 861416367 861419296   2929
  282 861419352 861430635  11283
  283 861431814 861437087   5273
  284 861437089 861438592   1503
  285 861438656 861446259   7603
  286 861448032 861452331   4299
  287 861452740 861452778     38
  288 861455097 861458446   3349
  289 861476823 861477110    287
  290 861477988 861478895    907
  291 861478984 861479291    307
  292 861480123 861483123   3000
  293 861485075 861487023   1948
  294 861489324 861490272    948
  295 861491942 861496830   4888
  296 861496929 861496930      1
  297 861496938 861497312    374
  298 861497314 861498363   1049
  299 861498410 861510697  12287
  300 861510745 861514817   4072
  301 861514903 861521011   6108
  302 861521013 861521083     70
  303 861521084 861521094     10
  304 861521096 861521154     58
  305 861521156 861521175     19
  306 861521177 861521196     19
  307 861523156 861536226  13070
  308 861536228 861538320   2092
  309 861538481 861540174   1693
  310 861540287 861541588   1301
  311 861541590 861541615     25
  312 861541616 861541800    184
  313 861541802 861541807      5
  314 861541812 861541868     56
  315 861543156 861546216   3060
  316 861546397 861546466     69
  317 861551323 861551934    611
  318 861552024 861552057     33
  319 861552299 861555017   2718
  320 861555199 861559248   4049
  321 861562047 861562053      6
  322 861562055 861562085     30
  323 861562087 861565781   3694
  324 861565975 861567250   1275
  325 861569257 861569284     27
  326 861569286 861569544    258
  327 861569854 861570970   1116
  328 861571049 861591345  20296
  329 861591393 861593671   2278
  330 861595059 861595128     69
  331 861595674 861599066   3392
  332 861599329 861601362   2033
  333 861601644 861610838   9194
  334 861610840 861610842      2
  335 861610844 861610852      8
  336 861611769 861611969    200
  337 861612032 861619372   7340
  338 861619885 861621785   1900
  339 861621841 861628820   6979
  340 861628956 861631819   2863
  341 861631821 861632745    924
  342 861633623 861633728    105
  343 861633810 861633835     25
  344 861634924 861634932      8
  345 861634933 861635971   1038
  346 861638327 861646831   8504
  347 861646880 861649625   2745
  348 861649673 861653649   3976
  349 861654850 861655858   1008
  350 861656068 861659760   3692
  351 861659880 861669772   9892
  352 861670167 861676913   6746
  353 861676977 861679389   2412
  354 861679391 861683073   3682
  355 861683075 861687992   4917
  356 861688048 861691339   3291
  357 861694140 861694873    733
  358 861694928 861702605   7677
  359 861702607 861711712   9105
  360 861711840 861713290   1450
  361 861714564 861717713   3149
  362 861719705 861720091    386
  363 861720347 861720585    238
  364 861723659 861723734     75
  365 861723957 861724572    615
  366 861726785 861748879  22094
  367 861749903 861750615    712
  368 861750688 861752851   2163
  369 861752951 861756089   3138
  370 861756153 861771592  15439
  371 861771640 861774455   2815
  372 861776322 861777210    888
  373 861777212 861777214      2
  374 861778993 861780611   1618
  375 861780613 861780649     36
  376 861780829 861788041   7212
  377 861788089 861793256   5167
  378 861793259 861793263      4
  379 861793265 861795616   2351
  380 861795664 861796604    940
  381 861796608 861796665     57
  382 861797583 861807977  10394
  383 861808901 861812317   3416
  384 861812319 861816596   4277
  385 861818514 861822233   3719
  386 861822327 861832689  10362
  387 861832752 861843166  10414
  388 861843230 861843231      1
  389 861843246 861846411   3165
  390 861846413 861864861  18448
  391 861868390 861869893   1503
  392 861869895 861887021  17126
  393 861891578 861904746  13168
  394 861904822 861908934   4112
  395 861909281 861916011   6730
  396 861916013 861920438   4425
  397 861921007 861924841   3834
  398 861924889 861939385  14496
  399 861939432 861951463  12031
  400 861963505 861969567   6062
  401 861969633 861971413   1780
  402 861972856 861973309    453
  403 861975175 861976148    973
  404 861976150 861976347    197
  405 861976420 861978729   2309
  406 861978785 861978885    100
  407 861978943 861990088  11145
  408 861990136 861993800   3664
  409 861993802 861993808      6
  410 861993810 861997544   3734
  411 861999167 862002961   3794
  412 862003985 862003989      4
  413 862003991 862006874   2883
  414 862007752 862009806   2054
  415 862040038 862040039      1
  416 862040041 862040043      2
  417 862040044 862040047      3
  418 862040054 862040058      4
  419 862040061 862040062      1
  420 862040064 862040074     10
  421 862040076 862040081      5
  422 862040084 862049689   9605
  423 862049744 862058940   9196
  424 862059445 862063280   3835
  425 862065076 862065438    362
  426 862065710 862065825    115
  427 862066249 862067059    810
  428 862084178 862085546   1368
  429 862085690 862087002   1312
  430 862087999 862089352   1353
  431 862089758 862094734   4976
  432 862128116 862130266   2150
  433 862130268 862134099   3831
  434 862134147 862141554   7407
  435 862143707 862149020   5313
  436 862149022 862149067     45
  437 862150606 862151962   1356
  438 862152010 862155223   3213
  439 862155315 862167778  12463
  440 862167898 862170952   3054
  441 862173696 862173840    144
  442 862173846 862174649    803
  443 862174697 862183955   9258
  444 862184614 862185528    914
  445 862209891 862210042    151
  446 862210044 862210187    143
  447 862210189 862213440   3251
  448 862213481 862215509   2028
  449 862215900 862216962   1062
  450 862217010 862224004   6994
  451 862225377 862225638    261
  452 862225834 862226170    336
  453 862226172 862238767  12595
  454 862238770 862239543    773
  455 862241368 862241373      5
  456 862241375 862241390     15
  457 862241393 862241399      6
  458 862241401 862241403      2
  459 862241405 862241417     12
  460 862241421 862241422      1
  461 862241426 862241428      2
  462 862241432 862241433      1
  463 862241439 862241441      2
  464 862241448 862241455      7
  465 862241458 862241459      1
  466 862241463 862241468      5
  467 862241469 862241472      3
  468 862241473 862241485     12
  469 862241487 862241495      8
  470 862241497 862241502      5
  471 862241504 862241522     18
  472 862241526 862241564     38
  473 862241566 862241583     17
  474 862241585 862241609     24
  475 862241611 862241644     33
  476 862241646 862246858   5212
  477 862246907 862248880   1973
  478 862249688 862274187  24499
  479 862276335 862287610  11275
  480 862287846 862288746    900
  481 862289206 862289305     99
  482 862292855 862292931     76
  483 862292933 862293571    638
  484 862293766 862300033   6267
  485 862300035 862300085     50
  486 862301537 862309498   7961
  487 862309500 862309508      8
  488 862309509 862309604     95
  489 862312313 862312999    686
  490 862313285 862313691    406
  491 862323927 862326114   2187
  492 862326170 862329113   2943
  493 862330013 862330034     21
  494 862330140 862330498    358
  495 862334971 862354154  19183
  496 862354202 862383578  29376
  497 862383634 862383991    357
  498 862385059 862394239   9180
  499 862397227 862401014   3787
  500 862402115 862410665   8550
  501 862411867 862420146   8279
  502 862420201 862431330  11129
  503 862431467 862467873  36406
  504 862470338 862471946   1608
  505 862471994 862486494  14500
  506 862487574 862491619   4045
  507 862493320 862504659  11339
  508 862504813 862508018   3205
  509 862508128 862512277   4149
  510 862512774 862519300   6526
  511 862520750 862525161   4411
  512 862525222 862525226      4
  513 862525236 862543510  18274
  514 862543596 862543667     71
  515 862543714 862557363  13649
  516 862559357 862559397     40
  517 862559398 862560461   1063
  518 862560463 862575922  15459
  519 862575978 862576568    590
  520 862579855 862595778  15923
  521 862597515 862598437    922
  522 862599712 862601861   2149
  523 862602112 862611417   9305
  524 862611466 862628818  17352
  525 862628882 862630379   1497
  526 862630381 862640796  10415
  527 862641784 862653367  11583
  528 862653369 862656707   3338
  529 862656762 862662241   5479
  530 862662369 862665567   3198
  531 862667367 862671304   3937
  532 862694322 862699739   5417
  533 862700303 862717665  17362
  534 862717784 862729614  11830
  535 862730760 862733067   2307
  536 862733131 862733212     81
  537 862735503 862742139   6636
  538 862742267 862747690   5423
  539 862747746 862751068   3322
  540 862752376 862754454   2078
  541 862755656 862755752     96
  542 862756816 862758198   1382
  543 862759218 862760021    803
  544 862761226 862763134   1908
  545 862763235 862764831   1596
  546 862766470 862767483   1013
  547 862767486 862768880   1394
  548 862769051 862769331    280
  549 862769333 862775066   5733
  550 862775068 862777581   2513
  551 862808035 862811476   3441
  552 862811533 862813102   1569
  553 862814475 862819335   4860
  554 862819419 862821430   2011
  555 862822701 862825830   3129
  556 862827656 862831663   4007
  557 862833128 862834027    899
  558 862834147 862838882   4735
  559 862840696 862841324    628
  560 862841372 862841899    527
  561 862842886 862843071    185
  562 862843906 862844737    831
  563 862845556 862848313   2757
  564 862848315 862851197   2882
  565 862852160 862852263    103
  566 862853324 862858029   4705
  567 862859084 862859365    281
  568 862860633 862867746   7113
  569 862867902 862870336   2434
  570 862871059 862873030   1971
  571 862873163 862875175   2012
  572 862875177 862877345   2168
  573 862878514 862883168   4654
  574 862883911 862889824   5913
  575 862889826 862891187   1361
  576 862891256 862898591   7335
  577 862899856 862900836    980
  578 862900884 862900922     38
  579 862903180 862906343   3163
  580 862907782 862912183   4401
  581 862912253 862912736    483
  582 862912782 862919630   6848
  583 862919677 862922612   2935
  584 862924438 862924949    511
  585 862924951 862925132    181
  586 862926647 862926656      9
  587 862926658 862926684     26
  588 862926686 862926689      3
  589 862926691 862926715     24
  590 862926717 862926733     16
  591 862926734 862926750     16
  592 862926752 862926764     12
  593 862927337 862927465    128
  594 862928596 862930481   1885
  595 862931313 862932431   1118
  596 862932433 862936030   3597
  597 862936216 862937659   1443
  598 862937756 862940665   2909
  599 862942209 862943105    896
  600 862944384 862945763   1379
  601 862953004 862958477   5473
  602 862958985 862966316   7331
  603 862966379 862974780   8401
  604 862974836 862981293   6457
  605 862981340 862988128   6788
  606 862989292 862990738   1446
  607 862990912 863002316  11404
  608 863002435 863011564   9129
  609 863011613 863012611    998
  610 863013687 863016371   2684
  611 863016455 863020847   4392
  612 863020952 863031089  10137
  613 863033581 863041964   8383
  614 863042013 863062628  20615
  615 863062693 863075918  13225
  616 863077464 863094717  17253
  617 863095103 863095588    485
  618 863095652 863096224    572
  619 863097043 863101766   4723
  620 863101929 863123859  21930
  621 863125029 863126244   1215
  622 863126292 863126450    158
  623 863126802 863141359  14557
  624 863141361 863145454   4093
  625 863145520 863147160   1640
  626 863147162 863147950    788
  627 863147952 863150284   2332
  628 863150333 863160365  10032
  629 863160367 863161110    743
  630 863163052 863168032   4980
  631 863168033 863175164   7131
  632 863175212 863175762    550
  633 863176765 863181343   4578
  634 863181658 863181973    315
  635 863203893 863203971     78
  636 863203973 863205372   1399
  637 863205747 863211386   5639
  638 863211659 863212067    408
  639 863232652 863232654      2
  640 863232656 863233378    722
  641 863233380 863244660  11280
  642 863244662 863247667   3005
  643 863249415 863251291   1876
  644 863251347 863261000   9653
  645 863261872 863265301   3429
  646 863267428 863272234   4806
  647 863294217 863294559    342
  648 863295315 863297760   2445
  649 863297808 863300010   2202
  650 863300087 863301580   1493
  651 863301581 863302127    546
  652 863302381 863305508   3127
  653 863305808 863305905     97
  654 863306095 863306397    302
  655 863306778 863307234    456
  656 863307562 863308590   1028
  657 863308592 863316192   7600
  658 863316240 863317152    912
  659 863317985 863325152   7167
  660 863325288 863330951   5663
  661 863330953 863334683   3730
  662 863335510 863344879   9369
  663 863350105 863353113   3008
  664 863353176 863354602   1426
  665 863355527 863361226   5699
  666 863362248 863369667   7419
  667 863370460 863371567   1107
  668 863372103 863376064   3961
  669 863376112 863379778   3666
  670 863381569 863382121    552
  671 863382184 863386042   3858
  672 863386101 863386165     64
  673 863386278 863389017   2739
  674 863389073 863405456  16383
  675 863405504 863427806  22302
  676 863428698 863433072   4374
  677 863433136 863434462   1326
  678 863435800 863435936    136
  679 863435937 863435964     27
  680 863437132 863445977   8845
  681 863446025 863449334   3309
  682 863450614 863458984   8370
  683 863459040 863460776   1736
  684 863461144 863462306   1162
  685 863462613 863463673   1060
  686 863463848 863472646   8798
  687 863479042 863494702  15660
  688 863494834 863507928  13094
  689 863509570 863517945   8375
  690 863518000 863524914   6914
  691 863525666 863530361   4695
  692 863530409 863533264   2855
  693 863534286 863539838   5552
  694 863540862 863543162   2300
  695 863543370 863548834   5464
