    1 863561473 863562432    959
    2 863562488 863563091    603
    3 863564445 863571153   6708
    4 863571208 863579507   8299
    5 863579579 863588516   8937
    6 863588518 863594485   5967
    7 863595577 863613938  18361
    8 863614378 863615632   1254
    9 863615680 863620597   4917
   10 863620744 863624785   4041
   11 863624912 863629820   4908
   12 863630945 863631425    480
   13 863631481 863632251    770
   14 863633103 863642924   9821
   15 863643894 863658714  14820
   16 863658763 863665705   6942
   17 863665761 863679240  13479
   18 863680162 863689105   8943
   19 863689161 863694728   5567
   20 863694776 863700434   5658
   21 863701520 863705753   4233
   22 863705755 863706046    291
   23 863706323 863708507   2184
   24 863710689 863722775  12086
   25 863723078 863728369   5291
   26 863728416 863728924    508
   27 863729345 863740153  10808
   28 863740217 863748225   8008
   29 863748281 863750182   1901
   30 863750774 863755352   4578
   31 863755400 863763329   7929
   32 863763448 863765278   1830
   33 863766156 863774079   7923
   34 863774081 863778565   4484
   35 863778567 863778648     81
   36 863779401 863780720   1319
   37 863780776 863790009   9233
   38 863790064 863790831    767
   39 863790941 863791151    210
   40 863791152 863791511    359
   41 863792694 863793852   1158
   42 863793911 863794292    381
   43 863794293 863799073   4780
   44 863799121 863802633   3512
   45 863802808 863808799   5991
   46 863808801 863810567   1766
   47 863810569 863811399    830
   48 863811401 863812265    864
   49 863812335 863813069    734
   50 863813071 863813234    163
   51 863814427 863814845    418
   52 863815100 863815855    755
   53 863815856 863817283   1427
   54 863818677 863818688     11
   55 863818690 863819629    939
   56 863820433 863833096  12663
   57 863833152 863833680    528
   58 863833762 863834555    793
   59 863834557 863841641   7084
   60 863841704 863854693  12989
   61 863855691 863862480   6789
   62 863862544 863872146   9602
   63 863872395 863872531    136
   64 863872801 863874377   1576
   65 863874425 863875017    592
   66 863875174 863876214   1040
   67 863876294 863877484   1190
   68 863903542 863904191    649
   69 863904843 863907259   2416
   70 863908074 863908801    727
   71 863908865 863909248    383
   72 863910509 863913064   2555
   73 863916077 863920448   4371
   74 863920512 863924524   4012
   75 863924526 863931067   6541
   76 863931068 863931452    384
   77 863934934 863940516   5582
   78 863942210 863948393   6183
   79 863948440 863955353   6913
   80 863955417 863955433     16
   81 863955676 863955934    258
   82 863955936 863956952   1016
   83 863956954 863959216   2262
   84 863960210 863961050    840
   85 863961234 863961302     68
   86 863961304 863961315     11
   87 863961318 863961416     98
   88 863961417 863961428     11
   89 863961430 863961439      9
   90 863961441 863962669   1228
   91 863962672 863963042    370
   92 863963044 863963298    254
   93 863965361 863965366      5
   94 863965369 863965373      4
   95 863965375 863965376      1
   96 863965456 863965477     21
   97 863966728 863966774     46
   98 863966776 863966931    155
   99 863966932 863967271    339
  100 863967450 863967540     90
  101 863967603 863971488   3885
  102 863971544 863973421   1877
  103 863973422 863977043   3621
  104 863977044 863977065     21
  105 863978385 863978466     81
  106 863978543 863978598     55
  107 863978600 863978643     43
  108 863978645 863978735     90
  109 863979832 863979845     13
  110 863979848 863979873     25
  111 863979875 863979886     11
  112 863979887 863979902     15
  113 863979904 863980239    335
  114 863980241 863980324     83
  115 863980326 863980376     50
  116 863980433 863980452     19
  117 863980454 863980629    175
  118 863980630 863981424    794
  119 863981427 863981430      3
  120 863981433 863981437      4
  121 863981439 863981468     29
  122 863981470 863981483     13
  123 863981485 863982185    700
  124 863982321 863982724    403
  125 863988392 863988407     15
  126 863988408 863988425     17
  127 863988427 863988438     11
  128 863988439 863988453     14
  129 863988455 863988505     50
  130 863988508 863988514      6
  131 863988516 863988529     13
  132 863988531 863988623     92
  133 863988626 863988638     12
  134 863988640 863988895    255
  135 863988897 863988908     11
  136 864028815 864030327   1512
  137 864031336 864031587    251
  138 864031589 864042831  11242
  139 864043096 864044051    955
  140 864044222 864044695    473
  141 864044956 864047775   2819
  142 864051003 864051007      4
  143 864051083 864051302    219
  144 864051304 864054025   2721
  145 864056888 864057054    166
  146 864057056 864057342    286
  147 864057344 864057432     88
  148 864060008 864060189    181
  149 864060191 864060759    568
  150 864060761 864064712   3951
  151 864068989 864069124    135
  152 864069126 864069226    100
  153 864069228 864069318     90
  154 864069491 864069625    134
  155 864071349 864071358      9
  156 864071359 864071505    146
  157 864071507 864073664   2157
  158 864073665 864076640   2975
  159 864076642 864076994    352
  160 864110004 864111638   1634
  161 864112936 864123713  10777
  162 864123769 864127558   3789
  163 864129601 864129613     12
  164 864129615 864129640     25
  165 864129642 864129644      2
  166 864129646 864129685     39
  167 864129688 864129698     10
  168 864129700 864129719     19
  169 864129722 864129725      3
  170 864129727 864129741     14
  171 864129743 864129757     14
  172 864129759 864129785     26
  173 864129787 864129789      2
  174 864129791 864129801     10
  175 864131747 864132184    437
  176 864132855 864133418    563
  177 864135065 864135066      1
  178 864135068 864135069      1
  179 864135070 864135072      2
  180 864135078 864135080      2
  181 864135082 864135091      9
  182 864135092 864135095      3
  183 864135096 864135099      3
  184 864135100 864135103      3
  185 864135105 864135108      3
  186 864135110 864135117      7
  187 864135119 864135129     10
  188 864135130 864135140     10
  189 864135142 864135149      7
  190 864135151 864135159      8
  191 864135161 864135163      2
  192 864135164 864135196     32
  193 864135197 864135209     12
  194 864135211 864135218      7
  195 864135220 864135235     15
  196 864135237 864135274     37
  197 864135276 864135295     19
  198 864135297 864135354     57
  199 864135356 864136505   1149
  200 864137981 864138091    110
  201 864138319 864138797    478
  202 864140329 864140337      8
  203 864140366 864140394     28
  204 864140396 864140529    133
  205 864140532 864140543     11
  206 864140547 864140572     25
  207 864140574 864140644     70
  208 864140646 864140735     89
  209 864140737 864143815   3078
  210 864145955 864146825    870
  211 864147869 864149161   1292
  212 864150738 864150770     32
  213 864150772 864150774      2
  214 864150775 864150778      3
  215 864150780 864150783      3
  216 864150785 864150786      1
  217 864150788 864150789      1
  218 864150790 864150797      7
  219 864150798 864150850     52
  220 864150852 864150873     21
  221 864150875 864150895     20
  222 864150897 864150906      9
  223 864150908 864150929     21
  224 864150931 864150959     28
  225 864150962 864150963      1
  226 864150965 864151012     47
  227 864151014 864151047     33
  228 864151050 864151451    401
  229 864151545 864154226   2681
  230 864154227 864154599    372
  231 864154601 864154705    104
  232 864156156 864167611  11455
  233 864200836 864214491  13655
  234 864214750 864216684   1934
  235 864216688 864216690      2
  236 864216692 864216790     98
  237 864216792 864217016    224
  238 864217936 864224289   6353
  239 864224352 864230481   6129
  240 864230537 864241696  11159
  241 864241760 864244525   2765
  242 864246090 864252369   6279
  243 864252425 864270024  17599
  244 864270072 864282505  12433
  245 864282569 864284860   2291
  246 864286078 864288740   2662
  247 864288741 864291160   2419
  248 864291208 864293537   2329
  249 864293539 864303577  10038
  250 864303640 864309825   6185
  251 864310670 864315471   4801
  252 864315515 864331668  16153
  253 864333069 864343331  10262
  254 864343845 864357399  13554
  255 864357961 864358553    592
  256 864358616 864370158  11542
  257 864371065 864375488   4423
  258 864375544 864392841  17297
  259 864392897 864399229   6332
  260 864401410 864405597   4187
  261 864405667 864412589   6922
  262 864412928 864421441   8513
  263 864421561 864428208   6647
  264 864428264 864440375  12111
  265 864440377 864440678    301
  266 864441297 864446374   5077
  267 864446376 864455346   8970
  268 864456274 864464161   7887
  269 864464208 864469577   5369
  270 864469697 864474426   4729
  271 864476224 864476821    597
  272 864477021 864481673   4652
  273 864483424 864486103   2679
  274 864497210 864498724   1514
  275 864500370 864500407     37
  276 864500408 864501479   1071
  277 864501539 864501980    441
  278 864502034 864504425   2391
  279 864504847 864509393   4546
  280 864509791 864513108   3317
  281 864515123 864517028   1905
  282 864517644 864521674   4030
  283 864521730 864529186   7456
  284 864529234 864542114  12880
  285 864542951 864548811   5860
  286 864548813 864551002   2189
  287 864551058 864560317   9259
  288 864560802 864562770   1968
  289 864562834 864563442    608
  290 864565737 864566668    931
  291 864567025 864568056   1031
  292 864568213 864578738  10525
  293 864578740 864578854    114
  294 864578856 864593016  14160
  295 864597978 864603731   5753
  296 864603785 864607555   3770
  297 864607850 864608037    187
  298 864608377 864631719  23342
  299 864631721 864631799     78
  300 864632512 864641066   8554
  301 864641114 864650252   9138
  302 864651011 864651036     25
  303 864651213 864659226   8013
  304 864659373 864661808   2435
  305 864661810 864661857     47
  306 864663701 864663907    206
  307 864663959 864664658    699
  308 864664714 864668248   3534
  309 864668423 864668880    457
  310 864668882 864669109    227
  311 864669279 864669694    415
  312 864669819 864670320    501
  313 864671842 864671867     25
  314 864671869 864671881     12
  315 864671882 864671887      5
  316 864671889 864671897      8
  317 864671899 864671904      5
  318 864671906 864671907      1
  319 864671909 864671915      6
  320 864671917 864671956     39
  321 864671958 864671970     12
  322 864671972 864671992     20
  323 864671993 864676395   4402
  324 864677392 864679795   2403
  325 864679865 864696402  16537
  326 864696466 864699897   3431
  327 864699899 864708306   8407
  328 864708354 864714066   5712
  329 864714186 864722804   8618
  330 864722805 864722825     20
  331 864724968 864725931    963
  332 864726044 864726242    198
  333 864726290 864727660   1370
  334 864728248 864735688   7440
  335 864735690 864735765     75
  336 864735766 864736030    264
  337 864736031 864737133   1102
  338 864737135 864740131   2996
  339 864740193 864742134   1941
  340 864744681 864744810    129
  341 864744907 864745548    641
  342 864745689 864748948   3259
  343 864748950 864750106   1156
  344 864752870 864752875      5
  345 864752877 864752896     19
  346 864752902 864752907      5
  347 864752908 864752916      8
  348 864752918 864752925      7
  349 864752927 864752931      4
  350 864752933 864752934      1
  351 864752936 864752955     19
  352 864752956 864752963      7
  353 864752965 864752966      1
  354 864752968 864752996     28
  355 864752998 864753000      2
  356 864753001 864754603   1602
  357 864754659 864755290    631
  358 864755345 864756977   1632
  359 864757111 864758506   1395
  360 864760104 864760108      4
  361 864760259 864760363    104
  362 864760365 864760801    436
  363 864760865 864764509   3644
  364 864764511 864767154   2643
  365 864767156 864767450    294
  366 864776646 864778979   2333
  367 864779027 864785899   6872
  368 864787272 864803546  16274
  369 864804616 864806396   1780
  370 864808546 864814275   5729
  371 864814330 864825763  11433
  372 864825819 864829917   4098
  373 864829919 864833226   3307
  374 864833431 864834943   1512
  375 864835810 864840306   4496
  376 864840517 864842486   1969
  377 864842487 864842496      9
  378 864842498 864842554     56
  379 864842769 864843549    780
  380 864855740 864856254    514
  381 864856255 864859331   3076
  382 864863802 864863838     36
  383 864863966 864872011   8045
  384 864872075 864885467  13392
  385 864885587 864887074   1487
  386 864888456 864890800   2344
  387 864892335 864901827   9492
  388 864901890 864906857   4967
  389 864906859 864912596   5737
  390 864912598 864912621     23
  391 864912624 864912640     16
  392 864912642 864912649      7
  393 864913302 864925003  11701
  394 864925066 864947313  22247
  395 864947315 864947342     27
  396 864947345 864973074  25729
  397 864974755 864984651   9896
  398 864984706 864991888   7182
  399 864992627 864992720     93
  400 864995838 864998300   2462
  401 864998302 864998572    270
  402 864999206 865001239   2033
  403 865001241 865001376    135
  404 865001378 865003538   2160
  405 865003539 865004671   1132
  406 865004673 865005125    452
  407 865005209 865005430    221
  408 865005432 865006811   1379
  409 865006813 865007322    509
  410 865007324 865007389     65
  411 865007391 865007604    213
  412 865007605 865007616     11
  413 865007618 865008233    615
  414 865008235 865008323     88
  415 865008387 865009599   1212
  416 865009602 865010015    413
  417 865010017 865010968    951
  418 865012045 865013703   1658
  419 865013705 865013863    158
  420 865014084 865014362    278
  421 865020264 865028361   8097
  422 865028455 865049427  20972
  423 865049491 865050893   1402
  424 865050969 865059921   8952
  425 865059923 865060313    390
  426 865060766 865067259   6493
  427 865067316 865073443   6127
  428 865073499 865078959   5460
  429 865079162 865081292   2130
  430 865081294 865081314     20
  431 865081650 865086916   5266
  432 865100924 865101106    182
  433 865101233 865101310     77
  434 865101410 865105508   4098
  435 865115096 865115400    304
  436 865115401 865116595   1194
  437 865116597 865124974   8377
  438 865125387 865133710   8323
  439 865133899 865137539   3640
  440 865137586 865146436   8850
  441 865146562 865150322   3760
  442 865152890 865165121  12231
  443 865165123 865166583   1460
  444 865166585 865167427    842
  445 865169897 865171033   1136
  446 865171080 865172325   1245
  447 865172788 865175689   2901
  448 865175797 865175927    130
  449 865176039 865177171   1132
  450 865178130 865178206     76
  451 865178208 865178408    200
  452 865178550 865180737   2187
  453 865181667 865181737     70
  454 865181927 865182502    575
  455 865182504 865187043   4539
  456 865187219 865187427    208
  457 865188982 865194185   5203
  458 865194187 865196236   2049
  459 865196290 865198749   2459
  460 865201014 865201206    192
  461 865201294 865202418   1124
  462 865202523 865203224    701
  463 865203690 865214085  10395
  464 865220726 865221502    776
  465 865221726 865222050    324
  466 865222116 865229347   7231
  467 865229396 865237641   8245
  468 865238565 865250433  11868
  469 865251179 865251298    119
  470 865252524 865259996   7472
  471 865260059 865265141   5082
  472 865269137 865269373    236
  473 865269422 865269499     77
  474 865269501 865270400    899
  475 865270403 865271454   1051
  476 865271530 865273859   2329
  477 865273922 865282743   8821
  478 865293312 865297834   4522
  479 865298610 865301636   3026
  480 865301682 865308627   6945
  481 865308682 865320323  11641
  482 865320379 865321138    759
  483 865322072 865327250   5178
  484 865327370 865332811   5441
  485 865332813 865334151   1338
  486 865334298 865340011   5713
  487 865340076 865343514   3438
  488 865343516 865344953   1437
  489 865355452 865355998    546
  490 865356741 865364756   8015
  491 865365058 865365714    656
  492 865379188 865379865    677
  493 865379867 865380559    692
  494 865380660 865394068  13408
  495 865394069 865399396   5327
  496 865399443 865405583   6140
  497 865406730 865409690   2960
  498 865409746 865428818  19072
  499 865428819 865429560    741
  500 865435106 865435493    387
  501 865435523 865439642   4119
  502 865439698 865447796   8098
  503 865447859 865456356   8497
  504 865458585 865460651   2066
  505 865460694 865464522   3828
  506 865464586 865484188  19602
  507 865484190 865485659   1469
  508 865485707 865487399   1692
  509 865487834 865492142   4308
  510 865493022 865518780  25758
  511 865519894 865534117  14223
  512 865534179 865547904  13725
  513 865550349 865557636   7287
  514 865557691 865565579   7888
  515 865565634 865576202  10568
  516 865576250 865578042   1792
  517 865579341 865594856  15515
  518 865596875 865596893     18
  519 865598416 865598521    105
  520 865598596 865598812    216
  521 865598814 865605338   6524
  522 865606514 865607608   1094
  523 865607920 865624738  16818
  524 865624786 865626938   2152
  525 865628948 865630269   1321
  526 865631439 865663890  32451
  527 865663893 865663917     24
  528 865663920 865663924      4
  529 865663927 865664178    251
  530 865664180 865668464   4284
  531 865668615 865682148  13533
  532 865682549 865683330    781
  533 865683378 865685472   2094
  534 865686555 865687552    997
  535 865690469 865692107   1638
  536 865692369 865693789   1420
  537 865724253 865724446    193
  538 865724448 865725089    641
  539 865725091 865725870    779
  540 865725934 865736458  10524
  541 865739908 865739926     18
  542 865739928 865747811   7883
  543 865748565 865748646     81
  544 865748702 865757281   8579
  545 865759666 865770738  11072
  546 865772686 865777813   5127
  547 865778045 865778572    527
  548 865778575 865780234   1659
  549 865780921 865783941   3020
  550 865783944 865783945      1
  551 865783947 865785315   1368
  552 865785317 865786188    871
  553 865786568 865787993   1425
  554 865787995 865791029   3034
  555 865791157 865792019    862
  556 865792297 865793426   1129
  557 865793648 865798406   4758
  558 865811984 865812330    346
  559 865812332 865813001    669
  560 865813002 865816885   3883
  561 865816941 865817659    718
  562 865817959 865824650   6691
  563 865826652 865837330  10678
  564 865838005 865847737   9732
  565 865847738 865859797  12059
  566 865860614 865863766   3152
  567 865863768 865863769      1
  568 865863771 865863790     19
  569 865863793 865863794      1
  570 865863795 865864191    396
  571 865864862 865875758  10896
  572 865877761 865877765      4
  573 865877767 865877800     33
  574 865877802 865877807      5
  575 865877808 865877827     19
  576 865877997 865882532   4535
  577 865882534 865896510  13976
  578 865896566 865902221   5655
  579 865902341 865924616  22275
  580 865925214 865934845   9631
  581 865934847 865944046   9199
  582 865944735 865945686    951
  583 865945750 865946538    788
  584 865946926 865948770   1844
  585 865951092 865951270    178
  586 865951464 865952331    867
  587 865953654 865958013   4359
  588 865960134 865961581   1447
  589 865961582 865963045   1463
  590 866077758 866077904    146
  591 866077906 866078839    933
  592 866078840 866078861     21
  593 866078863 866081610   2747
  594 866081674 866088066   6392
  595 866088130 866095510   7380
  596 866095512 866096415    903
  597 866096417 866098533   2116
  598 866099634 866105055   5421
  599 866105485 866108074   2589
  600 866108202 866114674   6472
  601 866114810 866120231   5421
  602 866120890 866132953  12063
  603 866133082 866133954    872
  604 866134001 866144577  10576
  605 866144971 866145482    511
  606 866145483 866149629   4146
  607 866149631 866175784  26153
  608 866175786 866184346   8560
  609 866184393 866184604    211
  610 866192605 866205892  13287
  611 866207797 866207970    173
  612 866208180 866210354   2174
  613 866210401 866210857    456
  614 866211934 866217218   5284
  615 866217274 866221276   4002
  616 866224286 866224864    578
  617 866224987 866226147   1160
  618 866231603 866232049    446
  619 866232113 866240333   8220
  620 866243355 866262287  18932
  621 866263682 866268705   5023
  622 866270910 866278192   7282
  623 866278193 866289946  11753
  624 866291304 866291798    494
  625 866295713 866297882   2169
  626 866298924 866301261   2337
  627 866318245 866318558    313
  628 866318968 866321467   2499
  629 866321469 866326314   4845
  630 866329153 866332511   3358
  631 866335196 866335282     86
  632 866335376 866338020   2644
  633 866339730 866339834    104
  634 866340202 866340223     21
  635 866344334 866360768  16434
  636 866362280 866378816  16536
  637 866379346 866380431   1085
  638 866380539 866392398  11859
  639 866392550 866392668    118
  640 866394458 866394754    296
  641 866395021 866396596   1575
  642 866397061 866397184    123
  643 866397434 866402837   5403
  644 866406619 866407022    403
  645 866408914 866435159  26245
  646 866437119 866444230   7111
  647 866444232 866450888   6656
  648 866451579 866454396   2817
  649 866454399 866462596   8197
  650 866465225 866465413    188
  651 866465711 866471488   5777
  652 866471490 866472666   1176
  653 866472800 866479268   6468
  654 866479547 866486093   6546
  655 866486095 866486101      6
  656 866486103 866487278   1175
  657 866487282 866489716   2434
  658 866490642 866524823  34181
  659 866524824 866532715   7891
  660 866533461 866534109    648
  661 866534111 866535554   1443
  662 866535748 866542386   6638
  663 866542388 866549321   6933
  664 866549478 866552125   2647
  665 866552127 866552983    856
  666 866552984 866553642    658
  667 866553645 866553681     36
  668 866553682 866554517    835
  669 866556328 866557500   1172
  670 866557972 866558145    173
  671 866561332 866567180   5848
  672 866569094 866569149     55
  673 866569756 866576892   7136
  674 866576893 866578690   1797
  675 866581290 866602586  21296
  676 866602642 866606158   3516
  677 866609724 866614441   4717
  678 866614505 866617654   3149
  679 866618346 866634604  16258
  680 866634838 866641969   7131
  681 866641971 866644940   2969
  682 866647599 866660928  13329
  683 866661719 866671310   9591
  684 866671446 866680789   9343
  685 866680791 866683772   2981
  686 866689632 866690387    755
  687 866690451 866698874   8423
  688 866698938 866706615   7677
  689 866707268 866707641    373
  690 866707878 866716411   8533
  691 866716539 866728055  11516
  692 866729372 866736235   6863
  693 866737585 866746404   8819
  694 866746680 866750410   3730
  695 866750474 866756808   6334
  696 866756936 866761859   4923
  697 866761914 866770203   8289
  698 866770323 866779554   9231
  699 866779602 866787186   7584
  700 866788514 866803723  15209
  701 866803725 866804842   1117
  702 866804898 866810193   5295
  703 866811097 866811253    156
  704 866811255 866812060    805
  705 866812608 866813595    987
  706 866813598 866813778    180
  707 866820635 866821258    623
  708 866821260 866821429    169
  709 866821838 866824242   2404
  710 866827488 866833857   6369
  711 866839242 866839570    328
  712 866839571 866844246   4675
  713 866844321 866850987   6666
  714 866851035 866862938  11903
  715 866863002 866875093  12091
  716 866876669 866894457  17788
  717 866896538 866900968   4430
