    1 834868634 834871161   2527
    2 834871372 834871447     75
    3 834871594 834879211   7617
    4 834879259 834880799   1540
    5 834880801 834897691  16890
    6 834897810 834911022  13212
    7 834911025 834911390    365
    8 834912380 834919217   6837
    9 834919219 834923942   4723
   10 834925531 834925641    110
   11 834925643 834925683     40
   12 834925685 834925689      4
   13 834925690 834925708     18
   14 834925711 834925726     15
   15 834925728 834928796   3068
   16 834937239 834938879   1640
   17 834938998 834939491    493
   18 834941214 834941710    496
   19 834943326 834946282   2956
   20 834947200 834947900    700
   21 834947955 834953344   5389
   22 834954597 834954751    154
   23 834954753 834955033    280
   24 834955195 834960232   5037
   25 834962922 834968085   5163
   26 834968774 834969642    868
   27 834969644 834969651      7
   28 834970797 834974783   3986
   29 834974892 834981566   6674
   30 834981621 834982420    799
   31 834982753 834986043   3290
   32 834986107 834986127     20
   33 835032975 835033592    617
   34 835035468 835038377   2909
   35 835038559 835039348    789
   36 835040765 835040818     53
   37 835040821 835040856     35
   38 835043666 835043733     67
   39 835043734 835043863    129
   40 835043997 835045602   1605
   41 835045730 835054098   8368
   42 835054100 835055052    952
   43 835056008 835062827   6819
   44 835062883 835077792  14909
   45 835078252 835082692   4440
   46 835084272 835085796   1524
   47 835085850 835088534   2684
   48 835088536 835096571   8035
   49 835096573 835096616     43
   50 835096692 835102765   6073
   51 835104991 835107014   2023
   52 835108661 835109848   1187
   53 835111354 835113810   2456
   54 835114339 835114870    531
   55 835115557 835117593   2036
   56 835117689 835118497    808
   57 835118667 835120030   1363
   58 835120129 835120274    145
   59 835121359 835125051   3692
   60 835125116 835126177   1061
   61 835126268 835130310   4042
   62 835130481 835135723   5242
   63 835135850 835152005  16155
   64 835152288 835153634   1346
   65 835153636 835154579    943
   66 835154626 835159310   4684
   67 835159352 835169072   9720
   68 835170157 835178125   7968
   69 835178180 835185454   7274
   70 835187079 835188465   1386
   71 835189920 835190028    108
   72 835190032 835191889   1857
   73 835192664 835193612    948
   74 835193614 835195596   1982
   75 835197684 835198938   1254
   76 835199053 835199579    526
   77 835199627 835213931  14304
   78 835216185 835222827   6642
   79 835228341 835229316    975
   80 835229379 835233797   4418
   81 835233799 835239311   5512
   82 835239413 835244979   5566
   83 835245042 835251677   6635
   84 835253376 835255404   2028
   85 835256728 835257707    979
   86 835257763 835258103    340
   87 835258105 835258147     42
   88 835258563 835265186   6623
   89 835265242 835270716   5474
   90 835270778 835277915   7137
   91 835279367 835280974   1607
   92 835280976 835282182   1206
   93 835282579 835285609   3030
   94 835286148 835287729   1581
   95 835289802 835291552   1750
   96 835292188 835292214     26
   97 835293933 835294434    501
   98 835295220 835304547   9327
   99 835304596 835317963  13367
  100 835318051 835323121   5070
  101 835323122 835324003    881
  102 835324066 835339536  15470
  103 835340241 835355276  15035
  104 835355331 835356301    970
  105 835357288 835361561   4273
  106 835361814 835361933    119
  107 835362079 835364146   2067
  108 835364148 835368671   4523
  109 835368673 835369167    494
  110 835369169 835372308   3139
  111 835373216 835375259   2043
  112 835376631 835377563    932
  113 835377610 835388371  10761
  114 835388419 835388482     63
  115 835388758 835397986   9228
  116 835398036 835400716   2680
  117 835400717 835401013    296
  118 835401015 835401208    193
  119 835401273 835401276      3
  120 835401282 835401484    202
  121 835401486 835401543     57
  122 835401545 835401655    110
  123 835401658 835402902   1244
  124 835402904 835412620   9716
  125 835421924 835422140    216
  126 835422186 835427005   4819
  127 835428309 835429956   1647
  128 835430002 835439716   9714
  129 835439771 835440859   1088
  130 835441168 835443271   2103
  131 835443474 835446490   3016
  132 835447499 835448806   1307
  133 835476863 835477230    367
  134 835477339 835477786    447
  135 835477906 835478671    765
  136 835478673 835489785  11112
  137 835491198 835495361   4163
  138 835495363 835495609    246
  139 835497134 835507697  10563
  140 835507976 835514899   6923
  141 835514962 835516546   1584
  142 835518925 835526011   7086
  143 835526076 835527838   1762
  144 835528582 835530684   2102
  145 835530686 835533744   3058
  146 835536780 835541539   4759
  147 835541605 835548836   7231
  148 835548883 835557355   8472
  149 835557837 835557996    159
  150 835558055 835562939   4884
  151 835563076 835567150   4074
  152 835570258 835574947   4689
  153 835574996 835584130   9134
  154 835584196 835586015   1819
  155 835586017 835586166    149
  156 835587869 835597565   9696
  157 835597567 835605837   8270
  158 835610669 835614787   4118
  159 835614789 835614800     11
  160 835614802 835614827     25
  161 835614829 835614863     34
  162 835614866 835614871      5
  163 835614873 835614911     38
  164 835614912 835614917      5
  165 835614919 835614929     10
  166 835614938 835614946      8
  167 835614948 835614958     10
  168 835614961 835614989     28
  169 835614991 835614992      1
  170 835614994 835615035     41
  171 835615036 835615048     12
  172 835615050 835615053      3
  173 835615055 835615062      7
  174 835615065 835615098     33
  175 835615104 835615105      1
  176 835615108 835615110      2
  177 835615112 835615174     62
  178 835616036 835616861    825
  179 835616863 835619836   2973
  180 835620088 835622170   2082
  181 835622172 835626076   3904
  182 835626172 835626491    319
  183 835626539 835626640    101
  184 835626695 835629967   3272
  185 835631824 835636038   4214
  186 835636870 835637437    567
  187 835637439 835644109   6670
  188 835644232 835651930   7698
  189 835652035 835652227    192
  190 835692754 835692824     70
  191 835692826 835694059   1233
  192 835694061 835701888   7827
  193 835701941 835708568   6627
  194 835708648 835710099   1451
  195 835710156 835712268   2112
  196 835713341 835714987   1646
  197 835716708 835718527   1819
  198 835718602 835727897   9295
  199 835727899 835727910     11
  200 835727912 835727928     16
  201 835727930 835728182    252
  202 835729010 835732199   3189
  203 835732201 835735211   3010
  204 835735259 835750915  15656
  205 835750917 835750924      7
  206 835750926 835751610    684
  207 835751613 835751642     29
  208 835751644 835751645      1
  209 835751648 835751649      1
  210 835751650 835751735     85
  211 835751736 835751764     28
  212 835751767 835764257  12490
  213 835764305 835766110   1805
  214 835766112 835772839   6727
  215 835774385 835783681   9296
  216 835783683 835784593    910
  217 835784728 835793033   8305
  218 835793089 835804570  11481
  219 835804741 835805969   1228
  220 835806198 835816603  10405
  221 835816604 835818603   1999
  222 835822676 835822955    279
  223 835822958 835822994     36
  224 835823974 835831941   7967
  225 835831943 835841369   9426
  226 835841467 835849798   8331
  227 835853656 835858189   4533
  228 835858417 835861650   3233
  229 835863428 835868057   4629
  230 835868105 835880062  11957
  231 835880843 835883208   2365
  232 835883209 835883264     55
  233 835883312 835888224   4912
  234 835888226 835889559   1333
  235 835889561 835889575     14
  236 835889679 835890242    563
  237 835890244 835890271     27
  238 835890337 835896981   6644
  239 835900891 835905967   5076
  240 835906486 835915257   8771
  241 835915312 835928745  13433
  242 835928801 835934800   5999
  243 835934864 835942521   7657
  244 835942584 835944219   1635
  245 835944831 835947363   2532
  246 835947364 835951972   4608
  247 835951974 835956545   4571
  248 835956547 835966429   9882
  249 835966881 835967761    880
  250 835967816 835978627  10811
  251 835980875 835985259   4384
  252 835985260 835988328   3068
  253 835990058 835998256   8198
  254 835998258 836000057   1799
  255 836000634 836004330   3696
  256 836004331 836029554  25223
  257 836030171 836031785   1614
  258 836031849 836042306  10457
  259 836042461 836047985   5524
  260 836048040 836054322   6282
  261 836054822 836056177   1355
  262 836056225 836064656   8431
  263 836066138 836073600   7462
  264 836073664 836073960    296
  265 836073963 836074079    116
  266 836074924 836075854    930
  267 836075856 836079637   3781
  268 836079638 836079647      9
  269 836079649 836080752   1103
  270 836080753 836087329   6576
  271 836087449 836106464  19015
  272 836106466 836109526   3060
  273 836111778 836112225    447
  274 836112273 836115964   3691
  275 836115966 836122449   6483
  276 836123839 836129009   5170
  277 836129064 836138148   9084
  278 836138535 836139593   1058
  279 836139649 836147135   7486
  280 836147137 836152488   5351
  281 836152624 836154376   1752
  282 836154540 836155979   1439
  283 836156070 836156617    547
  284 836156618 836160913   4295
  285 836160961 836165078   4117
  286 836165901 836169305   3404
  287 836169433 836187243  17810
  288 836187245 836197041   9796
  289 836200088 836203178   3090
  290 836204448 836220560  16112
  291 836221241 836225050   3809
  292 836225051 836228543   3492
  293 836228989 836233565   4576
  294 836233705 836233762     57
  295 836238447 836238571    124
  296 836238574 836238575      1
  297 836238578 836238642     64
  298 836238645 836238646      1
  299 836238862 836239089    227
  300 836239452 836241970   2518
  301 836242209 836258679  16470
  302 836258852 836259647    795
  303 836259825 836259854     29
  304 836260261 836260336     75
  305 836260355 836260393     38
  306 836260395 836260399      4
  307 836263708 836282456  18748
  308 836282512 836293542  11030
  309 836294820 836295082    262
  310 836303676 836307316   3640
  311 836308437 836314357   5920
  312 836316198 836317080    882
  313 836317235 836318206    971
  314 836318208 836323656   5448
  315 836324023 836330107   6084
  316 836330267 836333978   3711
  317 836334052 836334717    665
  318 836337199 836338807   1608
  319 836338809 836353160  14351
  320 836353161 836353165      4
  321 836353170 836353176      6
  322 836353179 836353183      4
  323 836353185 836353361    176
  324 836353363 836365856  12493
  325 836365904 836376267  10363
  326 836376450 836377950   1500
  327 836377953 836378071    118
  328 836378072 836378262    190
  329 836378264 836378288     24
  330 836379290 836393091  13801
  331 836393843 836406825  12982
  332 836406873 836416528   9655
  333 836416592 836422751   6159
  334 836422894 836424889   1995
  335 836424993 836427061   2068
  336 836499306 836500312   1006
  337 836500313 836500959    646
  338 836500961 836501118    157
  339 836501119 836509353   8234
  340 836509400 836515304   5904
  341 836515305 836515654    349
  342 836516815 836530880  14065
  343 836530936 836531841    905
  344 836531843 836536670   4827
  345 836536672 836542110   5438
  346 836542718 836542780     62
  347 836542781 836546145   3364
  348 836546147 836550995   4848
  349 836553626 836553671     45
  350 836553672 836553717     45
  351 836553719 836553811     92
  352 836553813 836554892   1079
  353 836554894 836562215   7321
  354 836562217 836562412    195
  355 836563586 836566853   3267
  356 836567585 836575753   8168
  357 836575801 836577748   1947
  358 836577802 836584144   6342
  359 836584200 836592761   8561
  360 836593311 836595281   1970
  361 836595283 836595350     67
  362 836595352 836595508    156
  363 836595510 836596974   1464
  364 836597150 836597340    190
  365 836597341 836597355     14
  366 836597356 836597599    243
  367 836597600 836597603      3
  368 836597605 836597697     92
  369 836597698 836597765     67
  370 836597767 836600223   2456
  371 836600968 836613576  12608
  372 836613624 836632033  18409
  373 836632081 836636797   4716
  374 836636798 836637512    714
  375 836637560 836644512   6952
  376 836645173 836651483   6310
  377 836651485 836652497   1012
  378 836652551 836653479    928
  379 836653521 836659530   6009
  380 836659568 836660976   1408
  381 836661032 836661977    945
  382 836662708 836665141   2433
  383 836694002 836694767    765
  384 836694769 836706441  11672
  385 836706489 836711119   4630
  386 836711121 836713365   2244
  387 836713367 836713672    305
  388 836714864 836719544   4680
  389 836719600 836727236   7636
  390 836727237 836727595    358
  391 836728706 836730222   1516
  392 836730224 836730265     41
  393 836730267 836733921   3654
  394 836733985 836737289   3304
  395 836738659 836738738     79
  396 836738740 836739449    709
  397 836740810 836741149    339
  398 836741546 836742402    856
  399 836742656 836744401   1745
  400 836745590 836745765    175
  401 836747322 836747440    118
  402 836747488 836749624   2136
  403 836750307 836752381   2074
  404 836752428 836755426   2998
  405 836755596 836757907   2311
  406 836757972 836761967   3995
  407 836761969 836762373    404
  408 836762507 836764813   2306
  409 836765635 836769506   3871
  410 836769507 836771384   1877
  411 836771448 836771804    356
  412 836810648 836811545    897
  413 836811601 836812381    780
  414 836813636 836818065   4429
  415 836818113 836826644   8531
  416 836829264 836829586    322
  417 836829607 836829809    202
  418 836831803 836833593   1790
  419 836833595 836834817   1222
  420 836834820 836834824      4
  421 836834825 836834863     38
  422 836834865 836834867      2
  423 836834869 836834870      1
  424 836834874 836834875      1
  425 836834877 836834882      5
  426 836835652 836837338   1686
  427 836837447 836837772    325
  428 836837905 836839374   1469
  429 836839461 836839650    189
  430 836839652 836841310   1658
  431 836841312 836844237   2925
  432 836844299 836845415   1116
  433 836862384 836863681   1297
  434 836863736 836877798  14062
  435 836877800 836879120   1320
  436 836881905 836883463   1558
  437 836884577 836884656     79
  438 836884720 836897243  12523
  439 836898289 836902593   4304
  440 836902657 836907404   4747
  441 836907406 836908879   1473
  442 836908881 836916867   7986
  443 836916869 836920933   4064
  444 836922557 836923305    748
  445 836923387 836924801   1414
  446 836925116 836928600   3484
  447 836928602 836930332   1730
  448 836930748 836931600    852
  449 836931656 836934012   2356
  450 836934848 836935827    979
  451 836950358 836950665    307
  452 836950667 836953977   3310
  453 836954270 836962680   8410
  454 836962736 836968913   6177
  455 836968976 836974054   5078
  456 836974945 836975512    567
  457 836975724 836983605   7881
  458 836983606 836983627     21
  459 836985336 836985870    534
  460 836985872 836993561   7689
  461 836993563 837005057  11494
  462 837005060 837005062      2
  463 837005064 837005175    111
  464 837005822 837005825      3
  465 837005826 837007635   1809
  466 837007720 837009253   1533
  467 837009303 837017263   7960
  468 837017773 837023377   5604
  469 837024072 837024210    138
  470 837024212 837029806   5594
  471 837029905 837029906      1
  472 837029921 837031315   1394
  473 837031316 837031423    107
  474 837031424 837033161   1737
  475 837033217 837036972   3755
  476 837036973 837036975      2
  477 837037544 837047303   9759
  478 837047305 837051321   4016
  479 837051368 837071517  20149
  480 837071518 837071553     35
  481 837071555 837071561      6
  482 837073845 837076857   3012
  483 837076912 837086477   9565
  484 837093498 837097133   3635
  485 837097134 837099346   2212
  486 837099438 837114602  15164
  487 837115052 837115105     53
  488 837115424 837115669    245
  489 837115977 837116104    127
  490 837117987 837119236   1249
  491 837119305 837119810    505
  492 837119812 837120201    389
  493 837120272 837122426   2154
  494 837122599 837123534    935
  495 837123586 837124267    681
  496 837124319 837126144   1825
  497 837126259 837126922    663
  498 837126985 837129728   2743
  499 837129776 837134120   4344
  500 837134122 837140745   6623
  501 837140801 837146663   5862
  502 837146665 837146686     21
  503 837148200 837149329   1129
  504 837149331 837149509    178
  505 837150406 837157464   7058
  506 837158483 837160812   2329
  507 837180893 837181185    292
  508 837181187 837182662   1475
  509 837182972 837183756    784
  510 837183758 837184673    915
  511 837185061 837185706    645
  512 837185814 837185856     42
  513 837186149 837186356    207
  514 837186605 837187593    988
  515 837187640 837188959   1319
  516 837197806 837199817   2011
  517 837199873 837209536   9663
  518 837209664 837215927   6263
  519 837215929 837230640  14711
  520 837230704 837241473  10769
  521 837241537 837242913   1376
  522 837244003 837247513   3510
  523 837247569 837265143  17574
  524 837265216 837269633   4417
  525 837269693 837270423    730
  526 837297137 837297180     43
  527 837297219 837297668    449
  528 837297670 837297923    253
  529 837297925 837298877    952
  530 837298878 837299395    517
  531 837299396 837299833    437
  532 837299898 837304900   5002
  533 837306285 837307893   1608
  534 837308170 837313112   4942
  535 837313160 837317334   4174
  536 837317335 837317995    660
  537 837317996 837321670   3674
  538 837321672 837324900   3228
  539 837325094 837330149   5055
  540 837330151 837331924   1773
  541 837331926 837331983     57
  542 837331986 837332016     30
  543 837333798 837341820   8022
  544 837344250 837344918    668
  545 837344920 837345124    204
  546 837345211 837345501    290
  547 837345503 837345514     11
  548 837355808 837355927    119
  549 837355929 837355930      1
  550 837355932 837355933      1
  551 837355935 837356072    137
  552 837356126 837356391    265
  553 837356393 837357072    679
  554 837358098 837359731   1633
  555 837360625 837362445   1820
  556 837362826 837363080    254
  557 837364142 837369403   5261
  558 837369404 837370500   1096
  559 837370501 837370552     51
  560 837370553 837370586     33
  561 837371251 837371382    131
  562 837377769 837380200   2431
  563 837380411 837380867    456
  564 837384368 837384373      5
  565 837384376 837390099   5723
  566 837390101 837390110      9
  567 837390182 837392615   2433
  568 837393502 837393857    355
  569 837393904 837398532   4628
  570 837398534 837399873   1339
  571 837399920 837400615    695
  572 837400783 837402637   1854
  573 837404489 837408938   4449
  574 837408993 837413892   4899
  575 837413894 837414604    710
  576 837414606 837416600   1994
  577 837417818 837419236   1418
  578 837419238 837430272  11034
  579 837430273 837431338   1065
  580 837431340 837431872    532
  581 837432115 837432338    223
  582 837432340 837432397     57
  583 837432399 837432446     47
  584 837433244 837434534   1290
  585 837434536 837434556     20
  586 837434557 837434562      5
  587 837434564 837434565      1
  588 837435096 837435282    186
  589 837437027 837437329    302
  590 837437393 837437513    120
  591 837437628 837438478    850
  592 837438541 837439249    708
  593 837439251 837439301     50
  594 837441308 837443628   2320
  595 837447491 837451019   3528
  596 837451379 837452289    910
  597 837452997 837454641   1644
  598 837454853 837455308    455
  599 837455310 837456893   1583
  600 837456895 837457494    599
  601 837457496 837458520   1024
  602 837458522 837458587     65
  603 837458589 837458598      9
  604 837458707 837459752   1045
  605 837459755 837459995    240
  606 837459996 837461002   1006
  607 837462609 837462798    189
  608 837462800 837463158    358
  609 837463159 837466016   2857
  610 837466017 837466136    119
  611 837466230 837466267     37
  612 837466269 837466292     23
  613 837466294 837466913    619
  614 837466915 837467098    183
  615 837467153 837467950    797
  616 837467952 837468425    473
  617 837468427 837468624    197
  618 837468774 837468975    201
  619 837470853 837471047    194
  620 837472108 837473234   1126
  621 837473235 837473236      1
  622 837473238 837473674    436
  623 837475977 837480202   4225
  624 837480204 837480224     20
  625 837480288 837498408  18120
  626 837498458 837502711   4253
  627 837502713 837503666    953
  628 837503668 837503789    121
  629 837503791 837503801     10
  630 837504768 837511129   6361
  631 837511184 837520156   8972
  632 837520916 837521015     99
  633 837521017 837522004    987
  634 837522006 837522156    150
  635 837522286 837540010  17724
  636 837542745 837548900   6155
  637 837549069 837552053   2984
  638 837561091 837565982   4891
  639 837565984 837566145    161
  640 837567811 837568157    346
  641 837568158 837568182     24
  642 837568184 837570929   2745
  643 837570993 837571633    640
  644 837571713 837580051   8338
  645 837580053 837580431    378
  646 837580433 837583840   3407
  647 837584169 837587177   3008
  648 837587240 837587615    375
  649 837589063 837601343  12280
  650 837601345 837608212   6867
  651 837608213 837609685   1472
  652 837609688 837612220   2532
  653 837612222 837612258     36
  654 837612262 837612274     12
  655 837612276 837612287     11
  656 837612289 837612310     21
  657 837613475 837616209   2734
  658 837616272 837622315   6043
  659 837622525 837623155    630
  660 837625239 837630058   4819
  661 837630121 837635952   5831
  662 837636000 837644148   8148
  663 837649419 837651139   1720
  664 837651239 837651579    340
  665 837651649 837651876    227
  666 837652412 837652617    205
  667 837652897 837653033    136
  668 837653081 837653837    756
  669 837654079 837654200    121
  670 837655707 837655937    230
  671 837656314 837656400     86
  672 837656580 837673942  17362
  673 837674956 837689016  14060
  674 837689018 837691494   2476
  675 837691496 837691508     12
  676 837692407 837696942   4535
  677 837697651 837711444  13793
  678 837711496 837715864   4368
  679 837715920 837717378   1458
  680 837717460 837737025  19565
  681 837737081 837745818   8737
  682 837745872 837753961   8089
  683 837754017 837758675   4658
  684 837759973 837761196   1223
  685 837762107 837762136     29
  686 837763301 837765578   2277
  687 837765705 837775698   9993
  688 837775760 837777890   2130
  689 837779016 837779584    568
  690 837779586 837780763   1177
  691 837780844 837783595   2751
  692 837783718 837784044    326
  693 837784404 837786083   1679
  694 837788251 837793853   5602
  695 837794043 837794174    131
  696 837794404 837797342   2938
  697 837797344 837797353      9
  698 837797355 837797371     16
  699 837797372 837797386     14
  700 837797387 837797394      7
  701 837797395 837797604    209
  702 837797605 837797948    343
  703 837797950 837797997     47
  704 837797998 837798839    841
  705 837798998 837801241   2243
  706 837801304 837804562   3258
  707 837804564 837807879   3315
  708 837807881 837808850    969
  709 837809240 837815201   5961
  710 837815249 837815646    397
  711 837816170 837827267  11097
  712 837828272 837831281   3009
  713 837831283 837834753   3470
  714 837834800 837837494   2694
  715 837837496 837838057    561
  716 837838059 837838116     57
  717 837838889 837844283   5394
  718 837845370 837856184  10814
  719 837856248 837869160  12912
  720 837869224 837870319   1095
  721 837870365 837871531   1166
