    1 853676574 853679285   2711
    2 853679287 853683966   4679
    3 853745266 853745497    231
    4 853745499 853747957   2458
    5 853749233 853766564  17331
    6 853767572 853769149   1577
    7 853769205 853771919   2714
    8 853815666 853816562    896
    9 853816564 853817614   1050
   10 853817616 853820290   2674
   11 853820292 853827765   7473
   12 853827829 853832370   4541
   13 853832544 853834493   1949
   14 853834691 853838988   4297
   15 853839143 853839923    780
   16 853841156 853853257  12101
   17 853854593 853860028   5435
   18 853860076 853862883   2807
   19 853934433 853938891   4458
   20 853939852 853941436   1584
   21 853941500 853943352   1852
   22 853943354 853946696   3342
   23 854004721 854005493    772
   24 854005494 854005665    171
   25 854005840 854006150    310
   26 854006258 854008115   1857
   27 854008116 854008229    113
   28 854008277 854009084    807
   29 854010660 854015445   4785
   30 854015509 854024426   8917
   31 854026928 854034389   7461
   32 854034525 854035128    603
   33 854035396 854035502    106
   34 854035696 854036130    434
   35 854327996 854338875  10879
   36 854338923 854340684   1761
   37 854340686 854344520   3834
   38 854345269 854352710   7441
   39 854354524 854355059    535
   40 854355122 854362507   7385
   41 854362555 854369713   7158
   42 854370906 854372805   1899
   43 854373628 854374431    803
   44 854374562 854376869   2307
   45 854386895 854389308   2413
   46 854389676 854391808   2132
   47 854393853 854394031    178
   48 854394181 854402734   8553
   49 854405043 854412379   7336
   50 854412427 854436488  24061
   51 854436490 854438767   2277
   52 854439616 854442550   2934
   53 854442619 854442954    335
   54 854443022 854446949   3927
   55 854446951 854449751   2800
   56 854449753 854456298   6545
   57 854456354 854456794    440
   58 854456853 854458514   1661
   59 854459323 854462029   2706
   60 854462292 854463184    892
   61 854464415 854465227    812
   62 854466286 854469999   3713
   63 854471020 854474588   3568
   64 854475904 854477834   1930
   65 854477882 854492307  14425
   66 854492371 854494396   2025
   67 854495154 854496147    993
   68 854496148 854504111   7963
   69 854504113 854506290   2177
   70 854506338 854513626   7288
   71 854513628 854516066   2438
   72 854516068 854523429   7361
   73 854524839 854526447   1608
   74 854526449 854546852  20403
   75 854547056 854548867   1811
   76 854551920 854552035    115
   77 854552083 854556035   3952
   78 854556651 854559341   2690
   79 854563174 854564959   1785
   80 854565021 854579787  14766
   81 854579835 854588722   8887
   82 854588770 854595215   6445
   83 854595217 854611668  16451
   84 854612834 854616690   3856
   85 854616810 854619860   3050
   86 854619934 854630485  10551
   87 854631814 854645203  13389
   88 854645250 854649307   4057
   89 854649309 854650939   1630
   90 854650986 854658050   7064
   91 854674450 854675344    894
   92 854675346 854675987    641
   93 854676034 854676676    642
   94 854676784 854676916    132
   95 854676918 854680927   4009
   96 854681447 854681521     74
   97 854698775 854699010    235
   98 854699066 854704766   5700
   99 854704768 854710975   6207
  100 854710976 854713219   2243
  101 854713355 854719314   5959
  102 854719370 854719487    117
  103 854724572 854724889    317
  104 854725138 854725633    495
  105 854726493 854729203   2710
  106 854729266 854730499   1233
  107 854730578 854736491   5913
  108 854736555 854744769   8214
  109 854746936 854748342   1406
  110 854749503 854749505      2
  111 854749509 854749512      3
  112 854749517 854749518      1
  113 854749522 854749525      3
  114 854749530 854749535      5
  115 854749537 854749546      9
  116 854749550 854749552      2
  117 854749555 854757528   7973
  118 854757590 854759400   1810
  119 854759723 854760915   1192
  120 854760963 854770875   9912
  121 854770923 854773835   2912
  122 854774004 854778658   4654
  123 854778778 854781244   2466
  124 854781428 854797339  15911
  125 854797395 854807201   9806
  126 854830994 854831144    150
  127 854836839 854837107    268
  128 854837109 854839892   2783
  129 854839894 854847927   8033
  130 854847972 854848552    580
  131 854848600 854862160  13560
  132 854862223 854871318   9095
  133 854872205 854876911   4706
  134 854877082 854877648    566
  135 854878026 854888227  10201
  136 854890839 854893698   2859
  137 854906349 854907799   1450
  138 854911504 854913343   1839
  139 854924111 854929366   5255
  140 854929470 854932880   3410
  141 854932936 854934242   1306
  142 854934244 854946808  12564
  143 854946863 854955585   8722
  144 854955586 854957121   1535
  145 854958147 854968577  10430
  146 854968631 854974395   5764
  147 854977674 854980268   2594
  148 854981294 854984035   2741
  149 854985542 854987238   1696
  150 854987419 854987528    109
  151 854987592 854990940   3348
  152 854993640 854993941    301
  153 854994512 854996080   1568
  154 854996202 855005120   8918
  155 855005176 855007465   2289
  156 855009611 855013240   3629
  157 855013288 855016608   3320
  158 855017888 855020520   2632
  159 855020735 855038908  18173
  160 855038968 855041733   2765
  161 855043243 855045239   1996
  162 855045287 855062480  17193
  163 855063752 855063901    149
  164 855065697 855066796   1099
  165 855067813 855068617    804
  166 855068672 855068743     71
  167 855069637 855073358   3721
  168 855075828 855077195   1367
  169 855077810 855079948   2138
  170 855081617 855082920   1303
  171 855084024 855085472   1448
  172 855086792 855088556   1764
  173 855092272 855101200   8928
  174 855101247 855115457  14210
  175 855115512 855129199  13687
  176 855129247 855129954    707
  177 855131260 855137128   5868
  178 855137191 855146339   9148
  179 855147734 855151537   3803
  180 855151592 855154862   3270
  181 855156723 855157743   1020
  182 855157791 855167217   9426
  183 855167280 855167392    112
  184 855171119 855182263  11144
  185 855182319 855198094  15775
  186 855198769 855207728   8959
  187 855207791 855216584   8793
  188 855217534 855228887  11353
  189 855230267 855232032   1765
  190 855232152 855233648   1496
  191 855234582 855247130  12548
  192 855248016 855254330   6314
  193 855254456 855276968  22512
  194 855277017 855302333  25316
  195 855303664 855308360   4696
  196 855308430 855309272    842
  197 855309337 855313899   4562
  198 855316444 855317094    650
  199 855318320 855321103   2783
  200 855321239 855335386  14147
  201 855335525 855336712   1187
  202 855336768 855338327   1559
  203 855338465 855351968  13503
  204 855353369 855362088   8719
  205 855362137 855375621  13484
  206 855377739 855379497   1758
  207 855379616 855380648   1032
  208 855380833 855382225   1392
  209 855383304 855387141   3837
  210 855387560 855392128   4568
  211 855392177 855393561   1384
  212 855393890 855396679   2789
  213 855398668 855398737     69
  214 855398739 855405400   6661
  215 855405456 855411339   5883
  216 855411341 855414120   2779
  217 855414248 855414402    154
  218 855415482 855415932    450
  219 855416080 855419558   3478
  220 855443529 855443535      6
  221 855444462 855446693   2231
  222 855452292 855454755   2463
  223 855454818 855460459   5641
  224 855460716 855475217  14501
  225 855476118 855483076   6958
  226 855483138 855497293  14155
  227 855554639 855558459   3820
  228 855558461 855558644    183
  229 855559428 855560836   1408
  230 855561036 855561762    726
  231 855561810 855574916  13106
  232 855574963 855579413   4450
  233 855579415 855581575   2160
  234 855621102 855623653   2551
  235 855624342 855625596   1254
  236 855625650 855627868   2218
  237 855627965 855632437   4472
  238 855632483 855643026  10543
  239 855643156 855648513   5357
  240 855652812 855663093  10281
  241 855663844 855669431   5587
  242 855669568 855671116   1548
  243 855672403 855676111   3708
  244 855676414 855676814    400
  245 855696198 855699112   2914
  246 855699234 855702850   3616
  247 855702920 855703659    739
  248 855704834 855708715   3881
  249 855712334 855738522  26188
  250 855740031 855748315   8284
  251 855749549 855760391  10842
  252 855760469 855772356  11887
  253 855772358 855792986  20628
  254 855794465 855802293   7828
  255 855802343 855820841  18498
  256 855824621 855825516    895
  257 855825518 855834461   8943
  258 855834463 855834487     24
  259 855834489 855834521     32
  260 855835832 855837157   1325
  261 855837159 855841482   4323
  262 855841484 855842707   1223
  263 855842710 855842856    146
  264 855842858 855843526    668
  265 855843528 855843722    194
  266 855843724 855845504   1780
  267 855845505 855845507      2
  268 855845508 855847647   2139
  269 855847649 855849574   1925
  270 855849575 855851027   1452
  271 855851029 855852099   1070
  272 855854447 855863530   9083
  273 855863728 855866797   3069
  274 855867298 855871071   3773
  275 855873634 855875706   2072
  276 855876416 855878148   1732
  277 855881069 855881758    689
  278 855881822 855886576   4754
  279 855886578 855889750   3172
  280 855889805 855892296   2491
  281 855892297 855903232  10935
  282 855904412 855905793   1381
  283 855905877 855909307   3430
  284 855909379 855918157   8778
  285 855918205 855919469   1264
  286 855920330 855928406   8076
  287 855928534 855929789   1255
  288 855931880 855932606    726
  289 855932768 855933834   1066
  290 855934029 855934283    254
  291 855935726 855935754     28
  292 855935873 855940838   4965
  293 855941424 855954951  13527
  294 855954997 855956158   1161
  295 855956204 855961094   4890
  296 855962786 855972972  10186
  297 855973799 855979790   5991
  298 855980976 855981901    925
  299 855981964 855983236   1272
  300 855985161 855987680   2519
  301 855987738 855991316   3578
  302 855991411 855992393    982
  303 855994358 855995829   1471
  304 856003458 856003504     46
  305 856003580 856004504    924
  306 856005510 856007422   1912
  307 856007477 856007716    239
  308 856007718 856023408  15690
  309 856032219 856033618   1399
  310 856034982 856035397    415
  311 856035399 856035913    514
  312 856036101 856036963    862
  313 856037027 856037048     21
  314 856037144 856042207   5063
  315 856048062 856048378    316
  316 856048784 856049007    223
  317 856049077 856049392    315
  318 856049488 856049834    346
  319 856049992 856051815   1823
  320 856051817 856051903     86
  321 856054541 856054558     17
  322 856054618 856059302   4684
  323 856059693 856074194  14501
  324 856074242 856079590   5348
  325 856080835 856094688  13853
  326 856097680 856101870   4190
  327 856102457 856104402   1945
  328 856104466 856107785   3319
  329 856108960 856112066   3106
  330 856114638 856114666     28
  331 856115792 856117478   1686
  332 856118512 856122602   4090
  333 856122658 856124654   1996
  334 856124657 856125397    740
  335 856133276 856133764    488
  336 856133766 856143394   9628
  337 856143457 856163578  20121
  338 856165102 856165434    332
  339 856166600 856169954   3354
  340 856170017 856174060   4043
  341 856174215 856186746  12531
  342 856186802 856187703    901
  343 856188686 856190157   1471
  344 856190886 856195743   4857
  345 856197732 856197737      5
  346 856197738 856197749     11
  347 856197753 856197765     12
  348 856197768 856197774      6
  349 856197776 856197841     65
  350 856197843 856199536   1693
  351 856199714 856199847    133
  352 856200292 856201832   1540
  353 856206904 856208497   1593
  354 856208560 856213141   4581
  355 856217681 856217883    202
  356 856220236 856223893   3657
  357 856224047 856225086   1039
  358 856225212 856244513  19301
  359 856244569 856250713   6144
  360 856254208 856261882   7674
  361 856261946 856272824  10878
  362 856274068 856279596   5528
  363 856280387 856280706    319
  364 856281525 856282180    655
  365 856290585 856292170   1585
  366 856295390 856295391      1
  367 856295393 856295427     34
  368 856295552 856295623     71
  369 856295624 856301345   5721
  370 856303353 856307711   4358
  371 856307812 856307911     99
  372 856307913 856308810    897
  373 856309775 856317522   7747
  374 856317578 856317614     36
  375 856328207 856336810   8603
  376 856336976 856338858   1882
  377 856338922 856342256   3334
  378 856343487 856360271  16784
  379 856360274 856360401    127
  380 856360403 856360408      5
  381 856361016 856363242   2226
  382 856364372 856364614    242
  383 856364686 856384005  19319
  384 856385660 856388568   2908
  385 856389987 856418706  28719
  386 856418753 856423633   4880
  387 856428217 856428353    136
  388 856428429 856428618    189
  389 856428620 856428683     63
  390 856428686 856428687      1
  391 856428859 856429463    604
  392 856429557 856430763   1206
  393 856430892 856432907   2015
  394 856433010 856433042     32
  395 856433315 856434294    979
  396 856434425 856434427      2
  397 856436218 856446618  10400
  398 856446674 856451093   4419
  399 856457485 856458883   1398
  400 856462130 856462133      3
  401 856462244 856463679   1435
  402 856463681 856468325   4644
  403 856469072 856472433   3361
  404 856472434 856474498   2064
  405 856474859 856487840  12981
  406 856488443 856494103   5660
  407 856495190 856495306    116
  408 856495420 856497675   2255
  409 856498708 856500186   1478
  410 856500321 856508994   8673
  411 856510908 856525944  15036
  412 856526884 856528605   1721
  413 856530888 856535750   4862
  414 856537776 856539818   2042
  415 856539874 856541100   1226
  416 856542446 856544175   1729
  417 856544330 856545780   1450
  418 856545894 856546465    571
  419 856546529 856546654    125
  420 856546656 856546679     23
  421 856549437 856549503     66
  422 856549505 856549627    122
  423 856550922 856554931   4009
  424 856556589 856558874   2285
  425 856558930 856560876   1946
  426 856561971 856562406    435
  427 856563523 856584658  21135
  428 856584722 856597585  12863
  429 856600277 856603850   3573
  430 856603913 856612554   8641
  431 856612610 856614651   2041
  432 856615902 856616083    181
  433 856617263 856624066   6803
  434 856624222 856624777    555
  435 856624825 856627523   2698
