    1 817981689 817994010  12321
    2 817994012 817994747    735
    3 817994750 817995472    722
    4 818049731 818054478   4747
    5 818059500 818060389    889
    6 818061390 818065004   3614
    7 818066420 818071058   4638
    8 818075386 818076391   1005
    9 818076393 818079708   3315
   10 818079711 818079740     29
   11 818080534 818082537   2003
   12 818160753 818161274    521
   13 818167494 818167525     31
   14 818167526 818168382    856
   15 818168384 818168403     19
   16 818168405 818169998   1593
   17 818205685 818206907   1222
   18 818206909 818208570   1661
   19 818208572 818226268  17696
   20 818229819 818234089   4270
   21 818234465 818239508   5043
   22 818239521 818239678    157
   23 818240975 818242454   1479
   24 818242600 818244351   1751
   25 818244353 818245137    784
   26 818245878 818248182   2304
   27 818248370 818258405  10035
   28 818258579 818259564    985
   29 818259568 818259625     57
   30 818264053 818265113   1060
   31 818265678 818266303    625
   32 818267513 818279085  11572
   33 818281052 818281681    629
   34 818281875 818291914  10039
   35 818291961 818292274    313
   36 818292642 818293163    521
   37 818294381 818296048   1667
   38 818296369 818301908   5539
   39 818301942 818302164    222
   40 818302218 818312674  10456
   41 818317449 818318863   1414
   42 818322137 818324116   1979
   43 818325301 818326335   1034
   44 818327574 818328411    837
   45 818333533 818334268    735
   46 818339221 818339595    374
   47 818340312 818341867   1555
   48 818343501 818346272   2771
   49 818346284 818347822   1538
   50 818360206 818363359   3153
   51 818363557 818371438   7881
   52 818373732 818383736  10004
   53 818385632 818391558   5926
   54 818391582 818393767   2185
   55 818395604 818398869   3265
   56 818398913 818409485  10572
   57 818410639 818419552   8913
   58 818419554 818419953    399
   59 818422070 818426367   4297
   60 818426369 818426725    356
   61 818426727 818426728      1
   62 818426730 818427086    356
   63 818427088 818427089      1
   64 818427090 818427150     60
   65 818468830 818470064   1234
   66 818470066 818471683   1617
   67 818471685 818474746   3061
   68 818475835 818480339   4504
   69 818491814 818494949   3135
   70 818494951 818495073    122
   71 818495790 818504248   8458
   72 818504914 818514329   9415
   73 818514331 818515059    728
   74 818551280 818551512    232
   75 818551528 818552545   1017
   76 818552546 818553967   1421
   77 818553969 818554565    596
   78 818554567 818578249  23682
   79 818578314 818586336   8022
   80 818586338 818586379     41
   81 818587436 818600796  13360
   82 818600801 818601855   1054
   83 818602437 818605736   3299
   84 818605739 818605759     20
   85 818605763 818605764      1
   86 818605766 818605775      9
   87 818605777 818605780      3
   88 818605782 818605787      5
   89 818605788 818605810     22
   90 818605811 818605859     48
   91 818605861 818605932     71
   92 818605934 818605935      1
   93 818605964 818605966      2
   94 818606649 818610511   3862
   95 818610640 818610658     18
   96 818610666 818611085    419
   97 818611087 818611199    112
   98 818611201 818611644    443
   99 818611646 818612067    421
  100 818612069 818612531    462
  101 818612532 818612812    280
  102 818612814 818613435    621
  103 818613437 818614730   1293
  104 818614732 818615568    836
  105 818615570 818615613     43
  106 818618136 818621242   3106
  107 818621933 818623689   1756
  108 818623690 818623787     97
  109 818624315 818624473    158
  110 818625923 818631804   5881
  111 818633808 818634022    214
  112 818634525 818637656   3131
  113 818638317 818639055    738
  114 818639066 818639067      1
  115 818639187 818639519    332
  116 818639658 818640004    346
  117 818640140 818641013    873
  118 818641612 818642864   1252
  119 818642939 818643212    273
  120 818643297 818643431    134
  121 818644738 818645687    949
  122 818645766 818645781     15
  123 818645783 818645798     15
  124 818645858 818646383    525
  125 818646442 818646447      5
  126 818646449 818646459     10
  127 818646461 818646470      9
  128 818646474 818646819    345
  129 818646821 818647054    233
  130 818647155 818647768    613
  131 818647770 818648075    305
  132 818648077 818648129     52
  133 818648131 818648149     18
  134 818648150 818648231     81
  135 818648233 818648249     16
  136 818648252 818648275     23
  137 818648276 818648331     55
  138 818654828 818655424    596
  139 818655426 818656006    580
  140 818656008 818656315    307
  141 818656317 818656658    341
  142 818656660 818657062    402
  143 818657064 818657114     50
  144 818657115 818657116      1
  145 818657119 818657351    232
  146 818657353 818657401     48
  147 818657403 818657972    569
  148 818657974 818658486    512
  149 818658487 818658591    104
  150 818658593 818658800    207
  151 818658804 818659091    287
  152 818659092 818659150     58
  153 818659152 818659156      4
  154 818659159 818659276    117
  155 818659278 818659312     34
  156 818659315 818659344     29
  157 818659345 818659421     76
  158 818659423 818659492     69
  159 818659505 818659506      1
  160 818659622 818660470    848
  161 818660472 818660606    134
  162 818660608 818660673     65
  163 818660774 818661117    343
  164 818665552 818665663    111
  165 818665665 818665716     51
  166 818665718 818665999    281
  167 818666001 818666025     24
  168 818666029 818666583    554
  169 818724388 818724873    485
  170 818724874 818727380   2506
  171 818727382 818728979   1597
  172 818728981 818729390    409
  173 818729392 818731113   1721
  174 818731115 818731192     77
  175 818731194 818731885    691
  176 818731887 818733110   1223
  177 818733112 818734327   1215
  178 818734330 818734435    105
  179 818734437 818735196    759
  180 818735197 818735431    234
  181 818735433 818736308    875
  182 818736310 818737988   1678
  183 818743944 818745646   1702
  184 818745896 818749724   3828
  185 818749726 818760717  10991
  186 818760720 818760727      7
  187 818760729 818760734      5
  188 818760736 818760758     22
  189 818760759 818760769     10
  190 818760772 818760774      2
  191 818760777 818760782      5
  192 818760784 818760796     12
  193 818760797 818760803      6
  194 818760806 818760807      1
  195 818760811 818760815      4
  196 818760816 818760839     23
  197 818760841 818760854     13
  198 818760856 818760885     29
  199 818762675 818763267    592
  200 818763313 818763600    287
  201 818763684 818764254    570
  202 818764256 818764264      8
  203 818769500 818772675   3175
  204 818772823 818775305   2482
  205 818777674 818779009   1335
  206 818779012 818779147    135
  207 818779150 818779403    253
  208 818779585 818779721    136
  209 818779816 818780411    595
  210 818780414 818781072    658
  211 818793736 818794381    645
  212 818794949 818795959   1010
  213 818811645 818818325   6680
  214 818818522 818827923   9401
  215 818827925 818831754   3829
  216 818839467 818839976    509
  217 818840787 818843277   2490
  218 818843279 818843371     92
  219 818843373 818843439     66
  220 818843441 818843548    107
  221 818843550 818843563     13
  222 818843565 818843591     26
  223 818843594 818843597      3
  224 818843602 818843666     64
  225 818843699 818843700      1
  226 818844608 818848601   3993
  227 818848604 818852392   3788
  228 818852394 818853105    711
  229 818853108 818856264   3156
  230 818856266 818866888  10622
  231 818866889 818866921     32
  232 818866923 818867149    226
  233 818867151 818867155      4
  234 818867156 818867159      3
  235 818867160 818867170     10
  236 818867171 818867183     12
  237 818867185 818867252     67
  238 818867254 818875388   8134
  239 818875390 818888439  13049
  240 818888441 818897300   8859
  241 818897302 818907143   9841
  242 818907145 818913071   5926
  243 818913073 818920205   7132
  244 818923632 818931420   7788
  245 818931422 818931426      4
  246 818931428 818931432      4
  247 818931434 818931584    150
  248 818931586 818931742    156
  249 818932790 818935977   3187
  250 818936723 818955686  18963
  251 818955747 818957900   2153
  252 818957902 818957984     82
  253 818958932 818963158   4226
  254 818963212 818984421  21209
  255 818984432 818984433      1
  256 818984634 818986861   2227
  257 818987272 818992488   5216
  258 818999340 818999580    240
  259 819000124 819000166     42
  260 819000167 819003657   3490
  261 819004251 819007896   3645
  262 819008069 819009136   1067
  263 819009184 819012989   3805
  264 819013030 819013031      1
  265 819014070 819020019   5949
  266 819020069 819030305  10236
  267 819031354 819031387     33
  268 819031393 819035493   4100
  269 819035730 819036781   1051
  270 819036935 819036937      2
  271 819036964 819036965      1
  272 819036971 819037066     95
  273 819037112 819037117      5
  274 819037149 819037167     18
  275 819037242 819037395    153
  276 819037429 819037433      4
  277 819038616 819039241    625
  278 819040881 819041001    120
  279 819052573 819054076   1503
  280 819054148 819054611    463
  281 819069223 819073394   4171
  282 819073396 819075136   1740
  283 819082518 819088903   6385
  284 819090205 819092312   2107
  285 819092367 819093058    691
  286 819093586 819096682   3096
  287 819103166 819109798   6632
  288 819109800 819114851   5051
  289 819114897 819118762   3865
  290 819118765 819118778     13
  291 819118780 819120482   1702
  292 819120484 819120487      3
  293 819120490 819120491      1
  294 819120492 819120518     26
  295 819120520 819120534     14
  296 819120536 819121854   1318
  297 819121856 819122900   1044
  298 819181938 819181948     10
  299 819182599 819183913   1314
  300 819195998 819205221   9223
  301 819205223 819205224      1
  302 819205227 819205616    389
  303 819205740 819205818     78
  304 819205842 819206494    652
  305 819246606 819247609   1003
  306 819247611 819249202   1591
  307 819249203 819249881    678
  308 819253507 819278679  25172
  309 819278681 819278731     50
  310 819278733 819278742      9
  311 819278743 819278746      3
  312 819278748 819278759     11
  313 819278817 819278818      1
  314 819279616 819291068  11452
  315 819300365 819302426   2061
  316 819302428 819303763   1335
  317 819304598 819307687   3089
  318 819307767 819307768      1
  319 819307791 819316501   8710
  320 819316504 819316518     14
  321 819319095 819320569   1474
  322 819321636 819323824   2188
  323 819324422 819325131    709
  324 819326210 819326953    743
  325 819326993 819360485  33492
  326 819360486 819360514     28
  327 819360516 819360637    121
  328 819360641 819360642      1
  329 819361135 819369198   8063
  330 819369200 819383941  14741
  331 819383943 819383945      2
  332 819383947 819383988     41
  333 819383990 819384036     46
  334 819386361 819389915   3554
  335 819389918 819410161  20243
  336 819414649 819448534  33885
  337 819448535 819448566     31
  338 819449929 819472248  22319
  339 819473177 819476623   3446
  340 819476831 819480901   4070
  341 819485836 819490179   4343
  342 819490205 819490558    353
  343 819490559 819542266  51707
  344 819547477 819557258   9781
  345 819581452 819581733    281
  346 819581735 819583939   2204
  347 819583941 819593158   9217
  348 819593639 819593747    108
  349 819593748 819618876  25128
  350 819618878 819618892     14
  351 819619757 819646956  27199
  352 819650002 819686431  36429
  353 819686467 819704009  17542
  354 819704818 819725549  20731
  355 819726494 819727182    688
  356 819727184 819727929    745
  357 819761244 819761640    396
  358 819761642 819763948   2306
  359 819763950 819765737   1787
  360 819774007 819776191   2184
  361 819776857 819787369  10512
  362 819787877 819791222   3345
  363 819791224 819791532    308
  364 819792628 819794030   1402
  365 819794136 819800363   6227
  366 819800981 819804887   3906
  367 819804889 819805263    374
  368 819805265 819805330     65
  369 819805331 819810342   5011
  370 819810344 819810397     53
  371 819810399 819810638    239
  372 819848479 819849501   1022
  373 819849502 819851175   1673
  374 819851177 819879432  28255
  375 819879433 819879456     23
  376 819879459 819879556     97
  377 819879558 819879577     19
  378 819880657 819891828  11171
  379 819893269 819897087   3818
  380 819897090 819899017   1927
  381 819900181 819900308    127
  382 819903491 819903540     49
  383 819912459 819912700    241
  384 819912702 819912736     34
  385 819912738 819912750     12
  386 819912752 819912919    167
  387 819912920 819913321    401
  388 819916519 819917249    730
  389 819928996 819929694    698
  390 819929696 819931722   2026
  391 819931724 819961043  29319
  392 819961571 819965856   4285
  393 819965857 819965865      8
  394 819965867 819965879     12
  395 819966845 819978379  11534
  396 819979058 819979172    114
  397 819979676 819985459   5783
  398 819985726 819986074    348
  399 819986076 819986129     53
  400 819986131 819986132      1
  401 819986133 819986145     12
  402 819995829 819996192    363
  403 819996194 819996612    418
  404 820011339 820011374     35
  405 820014760 820017597   2837
  406 820017599 820019610   2011
  407 820021012 820044023  23011
  408 820044316 820049819   5503
  409 820054040 820069122  15082
  410 820069126 820075786   6660
  411 820077107 820092340  15233
  412 820093731 820108693  14962
  413 820109629 820137358  27729
  414 820138296 820138492    196
  415 820143330 820158909  15579
  416 820158911 820158918      7
  417 820159966 820160683    717
  418 820164669 820173049   8380
  419 820173052 820173188    136
  420 820173192 820173195      3
  421 820173197 820173201      4
  422 820173202 820173221     19
  423 820174728 820179820   5092
  424 820183599 820184016    417
  425 820190536 820190543      7
  426 820190545 820190548      3
  427 820190550 820190554      4
  428 820190556 820190574     18
  429 820190576 820190933    357
  430 820192095 820192431    336
  431 820192433 820197126   4693
  432 820197128 820201858   4730
  433 820204032 820204062     30
  434 820205048 820214703   9655
  435 820215233 820215264     31
  436 820215265 820218579   3314
  437 820240547 820243585   3038
  438 820243587 820243818    231
  439 820243819 820244213    394
  440 820260446 820262635   2189
  441 820265967 820266310    343
  442 820266312 820267995   1683
  443 820267996 820268457    461
  444 820268458 820268597    139
  445 820268600 820268718    118
  446 820268720 820268764     44
  447 820268766 820268816     50
  448 820268819 820268967    148
  449 820271867 820274752   2885
  450 820286741 820308983  22242
  451 820309611 820316811   7200
  452 820317364 820326756   9392
  453 820327652 820327797    145
  454 820332363 820332495    132
  455 820332498 820332574     76
  456 820332576 820332581      5
  457 820332583 820332646     63
  458 820336346 820336448    102
  459 820336450 820336569    119
  460 820338662 820338996    334
  461 820338998 820339080     82
  462 820339084 820339086      2
  463 820339088 820339413    325
  464 820339415 820339484     69
  465 820339486 820339548     62
  466 820339550 820339555      5
  467 820339556 820339676    120
  468 820339678 820339715     37
  469 820339717 820339739     22
  470 820339741 820339870    129
  471 820339875 820339888     13
  472 820339890 820340119    229
  473 820340121 820340165     44
  474 820340167 820340171      4
  475 820340173 820340191     18
  476 820340195 820340227     32
  477 820340229 820340247     18
  478 820340364 820340603    239
  479 820340605 820340706    101
  480 820340708 820342019   1311
