    1 820358443 820358593    150
    2 820358595 820359018    423
    3 820359020 820360614   1594
    4 820360616 820360958    342
    5 820360960 820361017     57
    6 820361020 820362338   1318
    7 820362340 820362964    624
    8 820362966 820372387   9421
    9 820374708 820380857   6149
   10 820380859 820380862      3
   11 820380864 820382233   1369
   12 820383370 820396480  13110
   13 820396483 820396562     79
   14 820397257 820399000   1743
   15 820412906 820415747   2841
   16 820416859 820419634   2775
   17 820421417 820421513     96
   18 820421515 820421539     24
   19 820421541 820421580     39
   20 820422695 820422728     33
   21 820437730 820438215    485
   22 820443058 820445795   2737
   23 820445797 820448477   2680
   24 820448510 820448555     45
   25 820448559 820448570     11
   26 820448572 820452066   3494
   27 820452100 820455093   2993
   28 820457880 820473601  15721
   29 820476003 820482149   6146
   30 820482150 820485431   3281
   31 820485432 820485435      3
   32 820486491 820489771   3280
   33 820492626 820493658   1032
   34 820494369 820500174   5805
   35 820501154 820501186     32
   36 820541303 820541868    565
   37 820541869 820543970   2101
   38 820543971 820551305   7334
   39 820551333 820552245    912
   40 820552249 820554333   2084
   41 820559473 820570709  11236
   42 820570711 820570747     36
   43 820570749 820570897    148
   44 820570899 820570923     24
   45 820570925 820570955     30
   46 820570967 820570968      1
   47 820571924 820587111  15187
   48 820587247 820587248      1
   49 820587391 820589320   1929
   50 820590653 820591368    715
   51 820591370 820592662   1292
   52 820625587 820625821    234
   53 820625823 820628706   2883
   54 820628708 820658293  29585
   55 820658294 820658488    194
   56 820659665 820674938  15273
   57 820674940 820680989   6049
   58 820680990 820681059     69
   59 820681061 820681144     83
   60 820681146 820681171     25
   61 820681173 820681174      1
   62 820681726 820684229   2503
   63 820684405 820691064   6659
   64 820691241 820695699   4458
   65 820695701 820704810   9109
   66 820707812 820710738   2926
   67 820710740 820718758   8018
   68 820720874 820744903  24029
   69 820744906 820744912      6
   70 820745748 820756069  10321
   71 820766152 820768638   2486
   72 820768640 820772864   4224
   73 820791230 820792414   1184
   74 820798090 820802386   4296
   75 820802927 820802984     57
   76 820802985 820803745    760
   77 820803747 820807345   3598
   78 820807682 820814104   6422
   79 820814105 820827934  13829
   80 820828683 820844164  15481
   81 820844166 820844179     13
   82 820844180 820844181      1
   83 820844183 820844221     38
   84 820844838 820847531   2693
   85 820847865 820847903     38
   86 820850167 820850409    242
   87 820850411 820851201    790
   88 820851204 820851218     14
   89 820851220 820851222      2
   90 820851223 820851225      2
   91 820883597 820883625     28
   92 820883627 820884186    559
   93 820884797 820884823     26
   94 820884831 820884860     29
   95 820887998 820892724   4726
   96 820895818 820897081   1263
   97 820897360 820906001   8641
   98 820906981 820911028   4047
   99 820911581 820913923   2342
  100 820915081 820923179   8098
  101 820923468 820923943    475
  102 820924185 820926003   1818
  103 820926104 820926241    137
  104 820926443 820926445      2
  105 820928555 820928800    245
  106 820929375 820930542   1167
  107 820930913 820931839    926
  108 820932213 820933427   1214
  109 820965747 820965930    183
  110 820970268 820970480    212
  111 820970482 820972064   1582
  112 820972066 820976970   4904
  113 820976972 821000873  23901
  114 821000875 821000877      2
  115 821001966 821008400   6434
  116 821009056 821009832    776
  117 821012455 821019801   7346
  118 821022271 821022639    368
  119 821022641 821022653     12
  120 821022656 821022835    179
  121 821022953 821023175    222
  122 821023979 821024371    392
  123 821024373 821024463     90
  124 821038610 821039102    492
  125 821045193 821045209     16
  126 821046394 821047947   1553
  127 821047949 821050368   2419
  128 821050371 821050405     34
  129 821050407 821050413      6
  130 821050417 821050457     40
  131 821050458 821050487     29
  132 821051514 821053007   1493
  133 821053009 821053113    104
  134 821056194 821066893  10699
  135 821066998 821089364  22366
  136 821089366 821089519    153
  137 821089523 821089528      5
  138 821090536 821093588   3052
  139 821093590 821106394  12804
  140 821107284 821107632    348
  141 821107633 821107691     58
  142 821107693 821107714     21
  143 821107716 821109122   1406
  144 821109622 821109795    173
  145 821109904 821110827    923
  146 821111588 821111877    289
  147 821111879 821111992    113
  148 821111994 821112304    310
  149 821112604 821112780    176
  150 821122937 821123131    194
  151 821123841 821126875   3034
  152 821126877 821127268    391
  153 821127617 821127901    284
  154 821140082 821143397   3315
  155 821143580 821148716   5136
  156 821148851 821150373   1522
  157 821150900 821156281   5381
  158 821156816 821160664   3848
  159 821160857 821161592    735
  160 821161760 821163927   2167
  161 821166777 821167224    447
  162 821167411 821168342    931
  163 821168488 821173769   5281
  164 821176748 821178646   1898
  165 821178744 821181323   2579
  166 821181419 821184280   2861
  167 821184438 821184448     10
  168 821184577 821184663     86
  169 821184981 821185565    584
  170 821185825 821185861     36
  171 821185986 821186640    654
  172 821186877 821187872    995
  173 821197359 821198029    670
  174 821230099 821230196     97
  175 821231549 821237785   6236
  176 821240242 821243142   2900
  177 821245030 821246770   1740
  178 821246772 821247614    842
  179 821247730 821247871    141
  180 821247985 821253129   5144
  181 821253217 821253925    708
  182 821254008 821263275   9267
  183 821263277 821263316     39
  184 821263318 821263332     14
  185 821263334 821263409     75
  186 821263411 821263591    180
  187 821263594 821263619     25
  188 821264481 821268391   3910
  189 821268462 821268630    168
  190 821268715 821269474    759
  191 821269585 821273227   3642
  192 821273346 821278441   5095
  193 821278443 821278716    273
  194 821279684 821284124   4440
  195 821289620 821289862    242
  196 821290046 821290797    751
  197 821291797 821291827     30
  198 821291830 821291892     62
  199 821291894 821296292   4398
  200 821296294 821296310     16
  201 821296311 821296471    160
  202 821296473 821296586    113
  203 821296588 821296867    279
  204 821296869 821297080    211
  205 821297648 821299054   1406
  206 821299328 821300082    754
  207 821300084 821300637    553
  208 821300752 821300771     19
  209 821300956 821302592   1636
  210 821302594 821302635     41
  211 821302693 821302782     89
  212 821302914 821305128   2214
  213 821305130 821305309    179
  214 821305311 821305319      8
  215 821305321 821305433    112
  216 821305436 821308943   3507
  217 821308945 821318641   9696
  218 821319091 821345295  26204
  219 821345297 821346491   1194
  220 821346607 821346736    129
  221 821346868 821348480   1612
  222 821348764 821351693   2929
  223 821351695 821351696      1
  224 821351698 821351748     50
  225 821351751 821351790     39
  226 821351791 821351810     19
  227 821351812 821352002    190
  228 821352003 821352018     15
  229 821352020 821352024      4
  230 821352028 821352067     39
  231 821352069 821352070      1
  232 821353129 821355787   2658
  233 821355874 821361158   5284
  234 821361266 821361453    187
  235 821361575 821363923   2348
  236 821364009 821367994   3985
  237 821368121 821370221   2100
  238 821371460 821375230   3770
  239 821375743 821376690    947
  240 821376691 821376692      1
  241 821376848 821376866     18
  242 821376996 821377843    847
  243 821378331 821378701    370
  244 821378890 821381794   2904
  245 821382028 821382214    186
  246 821382274 821383341   1067
  247 821383472 821384442    970
  248 821384783 821388822   4039
  249 821388900 821392443   3543
  250 821392446 821393615   1169
  251 821395306 821416049  20743
  252 821416355 821416505    150
  253 821416507 821432873  16366
  254 821432874 821433109    235
  255 821433648 821445356  11708
  256 821448137 821449960   1823
  257 821449962 821450156    194
  258 821450160 821450198     38
  259 821450679 821457045   6366
  260 821457047 821457164    117
  261 821457166 821458454   1288
  262 821458456 821458506     50
  263 821460498 821460760    262
  264 821462036 821466206   4170
  265 821466208 821466414    206
  266 821466416 821467475   1059
  267 821468555 821469007    452
  268 821471011 821471452    441
  269 821471554 821471758    204
  270 821475167 821475244     77
  271 821475511 821475579     68
  272 821479185 821479239     54
  273 821479241 821479315     74
  274 821482252 821487740   5488
  275 821487743 821502884  15141
  276 821502885 821516423  13538
  277 821516425 821519085   2660
  278 821519087 821519141     54
  279 821519143 821519247    104
  280 821519248 821519331     83
  281 821519333 821519346     13
  282 821663152 821663457    305
  283 821663557 821663716    159
  284 821663719 821664942   1223
  285 821668429 821668757    328
  286 821668759 821669790   1031
  287 821669792 821670102    310
  288 821670845 821670876     31
  289 821671030 821671288    258
  290 821671312 821671330     18
  291 821672824 821673407    583
  292 821673409 821673410      1
  293 821673474 821674516   1042
  294 821674577 821674648     71
  295 821674849 821676564   1715
  296 821676612 821690075  13463
  297 821690076 821690092     16
  298 821690093 821690127     34
  299 821690128 821690129      1
  300 821690131 821690136      5
  301 821695821 821695919     98
  302 821695921 821708495  12574
  303 821708497 821712116   3619
  304 821712270 821712975    705
  305 821713412 821714709   1297
  306 821714710 821714903    193
  307 821714960 821714965      5
  308 821715014 821715090     76
  309 821715092 821715233    141
  310 821715298 821715422    124
  311 821715424 821715478     54
  312 821715480 821715590    110
  313 821715591 821716221    630
  314 821716223 821716582    359
  315 821716584 821717021    437
  316 821717023 821717395    372
  317 821717397 821717414     17
  318 821717416 821717479     63
  319 821717481 821718058    577
  320 821718060 821718662    602
  321 821730464 821732145   1681
  322 821732146 821732744    598
  323 821748924 821750777   1853
  324 821750880 821754552   3672
  325 821755693 821757244   1551
  326 821760530 821767615   7085
  327 821767678 821767812    134
  328 821768263 821776403   8140
  329 821776524 821780245   3721
  330 821780247 821780268     21
  331 821780270 821780298     28
  332 821780301 821780311     10
  333 821780314 821780315      1
  334 821781726 821781951    225
  335 821782014 821783713   1699
  336 821786944 821787558    614
  337 821787622 821788097    475
  338 821788774 821788883    109
  339 821789017 821789516    499
  340 821789523 821789628    105
  341 821789722 821790031    309
  342 821790113 821790937    824
  343 821791210 821792177    967
  344 821792338 821797236   4898
  345 821797238 821797531    293
  346 821797533 821797698    165
  347 821797700 821797796     96
  348 821797798 821798006    208
  349 821798008 821798011      3
  350 821798015 821798047     32
  351 821798048 821798083     35
  352 821798294 821799303   1009
  353 821799414 821799734    320
  354 821799736 821799852    116
  355 821799854 821800394    540
  356 821800395 821800497    102
  357 821800499 821800570     71
  358 821800572 821801234    662
  359 821801236 821801572    336
  360 821801574 821801813    239
  361 821801815 821801865     50
  362 821801867 821802007    140
  363 821802009 821802446    437
  364 821802448 821802565    117
  365 821802567 821802650     83
  366 821802651 821802926    275
  367 821802928 821802947     19
  368 821802949 821803349    400
  369 821803351 821803373     22
  370 821803376 821803758    382
  371 821803761 821803966    205
  372 821803968 821803998     30
  373 821804000 821804473    473
  374 821804475 821804917    442
  375 821804919 821804997     78
  376 821804999 821805950    951
  377 821805952 821805953      1
  378 821806058 821806072     14
  379 821914417 821915222    805
  380 821915224 821917468   2244
  381 821917470 821919847   2377
  382 821919994 821921950   1956
  383 821921998 821924414   2416
  384 821924416 821928297   3881
  385 821928832 821933613   4781
  386 821933699 821942248   8549
  387 821942334 821949520   7186
  388 821949522 821954111   4589
  389 821954113 821954115      2
  390 821954117 821954146     29
  391 821954149 821954150      1
  392 821954152 821954153      1
  393 821954155 821954198     43
  394 821954200 821954217     17
  395 821955353 821966258  10905
  396 821966356 821967037    681
  397 821967131 821967492    361
  398 821967548 821983688  16140
  399 821983690 821983755     65
  400 821983757 821983769     12
  401 821983774 821983784     10
  402 821983787 821983826     39
  403 821983828 821983830      2
  404 821983831 821983836      5
  405 821983840 821983853     13
  406 821983854 821983946     92
  407 821984437 821984669    232
  408 821985614 821985981    367
  409 821986879 821997390  10511
  410 821998567 822000814   2247
  411 822001079 822001198    119
  412 822002574 822004142   1568
  413 822006253 822006322     69
  414 822006326 822006543    217
  415 822006553 822012586   6033
  416 822013142 822013209     67
  417 822013210 822027358  14148
  418 822030356 822030410     54
  419 822030532 822031547   1015
  420 822031603 822031856    253
  421 822031944 822032590    646
  422 822032708 822032740     32
  423 822032844 822033074    230
  424 822045498 822047140   1642
  425 822047197 822053136   5939
  426 822053237 822054410   1173
  427 822056098 822057412   1314
  428 822057414 822058851   1437
  429 822058917 822065814   6897
  430 822068071 822068739    668
  431 822068953 822070124   1171
  432 822070216 822070244     28
  433 822070373 822070407     34
  434 822070462 822070939    477
  435 822071087 822075750   4663
  436 822075864 822081621   5757
  437 822081814 822081857     43
  438 822082032 822083216   1184
  439 822083406 822083798    392
  440 822083800 822084996   1196
  441 822092229 822093299   1070
  442 822093808 822096463   2655
  443 822098010 822100304   2294
  444 822100360 822104902   4542
  445 822107016 822108952   1936
  446 822109017 822117903   8886
  447 822117951 822119441   1490
  448 822119662 822119847    185
  449 822119988 822120094    106
  450 822120096 822122885   2789
  451 822123531 822131097   7566
  452 822131145 822135216   4071
  453 822137192 822139818   2626
  454 822139820 822139838     18
  455 822140551 822140801    250
  456 822168631 822168811    180
  457 822168813 822168856     43
  458 822168858 822168874     16
  459 822168876 822169020    144
  460 822169076 822169672    596
  461 822169792 822170480    688
  462 822178825 822180357   1532
  463 822180750 822189234   8484
  464 822189626 822190103    477
  465 822190166 822191332   1166
  466 822191396 822191877    481
  467 822191942 822194105   2163
  468 822194148 822194598    450
  469 822194599 822195214    615
  470 822195262 822195930    668
  471 822195932 822198340   2408
  472 822202482 822202965    483
  473 822203096 822205042   1946
  474 822205044 822206385   1341
  475 822206532 822208760   2228
  476 822208937 822209156    219
  477 822209607 822210625   1018
  478 822210681 822211018    337
  479 822212954 822217145   4191
  480 822217194 822221971   4777
  481 822221973 822224346   2373
  482 822224556 822227521   2965
  483 822227523 822227632    109
  484 822227755 822228305    550
  485 822228306 822228317     11
  486 822229453 822230558   1105
  487 822231409 822231495     86
  488 822231805 822231862     57
  489 822237059 822237648    589
  490 822237650 822238197    547
  491 822238199 822238849    650
  492 822238850 822239417    567
  493 822239418 822239507     89
  494 822239508 822239639    131
  495 822239642 822239669     27
  496 822239671 822239744     73
  497 822239747 822239767     20
  498 822239769 822239770      1
  499 822239772 822239794     22
  500 822239797 822239812     15
  501 822241958 822242665    707
  502 822242667 822243564    897
  503 822246511 822248505   1994
  504 822248560 822249877   1317
  505 822249879 822249946     67
  506 822249949 822250272    323
  507 822250274 822250733    459
  508 822250736 822250870    134
  509 822250872 822250892     20
  510 822250894 822250927     33
  511 822261248 822262694   1446
  512 822265293 822274130   8837
  513 822274183 822277740   3557
  514 822277846 822277943     97
  515 822277986 822278092    106
  516 822278285 822279064    779
  517 822279113 822293670  14557
  518 822295246 822295617    371
  519 822301570 822302566    996
  520 822302671 822306524   3853
  521 822306606 822309306   2700
  522 822310234 822311672   1438
  523 822311802 822315767   3965
  524 822316822 822318587   1765
  525 822318720 822318918    198
  526 822318920 822319770    850
  527 822319773 822320076    303
  528 822320426 822320545    119
  529 822321592 822323870   2278
  530 822323872 822323952     80
  531 822324034 822324448    414
  532 822324450 822325706   1256
  533 822325708 822325827    119
  534 822325829 822325840     11
  535 822325842 822326040    198
  536 822326043 822326315    272
  537 822329687 822330920   1233
  538 822330922 822332353   1431
  539 822332533 822332879    346
  540 822332882 822333199    317
  541 822334133 822334613    480
  542 822334615 822334633     18
  543 822334696 822335880   1184
  544 822335980 822336003     23
  545 822346366 822348184   1818
  546 822349200 822349271     71
  547 822349273 822349624    351
  548 822350827 822350850     23
  549 822351806 822359057   7251
  550 822359104 822369569  10465
  551 822369625 822381746  12121
  552 822381954 822382383    429
  553 822382495 822385425   2930
  554 822385708 822386964   1256
  555 822386966 822387039     73
  556 822387627 822387657     30
  557 822388342 822388681    339
  558 822388728 822398057   9329
  559 822398136 822400160   2024
  560 822400296 822402318   2022
  561 822402511 822403386    875
  562 822403387 822403552    165
  563 822404159 822405188   1029
  564 822405190 822405832    642
  565 822405833 822406162    329
  566 822406163 822406408    245
  567 822406409 822406509    100
  568 822406511 822406513      2
  569 822406514 822406549     35
  570 822406552 822406554      2
  571 822408266 822409338   1072
  572 822409340 822409461    121
  573 822409463 822409555     92
  574 822409559 822410507    948
  575 822410509 822411516   1007
  576 822411519 822411568     49
  577 822411570 822411571      1
  578 822411574 822412015    441
  579 822412018 822412713    695
  580 822412715 822413303    588
  581 822413305 822413321     16
  582 822413324 822413348     24
  583 822413350 822413921    571
  584 822413922 822417205   3283
  585 822417206 822417446    240
  586 822434628 822437107   2479
  587 822437109 822437215    106
  588 822437216 822447402  10186
  589 822447443 822447676    233
  590 822447746 822459893  12147
  591 822460550 822463106   2556
  592 822464187 822465320   1133
  593 822465322 822465556    234
  594 822465558 822471791   6233
  595 822474508 822481969   7461
  596 822482034 822482209    175
  597 822482210 822489177   6967
  598 822489453 822489992    539
  599 822489994 822490194    200
  600 822490295 822497329   7034
  601 822497331 822498142    811
  602 822498205 822498778    573
  603 822509255 822510624   1369
  604 822511572 822513364   1792
  605 822515845 822520059   4214
  606 822521033 822522639   1606
  607 822523260 822523706    446
  608 822523848 822524842    994
  609 822527073 822527090     17
  610 822527121 822531467   4346
  611 822534149 822543316   9167
  612 822543370 822544981   1611
  613 822545969 822548184   2215
  614 822550478 822556716   6238
  615 822556771 822557460    689
  616 822557463 822557481     18
  617 822559058 822562959   3901
  618 822563037 822569047   6010
  619 822569779 822577923   8144
  620 822577970 822586073   8103
  621 822586346 822589785   3439
  622 822589789 822589823     34
  623 822589825 822589831      6
  624 822589833 822589870     37
  625 822589872 822589890     18
  626 822589895 822589897      2
  627 822589900 822590636    736
  628 822590638 822597778   7140
  629 822598414 822600082   1668
  630 822600339 822616782  16443
  631 822617758 822617838     80
  632 822617839 822619138   1299
  633 822619202 822629294  10092
  634 822631661 822644816  13155
  635 822646216 822646772    556
  636 822648107 822650410   2303
  637 822650458 822656469   6011
  638 822883666 822890153   6487
  639 822890155 822892867   2712
  640 822892869 822894384   1515
  641 822899385 822900528   1143
  642 822901941 822903614   1673
  643 822903616 822903617      1
  644 822903619 822903620      1
  645 822903621 822903624      3
  646 822903628 822903643     15
  647 822903645 822903647      2
  648 822903649 822903667     18
  649 822903669 822903681     12
  650 822903683 822903703     20
  651 822903708 822903750     42
  652 822903753 822903761      8
  653 822903765 822903776     11
  654 822905245 822910185   4940
  655 822910187 822914348   4161
  656 822914411 822918267   3856
  657 822918269 822920473   2204
  658 822927467 822927596    129
  659 822936695 822938073   1378
  660 822947327 822948316    989
  661 822948379 822948828    449
  662 822949817 822950033    216
  663 822950035 822950562    527
  664 822950567 822950617     50
  665 822950620 822954572   3952
  666 822954574 822956548   1974
  667 822956612 822963708   7096
  668 822963836 822971579   7743
  669 822971643 822973884   2241
  670 822973886 822979316   5430
  671 822979363 822980091    728
  672 822982806 822985559   2753
  673 822985561 822985605     44
  674 822985606 822985619     13
  675 822986495 822996635  10140
  676 822996637 822996717     80
  677 822997448 823005616   8168
  678 823005618 823008446   2828
  679 823008449 823008676    227
  680 823009279 823014980   5701
  681 823014984 823022001   7017
  682 823023188 823023434    246
  683 823023436 823025964   2528
  684 823026037 823028014   1977
  685 823028437 823030271   1834
  686 823032502 823036479   3977
  687 823059305 823059488    183
  688 823059490 823061663   2173
  689 823061667 823062073    406
  690 823062079 823062330    251
  691 823062331 823062531    200
  692 823062532 823062533      1
  693 823062535 823063551   1016
  694 823063553 823063678    125
  695 823063680 823064309    629
  696 823064311 823065045    734
  697 823065047 823065660    613
  698 823065662 823066071    409
  699 823066073 823066324    251
  700 823066372 823066432     60
  701 823066434 823067246    812
  702 823067579 823067622     43
  703 823067624 823068302    678
  704 823068305 823069631   1326
  705 823069633 823069744    111
  706 823069746 823070084    338
  707 823070086 823070166     80
  708 823070168 823071057    889
  709 823071060 823073918   2858
  710 823073919 823073979     60
  711 823073981 823074275    294
  712 823074276 823074338     62
  713 823074343 823074410     67
  714 823074412 823074427     15
  715 823074429 823074445     16
  716 823074447 823074456      9
  717 823074457 823074540     83
  718 823074542 823074625     83
  719 823075789 823075941    152
  720 823075943 823076078    135
  721 823076171 823076401    230
  722 823076403 823076420     17
  723 823076422 823077889   1467
  724 823077891 823079480   1589
  725 823079482 823079907    425
  726 823079909 823080509    600
  727 823084946 823086852   1906
  728 823086899 823092104   5205
  729 823092106 823093324   1218
  730 823093380 823098756   5376
  731 823098996 823100252   1256
  732 823105325 823108289   2964
  733 823111047 823111412    365
  734 823111415 823111445     30
  735 823123524 823131184   7660
  736 823131790 823137278   5488
  737 823137281 823137295     14
  738 823137297 823150173  12876
  739 823150255 823150688    433
  740 823150782 823152568   1786
  741 823152569 823156741   4172
  742 823156743 823159777   3034
  743 823159956 823164089   4133
  744 823166732 823167104    372
  745 823167106 823167111      5
  746 823168135 823169555   1420
  747 823169652 823181260  11608
  748 823181262 823187827   6565
  749 823187883 823189611   1728
  750 823189803 823193540   3737
  751 823194331 823194571    240
  752 823196478 823199146   2668
  753 823199479 823210115  10636
  754 823210163 823212625   2462
  755 823212689 823217956   5267
  756 823218019 823228195  10176
  757 823228197 823242608  14411
  758 823245743 823247628   1885
  759 823249087 823255068   5981
  760 823255134 823255476    342
  761 823255524 823265553  10029
  762 823265706 823266160    454
  763 823269931 823270809    878
  764 823270811 823270813      2
  765 823271927 823272111    184
  766 823273012 823275175   2163
  767 823289327 823292090   2763
  768 823293432 823297119   3687
  769 823298612 823300799   2187
  770 823328764 823329297    533
  771 823329299 823329327     28
  772 823329328 823329438    110
  773 823329439 823329620    181
  774 823329622 823329762    140
  775 823329764 823329971    207
  776 823329972 823330188    216
  777 823330191 823330192      1
  778 823330194 823330404    210
  779 823330406 823331139    733
  780 823331140 823331278    138
  781 823331280 823331371     91
  782 823331373 823331406     33
  783 823331408 823331701    293
  784 823331704 823331990    286
  785 823331992 823332254    262
  786 823332260 823332336     76
  787 823332338 823332370     32
  788 823332372 823332625    253
  789 823332627 823332628      1
  790 823332630 823332740    110
  791 823332742 823332877    135
  792 823332879 823332881      2
  793 823332883 823332899     16
  794 823332901 823332929     28
  795 823332931 823332932      1
  796 823332934 823332999     65
  797 823333001 823333054     53
  798 823333058 823333313    255
  799 823333315 823333316      1
  800 823333318 823333403     85
  801 823333405 823333837    432
  802 823336796 823336859     63
  803 823336861 823337079    218
  804 823337081 823338369   1288
  805 823338370 823338487    117
  806 823338490 823342535   4045
  807 823342612 823343245    633
  808 823343247 823346076   2829
  809 823347844 823348518    674
  810 823348592 823348689     97
  811 823348756 823350278   1522
  812 823350348 823350708    360
  813 823350755 823351240    485
  814 823351354 823353394   2040
  815 823354215 823354305     90
