    1 845263709 845263867    158
    2 845263869 845263989    120
    3 845263991 845263993      2
    4 845263995 845264027     32
    5 845264029 845264046     17
    6 845264048 845264082     34
    7 845264083 845264146     63
    8 845264644 845265407    763
    9 845265409 845265670    261
   10 845265671 845266449    778
   11 845266451 845276158   9707
   12 845276159 845278570   2411
   13 845278573 845279438    865
   14 845282433 845282738    305
   15 845282740 845283140    400
   16 845284713 845285383    670
   17 845285385 845285389      4
   18 845285391 845291773   6382
   19 845293764 845296194   2430
   20 845299081 845299278    197
   21 845300546 845301181    635
   22 845301183 845301586    403
   23 845301825 845307213   5388
   24 845312297 845316348   4051
   25 845316350 845318216   1866
   26 845320004 845325408   5404
   27 845327353 845328511   1158
   28 845328513 845330332   1819
   29 845330379 845330691    312
   30 845330814 845331644    830
   31 845331695 845331755     60
   32 845332188 845334885   2697
   33 845334887 845336879   1992
   34 845336881 845344699   7818
   35 845344701 845345736   1035
   36 845345737 845350004   4267
   37 845350061 845356699   6638
   38 845356793 845357206    413
   39 845357309 845364700   7391
   40 845364702 845364771     69
   41 845365880 845366585    705
   42 845366587 845369902   3315
   43 845369903 845376647   6744
   44 845391473 845391776    303
   45 845391777 845392577    800
   46 845392579 845393726   1147
   47 845399383 845399469     86
   48 845399517 845399900    383
   49 845401506 845403559   2053
   50 845403561 845403860    299
   51 845409661 845409904    243
   52 845410064 845413183   3119
   53 845414334 845415186    852
   54 845416371 845429708  13337
   55 845429756 845432041   2285
   56 845432043 845439699   7656
   57 845439701 845440206    505
   58 845440357 845442283   1926
   59 845442285 845443424   1139
   60 845443426 845444632   1206
   61 845446107 845446128     21
   62 845446130 845447871   1741
   63 845447873 845449346   1473
   64 845449348 845449838    490
   65 845450698 845453085   2387
   66 845453142 845458403   5261
   67 845458405 845464086   5681
   68 845464088 845464141     53
   69 845464143 845466132   1989
   70 845467074 845468850   1776
   71 845468960 845469107    147
   72 845469201 845471133   1932
   73 845471135 845473308   2173
   74 845474568 845475964   1396
   75 845475965 845476525    560
   76 845476573 845478263   1690
   77 845479539 845482060   2521
   78 845482125 845483584   1459
   79 845483585 845484092    507
   80 845485304 845490645   5341
   81 845492792 845493842   1050
   82 845498313 845499282    969
   83 845499284 845503788   4504
   84 845503791 845511194   7403
   85 845511195 845516478   5283
   86 845516479 845520236   3757
   87 845520284 845521004    720
   88 845521006 845522000    994
   89 845522002 845523088   1086
   90 845523090 845534115  11025
   91 845534117 845536100   1983
   92 845538185 845538186      1
   93 845538193 845540744   2551
   94 845541540 845543485   1945
   95 845543487 845547992   4505
   96 845551888 845556604   4716
   97 845557310 845563513   6203
   98 845563515 845571261   7746
   99 845571324 845575383   4059
  100 845575523 845575669    146
  101 845575778 845577601   1823
  102 845577603 845581216   3613
  103 845581217 845583587   2370
  104 845583589 845586561   2972
  105 845586563 845587097    534
  106 845587099 845590827   3728
  107 845590828 845595212   4384
  108 845595268 845597420   2152
  109 845597422 845600848   3426
  110 845600851 845601958   1107
  111 845601960 845606002   4042
  112 845606004 845610238   4234
  113 845610240 845610772    532
  114 845610773 845610857     84
  115 845610859 845614634   3775
  116 845614636 845620707   6071
  117 845621440 845623274   1834
  118 845624118 845627220   3102
  119 845627222 845629236   2014
  120 845629301 845630519   1218
  121 845630521 845630845    324
  122 845630847 845632522   1675
  123 845632524 845634233   1709
  124 845634235 845634732    497
  125 845634734 845638679   3945
  126 845639686 845642850   3164
  127 845642852 845643498    646
  128 845643499 845646529   3030
  129 845646531 845648520   1989
  130 845648522 845648907    385
  131 845650377 845650778    401
  132 845651953 845657075   5122
  133 845658884 845658957     73
  134 845659012 845659750    738
  135 845661088 845661491    403
  136 845663045 845665471   2426
  137 845671745 845675577   3832
  138 845688080 845688348    268
  139 845688350 845690462   2112
  140 845690508 845690627    119
  141 845690629 845690823    194
  142 845690825 845697317   6492
  143 845697373 845701549   4176
  144 845701551 845703860   2309
  145 845703861 845707441   3580
  146 845708068 845711318   3250
  147 845711320 845714982   3662
  148 845715036 845725045  10009
  149 845725109 845725138     29
  150 845725141 845728148   3007
  151 845728150 845732156   4006
  152 845732250 845732301     51
  153 845733394 845733773    379
  154 845767872 845768113    241
  155 845768115 845769891   1776
  156 845769893 845770089    196
  157 845770091 845770407    316
  158 845770409 845771281    872
  159 845771283 845774859   3576
  160 845774861 845777990   3129
  161 845778028 845778030      2
  162 845778102 845783588   5486
  163 845783590 845785095   1505
  164 845785097 845795065   9968
  165 845795066 845795535    469
  166 845796480 845798933   2453
  167 845799805 845803548   3743
  168 845803550 845804609   1059
  169 845804611 845809086   4475
  170 845811056 845814116   3060
  171 845814164 845817101   2937
  172 845817103 845817104      1
  173 845817106 845817252    146
  174 845817253 845817280     27
  175 845818529 845818790    261
  176 845818792 845818849     57
  177 845853276 845853323     47
  178 845853325 845853327      2
  179 845853329 845854514   1185
  180 845854515 845854968    453
  181 845854970 845856117   1147
  182 845856118 845858565   2447
  183 845858566 845860807   2241
  184 845863044 845866901   3857
  185 845866948 845870097   3149
  186 845870341 845874532   4191
  187 845874581 845882431   7850
  188 845883615 845886467   2852
  189 845888576 845896826   8250
  190 845899257 845900420   1163
  191 845900422 845902434   2012
  192 845903836 845906034   2198
  193 845910518 845912495   1977
  194 845912497 845912809    312
  195 846080082 846083138   3056
  196 846083186 846084133    947
  197 846085202 846089485   4283
  198 846089487 846090606   1119
  199 846090608 846092328   1720
  200 846092330 846093006    676
  201 846093008 846093544    536
  202 846093827 846095979   2152
  203 846095981 846095993     12
  204 846095995 846098967   2972
  205 846099257 846099295     38
  206 846099428 846099925    497
  207 846100123 846100976    853
  208 846102182 846102430    248
  209 846102729 846104647   1918
  210 846113985 846114981    996
  211 846114983 846115492    509
  212 846115563 846115746    183
  213 846115819 846116281    462
  214 846116344 846117922   1578
  215 846119184 846119421    237
  216 846119941 846123374   3433
  217 846124923 846124971     48
  218 846125613 846125742    129
  219 846127916 846134636   6720
  220 846134698 846134786     88
  221 846134788 846140967   6179
  222 846141086 846142122   1036
  223 846144067 846145051    984
  224 846145099 846168659  23560
  225 846168832 846171239   2407
  226 846172303 846175239   2936
  227 846176774 846180425   3651
  228 846180427 846184987   4560
  229 846184988 846194555   9567
  230 846194556 846197753   3197
  231 846197755 846197819     64
  232 846197866 846206556   8690
  233 846206603 846208638   2035
  234 846208640 846219922  11282
  235 846219986 846225483   5497
  236 846225538 846230576   5038
  237 846231168 846237059   5891
  238 846237116 846238348   1232
  239 846239627 846241890   2263
  240 846241892 846248284   6392
  241 846248286 846248891    605
  242 846248939 846250109   1170
  243 846266465 846271090   4625
  244 846272550 846274004   1454
  245 846275048 846275452    404
  246 846275853 846279937   4084
  247 846290703 846290879    176
  248 846290882 846293140   2258
  249 846293142 846293327    185
  250 846293329 846295172   1843
  251 846295258 846308979  13721
  252 846309026 846317102   8076
  253 846317907 846318448    541
  254 846318450 846323050   4600
  255 846323098 846332139   9041
  256 846332186 846337091   4905
  257 846387595 846387708    113
  258 846387710 846388938   1228
  259 846388940 846389147    207
  260 846389148 846390161   1013
  261 846390656 846393691   3035
  262 846393739 846400211   6472
  263 846400267 846403104   2837
  264 846404042 846408635   4593
  265 846409690 846411164   1474
  266 846411353 846412627   1274
  267 846412682 846423824  11142
  268 846425696 846432025   6329
  269 846432848 846434800   1952
  270 846434815 846435508    693
  271 846435530 846436133    603
  272 846437097 846442632   5535
  273 846443890 846444953   1063
  274 846446168 846447018    850
  275 846447020 846451258   4238
  276 846451260 846452782   1522
  277 846452784 846454215   1431
  278 846455424 846456096    672
  279 846456224 846457560   1336
  280 846459362 846460822   1460
  281 846461963 846463938   1975
  282 846464002 846465930   1928
  283 846467069 846473916   6847
  284 846473918 846475698   1780
  285 846478312 846488370  10058
  286 846488426 846493723   5297
  287 846493725 846493906    181
  288 846494909 846495505    596
  289 846496383 846502644   6261
  290 846502646 846507615   4969
  291 846507616 846511932   4316
  292 846512053 846512055      2
  293 846512065 846512318    253
  294 846515923 846517747   1824
  295 846518749 846519967   1218
  296 846538728 846545066   6338
  297 846545122 846546332   1210
  298 846546712 846547233    521
  299 846548238 846551843   3605
  300 846551906 846558923   7017
  301 846559051 846565747   6696
  302 846565795 846577492  11697
  303 846578504 846579373    869
  304 846579375 846598903  19528
  305 846603225 846604112    887
  306 846604858 846605124    266
  307 846605691 846607844   2153
  308 846608129 846615475   7346
  309 846615539 846620741   5202
  310 846621056 846623549   2493
  311 846626863 846627616    753
  312 846627618 846634691   7073
  313 846634746 846643203   8457
  314 846643251 846654122  10871
  315 846654178 846656469   2291
  316 846656470 846658793   2323
  317 846658795 846660331   1536
  318 846660394 846662816   2422
  319 846663353 846666365   3012
  320 846667288 846668387   1099
  321 846668435 846677435   9000
  322 846677483 846689655  12172
  323 846690077 846691677   1600
  324 846691678 846691707     29
  325 846692253 846694747   2494
  326 846694887 846697971   3084
  327 846698035 846702579   4544
  328 846704885 846710018   5133
  329 846710074 846720102  10028
  330 846720167 846728201   8034
  331 846728270 846728356     86
  332 846728463 846735642   7179
  333 846735644 846741549   5905
  334 846741551 846743869   2318
  335 846744955 846751990   7035
  336 846753311 846758814   5503
  337 846758816 846768636   9820
  338 846768637 846782035  13398
  339 846782591 846786184   3593
  340 846787150 846789384   2234
  341 846789386 846798621   9235
  342 846798623 846804387   5764
  343 846804515 846806734   2219
  344 846806736 846807059    323
  345 846807679 846810297   2618
  346 846810299 846822720  12421
  347 846822722 846822986    264
  348 846823050 846833786  10736
  349 846834534 846842233   7699
  350 846843420 846843790    370
  351 846844899 846854279   9380
  352 846854281 846855182    901
  353 846857843 846871445  13602
  354 846871726 846874438   2712
  355 846875708 846876474    766
  356 846876522 846878319   1797
  357 846878321 846878323      2
  358 846878402 846881063   2661
  359 846881065 846889109   8044
  360 846889111 846890004    893
  361 846890394 846907908  17514
  362 846907909 846909226   1317
  363 846941996 846945581   3585
  364 846974385 846974694    309
  365 846974696 846975132    436
  366 846975134 846976465   1331
  367 846976526 846978440   1914
  368 846978511 846979164    653
  369 846979166 846980460   1294
  370 846980462 846982250   1788
  371 846982298 846992675  10377
  372 846992722 846994605   1883
  373 846994607 847009469  14862
  374 847012102 847016515   4413
  375 847016570 847017353    783
  376 847017355 847020657   3302
  377 847020659 847023393   2734
  378 847023395 847026984   3589
  379 847026986 847028180   1194
  380 847028182 847029351   1169
  381 847030626 847035591   4965
  382 847038173 847040169   1996
  383 847073011 847073795    784
  384 847073850 847077164   3314
  385 847077881 847087031   9150
  386 847087217 847091131   3914
  387 847091133 847094443   3310
  388 847095491 847096530   1039
  389 847096578 847097701   1123
  390 847098472 847102088   3616
  391 847102090 847105344   3254
  392 847105346 847115496  10150
  393 847117696 847117709     13
  394 847117711 847117718      7
  395 847117720 847117721      1
  396 847117723 847117730      7
  397 847117734 847117736      2
  398 847117738 847117740      2
  399 847117743 847117748      5
  400 847117750 847117774     24
  401 847117777 847117782      5
  402 847117785 847117795     10
  403 847117798 847117820     22
  404 847117822 847117831      9
  405 847117833 847117835      2
  406 847117836 847117846     10
  407 847117848 847117858     10
  408 847117860 847117868      8
  409 847117870 847117872      2
  410 847117876 847117882      6
  411 847117883 847117885      2
  412 847117892 847117897      5
  413 847117900 847117902      2
  414 847117904 847117909      5
  415 847117911 847117912      1
  416 847117915 847118128    213
  417 847118130 847118179     49
  418 847118182 847118248     66
  419 847118250 847119073    823
  420 847119075 847119467    392
  421 847119912 847120699    787
  422 847123392 847125918   2526
  423 847125920 847126330    410
  424 847127334 847127908    574
  425 847128183 847133443   5260
  426 847133507 847135532   2025
  427 847136322 847137234    912
  428 847138067 847139267   1200
  429 847142774 847144055   1281
  430 847148233 847148938    705
  431 847150733 847151311    578
  432 847151873 847153507   1634
  433 847153570 847156587   3017
  434 847156589 847161181   4592
  435 847161240 847162772   1532
  436 847162774 847163012    238
  437 847163013 847163572    559
  438 847163574 847168291   4717
  439 847168293 847169471   1178
  440 847169472 847172866   3394
  441 847172868 847173060    192
  442 847173061 847176826   3765
  443 847176874 847182057   5183
  444 847183193 847187594   4401
  445 847187596 847190875   3279
  446 847190939 847192036   1097
  447 847192038 847192232    194
  448 847192394 847196153   3759
  449 847196155 847198195   2040
  450 847198197 847201384   3187
  451 847201668 847201821    153
  452 847204051 847204460    409
  453 847204462 847204851    389
  454 847206434 847212042   5608
  455 847212153 847213891   1738
  456 847213938 847219591   5653
  457 847219822 847220699    877
  458 847221543 847222058    515
  459 847223012 847224750   1738
  460 847224929 847225798    869
  461 847228458 847234836   6378
  462 847234837 847237787   2950
  463 847241610 847243677   2067
  464 847246800 847247743    943
  465 847249142 847251641   2499
  466 847251643 847254230   2587
  467 847254446 847259450   5004
  468 847259498 847267192   7694
  469 847267548 847269827   2279
  470 847270673 847272250   1577
  471 847272655 847272719     64
  472 847272987 847273012     25
  473 847273014 847273806    792
  474 847273968 847274043     75
  475 847274420 847277894   3474
  476 847277896 847278941   1045
  477 847279103 847279174     71
  478 847279254 847279302     48
  479 847279304 847289304  10000
  480 847289581 847289713    132
  481 847292066 847292196    130
  482 847293301 847294938   1637
  483 847295602 847295899    297
  484 847303240 847305951   2711
  485 847305952 847307815   1863
  486 847307816 847308133    317
  487 847308136 847314436   6300
  488 847316687 847319111   2424
  489 847319113 847328558   9445
  490 847328811 847328817      6
  491 847328819 847329138    319
  492 847329809 847330251    442
  493 847330252 847331409   1157
  494 847332831 847332937    106
  495 847333817 847333863     46
  496 847334242 847334426    184
  497 847334683 847336026   1343
  498 847338110 847338116      6
  499 847338212 847338632    420
  500 847338930 847342040   3110
  501 847342042 847344912   2870
  502 847344914 847345940   1026
  503 847346207 847349043   2836
  504 847349090 847349359    269
  505 847349361 847349376     15
  506 847349377 847355366   5989
  507 847355903 847356521    618
  508 847356523 847357995   1472
  509 847358043 847373467  15424
  510 847373522 847374783   1261
  511 847377479 847379484   2005
  512 847379692 847383076   3384
  513 847383822 847394758  10936
  514 847400989 847402883   1894
  515 847402931 847404309   1378
  516 847404311 847414803  10492
  517 847414804 847416959   2155
  518 847424279 847430020   5741
  519 847430082 847432997   2915
  520 847433083 847438919   5836
  521 847439563 847441364   1801
  522 847442099 847447542   5443
  523 847447616 847450245   2629
  524 847450246 847452085   1839
  525 847452260 847453216    956
  526 847453218 847453237     19
  527 847454294 847459733   5439
  528 847463449 847466017   2568
  529 847467972 847468324    352
  530 847468524 847469044    520
  531 847469046 847470403   1357
  532 847470464 847471215    751
  533 847480561 847482685   2124
  534 847482821 847483221    400
  535 847484086 847484502    416
  536 847484504 847484867    363
  537 847486055 847487473   1418
  538 847487641 847489222   1581
  539 847490643 847490646      3
  540 847490667 847491185    518
  541 847491784 847491860     76
  542 847491861 847494435   2574
  543 847494555 847503658   9103
  544 847503786 847504982   1196
  545 847504984 847505256    272
  546 847506213 847511566   5353
  547 847511568 847512265    697
  548 847512326 847514880   2554
  549 847515025 847516377   1352
  550 847517074 847517556    482
  551 847520164 847525413   5249
  552 847526103 847527266   1163
  553 847527361 847527429     68
  554 847527501 847528545   1044
  555 847528665 847529879   1214
  556 847529960 847530034     74
  557 847530082 847530713    631
  558 847530774 847531573    799
  559 847531575 847534435   2860
  560 847535267 847541400   6133
  561 847542293 847545236   2943
  562 847546074 847546309    235
  563 847546394 847546421     27
  564 847546596 847549773   3177
  565 847553758 847554156    398
  566 847555292 847555568    276
  567 847559955 847560370    415
  568 847560509 847560813    304
  569 847560987 847561917    930
  570 847613069 847613329    260
  571 847613331 847614385   1054
  572 847614387 847617145   2758
  573 847617825 847619762   1937
  574 847619876 847624347   4471
  575 847624395 847625224    829
