    1 872971140 872971446    306
    2 872971448 872972165    717
    3 872972441 872972554    113
    4 872972670 872975057   2387
    5 872976056 872976937    881
    6 872977053 872986277   9224
    7 872986320 872997572  11252
    8 873001846 873012047  10201
    9 873013395 873028098  14703
   10 873028341 873030569   2228
   11 873030752 873031738    986
   12 873031795 873033208   1413
   13 873034455 873035430    975
   14 873036523 873040768   4245
   15 873040770 873044378   3608
   16 873044425 873058042  13617
   17 873060460 873066585   6125
   18 873066641 873069991   3350
   19 873072604 873077898   5294
   20 873077954 873081185   3231
   21 873082017 873084334   2317
   22 873084496 873086561   2065
   23 873088407 873097955   9548
   24 873098017 873100298   2281
   25 873104117 873108995   4878
   26 873109042 873120933  11891
   27 873128730 873130111   1381
   28 873132598 873133538    940
   29 873133691 873134024    333
   30 873134067 873136295   2228
   31 873137356 873140253   2897
   32 873144819 873164828  20009
   33 873164902 873175905  11003
   34 873175961 873184313   8352
   35 873185988 873188535   2547
   36 873189876 873195150   5274
   37 873195152 873205785  10633
   38 873205841 873209765   3924
   39 873210011 873211180   1169
   40 873211182 873211184      2
   41 873211185 873211187      2
   42 873211459 873214254   2795
   43 873215085 873215103     18
   44 873215104 873216454   1350
   45 873219818 873227684   7866
   46 873229609 873229612      3
   47 873229623 873230761   1138
   48 873231846 873235093   3247
   49 873235095 873244781   9686
   50 873249711 873255434   5723
   51 873255481 873261570   6089
   52 873261617 873264349   2732
   53 873264595 873272018   7423
   54 873272066 873274128   2062
   55 873275265 873288595  13330
   56 873288597 873291359   2762
   57 873292626 873292713     87
   58 873292715 873301983   9268
   59 873301985 873302023     38
   60 873304454 873308606   4152
   61 873308858 873309402    544
   62 873309404 873311186   1782
   63 873312683 873314970   2287
   64 873315098 873319125   4027
   65 873319203 873321308   2105
   66 873323126 873323972    846
   67 873324004 873326575   2571
   68 873330311 873330670    359
   69 873330711 873350322  19611
   70 873350386 873356410   6024
   71 873356458 873363303   6845
   72 873364508 873383892  19384
   73 873384974 873385745    771
   74 873386164 873387131    967
   75 873387377 873390377   3000
   76 873393528 873393529      1
   77 873393919 873397145   3226
   78 873397287 873398234    947
   79 873398402 873409802  11400
   80 873409850 873414391   4541
   81 873414513 873419049   4536
   82 873419169 873419698    529
   83 873421565 873424521   2956
   84 873439190 873440218   1028
   85 873440220 873441226   1006
   86 873441275 873446700   5425
   87 873448661 873453081   4420
   88 873453083 873460217   7134
   89 873460219 873460233     14
   90 873460699 873460876    177
   91 873463577 873463644     67
   92 873463646 873465255   1609
   93 873466863 873467971   1108
   94 873469468 873471400   1932
   95 873471760 873472393    633
   96 873473933 873481642   7709
   97 873481705 873486932   5227
   98 873487850 873493978   6128
   99 873494035 873496671   2636
  100 873497752 873501705   3953
  101 873501769 873501780     11
  102 873503015 873513058  10043
  103 873513059 873515202   2143
  104 873515250 873515901    651
  105 873518231 873526097   7866
  106 873526099 873534264   8165
  107 873534987 873547168  12181
  108 873547169 873547369    200
  109 873550284 873550826    542
  110 873550876 873551600    724
  111 873552631 873558489   5858
  112 873575752 873575772     20
  113 873575774 873575824     50
  114 873575826 873575857     31
  115 873575859 873575888     29
  116 873575890 873575892      2
  117 873575893 873575908     15
  118 873575910 873577196   1286
  119 873577198 873581329   4131
  120 873581487 873581804    317
  121 873581805 873582164    359
  122 873582285 873586242   3957
  123 873586305 873594258   7953
  124 873594306 873597505   3199
  125 873597507 873601586   4079
  126 873601642 873611111   9469
  127 873613548 873620521   6973
  128 873621830 873631817   9987
  129 873653632 873653683     51
  130 873653685 873653772     87
  131 873658206 873659554   1348
  132 873661484 873664986   3502
  133 873665828 873666034    206
  134 873666081 873672081   6000
  135 873672082 873672090      8
  136 873672293 873672330     37
  137 873672378 873674219   1841
  138 873674311 873675176    865
  139 873675259 873676066    807
  140 873703658 873703772    114
  141 873703774 873705269   1495
  142 873706807 873708535   1728
  143 873711097 873715871   4774
  144 873720952 873723627   2675
  145 873723690 873724122    432
  146 873724169 873724849    680
  147 873728554 873728715    161
  148 873728790 873729853   1063
  149 873730023 873759463  29440
  150 873759465 873765651   6186
  151 873765652 873768861   3209
  152 873768862 873771001   2139
  153 873771097 873780026   8929
  154 873780090 873787068   6978
  155 873796180 873811635  15455
  156 873811698 873811992    294
  157 873812306 873814358   2052
  158 873814632 873821977   7345
  159 873825361 873844555  19194
  160 873844651 873856866  12215
  161 873856914 873861677   4763
  162 873864279 873880930  16651
  163 873880985 873881326    341
  164 873882202 873887627   5425
  165 873889732 873910866  21134
  166 873910929 873912327   1398
  167 873939716 873940323    607
  168 873940379 873955276  14897
  169 873955330 873963843   8513
  170 873963898 873969237   5339
  171 873970336 873981077  10741
  172 873981123 873991076   9953
  173 873991122 873993150   2028
  174 873994383 874005485  11102
  175 874005703 874014507   8804
  176 874014874 874024058   9184
  177 874029151 874029827    676
  178 874029876 874031597   1721
  179 874032107 874052262  20155
  180 874054504 874066242  11738
  181 874066306 874074965   8659
  182 874075127 874081418   6291
  183 874082216 874084516   2300
  184 874084571 874085142    571
  185 874085385 874094546   9161
  186 874094595 874103722   9127
  187 874106234 874107027    793
  188 874107091 874135834  28743
  189 874137154 874141603   4449
  190 874141659 874157099  15440
  191 874158685 874163257   4572
  192 874184713 874185408    695
  193 874187725 874191006   3281
  194 874191104 874192876   1772
  195 874192878 874193342    464
  196 874193738 874195539   1801
  197 874195597 874204107   8510
  198 874204170 874225435  21265
  199 874228583 874238622  10039
  200 874240518 874242248   1730
  201 874243054 874247701   4647
  202 874248486 874249007    521
  203 874249104 874249557    453
  204 874250526 874251522    996
  205 874251570 874252291    721
  206 874253263 874263005   9742
  207 874265802 874266603    801
  208 874266667 874309718  43051
  209 874311276 874313522   2246
  210 874313523 874313536     13
  211 874313538 874313539      1
  212 874313541 874314099    558
  213 874314162 874314558    396
  214 874324131 874329216   5085
  215 874331544 874334595   3051
  216 874334934 874340395   5461
  217 874341392 874343198   1806
  218 874345430 874345481     51
  219 874345483 874345501     18
  220 874345503 874345520     17
  221 874345522 874345606     84
  222 874345607 874346245    638
  223 874346303 874346875    572
  224 874348409 874348720    311
  225 874350481 874352021   1540
  226 874353403 874353507    104
  227 874354880 874355341    461
  228 874356376 874364165   7789
  229 874364227 874368003   3776
  230 874368050 874368115     65
  231 874369185 874373675   4490
  232 874374724 874379809   5085
  233 874381601 874384339   2738
  234 874385838 874395011   9173
  235 874395066 874395597    531
  236 874397966 874401491   3525
  237 874402396 874406347   3951
  238 874406411 874415290   8879
  239 874415355 874421683   6328
  240 874421938 874422252    314
  241 874429309 874429643    334
  242 874429699 874432889   3190
  243 874433689 874433981    292
  244 874434244 874436267   2023
  245 874436697 874443314   6617
  246 874450665 874452670   2005
  247 874452909 874465938  13029
  248 874466076 874472979   6903
  249 874473026 874484347  11321
  250 874484403 874488228   3825
  251 874489490 874516331  26841
  252 874516387 874516533    146
  253 874518438 874519507   1069
  254 874519566 874520066    500
  255 874521897 874530339   8442
  256 874530402 874540771  10369
  257 874540819 874554507  13688
  258 874554562 874566523  11961
  259 874566571 874568323   1752
  260 874568422 874573175   4753
  261 874573802 874586891  13089
  262 874586939 874595225   8286
  263 874601066 874616568  15502
  264 874617160 874622243   5083
  265 874622291 874627900   5609
  266 874627946 874658877  30931
  267 874658880 874659023    143
  268 874659785 874671627  11842
  269 874671683 874675616   3933
  270 874676095 874678299   2204
  271 874678419 874682697   4278
  272 874682774 874683429    655
  273 874683576 874689954   6378
  274 874690392 874693019   2627
  275 874693066 874693963    897
  276 874694196 874697652   3456
  277 874697935 874700296   2361
  278 874702930 874707531   4601
  279 874707596 874712150   4554
  280 874712530 874720436   7906
  281 874720482 874736098  15616
  282 874736162 874743895   7733
  283 874745089 874750477   5388
  284 874750531 874750658    127
  285 874750659 874752733   2074
  286 874752735 874761920   9185
  287 874761922 874761944     22
  288 874795340 874795668    328
  289 874795670 874802259   6589
  290 874802925 874805247   2322
  291 874805423 874807411   1988
  292 874808192 874812819   4627
  293 874812883 874823538  10655
  294 874823540 874828372   4832
  295 874828448 874832967   4519
  296 874834273 874845380  11107
  297 874846066 874847207   1141
  298 874865677 874866396    719
  299 874866398 874867154    756
  300 874875513 874875901    388
  301 874875903 874896306  20403
  302 874896411 874905851   9440
  303 874905906 874906924   1018
  304 874907076 874907365    289
  305 874907367 874916807   9440
  306 874918375 874933322  14947
  307 874940592 874941906   1314
  308 874942051 874947039   4988
  309 874950141 874952089   1948
  310 874953375 874955928   2553
  311 874957928 874957959     31
  312 874957960 874961482   3522
  313 874969942 874978208   8266
  314 874991001 875005072  14071
  315 875006469 875015174   8705
  316 875021653 875023081   1428
  317 875036247 875042708   6461
  318 875043985 875047385   3400
  319 875049043 875052683   3640
  320 875052856 875060306   7450
  321 875060355 875061244    889
  322 875061320 875070603   9283
  323 875070651 875080659  10008
  324 875080707 875082789   2082
  325 875083151 875084552   1401
  326 875091343 875094596   3253
  327 875094658 875114716  20058
  328 875114816 875115881   1065
  329 875116618 875119314   2696
  330 875119377 875133974  14597
  331 875137357 875141101   3744
  332 875141597 875143922   2325
  333 875143978 875154842  10864
  334 875180295 875181899   1604
  335 875181947 875182701    754
  336 875193352 875195575   2223
  337 875196343 875202411   6068
  338 875202459 875203278    819
  339 875203323 875223752  20429
  340 875223972 875235110  11138
  341 875235642 875253546  17904
