    1 847727359 847729611   2252
    2 847731097 847731698    601
    3 847732935 847734136   1201
    4 847761986 847764383   2397
    5 847764555 847764665    110
    6 847764963 847766769   1806
    7 847767324 847784391  17067
    8 847786774 847790232   3458
    9 847791310 847798127   6817
   10 847798183 847804382   6199
   11 847804510 847810216   5706
   12 847810278 847811167    889
   13 847811764 847812266    502
   14 847812423 847812704    281
   15 847815286 847816312   1026
   16 847823603 847824590    987
   17 847834083 847834371    288
   18 847834372 847836351   1979
   19 847836353 847836571    218
   20 847837651 847875359  37708
   21 847875416 847876140    724
   22 847876922 847880634   3712
   23 847882820 847888413   5593
   24 847888415 847894306   5891
   25 847894307 847894978    671
   26 847895953 847898049   2096
   27 847903141 847904163   1022
   28 847904954 847908396   3442
   29 847908397 847915812   7415
   30 847915905 847916521    616
   31 847916522 847918479   1957
   32 847918526 847925805   7279
   33 847927938 847929613   1675
   34 847929615 847934449   4834
   35 847934451 847935956   1505
   36 847935958 847936235    277
   37 847936236 847943081   6845
   38 847943083 847947471   4388
   39 847947526 847949197   1671
   40 847950554 847954905   4351
   41 847961202 847961403    201
   42 847961405 847962143    738
   43 847962191 847963222   1031
   44 847963826 847965213   1387
   45 847965215 847973105   7890
   46 847973107 847978918   5811
   47 847979838 847981124   1286
   48 847981125 847981927    802
   49 847981983 847983327   1344
   50 847984256 847989367   5111
   51 847989423 847990118    695
   52 847990120 847990295    175
   53 847990505 847994982   4477
   54 847995030 847997452   2422
   55 847997453 847998640   1187
   56 848008539 848010400   1861
   57 848010402 848012932   2530
   58 848012934 848016319   3385
   59 848016490 848021079   4589
   60 848021565 848030407   8842
   61 848030456 848042804  12348
   62 848043437 848046273   2836
   63 848046275 848048962   2687
   64 848049961 848050378    417
   65 848050380 848053759   3379
   66 848053816 848054046    230
   67 848054048 848055295   1247
   68 848055297 848057640   2343
   69 848057642 848060420   2778
   70 848061077 848062002    925
   71 848062124 848062678    554
   72 848062680 848063304    624
   73 848065206 848066639   1433
   74 848071106 848072524   1418
   75 848072526 848073229    703
   76 848073231 848073304     73
   77 848094656 848094855    199
   78 848094857 848095633    776
   79 848097336 848099483   2147
   80 848099484 848102682   3198
   81 848102684 848105893   3209
   82 848105895 848106561    666
   83 848106563 848109564   3001
   84 848109565 848113626   4061
   85 848113628 848116007   2379
   86 848116009 848128676  12667
   87 848128678 848132553   3875
   88 848134064 848134871    807
   89 848134873 848135532    659
   90 848139050 848139931    881
   91 848139933 848140529    596
   92 848140530 848140680    150
   93 848140682 848140711     29
   94 848140713 848143820   3107
   95 848143821 848144319    498
   96 848144321 848146556   2235
   97 848146558 848146622     64
   98 848146626 848146640     14
   99 848146643 848146648      5
  100 848146650 848146689     39
  101 848147877 848147941     64
  102 848147943 848148383    440
  103 848149404 848151634   2230
  104 848151636 848152356    720
  105 848153567 848154318    751
  106 848157275 848157967    692
  107 848158008 848158722    714
  108 848161308 848161325     17
  109 848161326 848161957    631
  110 848163106 848164915   1809
  111 848182704 848186761   4057
  112 848186808 848193793   6985
  113 848193856 848194525    669
  114 848195862 848196012    150
  115 848196554 848196951    397
  116 848197098 848202663   5565
  117 848202665 848205513   2848
  118 848205577 848211624   6047
  119 848211688 848214602   2914
  120 848214604 848214723    119
  121 848214725 848215177    452
  122 848216194 848219176   2982
  123 848219178 848219831    653
  124 848220644 848222879   2235
  125 848224373 848225352    979
  126 848225354 848226361   1007
  127 848230284 848235447   5163
  128 848236425 848236753    328
  129 848238232 848238608    376
  130 848238672 848240945   2273
  131 848243507 848243755    248
  132 848244858 848247293   2435
  133 848247295 848247398    103
  134 848258837 848259469    632
  135 848260275 848260668    393
  136 848260670 848267001   6331
  137 848267048 848268608   1560
  138 848268610 848270670   2060
  139 848270671 848272848   2177
  140 848273701 848275043   1342
  141 848275045 848275133     88
  142 848281229 848283993   2764
  143 848284042 848291409   7367
  144 848291465 848303696  12231
  145 848304536 848305177    641
  146 848305312 848305706    394
  147 848305707 848306643    936
  148 848307462 848311732   4270
  149 848311734 848313225   1491
  150 848313282 848316850   3568
  151 848317907 848318542    635
  152 848318544 848323410   4866
  153 848324256 848329732   5476
  154 848331015 848331557    542
  155 848331559 848332205    646
  156 848332207 848332390    183
  157 848334251 848334293     42
  158 848334295 848334507    212
  159 848334774 848334925    151
  160 848334926 848337010   2084
  161 848337012 848341852   4840
  162 848341854 848345012   3158
  163 848345116 848346467   1351
  164 848346468 848350079   3611
  165 848350081 848354510   4429
  166 848354511 848354651    140
  167 848354653 848359729   5076
  168 848359731 848361200   1469
  169 848361202 848361625    423
  170 848362971 848368785   5814
  171 848368787 848385241  16454
  172 848385304 848390660   5356
  173 848391679 848396249   4570
  174 848396313 848398706   2393
  175 848398708 848405190   6482
  176 848405192 848407448   2256
  177 848407450 848407471     21
  178 848407473 848408544   1071
  179 848408546 848408961    415
  180 848409024 848409080     56
  181 848422343 848425530   3187
  182 848426800 848430984   4184
  183 848433740 848433946    206
  184 848434036 848434279    243
  185 848435370 848435493    123
  186 848435494 848435720    226
  187 848436602 848439148   2546
  188 848441053 848441072     19
  189 848441136 848445491   4355
  190 848445832 848452296   6464
  191 848452298 848453287    989
  192 848453289 848454585   1296
  193 848454587 848456466   1879
  194 848456513 848461213   4700
  195 848461215 848475311  14096
  196 848476115 848481827   5712
  197 848481829 848488841   7012
  198 848488896 848493672   4776
  199 848497787 848498897   1110
  200 848498961 848502439   3478
  201 848502647 848507857   5210
  202 848507905 848507968     63
  203 848508111 848517161   9050
  204 848517224 848522937   5713
  205 848522984 848531977   8993
  206 848532041 848538338   6297
  207 848538340 848539190    850
  208 848539338 848541589   2251
  209 848541591 848543632   2041
  210 848543696 848551832   8136
  211 848551834 848553576   1742
  212 848553578 848554024    446
  213 848554026 848554252    226
  214 848554254 848555050    796
  215 848555052 848555199    147
  216 848555201 848560384   5183
  217 848560386 848562257   1871
  218 848562259 848562566    307
  219 848563641 848564193    552
  220 848564194 848565775   1581
  221 848565776 848566049    273
  222 848566143 848568742   2599
  223 848568897 848569340    443
  224 848569401 848570573   1172
  225 848570575 848571077    502
  226 848571079 848572604   1525
  227 848572691 848574725   2034
  228 848576661 848577103    442
  229 848577105 848577374    269
  230 848582113 848582170     57
  231 848582390 848582530    140
  232 848582531 848582619     88
  233 848582621 848582655     34
  234 848583046 848604273  21227
  235 848608321 848613682   5361
  236 848613729 848623016   9287
  237 848623144 848647603  24459
  238 848649542 848651077   1535
  239 848655023 848661995   6972
  240 848663311 848665479   2168
  241 848666392 848671276   4884
  242 848673682 848677355   3673
  243 848677412 848687041   9629
  244 848687088 848690278   3190
  245 848692517 848696448   3931
  246 848696666 848701582   4916
  247 848701584 848702820   1236
  248 848702822 848712961  10139
  249 848713096 848714522   1426
  250 848714524 848717921   3397
  251 848718560 848722425   3865
  252 848722473 848722879    406
  253 848727759 848728289    530
  254 848728345 848733081   4736
  255 848733083 848735070   1987
  256 848736031 848738231   2200
  257 848738995 848743929   4934
  258 848743976 848744196    220
  259 848747691 848750402   2711
  260 848750465 848754122   3657
  261 848754124 848755475   1351
  262 848756423 848756987    564
  263 848757399 848757602    203
  264 848757649 848760941   3292
  265 848819496 848819947    451
  266 848819949 848822869   2920
  267 848822870 848824444   1574
  268 848825511 848826372    861
  269 848826374 848828180   1806
  270 848828182 848829692   1510
  271 848829748 848830004    256
  272 848830006 848837312   7306
  273 848837314 848841487   4173
  274 848842906 848843912   1006
  275 848846184 848846469    285
  276 848881440 848881750    310
  277 848881752 848883710   1958
  278 848883712 848886386   2674
  279 848886388 848887464   1076
  280 848902296 848902617    321
  281 848902811 848903197    386
  282 848903567 848905930   2363
  283 848905932 848906952   1020
  284 848907069 848907580    511
  285 848907582 848907774    192
  286 848907776 848910143   2367
  287 848911451 848913602   2151
  288 848913694 848914959   1265
  289 848914961 848917705   2744
  290 848917894 848918129    235
  291 848918131 848919465   1334
  292 848919466 848922250   2784
  293 848922509 848922691    182
  294 848922836 848923584    748
  295 848938105 848938957    852
  296 848941343 848949218   7875
  297 848949338 848953672   4334
  298 848953674 848954332    658
  299 848954406 848956851   2445
  300 848956907 848957339    432
  301 849041598 849041603      5
  302 849041620 849046951   5331
  303 849046952 849049768   2816
  304 849049910 849052401   2491
  305 849053636 849055553   1917
  306 849055555 849056273    718
  307 849056275 849056635    360
  308 849056755 849058144   1389
  309 849058146 849062597   4451
  310 849062599 849064843   2244
  311 849064844 849065363    519
  312 849065365 849068353   2988
  313 849068355 849070470   2115
  314 849070780 849071402    622
  315 849071644 849072643    999
  316 849072706 849076811   4105
  317 849076813 849078854   2041
  318 849078856 849083753   4897
  319 849085197 849086287   1090
  320 849086289 849090540   4251
  321 849090642 849091136    494
  322 849091137 849092515   1378
  323 849092629 849093358    729
  324 849093738 849093872    134
  325 849093993 849095951   1958
  326 849095953 849098084   2131
  327 849098086 849098195    109
  328 849099417 849100672   1255
  329 849100674 849101188    514
  330 849101815 849102199    384
  331 849102201 849103090    889
  332 849103092 849108498   5406
  333 849108500 849109772   1272
  334 849109905 849110677    772
  335 849110679 849111141    462
  336 849113196 849113856    660
  337 849113858 849114775    917
  338 849114840 849114918     78
  339 849115008 849116728   1720
  340 849117913 849119622   1709
  341 849120359 849120682    323
  342 849120730 849122988   2258
  343 849122990 849126523   3533
  344 849128459 849129064    605
  345 849129261 849130936   1675
  346 849131042 849131107     65
  347 849131447 849131564    117
  348 849131755 849132045    290
  349 849132190 849133479   1289
  350 849133626 849137907   4281
  351 849138077 849141945   3868
  352 849141947 849142859    912
  353 849142861 849143986   1125
  354 849144114 849144241    127
  355 849144242 849145029    787
  356 849145030 849145305    275
  357 849145531 849149004   3473
  358 849149006 849149929    923
  359 849150050 849153627   3577
  360 849153674 849156407   2733
  361 849156408 849158074   1666
  362 849158076 849158487    411
  363 849158489 849158866    377
  364 849159486 849162595   3109
  365 849163306 849166484   3178
  366 849166487 849171235   4748
  367 849171237 849171272     35
  368 849171273 849172442   1169
  369 849172490 849172503     13
  370 849175382 849175625    243
  371 849175627 849175923    296
  372 849175925 849177207   1282
  373 849177209 849177594    385
  374 849177597 849178014    417
  375 849178017 849178359    342
  376 849178360 849178702    342
  377 849180395 849181101    706
  378 849181102 849181124     22
  379 849181126 849181334    208
  380 849181336 849181438    102
  381 849181439 849181560    121
  382 849181570 849183467   1897
  383 849183469 849183579    110
  384 849183907 849185771   1864
  385 849185827 849189042   3215
  386 849189044 849190011    967
  387 849190166 849190209     43
  388 849190317 849190464    147
  389 849190639 849191360    721
  390 849191361 849197491   6130
  391 849197547 849204138   6591
  392 849204140 849204950    810
  393 849204952 849214560   9608
  394 849219912 849220531    619
  395 849220579 849224285   3706
  396 849224287 849227067   2780
  397 849227069 849230485   3416
  398 849230487 849232544   2057
  399 849232545 849232736    191
  400 849232737 849234931   2194
  401 849234978 849236200   1222
  402 849236202 849240387   4185
  403 849240451 849254241  13790
  404 849255311 849255789    478
  405 849255790 849256612    822
  406 849256614 849260589   3975
  407 849260668 849261972   1304
  408 849261974 849263963   1989
  409 849264010 849264895    885
  410 849264896 849266913   2017
  411 849266915 849267770    855
  412 849267772 849267901    129
  413 849267904 849268971   1067
  414 849269302 849269685    383
  415 849270202 849270449    247
  416 849270452 849270454      2
  417 849270459 849270466      7
  418 849270468 849272368   1900
  419 849272370 849274940   2570
  420 849302160 849302301    141
  421 849302303 849306493   4190
  422 849307164 849308396   1232
  423 849308398 849309898   1500
  424 849310018 849315684   5666
  425 849315685 849318877   3192
  426 849318879 849320174   1295
  427 849320176 849321811   1635
  428 849322055 849324555   2500
  429 849324556 849325123    567
  430 849325171 849328164   2993
  431 849328166 849329321   1155
  432 849329323 849332709   3386
  433 849332711 849336474   3763
  434 849336594 849336683     89
  435 849336684 849340741   4057
  436 849348026 849354645   6619
  437 849354647 849355239    592
  438 849355241 849356855   1614
  439 849357035 849358271   1236
  440 849358273 849359522   1249
  441 849359524 849360995   1471
  442 849361043 849361305    262
  443 849361308 849364127   2819
  444 849364129 849364869    740
  445 849380200 849380942    742
  446 849381435 849381438      3
  447 849381624 849382934   1310
  448 849383138 849383221     83
  449 849383223 849383307     84
  450 849383363 849384449   1086
  451 849384581 849384635     54
  452 849388137 849388421    284
  453 849388680 849389259    579
  454 849389315 849394919   5604
  455 849395007 849396840   1833
  456 849402058 849402990    932
  457 849403056 849406110   3054
  458 849422296 849423268    972
  459 849423270 849424242    972
  460 849424244 849428142   3898
  461 849428576 849430631   2055
  462 849431020 849435540   4520
  463 849449086 849449722    636
  464 849449778 849449990    212
  465 849449992 849450168    176
  466 849464863 849467448   2585
  467 849467660 849468421    761
  468 849468488 849468511     23
  469 849468679 849469913   1234
  470 849469915 849470459    544
  471 849471731 849473652   1921
  472 849473768 849477427   3659
  473 849477429 849479687   2258
  474 849480886 849481892   1006
  475 849481894 849488912   7018
  476 849489353 849490206    853
  477 849490281 849491540   1259
  478 849491542 849491716    174
  479 849492561 849495358   2797
  480 849495359 849502178   6819
  481 849502226 849509603   7377
  482 849509650 849514771   5121
  483 849516133 849522283   6150
  484 849522285 849524211   1926
  485 849524259 849526155   1896
  486 849526157 849526477    320
  487 849527978 849531898   3920
  488 849533277 849534914   1637
  489 849536210 849536465    255
  490 849536467 849542139   5672
  491 849542203 849542968    765
  492 849543175 849544825   1650
  493 849547237 849548110    873
  494 849548112 849552379   4267
  495 849566727 849567174    447
  496 849567176 849567656    480
  497 849568072 849569371   1299
  498 849569373 849584394  15021
  499 849584458 849594668  10210
  500 849594670 849597662   2992
  501 849597664 849601970   4306
  502 849603305 849613162   9857
  503 849613282 849614380   1098
  504 849614458 849614697    239
  505 849614699 849616829   2130
  506 849617655 849617951    296
  507 849619484 849638703  19219
  508 849640630 849644092   3462
  509 849644247 849645261   1014
  510 849645263 849645472    209
  511 849646840 849647076    236
  512 849647202 849648382   1180
  513 849648868 849649336    468
  514 849649481 849649709    228
  515 849656963 849663454   6491
  516 849663456 849670111   6655
  517 849671958 849676595   4637
  518 849676651 849683186   6535
  519 849683188 849686572   3384
  520 849687662 849687926    264
  521 849687928 849688180    252
  522 849688628 849688989    361
  523 849689108 849689482    374
  524 849689538 849697912   8374
  525 849697914 849697916      2
  526 849697918 849705167   7249
  527 849706206 849709198   2992
  528 849709614 849710665   1051
  529 849711675 849713443   1768
  530 849714922 849717121   2199
  531 849717385 849717666    281
  532 849717722 849717944    222
  533 849718182 849718264     82
  534 849718266 849718358     92
  535 849718573 849720351   1778
  536 849724395 849727693   3298
  537 849728053 849731067   3014
  538 849731115 849739786   8671
  539 849739788 849740043    255
  540 849740091 849743432   3341
  541 849744897 849745564    667
  542 849745566 849745830    264
  543 849746023 849746971    948
  544 849746972 849747373    401
  545 849747375 849748120    745
  546 849748122 849749990   1868
  547 849876867 849877178    311
  548 849877558 849878161    603
  549 849879026 849880293   1267
  550 849880358 849880360      2
  551 849881745 849881815     70
  552 849881910 849888167   6257
  553 849888283 849888291      8
  554 849888748 849888755      7
  555 849888900 849888924     24
  556 849889931 849890153    222
  557 849890323 849890343     20
  558 849890344 849890447    103
  559 849890582 849894460   3878
  560 849921319 849921430    111
  561 849921432 849922080    648
  562 849922081 849924473   2392
  563 849924541 849926632   2091
  564 849926634 849928063   1429
  565 849928064 849929057    993
  566 849929059 849931207   2148
  567 849931209 849933002   1793
  568 849933004 849936903   3899
  569 849936906 849940526   3620
  570 849940528 849940654    126
  571 849941060 849944530   3470
  572 849944532 849947811   3279
  573 849948013 849948380    367
  574 849948548 849949074    526
  575 849949528 849953245   3717
  576 849953247 849955651   2404
  577 849955699 849958798   3099
  578 849958800 849959250    450
  579 849959252 849964207   4955
  580 849964209 849965212   1003
  581 849965214 849966614   1400
  582 850003342 850003704    362
  583 850003706 850004105    399
  584 850004169 850004577    408
  585 850004688 850005268    580
  586 850005467 850012327   6860
  587 850014380 850015473   1093
  588 850015475 850020851   5376
  589 850020906 850039427  18521
  590 850039491 850047204   7713
  591 850047375 850047446     71
  592 850047630 850048781   1151
  593 850048783 850054335   5552
  594 850056004 850056843    839
  595 850056922 850056974     52
  596 850057068 850057071      3
  597 850057331 850063813   6482
  598 850063814 850080073  16259
  599 850080297 850080378     81
  600 850080704 850081731   1027
  601 850081779 850085415   3636
  602 850085478 850087996   2518
  603 850089005 850100029  11024
  604 850100031 850105335   5304
  605 850105336 850114043   8707
  606 850114045 850115161   1116
  607 850116961 850122330   5369
  608 850122458 850132870  10412
  609 850132991 850133827    836
  610 850133876 850134350    474
  611 850136967 850138575   1608
  612 850138577 850142121   3544
  613 850143854 850144845    991
  614 850145645 850148113   2468
  615 850148222 850148470    248
  616 850148730 850150100   1370
  617 850151023 850156082   5059
  618 850156084 850160966   4882
  619 850161614 850166916   5302
  620 850166971 850169054   2083
  621 850169823 850179650   9827
  622 850179698 850190597  10899
  623 850190719 850190779     60
  624 850190843 850191695    852
  625 850192436 850194312   1876
  626 850194314 850202029   7715
  627 850202031 850204668   2637
  628 850205574 850217691  12117
  629 850217756 850221611   3855
  630 850222807 850227943   5136
  631 850229512 850229704    192
  632 850230584 850230685    101
  633 850230687 850232879   2192
  634 850234351 850236894   2543
  635 850237383 850239496   2113
  636 850242000 850242101    101
  637 850242732 850243371    639
  638 850243501 850243634    133
  639 850245577 850247215   1638
  640 850247282 850251893   4611
  641 850253500 850258786   5286
  642 850258908 850259037    129
  643 850259095 850265061   5966
  644 850265063 850266508   1445
  645 850266510 850271102   4592
  646 850271168 850271723    555
  647 850271771 850272811   1040
  648 850272813 850285817  13004
  649 850285819 850287649   1830
  650 850294259 850296399   2140
  651 850296401 850296641    240
  652 850296643 850299203   2560
  653 850299251 850301025   1774
  654 850301027 850307808   6781
  655 850307809 850308488    679
  656 850311124 850313365   2241
  657 850313604 850313630     26
  658 850313876 850314174    298
  659 850317324 850318297    973
  660 850320380 850323538   3158
  661 850323540 850326855   3315
  662 850327281 850328370   1089
  663 850328372 850328898    526
  664 850328977 850329029     52
  665 850329031 850329249    218
  666 850329318 850329555    237
  667 850329618 850332131   2513
  668 850332196 850341228   9032
  669 850341230 850344724   3494
  670 850344786 850345499    713
  671 850345556 850345700    144
  672 850345856 850347493   1637
  673 850347495 850347528     33
  674 850351203 850352115    912
  675 850352187 850368819  16632
  676 850368866 850374087   5221
  677 850376438 850376790    352
  678 850376842 850379206   2364
  679 850380897 850382171   1274
  680 850382288 850383756   1468
  681 850383819 850394618  10799
  682 850394666 850398368   3702
  683 850406205 850406625    420
  684 850406627 850411720   5093
  685 850411722 850412844   1122
  686 850412846 850413007    161
  687 850413009 850413460    451
  688 850413462 850414028    566
  689 850414030 850414059     29
  690 850414061 850416052   1991
  691 850416054 850416123     69
  692 850416125 850416163     38
  693 850416165 850416249     84
  694 850416251 850417050    799
  695 850417052 850418511   1459
  696 850418513 850421582   3069
  697 850421584 850422066    482
  698 850422115 850424674   2559
  699 850424725 850424782     57
  700 850424846 850425563    717
  701 850426040 850433033   6993
  702 850433046 850433686    640
  703 850433823 850440693   6870
  704 850440694 850444107   3413
  705 850444163 850452743   8580
  706 850452744 850452947    203
  707 850453535 850453689    154
  708 850453768 850453771      3
  709 850453773 850453829     56
  710 850453831 850453971    140
  711 850453973 850454013     40
  712 850454014 850454030     16
  713 850454032 850454615    583
  714 850454617 850455235    618
  715 850455298 850455621    323
  716 850455623 850456842   1219
  717 850456843 850458686   1843
  718 850458853 850462187   3334
  719 850462188 850462193      5
  720 850462195 850462459    264
  721 850463689 850473089   9400
  722 850473091 850474316   1225
  723 850474318 850474760    442
  724 850474761 850475215    454
  725 850475217 850481030   5813
  726 850481032 850481507    475
  727 850481509 850482337    828
  728 850483263 850484287   1024
  729 850484920 850489631   4711
  730 850491682 850494358   2676
  731 850494617 850494742    125
  732 850496279 850496344     65
  733 850500666 850502856   2190
  734 850503977 850505466   1489
  735 850507010 850508883   1873
  736 850508938 850510473   1535
  737 850510627 850511980   1353
  738 850513027 850514267   1240
  739 850514412 850514431     19
  740 850514436 850514835    399
  741 850515155 850515839    684
  742 850515953 850519050   3097
  743 850519216 850526234   7018
  744 850526296 850527236    940
  745 850527298 850534394   7096
  746 850534396 850534565    169
  747 850534567 850535011    444
  748 850535059 850536340   1281
  749 850537626 850547567   9941
  750 850549135 850549221     86
  751 850549428 850550085    657
  752 850550263 850552109   1846
  753 850552111 850556689   4578
  754 850557367 850561161   3794
  755 850561163 850561850    687
  756 850561852 850562836    984
  757 850562882 850566377   3495
  758 850566378 850567920   1542
  759 850567922 850569302   1380
  760 850570329 850571681   1352
  761 850573638 850575962   2324
  762 850593377 850593546    169
  763 850593547 850596285   2738
  764 850600373 850601331    958
  765 850603395 850604162    767
  766 850604209 850604907    698
  767 850605036 850607401   2365
  768 850607403 850609718   2315
  769 850609720 850610544    824
  770 850611271 850620387   9116
  771 850620450 850630539  10089
  772 850630603 850632828   2225
  773 850634140 850648441  14301
  774 850649501 850657358   7857
  775 850658543 850660647   2104
  776 850662019 850669089   7070
  777 850673646 850679083   5437
  778 850679131 850683588   4457
  779 850683590 850689737   6147
  780 850689910 850693762   3852
  781 850693898 850717885  23987
  782 850717887 850720597   2710
  783 850721537 850724787   3250
  784 850724835 850740997  16162
  785 850741998 850743476   1478
  786 850743742 850749212   5470
  787 850750180 850760607  10427
  788 850760763 850760891    128
  789 850760939 850760954     15
  790 850761491 850762109    618
  791 850762253 850762300     47
  792 850762351 850762354      3
  793 850762860 850765292   2432
  794 850765294 850773551   8257
  795 850774195 850775032    837
  796 850775128 850776803   1675
  797 850776878 850777424    546
  798 850777426 850784974   7548
  799 850785106 850785192     86
  800 850785249 850793187   7938
  801 850793776 850808743  14967
  802 850808744 850809917   1173
  803 850812638 850816954   4316
  804 850816956 850822431   5475
  805 850822689 850824346   1657
  806 850824348 850825556   1208
  807 850825618 850831285   5667
  808 850831287 850832481   1194
  809 850833373 850834699   1326
  810 850834700 850838305   3605
  811 850838307 850840005   1698
  812 850840007 850853316  13309
  813 850853362 850853707    345
  814 850853709 850856908   3199
  815 850873731 850882045   8314
  816 850882046 850891237   9191
  817 850891238 850893108   1870
  818 850896360 850896611    251
  819 850896613 850896917    304
  820 850896919 850899563   2644
  821 850899627 850912540  12913
  822 850914436 850920457   6021
  823 850920526 850923168   2642
  824 850923170 850923440    270
  825 850923442 850924811   1369
  826 850924867 850925663    796
  827 850925772 850927478   1706
  828 850929537 850930622   1085
  829 850930691 850931219    528
  830 850931276 850931377    101
  831 850931378 850931613    235
  832 850932349 850944619  12270
  833 850944620 850946981   2361
  834 850952192 850955643   3451
  835 850955699 850956271    572
  836 850956273 850961388   5115
  837 850961390 850961544    154
  838 850961546 850969290   7744
  839 850970175 850972275   2100
  840 850972277 850976287   4010
  841 850976289 850977283    994
  842 850979036 850979532    496
  843 850980360 850985146   4786
  844 850985450 850992491   7041
  845 850992493 851001741   9248
  846 851001743 851003198   1455
  847 851005401 851005567    166
  848 851005707 851005802     95
  849 851005804 851021018  15214
  850 851021020 851038152  17132
  851 851038154 851038335    181
  852 851038337 851044802   6465
  853 851044850 851048315   3465
  854 851048317 851049999   1682
  855 851053844 851056213   2369
  856 851056333 851062585   6252
  857 851131809 851131842     33
  858 851131844 851132330    486
  859 851133823 851134385    562
  860 851134387 851136068   1681
  861 851136069 851139813   3744
  862 851139815 851143797   3982
  863 851143859 851144860   1001
  864 851144861 851149962   5101
  865 851152118 851153850   1732
  866 851153898 851159739   5841
  867 851161265 851168079   6814
  868 851168081 851170148   2067
  869 851171301 851171786    485
