    1 828711884 828711885      1
    2 828712326 828712327      1
    3 828713921 828713923      2
    4 828951145 828958647   7502
    5 828958655 828958838    183
    6 828958973 828961499   2526
    7 828962280 828962704    424
    8 828962705 828965948   3243
    9 828966898 828967462    564
   10 828967531 828968106    575
   11 828968169 828969082    913
   12 828969605 828975234   5629
   13 828975282 828976971   1689
   14 829033384 829033553    169
   15 829033554 829033980    426
   16 829033982 829035160   1178
   17 829036100 829036422    322
   18 829036424 829044633   8209
   19 829044689 829048354   3665
   20 829048466 829052807   4341
   21 829053006 829053387    381
   22 829053467 829054422    955
   23 829055401 829057523   2122
   24 829131452 829136671   5219
   25 829137452 829137508     56
   26 829137663 829144597   6934
   27 829144599 829144742    143
   28 829144743 829144759     16
   29 829145870 829148474   2604
   30 829148522 829150951   2429
   31 829151045 829156204   5159
   32 829156302 829156710    408
   33 829157753 829159052   1299
   34 829159127 829166368   7241
   35 829166616 829168150   1534
   36 829168152 829175527   7375
   37 829203282 829205041   1759
   38 829205105 829206496   1391
   39 829207489 829213988   6499
   40 829214751 829217298   2547
   41 829217362 829218390   1028
   42 829218392 829229279  10887
   43 829230721 829231351    630
   44 829232436 829234545   2109
   45 829234593 829239441   4848
   46 829240609 829242085   1476
   47 829242087 829242572    485
   48 829242574 829242763    189
   49 829244804 829246424   1620
   50 829246654 829246883    229
   51 829246884 829249163   2279
   52 829249165 829251102   1937
   53 829251103 829251168     65
   54 829251170 829251173      3
   55 829251174 829251551    377
   56 829251553 829252423    870
   57 829252426 829252746    320
   58 829252761 829258630   5869
   59 829277639 829283754   6115
   60 829283756 829293530   9774
   61 829294624 829303586   8962
   62 829304616 829311089   6473
   63 829311137 829311197     60
   64 829311366 829311607    241
   65 829311800 829315263   3463
   66 829315265 829317341   2076
   67 829318662 829322499   3837
   68 829322966 829325703   2737
   69 829326702 829326736     34
   70 829326856 829331945   5089
   71 829332057 829332211    154
   72 829334778 829336265   1487
   73 829336427 829338249   1822
   74 829338305 829340713   2408
   75 829340715 829342476   1761
   76 829342478 829342485      7
   77 829342620 829342751    131
   78 829343087 829343954    867
   79 829344321 829345996   1675
   80 829347366 829354618   7252
   81 829354682 829356296   1614
   82 829360098 829366724   6626
   83 829367645 829370770   3125
   84 829370905 829371672    767
   85 829372290 829373243    953
   86 829375904 829377587   1683
   87 829377866 829377978    112
   88 829378026 829389071  11045
   89 829389073 829391265   2192
   90 829391313 829391836    523
   91 829391838 829391907     69
   92 829393209 829395748   2539
   93 829397442 829399556   2114
   94 829400027 829400980    953
   95 829401051 829406689   5638
   96 829408551 829410194   1643
   97 829410314 829411411   1097
   98 829415648 829415712     64
   99 829415714 829418093   2379
  100 829418095 829419530   1435
  101 829419532 829422545   3013
  102 829422619 829423854   1235
  103 829427302 829429584   2282
  104 829431011 829433258   2247
  105 829433260 829439728   6468
  106 829439730 829439969    239
  107 829440046 829440259    213
  108 829440261 829442750   2489
  109 829442814 829444270   1456
  110 829444272 829446461   2189
  111 829446524 829447770   1246
  112 829448223 829452577   4354
  113 829452629 829455639   3010
  114 829455641 829457463   1822
  115 829457526 829458321    795
  116 829458542 829458845    303
  117 829458846 829465290   6444
  118 829467607 829473107   5500
  119 829473109 829475493   2384
  120 829475543 829475705    162
  121 829475707 829481087   5380
  122 829482325 829482370     45
  123 829487334 829493848   6514
  124 829493957 829496248   2291
  125 829496306 829497270    964
  126 829497318 829500442   3124
  127 829500444 829500861    417
  128 829501044 829502629   1585
  129 829502631 829505249   2618
  130 829512088 829515229   3141
  131 829515330 829516086    756
  132 829517536 829517890    354
  133 829517964 829518107    143
  134 829518258 829518579    321
  135 829518581 829518977    396
  136 829523590 829533397   9807
  137 829534432 829543629   9197
  138 829545388 829553028   7640
  139 829553030 829553190    160
  140 829556208 829557303   1095
  141 829557366 829562375   5009
  142 829563323 829563630    307
  143 829563632 829567258   3626
  144 829568557 829569193    636
  145 829569195 829571844   2649
  146 829573158 829578768   5610
  147 829578951 829580927   1976
  148 829580979 829581156    177
  149 829582338 829584088   1750
  150 829584711 829585227    516
  151 829586008 829586914    906
  152 829586916 829593622   6706
  153 829596963 829599718   2755
  154 829599784 829604076   4292
  155 829609625 829611356   1731
  156 829636490 829637763   1273
  157 829641766 829642720    954
  158 829645191 829645280     89
  159 829645282 829647638   2356
  160 829647686 829654496   6810
  161 829663397 829664432   1035
  162 829665290 829665947    657
  163 829666644 829668127   1483
  164 829669307 829675112   5805
  165 829675114 829675883    769
  166 829676788 829678039   1251
  167 829679668 829679726     58
  168 829679966 829680270    304
  169 829680326 829681749   1423
  170 829683714 829683904    190
  171 829683959 829686142   2183
  172 829686197 829686958    761
  173 829688864 829689158    294
  174 829689271 829689492    221
  175 829689494 829693234   3740
  176 829693872 829694783    911
  177 829695141 829695864    723
  178 829695866 829703600   7734
  179 829703602 829704718   1116
  180 829704842 829708973   4131
  181 829708975 829709009     34
  182 829709010 829714222   5212
  183 829714285 829727630  13345
  184 829727694 829727965    271
  185 829733853 829736345   2492
  186 829736917 829745893   8976
  187 829745957 829753436   7479
  188 829753549 829754816   1267
  189 829756027 829758358   2331
  190 829758406 829763474   5068
  191 829766576 829767063    487
  192 829767189 829771913   4724
  193 829771914 829772180    266
  194 829772182 829772557    375
  195 829772605 829781005   8400
  196 829781007 829782157   1150
  197 829782158 829785198   3040
  198 829785254 829785939    685
  199 829785941 829787366   1425
  200 829787368 829788232    864
  201 829788437 829795148   6711
  202 829797120 829809515  12395
  203 829812363 829813160    797
  204 829816650 829824954   8304
  205 829828433 829835888   7455
  206 829838131 829845691   7560
  207 829845693 829845696      3
  208 829845698 829849048   3350
  209 829849237 829855826   6589
  210 829858759 829865411   6652
  211 829869973 829869985     12
  212 829870115 829877212   7097
  213 829878541 829884515   5974
  214 829884517 829884792    275
  215 829886520 829895932   9412
  216 829897851 829909562  11711
  217 829909564 829909697    133
  218 829910763 829916699   5936
  219 829917415 829925371   7956
  220 829925373 829925673    300
  221 829927250 829927750    500
  222 829927754 829928889   1135
  223 829929394 829937117   7723
  224 829937682 829938496    814
  225 829938498 829938521     23
  226 829938523 829938911    388
  227 829938913 829941501   2588
  228 829941578 829942396    818
  229 829943322 829943326      4
  230 829943514 829943662    148
  231 829943686 829946308   2622
  232 829947598 829947623     25
  233 829948229 829964273  16044
  234 829965200 829973804   8604
  235 829973805 829983208   9403
  236 829986242 829986970    728
  237 829986972 829997222  10250
  238 829999386 830005136   5750
  239 830006838 830007486    648
  240 830038536 830038833    297
  241 830038835 830040024   1189
  242 830040026 830043235   3209
  243 830043237 830043959    722
  244 830044211 830044748    537
  245 830044749 830052115   7366
  246 830052170 830052427    257
  247 830052429 830059330   6901
  248 830059378 830072194  12816
  249 830074327 830085860  11533
  250 830086090 830088502   2412
  251 830089307 830089448    141
  252 830091857 830094109   2252
  253 830094111 830094721    610
  254 830097704 830111266  13562
  255 830111395 830113218   1823
  256 830113392 830129386  15994
  257 830129435 830135820   6385
  258 830136146 830138795   2649
  259 830138858 830139007    149
  260 830139009 830156186  17177
  261 830156250 830158257   2007
  262 830160079 830173992  13913
  263 830175332 830180146   4814
  264 830180775 830180934    159
  265 830181939 830182027     88
  266 830182462 830182978    516
  267 830190530 830191526    996
  268 830191583 830191872    289
  269 830192028 830192053     25
  270 830192117 830192549    432
  271 830192606 830192842    236
  272 830192890 830193340    450
  273 830193430 830194233    803
  274 830215516 830221036   5520
  275 830221038 830222693   1655
  276 830222766 830222867    101
  277 830222869 830223191    322
  278 830223193 830226342   3149
  279 830226344 830227910   1566
  280 830229565 830229690    125
  281 830229691 830230006    315
  282 830230109 830240586  10477
  283 830240588 830242036   1448
  284 830244486 830245691   1205
  285 830245693 830247642   1949
  286 830247644 830247684     40
  287 830247686 830248982   1296
  288 830248984 830258230   9246
  289 830258296 830260846   2550
  290 830264097 830269922   5825
  291 830270051 830270124     73
  292 830270188 830271202   1014
  293 830271250 830272302   1052
  294 830273621 830274367    746
  295 830275490 830275560     70
  296 830275640 830282204   6564
  297 830282331 830283220    889
  298 830283485 830285162   1677
  299 830285166 830285275    109
  300 830287812 830290753   2941
  301 830290907 830291890    983
  302 830292079 830297241   5162
  303 830297308 830301378   4070
  304 830301435 830301708    273
  305 830302208 830302948    740
  306 830303010 830304412   1402
  307 830304502 830310128   5626
  308 830310335 830310366     31
  309 830310431 830311006    575
  310 830311826 830315769   3943
  311 830315969 830320106   4137
  312 830320166 830320435    269
  313 830320482 830328425   7943
  314 830330312 830330336     24
  315 830330909 830331902    993
  316 830332861 830341921   9060
  317 830343831 830343963    132
  318 830344813 830344895     82
  319 830345208 830347410   2202
  320 830347475 830347493     18
  321 830349220 830350932   1712
  322 830358004 830358147    143
  323 830358149 830358677    528
  324 830358679 830360369   1690
  325 830360371 830361143    772
  326 830361146 830361487    341
  327 830399967 830400008     41
  328 830400010 830400179    169
  329 830404301 830404463    162
  330 830404466 830404872    406
  331 830405798 830405879     81
  332 830406620 830406704     84
  333 830406705 830406712      7
  334 830406714 830406731     17
  335 830408849 830409377    528
  336 830411015 830411093     78
  337 830411096 830411127     31
  338 830411130 830411175     45
  339 830411178 830411628    450
  340 830411630 830411724     94
  341 830412762 830412822     60
  342 830414468 830414614    146
  343 830416645 830416657     12
  344 830417552 830417774    222
  345 830417777 830417785      8
  346 830418967 830419314    347
  347 830426577 830427086    509
  348 830427088 830427946    858
  349 830429396 830430501   1105
  350 830430503 830433184   2681
  351 830434103 830434150     47
  352 830434152 830434197     45
  353 830435929 830437170   1241
  354 830437171 830437440    269
  355 830437441 830438764   1323
  356 830440900 830441120    220
  357 830441122 830442542   1420
  358 830442544 830443469    925
  359 830446029 830447106   1077
  360 830447108 830447800    692
  361 830447803 830447837     34
  362 830447839 830448874   1035
  363 830450137 830450514    377
  364 830455385 830455477     92
  365 830456294 830457150    856
  366 830457957 830460329   2372
  367 830482707 830484165   1458
  368 830484167 830484479    312
  369 830484481 830484685    204
  370 830484687 830489810   5123
  371 830501692 830501892    200
  372 830501894 830502193    299
  373 830503715 830505229   1514
  374 830505231 830505241     10
  375 830513480 830518074   4594
  376 830518075 830518123     48
  377 830518125 830518179     54
  378 830518181 830518188      7
  379 830518191 830518242     51
  380 830518244 830518295     51
  381 830518297 830518309     12
  382 830518310 830518332     22
  383 830518333 830518351     18
  384 830518354 830518395     41
  385 830519163 830523160   3997
  386 830523329 830524791   1462
  387 830525570 830527832   2262
  388 830528602 830529503    901
  389 830529670 830530784   1114
  390 830531679 830535942   4263
  391 830536714 830539470   2756
  392 830539571 830539891    320
  393 830539893 830540154    261
  394 830541678 830542968   1290
  395 830544082 830550661   6579
  396 830552555 830552814    259
  397 830552817 830552832     15
  398 830552834 830553237    403
  399 830553239 830553295     56
  400 830553297 830553444    147
  401 830555901 830556168    267
  402 830556183 830566869  10686
  403 830567080 830568489   1409
  404 830569404 830574625   5221
  405 830576110 830587817  11707
  406 830590330 830591168    838
  407 830592314 830607027  14713
  408 830607178 830607320    142
  409 830607744 830611152   3408
  410 830614037 830614965    928
  411 830615019 830617276   2257
  412 831174052 831174851    799
  413 831174852 831175242    390
  414 831175306 831176321   1015
  415 831176323 831180116   3793
  416 831181312 831181596    284
  417 831182632 831183296    664
  418 831184323 831187357   3034
  419 831187411 831191238   3827
  420 831193098 831194372   1274
  421 831194374 831194393     19
  422 831195880 831198427   2547
  423 831198429 831198432      3
  424 831198434 831199730   1296
  425 831199732 831200538    806
  426 831202376 831202939    563
  427 831203671 831209713   6042
  428 831209809 831209877     68
  429 831213252 831213511    259
  430 831214996 831215819    823
  431 831216852 831217053    201
  432 831217055 831217228    173
  433 831217451 831217665    214
  434 831255143 831255289    146
  435 831255291 831255733    442
  436 831255735 831255948    213
  437 831279997 831283684   3687
  438 831284300 831290217   5917
  439 831290219 831290229     10
  440 831290230 831290718    488
  441 831290719 831290815     96
  442 831290816 831291085    269
  443 831292589 831292934    345
  444 831292989 831295988   2999
  445 831297390 831297563    173
  446 831297565 831299193   1628
  447 831299197 831303522   4325
  448 831303524 831304047    523
  449 831304049 831305416   1367
  450 831305418 831306281    863
  451 831306283 831306445    162
  452 831306509 831306627    118
  453 831308768 831310005   1237
  454 831310008 831310009      1
  455 831310012 831310013      1
  456 831321363 831325745   4382
  457 831326353 831330965   4612
  458 831339221 831348424   9203
  459 831351055 831351878    823
  460 831351926 831353455   1529
  461 831353457 831354265    808
  462 831354267 831356713   2446
  463 831356715 831356773     58
  464 831361000 831362613   1613
  465 831362661 831363196    535
  466 831363214 831364364   1150
  467 831364366 831364888    522
  468 831364890 831365068    178
  469 831367534 831368104    570
  470 831368106 831368124     18
  471 831368126 831368158     32
  472 831368161 831369215   1054
  473 831372195 831372396    201
  474 831406356 831406446     90
  475 831406448 831406522     74
  476 831420009 831425648   5639
  477 831425650 831429062   3412
  478 831429117 831437110   7993
  479 831437112 831437127     15
  480 831441786 831450798   9012
  481 831450845 831451215    370
  482 831451217 831451301     84
  483 831451303 831451399     96
  484 831452376 831462618  10242
  485 831463325 831466451   3126
  486 831468296 831469741   1445
  487 831469815 831474015   4200
  488 831474017 831474476    459
  489 831474479 831477466   2987
  490 831477683 831477774     91
  491 831477775 831477872     97
  492 831477875 831478396    521
  493 831478398 831478603    205
  494 831478606 831479249    643
  495 831479251 831479443    192
  496 831479445 831480503   1058
  497 831480556 831481107    551
  498 831481109 831481186     77
  499 831481290 831483567   2277
  500 831484441 831484563    122
  501 831484565 831485505    940
  502 831485507 831485755    248
  503 831485757 831488413   2656
  504 831488415 831492125   3710
  505 831492127 831492272    145
  506 831493063 831494082   1019
  507 831496435 831496715    280
  508 831500226 831503894   3668
  509 831505244 831508195   2951
  510 831508197 831508209     12
  511 831508211 831512375   4164
  512 831512377 831512397     20
  513 831512399 831513434   1035
  514 831513436 831516434   2998
  515 831516436 831516612    176
  516 831518345 831523789   5444
  517 831523845 831524765    920
  518 831525984 831527275   1291
  519 831528305 831536344   8039
  520 831537191 831540631   3440
  521 831540633 831542547   1914
  522 831542548 831543451    903
  523 831544017 831545178   1161
  524 831545179 831545950    771
  525 831545998 831546078     80
  526 831546755 831554504   7749
  527 831554507 831556229   1722
  528 831556293 831561389   5096
  529 831561391 831561438     47
  530 831561440 831563262   1822
  531 831563309 831564520   1211
  532 831564818 831565658    840
  533 831565660 831565911    251
  534 831565913 831566025    112
  535 831566027 831568367   2340
  536 831569462 831571155   1693
  537 831571156 831571748    592
  538 831571750 831571881    131
  539 831571884 831571969     85
  540 831574395 831574960    565
  541 831574962 831576080   1118
  542 831576083 831576109     26
  543 831577676 831583722   6046
  544 831583724 831594202  10478
  545 831595567 831598207   2640
  546 831599286 831607612   8326
  547 831607614 831609445   1831
  548 831609965 831609967      2
  549 831610004 831621019  11015
  550 831621021 831623014   1993
  551 831623062 831626226   3164
  552 831626228 831626793    565
  553 831627863 831627906     43
  554 831631705 831633093   1388
  555 831633149 831638798   5649
  556 831638853 831644902   6049
  557 831645030 831650104   5074
  558 831656812 831657173    361
  559 831659148 831659820    672
  560 831661874 831662000    126
  561 831662002 831662143    141
  562 831664854 831665073    219
  563 831667393 831668699   1306
  564 831669251 831669262     11
  565 831669263 831669294     31
  566 831669296 831669301      5
  567 831669303 831669615    312
  568 831670013 831672193   2180
  569 831672195 831672845    650
  570 831673423 831674717   1294
  571 831674719 831676996   2277
  572 831678061 831679320   1259
  573 831679785 831680128    343
  574 831680130 831680162     32
  575 831680164 831680590    426
  576 831680592 831682083   1491
  577 831682085 831689093   7008
  578 831689095 831694382   5287
  579 831694839 831697990   3151
  580 831697992 831698461    469
  581 831698987 831705014   6027
  582 831705142 831706446   1304
  583 831706448 831708942   2494
  584 831708944 831712547   3603
  585 831712549 831714449   1900
  586 831714451 831716290   1839
  587 831716292 831716760    468
  588 831718027 831718290    263
  589 831720301 831722945   2644
  590 831722947 831723347    400
  591 831723348 831725077   1729
  592 831725557 831731760   6203
  593 831731762 831731874    112
  594 831731876 831731909     33
  595 831731910 831731953     43
  596 831731955 831734192   2237
  597 831734194 831734289     95
  598 831735040 831735893    853
  599 831736210 831736384    174
  600 831736500 831738351   1851
  601 831739279 831740590   1311
  602 831743626 831744044    418
  603 831744047 831744252    205
  604 831748207 831748757    550
  605 831748914 831749749    835
  606 831751929 831752925    996
  607 831753511 831753704    193
  608 831754786 831756066   1280
  609 831756371 831758886   2515
  610 831758942 831759892    950
  611 831760059 831760228    169
  612 831764946 831767543   2597
  613 831767633 831769601   1968
  614 831769603 831772162   2559
  615 831772164 831772424    260
  616 831773445 831776902   3457
  617 831777897 831778095    198
  618 831778097 831780228   2131
  619 831780230 831780281     51
  620 831780283 831783619   3336
  621 831783620 831788186   4566
  622 831788188 831791071   2883
  623 831791206 831791435    229
  624 831793236 831797484   4248
  625 831798204 831798543    339
  626 831799247 831806746   7499
  627 831807548 831810267   2719
  628 831810269 831810282     13
  629 831810285 831810523    238
  630 831811184 831812037    853
  631 831825403 831825594    191
  632 831851345 831851417     72
  633 831854953 831856737   1784
  634 831856738 831856745      7
  635 831856748 831856753      5
  636 831856756 831856796     40
  637 831856798 831856918    120
  638 831858232 831858595    363
  639 831859568 831860701   1133
  640 831863971 831865455   1484
  641 831865457 831866975   1518
  642 831866976 831867033     57
  643 831867034 831867060     26
  644 831867062 831868982   1920
  645 831868984 831871918   2934
  646 831873278 831873435    157
  647 831876435 831880192   3757
  648 831880194 831880406    212
  649 831881134 831881750    616
  650 831881805 831885020   3215
  651 831886077 831898528  12451
  652 831899489 831903999   4510
  653 831905483 831905659    176
  654 831907111 831908100    989
  655 831910527 831910638    111
  656 831910857 831911629    772
  657 831920959 831921393    434
  658 831921523 831922255    732
  659 831923329 831924405   1076
  660 831926586 831928279   1693
  661 831928391 831928468     77
  662 831928470 831929583   1113
  663 831929700 831930868   1168
  664 831931101 831933980   2879
  665 831933983 831934122    139
  666 831934593 831936134   1541
  667 831936189 831936314    125
  668 831936316 831936550    234
  669 831937979 831938248    269
  670 831938251 831938252      1
  671 831938254 831938257      3
  672 831938259 831938412    153
  673 831940703 831941535    832
  674 831944172 831944814    642
  675 831944870 831946886   2016
  676 831947878 831953125   5247
  677 831953173 831965049  11876
  678 831965051 831966878   1827
  679 831968048 831971508   3460
  680 831972543 831973169    626
  681 831973171 831973522    351
  682 831974098 831975005    907
  683 831975636 831978424   2788
  684 831979811 831980048    237
  685 831980872 831983584   2712
  686 831983586 831986586   3000
  687 831987552 831990214   2662
  688 832029278 832030611   1333
  689 832030623 832031029    406
  690 832033064 832038798   5734
  691 832039705 832051296  11591
  692 832051298 832051333     35
  693 832052260 832054112   1852
  694 832055032 832057429   2397
  695 832058884 832070014  11130
  696 832071269 832074890   3621
  697 832075199 832075773    574
  698 832114814 832116689   1875
  699 832116691 832117333    642
  700 832117335 832117401     66
  701 832117402 832122041   4639
  702 832122043 832122722    679
  703 832123457 832132744   9287
  704 832132933 832136455   3522
  705 832136457 832136829    372
  706 832138477 832139843   1366
  707 832140892 832144177   3285
  708 832145463 832165296  19833
  709 832166814 832167559    745
  710 832167562 832167689    127
  711 832167691 832167713     22
  712 832169395 832171436   2041
  713 832171439 832171492     53
  714 832171881 832171954     73
  715 832173279 832173431    152
  716 832174010 832174169    159
  717 832181143 832184242   3099
  718 832184544 832184971    427
  719 832196248 832207689  11441
  720 832207690 832208073    383
  721 832209209 832213118   3909
  722 832218476 832221449   2973
  723 832221584 832228329   6745
  724 832228331 832228585    254
  725 832231557 832247383  15826
  726 832247386 832247395      9
  727 832247397 832247399      2
  728 832247405 832247464     59
  729 832248577 832255647   7070
  730 832255747 832278745  22998
  731 832279126 832305948  26822
  732 832306133 832315456   9323
  733 832316459 832327908  11449
  734 832327910 832329737   1827
  735 832330773 832332736   1963
  736 832375272 832376235    963
  737 832376236 832377456   1220
  738 832377458 832377618    160
  739 832377620 832381156   3536
  740 832381158 832381432    274
  741 832381978 832382595    617
  742 832383171 832383744    573
  743 832383809 832396912  13103
  744 832396914 832397307    393
  745 832398341 832401071   2730
  746 832401687 832405219   3532
  747 832405221 832414417   9196
  748 832415191 832420500   5309
  749 832420502 832421077    575
  750 832422612 832423247    635
