    1 869336653 869375408  38755
    2 869415354 869421920   6566
    3 869424150 869435210  11060
    4 869496682 869514820  18138
    5 869518070 869556724  38654
    6 869571769 869589110  17341
    7 869589130 869589170     40
    8 869589200 869591610   2410
    9 869591630 869595455   3825
   10 869595484 869670800  75316
   11 869670820 869670850     30
   12 869670880 869670920     40
   13 869670950 869670960     10
   14 869673101 869680290   7189
   15 869680310 869734270  53960
   16 869741932 869761180  19248
   17 869763222 869816002  52780
   18 869827889 869857580  29691
   19 869859343 869883160  23817
   20 869885473 869932640  47167
   21 869940434 869958730  18296
   22 869961867 869977330  15463
   23 869977350 869984953   7603
   24 870177827 870178075    248
   25 870178386 870180980   2594
   26 870183283 870183592    309
   27 870183903 870194880  10977
   28 870211722 870212080    358
   29 870213770 870220720   6950
   30 870229870 870264940  35070
   31 870267060 870334225  67165
   32 870334536 870335017    481
   33 870336085 870344870   8785
   34 870345390 870378460  33070
   35 870380210 870383170   2960
   36 870383190 870383200     10
   37 870383240 870383280     40
   38 870385300 870387439   2139
   39 870387750 870393580   5830
   40 870393610 870395460   1850
   41 870397074 870397250    176
   42 870399380 870451047  51667
   43 870451358 870456476   5118
   44 870456787 870473312  16525
   45 870473623 870479657   6034
   46 870479968 870483520   3552
   47 870486280 870495371   9091
   48 870495682 870538010  42328
   49 870538321 870589805  51484
   50 870613230 870613640    410
   51 870613660 870617203   3543
   52 870617980 870628710  10730
   53 870640173 870657100  16927
   54 870661529 870661960    431
   55 870663790 870673224   9434
   56 870673773 870709150  35377
   57 870715967 870726828  10861
   58 870727139 870740230  13091
   59 870741877 870764440  22563
   60 870781301 870788120   6819
   61 870788170 870825424  37254
   62 870825735 870837991  12256
   63 870838302 870881362  43060
   64 870881673 870897710  16037
   65 870898021 870937176  39155
   66 870937487 871011200  73713
   67 871022330 871065830  43500
   68 871068250 871092239  23989
   69 871092550 871138770  46220
   70 871139050 871172320  33270
   71 871178280 871190118  11838
   72 871190429 871230255  39826
   73 871230566 871234648   4082
   74 871234959 871245940  10981
   75 871245970 871247500   1530
   76 871252080 871257290   5210
   77 871257310 871257340     30
   78 871273372 871273437     65
   79 871273748 871277409   3661
   80 871310043 871343600  33557
   81 871347154 871356613   9459
   82 871356924 871371402  14478
   83 871383951 871391580   7629
   84 871391891 871434157  42266
   85 871434468 871525779  91311
   86 871526090 871539871  13781
   87 871540182 871586169  45987
   88 871586480 871613681  27201
   89 871613992 871631493  17501
   90 871631804 871655240  23436
   91 871655280 871663834   8554
   92 871664145 871686000  21855
   93 871691396 871728000  36604
   94 871728311 871738736  10425
   95 871739047 871747429   8382
   96 871747740 871774331  26591
   97 871774642 871799406  24764
   98 871801469 871801534     65
   99 871801845 871802110    265
  100 871818193 871818600    407
  101 871822200 871829360   7160
  102 871829671 871871998  42327
  103 871872309 871939830  67521
  104 871940141 871964597  24456
  105 871964908 871973610   8702
  106 871973650 871974463    813
  107 872003694 872016019  12325
  108 872016330 872072445  56115
  109 872072756 872078971   6215
  110 872079282 872100383  21101
  111 872100694 872108129   7435
  112 872108440 872144363  35923
  113 872144674 872150707   6033
  114 872151018 872164067  13049
  115 872164378 872205230  40852
  116 872251630 872264437  12807
  117 872264748 872295310  30562
  118 872298248 872327836  29588
  119 872328147 872400434  72287
  120 872434415 872442740   8325
  121 872445361 872460004  14643
  122 872460315 872466532   6217
  123 872466843 872496909  30066
  124 872497220 872521066  23846
  125 872521377 872536255  14878
  126 872536566 872575417  38851
  127 872575728 872581013   5285
  128 872600142 872607817   7675
  129 872608074 872629400  21326
  130 872629440 872655000  25560
  131 872659323 872659388     65
  132 872659699 872661470   1771
  133 872665160 872665223     63
  134 872665534 872686146  20612
  135 872686457 872693190   6733
  136 872698374 872731560  33186
  137 872731580 872731750    170
  138 872742472 872746745   4273
  139 872747056 872753516   6460
  140 872753827 872762056   8229
  141 872762367 872776148  13781
  142 872776459 872783703   7244
  143 872783921 872787240   3319
  144 872788900 872790481   1581
  145 872790792 872799021   8229
  146 872799332 872828544  29212
  147 872828855 872833180   4325
  148 872833491 872844210  10719
  149 872865133 872872213   7080
  150 872872524 872874000   1476
  151 872874020 872876390   2370
  152 872876420 872885938   9518
  153 872886249 872907960  21711
  154 872911579 872918048   6469
  155 872918359 872919310    951
  156 872919690 872927700   8010
