    1 872965681 872969406   3725
    2 872969717 872976130   6413
    3 872976150 872976350    200
    4 872976370 872976500    130
    5 872980721 872990057   9336
    6 872990368 872994450   4082
    7 872994761 873009010  14249
    8 873011010 873011655    645
    9 873035493 873044480   8987
   10 873047093 873054843   7750
   11 873055154 873080829  25675
   12 873081140 873106084  24944
   13 873106395 873119939  13544
   14 873122053 873129240   7187
   15 873136106 873137462   1356
   16 873139295 873141189   1894
   17 873141500 873148631   7131
   18 873148942 873153328   4386
   19 873153639 873163500   9861
   20 873176632 873177221    589
   21 873178106 873183543   5437
   22 873213693 873238828  25135
   23 873239139 873255800  16661
   24 873258310 873269360  11050
   25 873272493 873277493   5000
   26 873284844 873296804  11960
   27 873297115 873330476  33361
   28 873330787 873341456  10669
   29 873341767 873371320  29553
   30 873373537 873381774   8237
   31 873382085 873398184  16099
   32 873398495 873425560  27065
   33 873432002 873438899   6897
   34 873439210 873455568  16358
   35 873457621 873496847  39226
   36 873497158 873512951  15793
   37 873513262 873542158  28896
   38 873549040 873549109     69
   39 873549420 873561066  11646
   40 873561377 873564848   3471
   41 873565159 873595897  30738
   42 873596208 873608341  12133
   43 873608652 873610174   1522
   44 873613854 873616741   2887
   45 873649330 873651837   2507
   46 873652108 873664540  12432
   47 873665069 873668450   3381
   48 873671564 873676940   5376
   49 873700505 873711184  10679
   50 873711495 873715700   4205
   51 873718683 873726311   7628
   52 873726622 873762545  35923
   53 873762856 873787617  24761
   54 873787928 873791247   3319
   55 873799772 873828160  28388
   56 873829792 873830010    218
   57 873832023 873864905  32882
   58 873865216 873914499  49283
   59 873914810 873944694  29884
   60 873945005 873977207  32202
   61 873977518 873995873  18355
   62 873996184 874030150  33966
   63 874035302 874082276  46974
   64 874082587 874139352  56765
   65 874139506 874142450   2944
   66 874144270 874151163   6893
   67 874151474 874155930   4456
   68 874181278 874204890  23612
   69 874204920 874204970     50
   70 874207293 874207540    247
   71 874207851 874215006   7155
   72 874258200 874263170   4970
   73 874265293 874283230  17937
   74 874286191 874307150  20959
   75 874310220 874311621   1401
   76 874312210 874330590  18380
   77 874333198 874336007   2809
   78 874336318 874344487   8169
   79 874344798 874353515   8717
   80 874353826 874382184  28358
   81 874382495 874389928   7433
   82 874410254 874428924  18670
   83 874429235 874443762  14527
   84 874449541 874469126  19585
   85 874469437 874476934   7497
   86 874477245 874496820  19575
   87 874497131 874501577   4446
   88 874501888 874531894  30006
   89 874532205 874545558  13353
   90 874545869 874547210   1341
   91 874547250 874553134   5884
   92 874553445 874588690  35245
   93 874592425 874609813  17388
   94 874610124 874651904  41780
   95 874652215 874665030  12815
   96 874668814 874727926  59112
   97 874728237 874739822  11585
   98 874740133 874740580    447
   99 874740950 874740955      5
  100 874741112 874758928  17816
  101 874759239 874796930  37691
  102 874797241 874803800   6559
  103 874805744 874808010   2266
  104 874822785 874823406    621
  105 874857552 874869939  12387
  106 874870250 874876709   6459
  107 874877020 874883010   5990
  108 874890120 874890184     64
  109 874890495 874896163   5668
  110 874896474 874957763  61289
  111 874958908 874989167  30259
  112 874989478 874998831   9353
  113 875041383 875051340   9957
  114 875059048 875087721  28673
  115 875088032 875091565   3533
  116 875091876 875098214   6338
  117 875098525 875137620  39095
  118 875137931 875143171   5240
  119 875143482 875156590  13108
  120 875161307 875161372     65
  121 875161683 875167320   5637
  122 875167350 875167600    250
  123 875177459 875187090   9631
  124 875190672 875191713   1041
  125 875192024 875192323    299
  126 875192634 875192933    299
  127 875193244 875193543    299
  128 875193854 875194152    298
  129 875194463 875194763    300
  130 875195074 875195373    299
  131 875195684 875195983    299
  132 875196294 875196593    299
  133 875196904 875197203    299
  134 875197514 875197813    299
  135 875198124 875198422    298
  136 875198733 875199032    299
  137 875199343 875199642    299
  138 875199953 875200252    299
  139 875200563 875200862    299
  140 875201479 875201778    299
  141 875202089 875202388    299
  142 875202699 875202997    298
  143 875203308 875250316  47008
  144 875253189 875253388    199
