    1 866923336 866925600   2264
    2 866928262 866928390    128
    3 866931253 866931720    467
    4 866939244 866948650   9406
    5 866950646 866955710   5064
    6 866958068 866966790   8722
    7 866975055 866976590   1535
    8 866979232 866989700  10468
    9 866989790 866992800   3010
   10 867011322 867013410   2088
   11 867056710 867061550   4840
   12 867064036 867066120   2084
   13 867068070 867073400   5330
   14 867075020 867116500  41480
   15 867118080 867121130   3050
   16 867122930 867159760  36830
   17 867162010 867162120    110
   18 867163695 867170930   7235
   19 867173443 867175741   2298
   20 867176029 867176040     11
   21 867178916 867179060    144
   22 867180685 867191230  10545
   23 867193180 867193610    430
   24 867195170 867211750  16580
   25 867213551 867222540   8989
   26 867225065 867228008   2943
   27 867229583 867234990   5407
   28 867235050 867235060     10
   29 867235300 867235600    300
   30 867235660 867235720     60
   31 867237386 867237480     94
   32 867237520 867237540     20
   33 867237630 867237730    100
   34 867237880 867238030    150
   35 867238090 867238160     70
   36 867238180 867238220     40
   37 867238340 867238400     60
   38 867238540 867238850    310
   39 867238940 867239910    970
   40 867243984 867245520   1536
   41 867248745 867253710   4965
   42 867263131 867264220   1089
   43 867265810 867295310  29500
   44 867297290 867313420  16130
   45 867315320 867317900   2580
   46 867319430 867329770  10340
   47 867331350 867353510  22160
   48 867355049 867357190   2141
   49 867362021 867363790   1769
   50 867365320 867368120   2800
   51 867369660 867370090    430
   52 867382943 867383350    407
   53 867385260 867385560    300
   54 867391324 867399660   8336
   55 867401520 867412220  10700
   56 867415290 867420060   4770
   57 867421666 867431400   9734
   58 867433429 867442660   9231
   59 867444570 867451350   6780
   60 867453800 867470250  16450
   61 867472890 867487430  14540
   62 867499330 867499440    110
   63 867505163 867512150   6987
   64 867514001 867517460   3459
   65 867519475 867528890   9415
   66 867530575 867535950   5375
   67 867537620 867549750  12130
   68 867551660 867553140   1480
   69 867554710 867557140   2430
   70 867560200 867563690   3490
   71 867613244 867613260     16
   72 867615050 867650994  35944
   73 867675906 867709680  33774
   74 867711544 867737189  25645
   75 867745280 867745590    310
   76 867747250 867815932  68682
   77 867827064 868066870 239806
   78 868102927 868108130   5203
   79 868108200 868172411  64211
   80 868201639 868201799    160
   81 868202502 868205883   3381
   82 868206185 868221750  15565
   83 868232581 868295470  62889
   84 868298888 868345225  46337
   85 868360545 868363623   3078
   86 868364227 868364420    193
   87 868369847 868463530  93683
   88 868470326 868543440  73114
   89 868543460 868543670    210
   90 868543720 868543750     30
   91 868545522 868585010  39488
   92 868592740 868595820   3080
   93 868595900 868595970     70
   94 868596010 868610770  14760
   95 868618193 868619520   1327
   96 868619550 868631920  12370
   97 868631950 868631970     20
   98 868635855 868663060  27205
   99 868663090 868691061  27971
  100 868691348 868693337   1989
  101 868694449 868705760  11311
  102 868705790 868719958  14168
  103 868720018 868735580  15562
  104 868736680 868775353  38673
  105 868777940 868779080   1140
  106 868804233 868812856   8623
  107 868817366 868833880  16514
  108 868833910 868847990  14080
  109 868848020 868863721  15701
  110 868878939 868896287  17348
  111 868899682 868912970  13288
  112 868913000 868925460  12460
  113 868925490 868964820  39330
  114 868964850 868974839   9989
  115 868975095 868976644   1549
  116 868978017 868987470   9453
  117 868987500 869001700  14200
  118 869001730 869054660  52930
  119 869060072 869068741   8669
  120 869070028 869077240   7212
  121 869077270 869148770  71500
  122 869148800 869202316  53516
  123 869202502 869279050  76548
  124 869279080 869298220  19140
  125 869298250 869309340  11090
  126 869309370 869321930  12560
