    1 955236927 955237077    150
    2 955237137 955238568   1431
    3 955245502 955245515     13
    4 955245575 955245815    240
    5 955245875 955245935     60
    6 955246055 955246175    120
    7 955246415 955246535    120
    8 955247555 955247615     60
    9 955247915 955250837   2922
   10 955254306 955257707   3401
   11 955260155 955264113   3958
   12 955264114 955265521   1407
   13 955265522 955269394   3872
   14 955269395 955269466     71
   15 955269467 955270760   1293
   16 955270805 955283037  12232
   17 955283110 955288497   5387
   18 955297454 955297860    406
   19 955297920 955299556   1636
   20 955309168 955310998   1830
   21 955314826 955315662    836
   22 955315663 955315920    257
   23 955315980 955323264   7284
   24 955323266 955324354   1088
   25 955324355 955326950   2595
   26 955326951 955328114   1163
   27 955331729 955337123   5394
   28 955337631 955337886    255
   29 955337936 955355839  17903
   30 955365358 955366258    900
   31 955368239 955369923   1684
   32 955369924 955370780    856
   33 955370782 955373958   3176
   34 955373959 955374360    401
   35 955374480 955374900    420
   36 955375140 955377042   1902
   37 955377043 955379118   2075
   38 955379119 955381260   2141
   39 955381320 955381899    579
   40 955381900 955383318   1418
   41 955383386 955383515    129
   42 955383517 955384717   1200
   43 955400580 955401815   1235
   44 955402295 955410715   8420
   45 955413788 955415099   1311
   46 955415100 955415247    147
   47 955420988 955421742    754
   48 955425726 955427565   1839
   49 955427566 955432309   4743
   50 955432310 955435424   3114
   51 955436592 955441610   5018
   52 955441611 955445022   3411
   53 955445097 955448495   3398
   54 955448735 955448795     60
   55 955448855 955451229   2374
   56 955451230 955458943   7713
   57 955458944 955459111    167
   58 955470357 955475255   4898
   59 955475590 955480451   4861
   60 955482835 955485319   2484
   61 955485322 955486164    842
   62 955486194 955487546   1352
   63 955487547 955488649   1102
   64 955488650 955489140    490
   65 955489200 955489260     60
   66 955494182 955494380    198
   67 955494381 955507223  12842
   68 955509899 955509928     29
   69 955510213 955511288   1075
   70 955511296 955511300      4
   71 955512633 955513915   1282
   72 955513916 955514822    906
   73 955514823 955516732   1909
   74 955516733 955516775     42
   75 955516835 955517737    902
   76 955517738 955521800   4062
   77 955521833 955524881   3048
   78 955524882 955526352   1470
   79 955526481 955534270   7789
   80 955537997 955538601    604
   81 955538602 955540081   1479
   82 955540082 955541655   1573
   83 955543207 955546580   3373
   84 955546581 955547733   1152
   85 955547734 955547962    228
   86 955547992 955550197   2205
   87 955551553 955552058    505
   88 955553989 955555145   1156
   89 955555273 955562292   7019
   90 955562293 955567565   5272
   91 955567586 955568876   1290
   92 955568906 955570055   1149
   93 955571546 955574555   3009
   94 955574675 955574735     60
   95 955574795 955577317   2522
   96 955579948 955583920   3972
   97 955584049 955584155    106
   98 955584335 955584395     60
   99 955584455 955584515     60
  100 955584695 955584995    300
  101 955585055 955588361   3306
  102 955588362 955588685    323
  103 955590419 955590420      1
  104 955590744 955590773     29
  105 955590858 955591323    465
  106 955593395 955599634   6239
  107 955600949 955606290   5341
  108 955609809 955612367   2558
  109 955612368 955612705    337
  110 955612833 955615044   2211
  111 955615045 955626909  11864
  112 955626954 955633068   6114
  113 955639966 955640986   1020
  114 955641016 955641046     30
  115 955641076 955655150  14074
  116 955655151 955657486   2335
  117 955657516 955660854   3338
  118 955664355 955665015    660
  119 955665045 955666727   1682
  120 955666730 955666791     61
  121 955666793 955666882     89
  122 955666883 955666920     37
  123 955666965 955666995     30
  124 955667040 955667085     45
  125 955667115 955667250    135
  126 955667280 955667325     45
  127 955667370 955667595    225
  128 955667700 955667715     15
  129 955667760 955668015    255
  130 955668045 955668075     30
  131 955668105 955668390    285
  132 955668450 955668495     45
  133 955668675 955668705     30
  134 955668765 955668795     30
  135 955668840 955669650    810
  136 955669710 955669800     90
  137 955669845 955669890     45
  138 955669935 955669995     60
  139 955670055 955670160    105
  140 955670220 955670310     90
  141 955670460 955670475     15
  142 955670505 955670535     30
  143 955670595 955670760    165
  144 955670805 955671000    195
  145 955671030 955671105     75
  146 955671255 955672125    870
  147 955672155 955672972    817
  148 955674039 955676169   2130
  149 955676214 955676289     75
  150 955676334 955676664    330
  151 955676709 955677234    525
  152 955677279 955677429    150
  153 955677474 955678419    945
  154 955678449 955681734   3285
  155 955681779 955683773   1994
  156 955685112 955685142     30
  157 955685159 955686884   1725
  158 955686929 955687564    635
  159 955687645 955690221   2576
  160 955693751 955696027   2276
  161 955697912 955699116   1204
  162 955699245 955699277     32
  163 955699337 955699409     72
  164 955699412 955700027    615
  165 955700072 955702217   2145
  166 955702262 955703445   1183
  167 955703446 955703687    241
  168 955703717 955704632    915
  169 955704677 955704902    225
  170 955704932 955705112    180
  171 955705142 955705562    420
  172 955705622 955705802    180
  173 955705832 955707872   2040
  174 955707902 955707992     90
  175 955708022 955708082     60
  176 955708112 955708307    195
  177 955708337 955708667    330
  178 955710358 955711258    900
  179 955711393 955711618    225
  180 955711663 955711918    255
  181 955711963 955712098    135
  182 955712188 955712308    120
  183 955712353 955712443     90
  184 955712488 955712773    285
  185 955712803 955712923    120
  186 955712968 955713403    435
  187 955713448 955713613    165
  188 955713643 955713733     90
  189 955713763 955714048    285
  190 955714093 955714168     75
  191 955714198 955714318    120
  192 955714408 955714933    525
  193 955714978 955716643   1665
  194 955716673 955716838    165
  195 955716913 955716973     60
  196 955717018 955717033     15
  197 955717093 955717933    840
  198 955717963 955718443    480
  199 955718473 955718683    210
  200 955718713 955719896   1183
  201 955719918 955720353    435
  202 955720383 955720533    150
  203 955720608 955720668     60
  204 955720713 955721073    360
  205 955721118 955722258   1140
  206 955722288 955723638   1350
  207 955723668 955723925    257
  208 955723926 955725576   1650
  209 955731428 955733373   1945
  210 955738579 955740714   2135
  211 955740715 955740870    155
  212 955740871 955741593    722
  213 955743852 955743873     21
  214 955743875 955745695   1820
  215 955745696 955748028   2332
  216 955748030 955749295   1265
  217 955749296 955749297      1
  218 955749299 955749375     76
  219 955749377 955749524    147
  220 955749526 955750932   1406
  221 955753060 955754170   1110
  222 955754230 955756732   2502
  223 955756861 955758153   1292
  224 955758154 955764789   6635
  225 955764821 955767095   2274
  226 955767215 955767435    220
  227 955768853 955783072  14219
  228 955786084 955786090      6
  229 955786173 955788119   1946
  230 955788120 955790438   2318
  231 955794865 955795059    194
  232 955795252 955795946    694
  233 955797581 955798930   1349
  234 955800352 955801817   1465
  235 955801818 955804365   2547
  236 955804397 955806363   1966
  237 955806364 955808935   2571
  238 955808937 955809958   1021
  239 955809960 955810043     83
  240 955810045 955810714    669
  241 955810716 955810922    206
  242 955843908 955847874   3966
  243 955847875 955848906   1031
  244 955852055 955862558  10503
  245 955864486 955864816    330
  246 955866456 955868591   2135
  247 955868592 955869890   1298
  248 955871613 955871940    327
  249 955872069 955874565   2496
  250 955874597 955876000   1403
  251 955876001 955878276   2275
  252 955878309 955888948  10639
  253 955890297 955896087   5790
  254 955896117 955896480    363
  255 955896484 955896490      6
  256 955896502 955897023    521
  257 955897025 955897319    294
  258 955897321 955900153   2832
  259 955900158 955900733    575
  260 955900861 955901057    196
  261 955901059 955901746    687
  262 955901747 955901963    216
  263 955901964 955902865    901
  264 955922991 955924003   1012
  265 955925355 955927821   2466
  266 955927834 955927979    145
  267 955937585 955937703    118
  268 955937770 955939074   1304
  269 955939075 955941834   2759
  270 955941835 955942069    234
  271 955942070 955943628   1558
  272 955943661 955949028   5367
  273 955951806 955953638   1832
  274 955953639 955955827   2188
  275 955955828 955958309   2481
  276 955958437 955964183   5746
  277 955964186 955965833   1647
  278 955969182 955971528   2346
  279 955971529 955977784   6255
  280 955977794 955978106    312
  281 955978107 955978269    162
  282 955978301 955978347     46
  283 955978349 955978519    170
  284 955998428 955998852    424
  285 955998885 956004624   5739
  286 956004625 956006555   1930
  287 956006615 956008512   1897
  288 956008514 956008955    441
  289 956009135 956009195     60
  290 956009315 956009975    660
  291 956010035 956010290    255
  292 956010294 956010335     41
  293 956010395 956010455     60
  294 956010515 956010875    360
  295 956010935 956011055    120
  296 956011115 956011295    180
  297 956011355 956012033    678
  298 956012036 956012075     39
  299 956012135 956012377    242
  300 956012380 956012733    353
  301 956012855 956012915     60
  302 956012975 956013335    360
  303 956013395 956014065    670
  304 956014176 956014355    179
  305 956014415 956014659    244
  306 956014660 956015957   1297
  307 956016085 956016240    155
  308 956016245 956017006    761
  309 956018628 956020055   1427
  310 956020115 956020292    177
  311 956020293 956021195    902
  312 956021255 956021735    480
  313 956021795 956022575    780
  314 956022635 956022875    240
  315 956022935 956022995     60
  316 956023055 956024193   1138
  317 956026522 956028173   1651
  318 956028174 956028736    562
  319 956032603 956034050   1447
  320 956034051 956035856   1805
  321 956035860 956035895     35
  322 956035955 956038691   2736
  323 956038692 956040012   1320
  324 956040013 956041153   1140
  325 956041156 956041159      3
  326 956041160 956041211     51
  327 956041212 956042452   1240
  328 956042485 956044708   2223
  329 956044837 956051375   6538
  330 956051495 956051781    286
  331 956051813 956052958   1145
  332 956056573 956058825   2252
  333 956058826 956059693    867
  334 956059694 956060604    910
  335 956069508 956069609    101
  336 956069613 956069617      4
  337 956069619 956069684     65
  338 956069686 956069709     23
  339 956069711 956070055    344
  340 956070056 956070059      3
  341 956070061 956070339    278
  342 956070341 956070430     89
  343 956070433 956070454     21
  344 956070456 956070457      1
  345 956070458 956070535     77
  346 956070537 956070564     27
  347 956070565 956070721    156
  348 956070723 956070800     77
  349 956070801 956070938    137
  350 956070939 956071561    622
  351 956071562 956071587     25
  352 956071590 956071593      3
  353 956071596 956071652     56
  354 956071654 956071667     13
  355 956071669 956071670      1
  356 956071671 956071826    155
  357 956071828 956071920     92
  358 956071923 956072006     83
  359 956072007 956072020     13
  360 956072021 956072048     27
  361 956072050 956072178    128
  362 956072180 956072192     12
  363 956072194 956072209     15
  364 956072213 956072580    367
  365 956072640 956072785    145
  366 956075441 956077382   1941
  367 956088065 956095607   7542
  368 956098798 956102308   3510
  369 956102437 956106204   3767
  370 956106285 956112971   6686
  371 956114104 956115817   1713
  372 956115821 956115969    148
  373 956115970 956117615   1645
  374 956117855 956118035    180
  375 956118095 956118155     60
  376 956118335 956118515    180
  377 956118635 956118935    300
  378 956119055 956119295    240
  379 956119475 956119535     60
  380 956119595 956119895    300
  381 956120015 956120075     60
  382 956120195 956120402    207
  383 956120406 956120495     89
  384 956120915 956120975     60
  385 956121275 956121288     13
  386 956121292 956121322     30
  387 956121325 956121335     10
  388 956121395 956121397      2
  389 956121403 956121447     44
  390 956121451 956121459      8
  391 956121464 956121468      4
  392 956121494 956121495      1
  393 956121510 956121514      4
  394 956121578 956121586      8
  395 956121590 956121612     22
  396 956121645 956121647      2
  397 956121656 956121666     10
  398 956121668 956121680     12
  399 956121688 956121689      1
  400 956121697 956121703      6
  401 956121711 956121724     13
  402 956121726 956121744     18
  403 956121746 956121747      1
  404 956121749 956121823     74
  405 956121827 956121833      6
  406 956121848 956121853      5
  407 956121856 956121875     19
  408 956121935 956121995     60
  409 956122055 956122175    120
  410 956122535 956122586     51
  411 956122589 956122595      6
  412 956124455 956124515     60
  413 956124575 956130650   6075
  414 956131886 956133275   1389
  415 956133335 956141714   8379
  416 956145631 956148137   2506
  417 956148138 956151236   3098
  418 956151309 956159956   8647
  419 956160085 956163635   3550
  420 956163695 956165075   1380
  421 956165135 956165555    420
  422 956165675 956165735     60
  423 956165795 956166635    840
  424 956166695 956166875    180
  425 956166935 956167115    180
  426 956167235 956167715    480
  427 956167775 956168195    420
  428 956168255 956169078    823
  429 956169087 956169095      8
  430 956169215 956171495   2280
  431 956171615 956171855    240
  432 956171915 956171975     60
  433 956172035 956172155    120
  434 956172275 956172335     60
  435 956172395 956173655   1260
  436 956173835 956174255    420
  437 956174435 956174795    360
  438 956174975 956175095    120
  439 956175155 956175455    300
  440 956175515 956175575     60
  441 956175695 956176055    360
  442 956176115 956176327    212
  443 956176331 956177255    924
  444 956177435 956177735    300
  445 956177975 956178155    180
  446 956178215 956179764   1549
  447 956184154 956185775   1621
  448 956185955 956186075    120
  449 956186195 956186375    180
  450 956186435 956186495     60
  451 956186555 956186618     63
  452 956186619 956186675     56
  453 956186735 956187575    840
  454 956187635 956187875    240
  455 956187995 956188701    706
  456 956188835 956189015    180
  457 956189555 956189615     60
  458 956189736 956189795     59
  459 956189975 956190275    300
  460 956190335 956190635    300
  461 956190695 956190885    190
  462 956190888 956191595    707
  463 956191775 956195440   3665
  464 956195444 956195569    125
  465 956195574 956195584     10
  466 956195588 956195915    327
  467 956195975 956202205   6230
  468 956203710 956205144   1434
  469 956207311 956209359   2048
  470 956209360 956210029    669
  471 956210061 956212352   2291
  472 956212354 956217524   5170
  473 956217653 956224794   7141
  474 956226382 956229905   3523
  475 956230614 956232318   1704
  476 956232350 956236142   3792
  477 956236214 956242605   6391
  478 956242638 956246350   3712
  479 956246478 956262547  16069
  480 956264222 956266701   2479
  481 956266782 956267522    740
  482 956267552 956273737   6185
  483 956293930 956300269   6339
  484 956300302 956303926   3624
  485 956304054 956307485   3431
  486 956307566 956309231   1665
  487 956310857 956313078   2221
  488 956313110 956315717   2607
  489 956315762 956315852     90
  490 956315882 956316497    615
  491 956316527 956316677    150
  492 956316707 956316722     15
  493 956316752 956316812     60
  494 956316842 956316977    135
  495 956317052 956317262    210
  496 956317292 956317412    120
  497 956317442 956318177    735
  498 956318237 956328835  10598
  499 956330248 956332156   1908
  500 956337868 956340590   2722
  501 956344692 956349063   4371
  502 956351085 956354069   2984
  503 956359542 956360860   1318
  504 956363888 956365484   1596
  505 956365485 956373818   8333
  506 956382841 956385409   2568
  507 956385410 956388106   2696
  508 956388151 956389066    915
  509 956389141 956389293    152
  510 956389587 956390157    570
  511 956390187 956390309    122
  512 956390442 956395212   4770
  513 956395377 956395422     45
  514 956395512 956401475   5963
  515 956401535 956406898   5363
  516 956408393 956415205   6812
  517 956415209 956415903    694
  518 956438872 956443140   4268
  519 956443200 956443851    651
  520 956449001 956449798    797
  521 956449799 956450141    342
  522 956453516 956454049    533
  523 956454109 956454169     60
  524 956454229 956454497    268
  525 956454499 956454529     30
  526 956454589 956454649     60
  527 956454889 956455069    180
  528 956455369 956455429     60
  529 956455670 956455729     59
  530 956456029 956456059     30
  531 956456062 956456089     27
  532 956456149 956456160     11
  533 956456220 956456269     49
  534 956456329 956456569    240
  535 956456629 956456749    120
  536 956456809 956456869     60
  537 956457169 956457349    180
  538 956457529 956457589     60
  539 956457649 956457709     60
  540 956467065 956471115   4050
  541 956472920 956474238   1318
  542 956474270 956476718   2448
  543 956476846 956479393   2547
  544 956480733 956480990    257
  545 956481070 956481211    141
  546 956482430 956503404  20974
  547 956503406 956504869   1463
  548 956504929 956505409    480
  549 956505469 956505549     80
  550 956510572 956510689    117
  551 956510749 956510809     60
  552 956510869 956511109    240
  553 956511289 956511409    120
  554 956511469 956512009    540
  555 956512189 956512849    660
  556 956513029 956513269    240
  557 956513329 956513340     11
  558 956513400 956515489   2089
  559 956515549 956517172   1623
  560 956517217 956517829    612
  561 956517889 956519029   1140
  562 956519089 956519989    900
  563 956520049 956521009    960
  564 956521069 956521249    180
  565 956521309 956521369     60
  566 956521429 956521609    180
  567 956521669 956521926    257
  568 956521934 956522089    155
  569 956522209 956522250     41
  570 956522254 956522269     15
  571 956522329 956522672    343
  572 956522681 956522684      3
  573 956522702 956522989    287
  574 956523049 956524747   1698
  575 956526771 956527009    238
  576 956527069 956527129     60
  577 956527189 956527609    420
  578 956527669 956528089    420
  579 956528149 956528209     60
  580 956528269 956528301     32
  581 956528382 956528689    307
  582 956534252 956534272     20
  583 956534275 956534290     15
  584 956534293 956534318     25
  585 956534446 956534464     18
  586 956534466 956534500     34
  587 956541135 956541369    234
  588 956541372 956541373      1
  589 956541377 956541378      1
  590 956541381 956541681    300
  591 956541684 956541827    143
  592 956541831 956541883     52
  593 956541886 956541889      3
  594 956541949 956542501    552
  595 956542504 956542701    197
  596 956542702 956543449    747
  597 956543509 956546325   2816
  598 956549019 956549694    675
  599 956549724 956553100   3376
  600 956553103 956553206    103
  601 956558820 956561086   2266
  602 956561087 956561460    373
  603 956561505 956563080   1575
  604 956563110 956563157     47
  605 956563285 956564805   1520
  606 956564835 956568150   3315
  607 956568195 956569545   1350
  608 956569590 956569965    375
  609 956570010 956570115    105
  610 956570145 956570400    255
  611 956570475 956570700    225
  612 956570745 956572350   1605
  613 956572380 956572620    240
  614 956572665 956573205    540
  615 956573235 956573310     75
  616 956573355 956573520    165
  617 956573550 956573745    195
  618 956573790 956573805     15
  619 956573835 956574345    510
  620 956574375 956574465     90
  621 956574510 956574540     30
  622 956574615 956574705     90
  623 956574750 956574975    225
  624 956575020 956575065     45
  625 956575110 956575200     90
  626 956575305 956575335     30
  627 956575395 956575710    315
  628 956575755 956575920    165
  629 956575950 956576055    105
  630 956576100 956576190     90
  631 956576220 956576385    165
  632 956576520 956576640    120
  633 956576730 956576850    120
  634 956576880 956576940     60
  635 956576970 956579989   3019
  636 956580049 956580270    221
  637 956580274 956580325     51
  638 956580332 956580400     68
  639 956580403 956580409      6
  640 956580469 956580859    390
  641 956580870 956580888     18
  642 956580894 956581037    143
  643 956581040 956581129     89
  644 956581189 956581584    395
  645 956581590 956581609     19
  646 956581729 956581764     35
  647 956581768 956581785     17
  648 956581788 956581804     16
  649 956581811 956581819      8
  650 956581822 956581840     18
  651 956581843 956581863     20
  652 956581866 956581888     22
  653 956581893 956581897      4
  654 956581900 956581909      9
  655 956581969 956581970      1
  656 956581978 956581979      1
  657 956581982 956582009     27
  658 956582012 956582089     77
  659 956582209 956582232     23
  660 956582240 956582269     29
  661 956582329 956582389     60
  662 956582509 956582528     19
  663 956582532 956582569     37
  664 956582629 956582679     50
  665 956582687 956582705     18
  666 956582712 956582722     10
  667 956582726 956582750     24
  668 956582757 956582768     11
  669 956582774 956582782      8
  670 956582785 956582791      6
  671 956582806 956582809      3
  672 956582929 956583021     92
  673 956583024 956583049     25
  674 956583109 956583164     55
  675 956583168 956583169      1
  676 956583289 956583293      4
  677 956583296 956583304      8
  678 956583313 956583343     30
  679 956583349 956583357      8
  680 956583360 956583361      1
  681 956583365 956583409     44
  682 956583469 956583491     22
  683 956583499 956583500      1
  684 956583513 956583534     21
  685 956583538 956583558     20
  686 956583561 956583603     42
  687 956583609 956583626     17
  688 956583631 956583649     18
  689 956583949 956583954      5
  690 956583958 956583959      1
  691 956583962 956583969      7
  692 956583971 956583973      2
  693 956583978 956584069     91
  694 956584129 956584188     59
  695 956584190 956584251     61
  696 956584259 956584274     15
  697 956584278 956584285      7
  698 956584291 956584305     14
  699 956584307 956584369     62
  700 956584489 956584507     18
  701 956584510 956584511      1
  702 956584523 956584525      2
  703 956584532 956584549     17
  704 956584789 956584831     42
  705 956584848 956584849      1
  706 956584909 956584932     23
  707 956584936 956584937      1
  708 956584946 956584947      1
  709 956584957 956584970     13
  710 956584973 956584974      1
  711 956584982 956585024     42
  712 956585270 956585301     31
  713 956585304 956585310      6
  714 956585315 956585329     14
  715 956585394 956585418     24
  716 956585420 956585424      4
  717 956585429 956585435      6
  718 956585440 956585442      2
  719 956585445 956585447      2
  720 956585450 956585451      1
  721 956585459 956585462      3
  722 956585465 956585467      2
  723 956585475 956585476      1
  724 956585509 956585510      1
  725 956585513 956585522      9
  726 956585534 956585545     11
  727 956585547 956585549      2
  728 956585552 956585563     11
  729 956585566 956585569      3
  730 956585693 956585704     11
  731 956585709 956585749     40
  732 956585809 956585825     16
  733 956585831 956585832      1
  734 956585842 956585845      3
  735 956585849 956585855      6
  736 956585858 956585903     45
  737 956585910 956585914      4
  738 956585922 956585930      8
  739 956585935 956585951     16
  740 956585954 956585976     22
  741 956585988 956586049     61
  742 956586109 956586176     67
  743 956586184 956586227     43
  744 956586233 956586281     48
  745 956586282 956586288      6
  746 956586358 956586409     51
  747 956586469 956586523     54
  748 956586532 956586589     57
  749 956586649 956586762    113
  750 956586949 956587276    327
  751 956587279 956587332     53
  752 956587334 956587397     63
  753 956587402 956587410      8
  754 956587423 956587429      6
  755 956587436 956587443      7
  756 956587448 956587463     15
  757 956587473 956587475      2
  758 956587478 956587531     53
  759 956587535 956587549     14
  760 956587609 956587637     28
  761 956587640 956587669     29
  762 956587729 956587797     68
  763 956587802 956587804      2
  764 956587811 956587821     10
  765 956587825 956587853     28
  766 956587857 956587899     42
  767 956587902 956588093    191
  768 956588096 956588126     30
  769 956588128 956588149     21
  770 956588389 956588629    240
  771 956588749 956588789     40
  772 956588794 956588809     15
  773 956588869 956589072    203
  774 956589077 956589109     32
  775 956589169 956589229     60
  776 956589289 956589409    120
  777 956589529 956589573     44
  778 956589577 956589594     17
  779 956589599 956589683     84
  780 956589689 956589730     41
  781 956589732 956589829     97
  782 956589889 956590069    180
  783 956590189 956590799    610
  784 956590801 956590909    108
  785 956591089 956591191    102
  786 956591193 956591209     16
  787 956591329 956591358     29
  788 956600136 956600589    453
  789 956600604 956601244    640
  790 956601248 956601289     41
  791 956601349 956601529    180
  792 956601589 956601829    240
  793 956601949 956602129    180
  794 956602189 956602249     60
  795 956602609 956602661     52
  796 956602665 956602666      1
  797 956602850 956602853      3
  798 956602856 956602909     53
  799 956602969 956602976      7
  800 956602979 956602983      4
  801 956602986 956603149    163
  802 956604229 956604289     60
  803 956604949 956604963     14
  804 956604978 956604989     11
  805 956604996 956604997      1
  806 956680494 956680704    210
  807 956680764 956680779     15
  808 956680824 956680839     15
  809 956680884 956681184    300
  810 956681214 956681349    135
  811 956681394 956681439     45
  812 956681469 956681559     90
  813 956681589 956681724    135
  814 956681754 956681874    120
  815 956681904 956682144    240
  816 956682189 956682204     15
  817 956682234 956682264     30
  818 956682324 956682624    300
  819 956682669 956682699     30
  820 956682744 956682789     45
  821 956685767 956687053   1286
  822 956687126 956687831    705
  823 956693483 956693544     61
  824 956694759 956694773     14
  825 956694774 956696998   2224
  826 956697030 956701868   4838
  827 956704117 956704699    582
  828 956722811 956723765    954
  829 956731032 956732624   1592
  830 956734992 956750333  15341
  831 956750366 956772264  21898
  832 956772271 956772290     19
  833 956772292 956772295      3
  834 956772296 956773030    734
  835 956775615 956775949    334
  836 956776009 956776020     11
  837 956776024 956776069     45
  838 956776129 956776300    171
  839 956776305 956776309      4
  840 956776429 956776489     60
  841 956776549 956776722    173
  842 956776727 956776729      2
  843 956776789 956776854     65
  844 956776857 956776877     20
  845 956776885 956777085    200
  846 956777088 956778109   1021
  847 956778229 956778349    120
  848 956778409 956779009    600
  849 956779069 956779309    240
  850 956779369 956779480    111
  851 956779484 956779606    122
  852 956779608 956779666     58
  853 956779789 956779991    202
  854 956779995 956779998      3
  855 956780001 956780029     28
  856 956780089 956780149     60
  857 956821566 956832004  10438
  858 956834947 956847913  12966
  859 956849537 956850509    972
  860 956850542 956857124   6582
  861 956866838 956870258   3420
  862 956870318 956870637    319
  863 956872349 956884909  12560
  864 956884969 956897974  13005
  865 956902180 956902189      9
  866 956902489 956902669    180
  867 956902849 956903700    851
  868 956903729 956903743     14
  869 956903749 956903750      1
  870 956903764 956903766      2
  871 956903769 956903787     18
  872 956903791 956903800      9
  873 956905712 956905789     77
  874 956905849 956906269    420
  875 956906329 956906389     60
  876 956906449 956907169    720
  877 956907349 956907469    120
  878 956907529 956907709    180
  879 956907829 956907949    120
  880 956908249 956908265     16
  881 956908269 956908277      8
  882 956908282 956908295     13
  883 956908298 956908309     11
  884 956919932 956919934      2
  885 956920200 956920203      3
  886 956920206 956920212      6
  887 956920215 956920219      4
  888 956920225 956920236     11
  889 956923097 956923116     19
  890 956923131 956923147     16
  891 956923150 956923151      1
  892 956923156 956923158      2
  893 956923161 956923172     11
  894 956923175 956923192     17
  895 956923204 956923223     19
  896 956923234 956923244     10
  897 956923273 956923279      6
  898 956923284 956923292      8
  899 956923307 956923313      6
  900 956923318 956923325      7
  901 956923330 956923333      3
  902 956923337 956923338      1
  903 956923362 956923384     22
  904 956923423 956923424      1
  905 956923427 956923429      2
  906 956923505 956923516     11
  907 956923523 956923528      5
  908 956923531 956923541     10
  909 956923554 956923557      3
  910 956923560 956923566      6
  911 956923569 956923575      6
  912 956923579 956923584      5
  913 956923599 956923602      3
  914 956923619 956923675     56
  915 956923718 956923726      8
  916 956923729 956923730      1
  917 956923735 956923744      9
  918 956923747 956923748      1
  919 956923751 956923794     43
  920 956923797 956923805      8
  921 956923809 956923823     14
  922 956923826 956923828      2
  923 956923852 956923853      1
  924 956923868 956923873      5
  925 956923877 956923885      8
  926 956923888 956923889      1
  927 956923893 956923899      6
  928 956923969 956923972      3
  929 956923975 956923976      1
  930 956923979 956923981      2
  931 956923984 956923985      1
  932 956923998 956924001      3
  933 956924014 956924015      1
  934 956924018 956924022      4
  935 956924028 956924036      8
  936 956924039 956924040      1
  937 956924049 956924067     18
  938 956924127 956924138     11
  939 956924141 956924143      2
  940 956924269 956924272      3
  941 956924278 956924367     89
  942 956924370 956924385     15
  943 956924388 956924389      1
  944 956924569 956924683    114
  945 956924686 956924699     13
  946 956924739 956924743      4
  947 956924809 956924820     11
  948 956924824 956924836     12
  949 956924851 956924857      6
  950 956924860 956924866      6
  951 956924869 956924882     13
  952 956924885 956924887      2
  953 956924890 956924894      4
  954 956924901 956924905      4
  955 956924914 956924917      3
  956 956924920 956924928      8
  957 956924989 956925039     50
  958 956925047 956925049      2
  959 956925057 956925060      3
  960 956925065 956925069      4
  961 956925099 956925101      2
  962 956925111 956925128     17
  963 956925132 956925174     42
  964 956925180 956925229     49
  965 956925349 956925355      6
  966 956925358 956925359      1
  967 956925362 956925366      4
  968 956925371 956925384     13
  969 956925387 956925409     22
  970 956925551 956925553      2
  971 956925558 956925562      4
  972 956925569 956925584     15
  973 956925588 956925602     14
  974 956925608 956925610      2
  975 956925613 956925615      2
  976 956925618 956925624      6
  977 956925633 956925644     11
  978 956925650 956925652      2
  979 956925661 956925678     17
  980 956925681 956925709     28
  981 956926309 956926321     12
  982 956926327 956926328      1
  983 956926331 956926333      2
  984 956926336 956926440    104
  985 956926443 956926549    106
  986 956926609 956926614      5
  987 956926624 956926625      1
  988 956926633 956926634      1
  989 956926644 956926650      6
  990 956926654 956926707     53
  991 956926722 956926728      6
  992 956926789 956927241    452
  993 956927251 956927389    138
  994 956927449 956927889    440
  995 956927895 956928026    131
  996 956928034 956928039      5
  997 956928043 956928109     66
  998 956928229 956928555    326
  999 956928565 956928589     24
 1000 956928658 956928660      2
 1001 956928674 956928676      2
 1002 956928679 956928683      4
 1003 956928686 956928690      4
 1004 956928693 956928701      8
 1005 956928704 956928783     79
 1006 956928788 956928790      2
 1007 956928825 956928831      6
 1008 956928834 956928845     11
 1009 956928849 956928889     40
 1010 956929129 956929155     26
 1011 956929158 956929162      4
 1012 956929166 956929183     17
 1013 956929184 956929249     65
 1014 956929309 956929369     60
 1015 956977893 956978270    377
 1016 956978273 956978309     36
 1017 956978313 956978318      5
 1018 956978321 956978613    292
 1019 956979708 956985409   5701
 1020 956985469 956985769    300
 1021 956985829 956987798   1969
 1022 956987830 956988648    818
 1023 956991372 956993007   1635
 1024 956993008 956997094   4086
 1025 956997701 957000409   2708
 1026 957000469 957007964   7495
 1027 957011934 957016827   4893
 1028 957016829 957017160    331
 1029 957017280 957018468   1188
 1030 957044868 957045981   1113
 1031 957046054 957049280   3226
 1032 957053629 957053880    251
 1033 957054000 957054535    535
 1034 957054536 957055941   1405
 1035 957055943 957057319   1376
 1036 957057364 957059189   1825
 1037 957063549 957071837   8288
 1038 957074560 957076941   2381
 1039 957078168 957078206     38
 1040 957080476 957082566   2090
 1041 957082638 957092648  10010
 1042 957094352 957106518  12166
 1043 957110087 957110460    373
 1044 957110520 957112620   2100
 1045 957112680 957113257    577
 1046 957115429 957115789    360
 1047 957115849 957116149    300
 1048 957124192 957124800    608
 1049 957124860 957125136    276
 1050 957125139 957127365   2226
 1051 957127366 957127549    183
 1052 957127609 957127980    371
 1053 957128040 957129035    995
 1054 957129039 957129041      2
 1055 957129044 957129049      5
 1056 957129229 957129241     12
 1057 957129247 957129273     26
 1058 957129281 957129329     48
 1059 957129336 957129349     13
 1060 957131141 957131625    484
 1061 957131626 957131630      4
 1062 957131635 957133119   1484
 1063 957136209 957136375    166
 1064 957136379 957139158   2779
 1065 957139286 957141582   2296
 1066 957141662 957141769    107
 1067 957141771 957144869   3098
 1068 957153221 957154976   1755
 1069 957155006 957155246    240
 1070 957155276 957165734  10458
 1071 957165766 957167909   2143
 1072 957168038 957173030   4992
 1073 957173062 957181166   8104
 1074 957187071 957198120  11049
 1075 957198180 957199280   1100
 1076 957200086 957205560   5474
 1077 957205620 957206222    602
 1078 957206254 957208320   2066
 1079 957208380 957214597   6217
 1080 957217159 957222863   5704
 1081 957224173 957224340    167
 1082 957224460 957225533   1073
 1083 957225662 957226009    347
 1084 957226069 957226575    506
 1085 957231030 957233004   1974
 1086 957234314 957239392   5078
 1087 957241981 957245654   3673
 1088 957245734 957254342   8608
 1089 957254470 957272221  17751
 1090 957272251 957280585   8334
 1091 957292177 957293023    846
 1092 957294895 957295245    350
 1093 957295278 957295304     26
 1094 957296480 957297844   1364
 1095 957299905 957300180    275
 1096 957300240 957303688   3448
 1097 957318806 957330775  11969
 1098 957331237 957334941   3704
 1099 957334974 957340749   5775
 1100 957340878 957352845  11967
 1101 957352918 957355032   2114
 1102 957357290 957361493   4203
 1103 957361526 957369502   7976
 1104 957369630 957371741   2111
 1105 957371774 957379277   7503
 1106 957386592 957388569   1977
 1107 957394509 957395075    566
 1108 957395078 957395255    177
 1109 957395258 957395672    414
 1110 957395676 957396978   1302
 1111 957396997 957396998      1
 1112 957397004 957397005      1
 1113 957397010 957398309   1299
 1114 957398438 957404790   6352
 1115 957407885 957411630   3745
 1116 957411662 957417031   5369
 1117 957433181 957437629   4448
 1118 957437689 957455941  18252
 1119 957456070 957463926   7856
 1120 957463958 957467234   3276
 1121 957468932 957480207  11275
 1122 957481821 957484702   2881
 1123 957484830 957493455   8625
 1124 957493500 957493635    135
 1125 957493665 957494016    351
 1126 957495560 957497814   2254
 1127 957497846 957499235   1389
 1128 957499265 957513557  14292
 1129 957513686 957525045  11359
 1130 957525078 957526130   1052
 1131 957526160 957537480  11320
 1132 957537540 957541200   3660
 1133 957541260 957542333   1073
 1134 957542462 957544353   1891
 1135 957551235 957552240   1005
 1136 957552300 957553364   1064
 1137 957553365 957554880   1515
 1138 957557818 957559357   1539
 1139 957559358 957560373   1015
 1140 957560406 957567093   6687
 1141 957567126 957569566   2440
 1142 957587773 957589073   1300
 1143 957589074 957590476   1402
 1144 957590477 957594861   4384
 1145 957594934 957599925   4991
 1146 957600054 957603037   2983
 1147 957605489 957607673   2184
 1148 957607674 957617684  10010
 1149 957618957 957625269   6312
 1150 957644711 957645346    635
 1151 957648255 957650220   1965
 1152 957650280 957651868   1588
 1153 957654888 957654964     76
 1154 957656994 957657549    555
 1155 957657678 957657805    127
 1156 957657806 957659929   2123
 1157 957659930 957663166   3236
 1158 957663246 957664783   1537
 1159 957664788 957664793      5
 1160 957664796 957664808     12
 1161 957664814 957664818      4
 1162 957664825 957664840     15
 1163 957664969 957665047     78
 1164 957665051 957665115     64
 1165 957665122 957665142     20
 1166 957665145 957665147      2
 1167 957665209 957665212      3
 1168 957665217 957665271     54
 1169 957665273 957665274      1
 1170 957665278 957665282      4
 1171 957665288 957665291      3
 1172 957665295 957665296      1
 1173 957665301 957665330     29
 1174 957665336 957665337      1
 1175 957665340 957665353     13
 1176 957665359 957665362      3
 1177 957665372 957665396     24
 1178 957665400 957665413     13
 1179 957665416 957665442     26
 1180 957665446 957665463     17
 1181 957665466 957665470      4
 1182 957665475 957665476      1
 1183 957665484 957665485      1
 1184 957665496 957665503      7
 1185 957665569 957665636     67
 1186 957665639 957665887    248
 1187 957665890 957665891      1
 1188 957665894 957665929     35
 1189 957665989 957666046     57
 1190 957666052 957666067     15
 1191 957666075 957666076      1
 1192 957666079 957666140     61
 1193 957666146 957666147      1
 1194 957666153 957666188     35
 1195 957666191 957666197      6
 1196 957666201 957667189    988
 1197 957667192 957667194      2
 1198 957667201 957667210      9
 1199 957667213 957667216      3
 1200 957667222 957667369    147
 1201 957667429 957670344   2915
 1202 957670345 957686341  15996
 1203 957686470 957694406   7936
 1204 957694438 957695549   1111
 1205 957697149 957708909  11760
 1206 957708954 957715158   6204
 1207 957715286 957720126   4840
 1208 957720129 957724560   4431
 1209 957724680 957725269    589
 1210 957725329 957727549   2220
 1211 957727609 957729480   1871
 1212 957729540 957732406   2866
 1213 957738014 957739429   1415
 1214 957739489 957739969    480
 1215 957740029 957740081     52
 1216 957740082 957743933   3851
 1217 957744062 957745860   1798
 1218 957745920 957746011     91
 1219 957748499 957752389   3890
 1220 957752449 957753529   1080
 1221 957753589 957753649     60
 1222 957753709 957756049   2340
 1223 957756109 957758497   2388
 1224 957758499 957764183   5684
 1225 957768856 957771149   2293
 1226 957771150 957772758   1608
 1227 957772886 957773533    647
 1228 957773534 957778007   4473
 1229 957786846 957788680   1834
 1230 957788681 957794880   6199
 1231 957794940 957797258   2318
 1232 957805440 957813012   7572
 1233 957813845 957813901     56
 1234 957815826 957815975    149
 1235 957817454 957819778   2324
 1236 957831278 957831960    682
 1237 957832020 957837425   5405
 1238 957842569 957844743   2174
 1239 957844775 957849067   4292
 1240 957852773 957854733   1960
 1241 957854734 957859118   4384
 1242 957859151 957882527  23376
 1243 957882559 957887942   5383
 1244 957888071 957892209   4138
 1245 957900371 957900865    494
 1246 957902440 957902998    558
 1247 957904077 957907599   3522
 1248 957907631 957908817   1186
 1249 957909801 957911670   1869
 1250 957911703 957912021    318
 1251 957912051 957913767   1716
 1252 957915261 957915472    211
 1253 957917560 957928411  10851
 1254 957928414 957932560   4146
 1255 957932605 957942967  10362
 1256 957942999 957950879   7880
 1257 957950911 957972668  21757
 1258 957977815 957979974   2159
 1259 957979975 957981876   1901
 1260 957981879 957987966   6087
 1261 957992387 957994825   2438
 1262 957994826 958003135   8309
 1263 958003263 958011306   8043
 1264 958012911 958022666   9755
 1265 958024884 958026756   1872
 1266 958026757 958031959   5202
 1267 958032087 958037744   5657
 1268 958040365 958041678   1313
 1269 958043233 958045089   1856
 1270 958045090 958051020   5930
 1271 958051061 958051680    619
 1272 958051683 958052280    597
 1273 958052321 958052880    559
 1274 958052892 958053480    588
 1275 958053490 958054740   1250
 1276 958054758 958055340    582
 1277 958055376 958055940    564
 1278 958055951 958056540    589
 1279 958056550 958057140    590
 1280 958057149 958057740    591
 1281 958057754 958058340    586
 1282 958058350 958058940    590
 1283 958058954 958059527    573
 1284 958059528 958059540     12
 1285 958059550 958060710   1160
 1286 958060838 958063357   2519
 1287 958063390 958066740   3350
 1288 958066779 958071600   4821
 1289 958071638 958071798    160
 1290 958071830 958077302   5472
 1291 958077334 958077900    566
 1292 958077949 958082923   4974
 1293 958084611 958085037    426
 1294 958085070 958085425    355
 1295 958085426 958088718   3292
 1296 958088719 958089509    790
 1297 958089638 958101127  11489
 1298 958101130 958101237    107
 1299 958101238 958102296   1058
 1300 958102297 958102840    543
 1301 958102842 958102887     45
 1302 958102888 958104090   1202
 1303 958105517 958109186   3669
 1304 958109187 958112559   3372
 1305 958112563 958113004    441
 1306 958113008 958113049     41
 1307 958113109 958113289    180
 1308 958113469 958113474      5
 1309 958113487 958113497     10
 1310 958113501 958113529     28
 1311 958113532 958113567     35
 1312 958113575 958113589     14
 1313 958113649 958113761    112
 1314 958113764 958115861   2097
 1315 958115934 958118349   2415
 1316 958118478 958119731   1253
 1317 958121010 958123757   2747
 1318 958126114 958127905   1791
 1319 958127906 958131684   3778
 1320 958139084 958141853   2769
 1321 958141854 958151797   9943
 1322 958151830 958151846     16
 1323 958153480 958161420   7940
 1324 958161480 958161540     60
 1325 958161600 958164061   2461
 1326 958165259 958168781   3522
 1327 958168814 958175933   7119
 1328 958176062 958184622   8560
 1329 958184654 958191064   6410
 1330 958191065 958195959   4894
 1331 958202398 958202462     64
 1332 958202494 958203647   1153
 1333 958203648 958203975    327
 1334 958206411 958207502   1091
 1335 958207503 958226261  18758
 1336 958226294 958227163    869
 1337 958253400 958254289    889
 1338 958254349 958255069    720
 1339 958255129 958255375    246
 1340 958255378 958256186    808
 1341 958258354 958260416   2062
 1342 958260417 958262326   1909
 1343 958262455 958269949   7494
 1344 958270009 958271586   1577
 1345 958271589 958272109    520
 1346 958272169 958274543   2374
 1347 958276201 958276654    453
 1348 958276687 958278319   1632
 1349 958282277 958283128    851
 1350 958283129 958290468   7339
 1351 958299220 958301214   1994
 1352 958301215 958304449   3234
 1353 958304929 958306309   1380
 1354 958306310 958310121   3811
 1355 958312011 958313961   1950
 1356 958314021 958319924   5903
 1357 958320053 958320919    866
 1358 958325429 958326180    751
 1359 958328862 958331274   2412
 1360 958331275 958333839   2564
 1361 958333841 958333842      1
 1362 958333843 958333900     57
 1363 958333902 958335316   1414
 1364 958335349 958336272    923
 1365 958337706 958338220    514
 1366 958338231 958338720    489
 1367 958338876 958340009   1133
 1368 958340014 958341235   1221
 1369 958341239 958341241      2
 1370 958341249 958341260     11
 1371 958341262 958341264      2
 1372 958341265 958341266      1
 1373 958341268 958343706   2438
 1374 958343751 958348757   5006
 1375 958348885 958349228    343
 1376 958349309 958349700    391
 1377 958349760 958349853     93
 1378 958349856 958349903     47
 1379 958349909 958349917      8
 1380 958349945 958349949      4
 1381 958349961 958349969      8
 1382 958350041 958350043      2
 1383 958350057 958350060      3
 1384 958350065 958350088     23
 1385 958350091 958350094      3
 1386 958350098 958350106      8
 1387 958350110 958350144     34
 1388 958350153 958350166     13
 1389 958350171 958350175      4
 1390 958350180 958350238     58
 1391 958350247 958350248      1
 1392 958350258 958350263      5
 1393 958350269 958350289     20
 1394 958350324 958350332      8
 1395 958350338 958350423     85
 1396 958350427 958352611   2184
 1397 958368780 958369129    349
 1398 958369309 958370809   1500
 1399 958370869 958371229    360
 1400 958371289 958371469    180
 1401 958371529 958371649    120
 1402 958371709 958371949    240
 1403 958372009 958372069     60
 1404 958372129 958373209   1080
 1405 958373269 958373449    180
 1406 958373569 958373793    224
 1407 958373797 958373989    192
 1408 958374409 958374469     60
 1409 958374589 958374709    120
 1410 958374829 958374870     41
 1411 958374873 958375016    143
 1412 958375020 958375443    423
 1413 958375446 958375456     10
 1414 958375462 958376009    547
 1415 958376012 958376054     42
 1416 958376057 958376486    429
 1417 958376487 958377400    913
 1418 958377404 958377457     53
 1419 958377461 958377487     26
 1420 958377492 958377515     23
 1421 958377530 958377542     12
 1422 958377545 958377547      2
 1423 958377554 958377558      4
 1424 958377566 958377572      6
 1425 958377577 958377626     49
 1426 958377631 958377640      9
 1427 958377643 958377665     22
 1428 958377670 958377690     20
 1429 958377695 958377713     18
 1430 958377716 958377717      1
 1431 958377721 958377868    147
 1432 958377876 958377902     26
 1433 958377906 958377907      1
 1434 958377911 958378196    285
 1435 958378204 958378205      1
 1436 958378209 958378322    113
 1437 958378326 958378415     89
 1438 958378418 958379835   1417
 1439 958379840 958380147    307
 1440 958380157 958380163      6
 1441 958380166 958380177     11
 1442 958380182 958380208     26
 1443 958380212 958380216      4
 1444 958380219 958380220      1
 1445 958380223 958380241     18
 1446 958380256 958380257      1
 1447 958380286 958380289      3
 1448 958380291 958380293      2
 1449 958380297 958380413    116
 1450 958380419 958380421      2
 1451 958380427 958380611    184
 1452 958380616 958380617      1
 1453 958380620 958380647     27
 1454 958380652 958380709     57
 1455 958380769 958380773      4
 1456 958380782 958380783      1
 1457 958380787 958380788      1
 1458 958380803 958380804      1
 1459 958380834 958380841      7
 1460 958380846 958380850      4
 1461 958380856 958380866     10
 1462 958380870 958380874      4
 1463 958380880 958380887      7
 1464 958380898 958380905      7
 1465 958380910 958380912      2
 1466 958380918 958380930     12
 1467 958380933 958380949     16
 1468 958381074 958381081      7
 1469 958381088 958381174     86
 1470 958381177 958381512    335
 1471 958381519 958381523      4
 1472 958381535 958381536      1
 1473 958381544 958381675    131
 1474 958381692 958381865    173
 1475 958381868 958381879     11
 1476 958381882 958381926     44
 1477 958381929 958381954     25
 1478 958381957 958382129    172
 1479 958382133 958382337    204
 1480 958382343 958382494    151
 1481 958382502 958382508      6
 1482 958382512 958382583     71
 1483 958382589 958382601     12
 1484 958382604 958382609      5
 1485 958382612 958382617      5
 1486 958382623 958382818    195
 1487 958382821 958382834     13
 1488 958382837 958382839      2
 1489 958382842 958382857     15
 1490 958382865 958382871      6
 1491 958382874 958382957     83
 1492 958382961 958382962      1
 1493 958382965 958382967      2
 1494 958382972 958383069     97
 1495 958383080 958383081      1
 1496 958383084 958383339    255
 1497 958383342 958383923    581
 1498 958383924 958385216   1292
 1499 958387183 958392169   4986
 1500 958392229 958392509    280
 1501 958397509 958397929    420
 1502 958397989 958398169    180
 1503 958398229 958398409    180
 1504 958398529 958398709    180
 1505 958398769 958399671    902
 1506 958399672 958399936    264
 1507 958400128 958400166     38
 1508 958400167 958401325   1158
 1509 958403641 958405380   1739
 1510 958405560 958405587     27
 1511 958405647 958405767    120
 1512 958405827 958406348    521
 1513 958406607 958406940    333
 1514 958407000 958407480    480
 1515 958407540 958407977    437
 1516 958411587 958411707    120
 1517 958411767 958411827     60
 1518 958411887 958412187    300
 1519 958412307 958412367     60
 1520 958412427 958412487     60
 1521 958412667 958413254    587
 1522 958413284 958413327     43
 1523 958413449 958413567    118
 1524 958413627 958413747    120
 1525 958413867 958413888     21
 1526 958413907 958413987     80
 1527 958414047 958414394    347
 1528 958414398 958414415     17
 1529 958414418 958414587    169
 1530 958414647 958414657     10
 1531 958414660 958414661      1
 1532 958414665 958414670      5
 1533 958414674 958414682      8
 1534 958414688 958414689      1
 1535 958414692 958414750     58
 1536 958414753 958414771     18
 1537 958414774 958414821     47
 1538 958414827 958414830      3
 1539 958414833 958414901     68
 1540 958414902 958414955     53
 1541 958414959 958415204    245
 1542 958415210 958415307     97
 1543 958415427 958415494     67
 1544 958415497 958415499      2
 1545 958415502 958415666    164
 1546 958415671 958415679      8
 1547 958415682 958415686      4
 1548 958415689 958415710     21
 1549 958415714 958415751     37
 1550 958415755 958415902    147
 1551 958415910 958415916      6
 1552 958415922 958415923      1
 1553 958415928 958415951     23
 1554 958415960 958415963      3
 1555 958415971 958415996     25
 1556 958415999 958416001      2
 1557 958416006 958416027     21
 1558 958416087 958416091      4
 1559 958416097 958416197    100
 1560 958416200 958416217     17
 1561 958416220 958416260     40
 1562 958416265 958416288     23
 1563 958416291 958416298      7
 1564 958416299 958416311     12
 1565 958416314 958416329     15
 1566 958416330 958416507    177
 1567 958416513 958416567     54
 1568 958416627 958416714     87
 1569 958416738 958416745      7
 1570 958416747 958416758     11
 1571 958416761 958416858     97
 1572 958416861 958416867      6
 1573 958416927 958417107    180
 1574 958417167 958417394    227
 1575 958417406 958417419     13
 1576 958417425 958417431      6
 1577 958417434 958417435      1
 1578 958417438 958417467     29
 1579 958417527 958417529      2
 1580 958417532 958417613     81
 1581 958417621 958417636     15
 1582 958417644 958417647      3
 1583 958417653 958417762    109
 1584 958417763 958417773     10
 1585 958417777 958417860     83
 1586 958417863 958417883     20
 1587 958417890 958417898      8
 1588 958417902 958417953     51
 1589 958417956 958418040     84
 1590 958418100 958418159     59
 1591 958418162 958418172     10
 1592 958418185 958418186      1
 1593 958418189 958418213     24
 1594 958418217 958418247     30
 1595 958418251 958418252      1
 1596 958418255 958418264      9
 1597 958418267 958418307     40
 1598 958418367 958418602    235
 1599 958418604 958418967    363
 1600 958419027 958419207    180
 1601 958419267 958419270      3
 1602 958419275 958419276      1
 1603 958419280 958419438    158
 1604 958419439 958419447      8
 1605 958419567 958419687    120
 1606 958419807 958420164    357
 1607 958420165 958420347    182
 1608 958420587 958420647     60
 1609 958420707 958421067    360
 1610 958421127 958421160     33
 1611 958421367 958421847    480
 1612 958426193 958426227     34
 1613 958426347 958426542    195
 1614 958426548 958426552      4
 1615 958426555 958426584     29
 1616 958426586 958426587      1
 1617 958426647 958427067    420
 1618 958427127 958427187     60
 1619 958427247 958427725    478
 1620 958427730 958428087    357
 1621 958428147 958428322    175
 1622 958428326 958428327      1
 1623 958428337 958428567    230
 1624 958428627 958428747    120
 1625 958428807 958428855     48
 1626 958428869 958429107    238
 1627 958429167 958429316    149
 1628 958429350 958429443     93
 1629 958429451 958429467     16
 1630 958431662 958431674     12
 1631 958431677 958431681      4
 1632 958431686 958431687      1
 1633 958431867 958431882     15
 1634 958431885 958431927     42
 1635 958432167 958432227     60
 1636 958432287 958432467    180
 1637 958432647 958433307    660
 1638 958433427 958433487     60
 1639 958433547 958433667    120
 1640 958433727 958433904    177
 1641 958440367 958442075   1708
 1642 958442076 958444282   2206
 1643 958446560 958447148    588
 1644 958447230 958448882   1652
 1645 958452736 958454885   2149
 1646 958454886 958459148   4262
 1647 958459181 958463932   4751
 1648 958464061 958476357  12296
 1649 958476389 958492352  15963
 1650 958492721 958496700   3979
 1651 958496760 958496801     41
 1652 958496846 958502519   5673
 1653 958502521 958503721   1200
 1654 958509374 958509930    556
 1655 958512657 958515042   2385
 1656 958515043 958515248    205
 1657 958519664 958521548   1884
 1658 958521677 958532868  11191
 1659 958538559 958540400   1841
 1660 958540401 958540957    556
 1661 958541037 958547367   6330
 1662 958547547 958550316   2769
 1663 958550445 958556834   6389
 1664 958558352 958561748   3396
 1665 958561781 958570892   9111
 1666 958570925 958573265   2340
 1667 958582929 958582970     41
 1668 958588045 958589364   1319
 1669 958589397 958589434     37
 1670 958589435 958589606    171
 1671 958589607 958598984   9377
 1672 958598985 958599687    702
 1673 958599747 958599927    180
 1674 958599987 958600510    523
 1675 958600513 958600707    194
 1676 958600767 958600947    180
 1677 958601067 958601796    729
 1678 958601800 958601801      1
 1679 958601804 958601805      1
 1680 958601809 958601810      1
 1681 958601813 958601967    154
 1682 958602027 958602327    300
 1683 958602387 958602567    180
 1684 958602627 958602867    240
 1685 958602927 958603047    120
 1686 958603107 958603287    180
 1687 958603467 958603587    120
 1688 958603647 958603887    240
 1689 958604067 958604187    120
 1690 958604247 958604367    120
 1691 958604427 958604727    300
 1692 958604847 958605387    540
 1693 958605447 958606887   1440
 1694 958607007 958607900    893
 1695 958608029 958608534    505
 1696 958610325 958613247   2922
 1697 958613367 958614447   1080
 1698 958614507 958614821    314
 1699 958614824 958615158    334
 1700 958615161 958615355    194
 1701 958615358 958615372     14
 1702 958615376 958615407     31
 1703 958615467 958615527     60
 1704 958615587 958615642     55
 1705 958615707 958615767     60
 1706 958615827 958615887     60
 1707 958615947 958616007     60
 1708 958616067 958616309    242
 1709 958616311 958616418    107
 1710 958616421 958616427      6
 1711 958616487 958616607    120
 1712 958616727 958616739     12
 1713 958616758 958616760      2
 1714 958616765 958616769      4
 1715 958616786 958616787      1
 1716 958616907 958616931     24
 1717 958616934 958616959     25
 1718 958616982 958616983      1
 1719 958616991 958616995      4
 1720 958616998 958617015     17
 1721 958617018 958617022      4
 1722 958617030 958617033      3
 1723 958617037 958617087     50
 1724 958617207 958617214      7
 1725 958617216 958617264     48
 1726 958617327 958617330      3
 1727 958617331 958617507    176
 1728 958617627 958617667     40
 1729 958617680 958617682      2
 1730 958617687 958617708     21
 1731 958617716 958617717      1
 1732 958617721 958617724      3
 1733 958617728 958617730      2
 1734 958617732 958617737      5
 1735 958617741 958617750      9
 1736 958617753 958617780     27
 1737 958617785 958617793      8
 1738 958617796 958617800      4
 1739 958617803 958617804      1
 1740 958617987 958618176    189
 1741 958618182 958618218     36
 1742 958618223 958618247     24
 1743 958618252 958618254      2
 1744 958618257 958618276     19
 1745 958618280 958618293     13
 1746 958618300 958618310     10
 1747 958618314 958618393     79
 1748 958618399 958618407      8
 1749 958618647 958619187    540
 1750 958619247 958619367    120
 1751 958619427 958620271    844
 1752 958620276 958620388    112
 1753 958620391 958620867    476
 1754 958620987 958621447    460
 1755 958621449 958621884    435
 1756 958621917 958623867   1950
 1757 958623987 958624055     68
 1758 958624061 958624067      6
 1759 958624070 958624107     37
 1760 958624347 958624373     26
 1761 958624376 958624467     91
 1762 958624527 958624603     76
 1763 958624606 958624635     29
 1764 958624638 958624683     45
 1765 958624685 958624847    162
 1766 958624850 958624852      2
 1767 958624855 958624857      2
 1768 958624859 958624957     98
 1769 958624958 958625222    264
 1770 958625225 958625278     53
 1771 958625282 958625381     99
 1772 958625384 958626016    632
 1773 958626019 958627596   1577
 1774 958627599 958627707    108
 1775 958627767 958628025    258
 1776 958628035 958628056     21
 1777 958628060 958628067      7
 1778 958628127 958629052    925
 1779 958629085 958630407   1322
 1780 958630467 958636716   6249
 1781 958636845 958641772   4927
 1782 958644921 958647210   2289
 1783 958647211 958648324   1113
 1784 958648405 958652780   4375
 1785 958652813 958660998   8185
 1786 958661001 958665533   4532
 1787 958665661 958670667   5006
 1788 958670727 958675527   4800
 1789 958675587 958677637   2050
 1790 958677669 958690119  12450
 1791 958693927 958694332    405
 1792 958694461 958696527   2066
 1793 958696528 958708155  11627
 1794 958716056 958720876   4820
 1795 958728874 958729491    617
 1796 958738118 958738565    447
 1797 958738637 958739142    505
 1798 958739143 958739830    687
 1799 958739831 958751229  11398
 1800 958751261 958751932    671
 1801 958752061 958753028    967
 1802 958753030 958753678    648
 1803 958757824 958759075   1251
 1804 958762500 958762664    164
 1805 958771655 958771687     32
 1806 958771689 958771705     16
 1807 958771707 958771745     38
 1808 958777747 958778347    600
 1809 958778348 958780757   2409
 1810 958780885 958781641    756
 1811 958784723 958787037   2314
 1812 958800438 958802224   1786
 1813 958803828 958804668    840
 1814 958804741 958805138    397
 1815 958805139 958805163     24
 1816 958805164 958806043    879
 1817 958806046 958806088     42
 1818 958806090 958806104     14
 1819 958806106 958806113      7
 1820 958806119 958806122      3
 1821 958806129 958806149     20
 1822 958806151 958809540   3389
 1823 958809669 958817930   8261
 1824 958819767 958820127    360
 1825 958820187 958820367    180
 1826 958820427 958825262   4835
 1827 958826663 958830023   3360
 1828 958833328 958835564   2236
 1829 958835637 958835647     10
 1830 958835648 958836240    592
 1831 958836360 958836550    190
 1832 958836552 958836828    276
 1833 958888571 958889266    695
 1834 958889267 958894230   4963
 1835 958894262 958894361     99
 1836 958898392 958899426   1034
 1837 958899427 958899907    480
 1838 958904293 958906429   2136
 1839 958906430 958907650   1220
 1840 958907651 958911713   4062
 1841 958913293 958913688    395
 1842 958914800 958918718   3918
 1843 958918750 958919557    807
 1844 958922476 958922820    344
 1845 958922880 958923999   1119
 1846 958924000 958924560    560
 1847 958924620 958924741    121
 1848 958924870 958926360   1490
 1849 958926420 958926840    420
 1850 958933059 958933500    441
 1851 958933560 958934494    934
 1852 958934526 958935527   1001
 1853 958935528 958936128    600
 1854 958938320 958938835    515
 1855 958940614 958942116   1502
 1856 958942117 958943040    923
 1857 958943160 958943174     14
 1858 958943176 958943608    432
 1859 958943609 958945162   1553
 1860 958945163 958946654   1491
 1861 958946655 958947317    662
 1862 958947318 958947540    222
 1863 958947600 958950036   2436
 1864 958950037 958951492   1455
 1865 958951493 958951560     67
 1866 958951561 958953518   1957
 1867 958953646 958955442   1796
 1868 958955650 958961942   6292
 1869 958976297 958977415   1118
 1870 958977416 958978702   1286
 1871 958978703 958982349   3646
 1872 958982478 958986385   3907
 1873 958988331 958989389   1058
 1874 958989390 958989420     30
 1875 958989421 959007751  18330
 1876 959013022 959014962   1940
 1877 959014963 959016264   1301
 1878 959016265 959016431    166
 1879 959025483 959025507     24
 1880 959025807 959025867     60
 1881 959026047 959026107     60
 1882 959026167 959026287    120
 1883 959026347 959026527    180
 1884 959026529 959026538      9
 1885 959026541 959026544      3
 1886 959026545 959026610     65
 1887 959026612 959026613      1
 1888 959026615 959026661     46
 1889 959026665 959026678     13
 1890 959026679 959026681      2
 1891 959026683 959027148    465
 1892 959027149 959028327   1178
 1893 959028329 959028360     31
 1894 959028420 959030128   1708
 1895 959030129 959031438   1309
 1896 959031498 959033775   2277
 1897 959033778 959033836     58
 1898 959033838 959034000    162
 1899 959034087 959035167   1080
 1900 959035227 959035767    540
 1901 959035827 959036787    960
 1902 959036847 959037027    180
 1903 959037087 959037263    176
 1904 959037265 959037267      2
 1905 959037327 959037600    273
 1906 959037630 959038107    477
 1907 959038167 959038230     63
 1908 959038260 959038590    330
 1909 959038620 959038845    225
 1910 959038890 959038950     60
 1911 959038995 959039475    480
 1912 959039520 959039716    196
 1913 959039718 959039941    223
 1914 959040147 959040207     60
 1915 959040267 959040268      1
 1916 959040273 959040352     79
 1917 959040356 959040387     31
 1918 959041227 959041287     60
 1919 959041905 959042007    102
 1920 959046814 959046867     53
 1921 959046927 959048234   1307
 1922 959048235 959048573    338
 1923 959048574 959051445   2871
 1924 959051526 959061208   9682
 1925 959063793 959065282   1489
 1926 959065283 959068741   3458
 1927 959068870 959073227   4357
 1928 959073228 959073237      9
 1929 959073238 959074719   1481
 1930 959074720 959074823    103
 1931 959074824 959076793   1969
 1932 959084353 959084497    144
 1933 959087852 959089939   2087
 1934 959089940 959091775   1835
 1935 959107093 959107177     84
 1936 959107180 959107198     18
 1937 959107202 959107218     16
 1938 959107220 959107227      7
 1939 959107228 959107244     16
 1940 959107247 959107266     19
 1941 959107268 959107287     19
 1942 959107289 959107291      2
 1943 959107293 959107297      4
 1944 959107302 959107314     12
 1945 959107318 959107320      2
 1946 959107326 959107327      1
 1947 959107328 959107329      1
 1948 959107331 959107382     51
 1949 959107384 959107385      1
 1950 959107393 959107394      1
 1951 959107395 959107406     11
 1952 959107408 959107409      1
 1953 959107414 959107440     26
 1954 959107442 959107453     11
 1955 959107459 959107460      1
 1956 959110522 959110577     55
 1957 959110653 959110741     88
 1958 959110746 959110772     26
 1959 959112781 959112947    166
 1960 959112951 959113150    199
 1961 959113260 959113683    423
 1962 959113684 959113943    259
 1963 959113944 959114327    383
 1964 959114335 959114454    119
 1965 959114457 959114502     45
 1966 959163351 959168541   5190
 1967 959168574 959170610   2036
 1968 959170612 959173363   2751
 1969 959175241 959183901   8660
 1970 959184030 959186350   2320
 1971 959186410 959188630   2220
 1972 959188750 959189939   1189
 1973 959189942 959189964     22
 1974 959189972 959189978      6
 1975 959189984 959194953   4969
 1976 959196563 959197908   1345
 1977 959197910 959202813   4903
 1978 959202894 959207269   4375
 1979 959207302 959209847   2545
 1980 959219689 959246865  27176
 1981 959253952 959266111  12159
 1982 959266143 959276040   9897
 1983 959279378 959288337   8959
 1984 959295244 959299142   3898
 1985 959299271 959299326     55
 1986 959299680 959308310   8630
 1987 959308383 959312043   3660
 1988 959316532 959322390   5858
 1989 959322423 959327935   5512
 1990 959328063 959330494   2431
 1991 959330527 959346494  15967
 1992 959346527 959353462   6935
 1993 959353495 959356726   3231
 1994 959356855 959372470  15615
 1995 959372530 959372890    360
 1996 959372950 959374210   1260
 1997 959374330 959374750    420
 1998 959374870 959375110    240
 1999 959375170 959375323    153
 2000 959375326 959375530    204
 2001 959375590 959375654     64
 2002 959375657 959375683     26
 2003 959375686 959375689      3
 2004 959375694 959375830    136
 2005 959375890 959376051    161
 2006 959376054 959376065     11
 2007 959376068 959376076      8
 2008 959376079 959376210    131
 2009 959376227 959376471    244
 2010 959376476 959377571   1095
 2011 959377922 959380281   2359
 2012 959385983 959387470   1487
 2013 959387530 959388010    480
 2014 959388070 959398452  10382
 2015 959402187 959411943   9756
 2016 959417973 959426631   8658
 2017 959426711 959436306   9595
 2018 959436308 959438675   2367
 2019 959459667 959459749     82
 2020 959459752 959459862    110
 2021 959459865 959462400   2535
 2022 959463987 959465161   1174
 2023 959465164 959465469    305
 2024 959467229 959471358   4129
 2025 959487824 959495454   7630
 2026 959495535 959500727   5192
 2027 959500855 959508970   8115
 2028 959509150 959509690    540
 2029 959509750 959510467    717
 2030 959516212 959520615   4403
 2031 959530243 959530510    267
 2032 959530511 959532637   2126
 2033 959534438 959536119   1681
 2034 959536193 959542260   6067
 2035 959542320 959543582   1262
 2036 959579437 959579553    116
 2037 959581173 959581245     72
 2038 959581250 959581266     16
 2039 959581390 959581393      3
 2040 959581405 959581407      2
 2041 959581412 959581416      4
 2042 959581422 959581435     13
 2043 959581440 959581510     70
 2044 959581577 959581582      5
 2045 959581586 959581594      8
 2046 959581599 959581605      6
 2047 959581608 959581630     22
 2048 959581753 959581772     19
 2049 959581870 959581888     18
 2050 959581890 959581898      8
 2051 959581901 959581911     10
 2052 959581922 959581925      3
 2053 959581928 959581929      1
 2054 959581935 959581937      2
 2055 959581944 959581959     15
 2056 959581962 959581967      5
 2057 959581970 959581990     20
 2058 959584210 959584330    120
 2059 959588079 959588590    511
 2060 959588650 959589190    540
 2061 959589250 959596497   7247
 2062 959598412 959603009   4597
 2063 959604602 959606485   1883
 2064 959606566 959614680   8114
 2065 959614800 959615918   1118
 2066 959616046 959618362   2316
 2067 959618363 959618441     78
 2068 959618442 959618812    370
 2069 959622482 959622580     98
 2070 959628370 959630100   1730
 2071 959630160 959630481    321
 2072 959630483 959630574     91
 2073 959630576 959630585      9
 2074 959630586 959632077   1491
 2075 959632110 959635133   3023
 2076 959635134 959636341   1207
 2077 959636374 959636404     30
 2078 959636406 959636471     65
 2079 959636474 959636619    145
 2080 959636620 959636633     13
 2081 959636634 959636646     12
 2082 959636647 959637008    361
 2083 959640731 959644757   4026
 2084 959644886 959647342   2456
 2085 959647414 959648316    902
 2086 959659478 959673558  14080
 2087 959673686 959696077  22391
 2088 959696110 959700480   4370
 2089 959700540 959702333   1793
 2090 959702462 959704916   2454
 2091 959704918 959715773  10855
 2092 959720253 959725030   4777
 2093 959725090 959726035    945
 2094 959729814 959730087    273
 2095 959732833 959734270   1437
 2096 959734330 959734568    238
 2097 959734571 959734750    179
 2098 959734810 959735110    300
 2099 959735230 959735470    240
 2100 959735530 959735770    240
 2101 959735830 959735950    120
 2102 959736010 959736550    540
 2103 959736610 959738650   2040
 2104 959738710 959738890    180
 2105 959738950 959739190    240
 2106 959739250 959739434    184
 2107 959739438 959739490     52
 2108 959739622 959740247    625
 2109 959740250 959740270     20
 2110 959740330 959741470   1140
 2111 959741530 959741573     43
 2112 959741606 959741710    104
 2113 959741770 959742430    660
 2114 959742550 959742569     19
 2115 959742572 959742730    158
 2116 959742790 959742911    121
 2117 959746939 959750651   3712
 2118 959752780 959759909   7129
 2119 959760038 959760797    759
 2120 959760830 959764035   3205
 2121 959767122 959767194     72
 2122 959769528 959778293   8765
 2123 959778366 959782129   3763
 2124 959787638 959788749   1111
 2125 959788879 959797768   8889
 2126 959797770 959800201   2431
 2127 959803849 959803925     76
 2128 959803958 959817534  13576
 2129 959817662 959827525   9863
 2130 959827558 959837039   9481
 2131 959841746 959847654   5908
 2132 959850405 959862283  11878
 2133 959863702 959870966   7264
 2134 959870998 959872538   1540
 2135 959872614 959875109   2495
 2136 959875238 959875672    434
 2137 959875674 959876182    508
 2138 959879601 959880490    889
 2139 959880550 959880794    244
 2140 959882662 959882773    111
 2141 959885662 959888954   3292
 2142 959891069 959895596   4527
 2143 959895599 959898964   3365
 2144 959900565 959901315    750
 2145 959903363 959903925    562
 2146 959904054 959913085   9031
 2147 959913118 959921485   8367
 2148 959921566 959926263   4697
 2149 959928130 959932718   4588
 2150 959932846 959939164   6318
 2151 959941156 959954579  13423
 2152 959954581 959954636     55
 2153 959954639 959954645      6
 2154 959954646 959954650      4
 2155 959954656 959954657      1
 2156 959954660 959954662      2
 2157 959954664 959954675     11
 2158 959954677 959955802   1125
 2159 959955803 959955862     59
 2160 959955863 959956134    271
 2161 959956136 959956170     34
 2162 959956172 959956241     69
 2163 959956243 959956271     28
 2164 959956274 959956277      3
 2165 959956279 959956305     26
 2166 959956306 959957171    865
 2167 959957173 959957313    140
 2168 959957318 959957319      1
 2169 959957323 959958199    876
 2170 959959780 959960145    365
 2171 959960147 959960165     18
 2172 959960167 959961000    833
 2173 959961060 959961517    457
 2174 959961646 959962380    734
 2175 959962440 959963435    995
 2176 959963437 959963573    136
 2177 959963576 959963678    102
 2178 959963679 959963680      1
 2179 959963682 959963690      8
 2180 959963692 959963693      1
 2181 959963695 959963700      5
 2182 959963760 959963769      9
 2183 959963771 959963817     46
 2184 959963821 959963910     89
 2185 959963912 959963929     17
 2186 959963931 959964776    845
 2187 959964778 959964779      1
 2188 959964780 959964781      1
 2189 959964785 959964805     20
 2190 959964806 959964858     52
 2191 959964859 959964917     58
 2192 959966586 959968746   2160
 2193 959968748 959968752      4
 2194 959968756 959968771     15
 2195 959968773 959968803     30
 2196 959968807 959968849     42
 2197 959968850 959968869     19
 2198 959968871 959968942     71
 2199 959968944 959969434    490
 2200 959971304 959972565   1261
 2201 959972694 959972813    119
 2202 959972818 959973297    479
 2203 959973299 959973308      9
 2204 959973309 959973322     13
 2205 959975036 959975138    102
 2206 959975142 959975144      2
 2207 959975145 959975154      9
 2208 959975155 959975197     42
 2209 959975199 959975247     48
 2210 959975248 959975650    402
 2211 959975710 959975899    189
 2212 959975901 959975939     38
 2213 959975941 959976148    207
 2214 959976149 959976180     31
 2215 959976240 959976480    240
 2216 959976540 959976732    192
 2217 959976734 959976736      2
 2218 959976739 959976859    120
 2219 959976861 959977640    779
 2220 959977642 959977648      6
 2221 959977656 959977674     18
 2222 959977677 959977844    167
 2223 959977846 959978265    419
 2224 959978267 959978313     46
 2225 959978317 959978349     32
 2226 959978350 959978354      4
 2227 959982894 959983486    592
 2228 959983489 959990230   6741
 2229 959990430 959991135    705
 2230 960001269 960005290   4021
 2231 960005350 960006562   1212
 2232 960006714 960018290  11576
 2233 960018292 960018452    160
 2234 960018454 960019118    664
 2235 960019246 960019810    564
 2236 960021865 960028469   6604
 2237 960028502 960036850   8348
 2238 960038140 960041080   2940
 2239 960041082 960041093     11
 2240 960041095 960041122     27
 2241 960041125 960041128      3
 2242 960041130 960041132      2
 2243 960041136 960041169     33
 2244 960041170 960041191     21
 2245 960041193 960041209     16
 2246 960041211 960041212      1
 2247 960041216 960041221      5
 2248 960041226 960041234      8
 2249 960041236 960041237      1
 2250 960041239 960041930    691
 2251 960041932 960042072    140
 2252 960042074 960042146     72
 2253 960042148 960044461   2313
 2254 960076645 960076725     80
 2255 960076854 960079211   2357
 2256 960079213 960079215      2
 2257 960079219 960082044   2825
 2258 960085933 960086644    711
 2259 960086645 960086708     63
 2260 960086710 960086951    241
 2261 960086952 960086967     15
 2262 960086969 960087576    607
 2263 960090584 960091895   1311
 2264 960094767 960097443   2676
 2265 960099816 960103741   3925
 2266 960105396 960105534    138
 2267 960105662 960123720  18058
 2268 960123780 960128186   4406
 2269 960128188 960128244     56
 2270 960128246 960128254      8
 2271 960128255 960128257      2
 2272 960134566 960135952   1386
 2273 960169058 960169090     32
 2274 960169150 960169509    359
 2275 960169630 960169690     60
 2276 960169810 960169831     21
 2277 960169832 960169872     40
 2278 960169874 960169889     15
 2279 960169891 960169898      7
 2280 960169902 960169916     14
 2281 960169917 960169957     40
 2282 960169958 960169976     18
 2283 960169977 960169990     13
 2284 960170050 960170062     12
 2285 960170064 960170074     10
 2286 960170078 960170080      2
 2287 960170095 960170100      5
 2288 960170111 960170127     16
 2289 960170149 960170155      6
 2290 960170158 960170162      4
 2291 960170166 960170173      7
 2292 960170177 960170178      1
 2293 960170179 960170180      1
 2294 960170181 960170182      1
 2295 960170187 960170193      6
 2296 960170205 960170207      2
 2297 960170208 960170211      3
 2298 960170213 960170222      9
 2299 960170225 960170235     10
 2300 960170236 960170246     10
 2301 960170250 960170265     15
 2302 960170267 960170274      7
 2303 960170275 960170285     10
 2304 960170289 960170291      2
 2305 960170292 960170295      3
 2306 960170299 960170300      1
 2307 960170301 960170311     10
 2308 960170312 960170314      2
 2309 960170316 960170323      7
 2310 960170330 960170331      1
 2311 960170332 960170333      1
 2312 960170335 960170341      6
 2313 960170343 960170354     11
 2314 960170359 960170361      2
 2315 960170363 960170364      1
 2316 960170367 960170368      1
 2317 960170377 960170380      3
 2318 960170382 960170383      1
 2319 960170391 960170393      2
 2320 960170394 960170395      1
 2321 960170396 960170399      3
 2322 960170403 960170405      2
 2323 960170411 960170413      2
 2324 960170414 960170415      1
 2325 960170416 960170417      1
 2326 960170418 960170423      5
 2327 960170428 960170434      6
 2328 960170437 960170441      4
 2329 960170458 960170461      3
 2330 960170467 960170473      6
 2331 960170484 960170496     12
 2332 960170502 960170504      2
 2333 960170505 960170507      2
 2334 960170517 960170518      1
 2335 960170530 960170532      2
 2336 960170546 960170547      1
 2337 960170553 960170555      2
 2338 960170587 960170588      1
 2339 960170615 960170617      2
 2340 960170626 960170627      1
 2341 960170634 960170645     11
 2342 960170710 960170713      3
 2343 960170715 960170717      2
 2344 960170729 960170730      1
 2345 960170731 960170733      2
 2346 960170736 960170749     13
 2347 960170750 960170751      1
 2348 960170766 960170767      1
 2349 960170892 960170893      1
 2350 960170898 960170899      1
 2351 960170900 960170907      7
 2352 960170921 960170925      4
 2353 960171009 960171010      1
 2354 960171032 960171033      1
 2355 960171060 960171061      1
 2356 960171084 960171088      4
 2357 960171092 960171093      1
 2358 960171097 960171098      1
 2359 960171099 960171100      1
 2360 960171121 960171127      6
 2361 960171134 960171136      2
 2362 960171138 960171139      1
 2363 960171141 960171142      1
 2364 960171150 960171152      2
 2365 960171168 960171169      1
 2366 960171178 960171179      1
 2367 960171182 960171185      3
 2368 960171186 960171189      3
 2369 960171236 960171237      1
 2370 960171240 960171243      3
 2371 960176577 960176607     30
 2372 960176770 960177010    240
 2373 960177070 960177130     60
 2374 960177250 960177370    120
 2375 960177430 960177790    360
 2376 960177850 960180177   2327
 2377 960180768 960180790     22
 2378 960180910 960182410   1500
 2379 960182470 960183162    692
 2380 960187219 960191925   4706
 2381 960192054 960195896   3842
 2382 960200243 960201154    911
 2383 960204199 960205328   1129
 2384 960209933 960212140   2207
 2385 960212141 960212206     65
 2386 960230102 960230780    678
 2387 960230786 960231439    653
 2388 960240861 960243193   2332
 2389 960245646 960245963    317
 2390 960276755 960277111    356
 2391 960277112 960277644    532
 2392 960283529 960283734    205
 2393 960283737 960283748     11
 2394 960283749 960283779     30
 2395 960283785 960283812     27
 2396 960283813 960283960    147
 2397 960283964 960284105    141
 2398 960284106 960284178     72
 2399 960284182 960284278     96
 2400 960284279 960284373     94
 2401 960284378 960284383      5
 2402 960284385 960284403     18
 2403 960284405 960284448     43
 2404 960284450 960284460     10
 2405 960286288 960286373     85
 2406 960286374 960286629    255
 2407 960288192 960288199      7
 2408 960288200 960288208      8
 2409 960288212 960288227     15
 2410 960288228 960288237      9
 2411 960288240 960288252     12
 2412 960288253 960288255      2
 2413 960288258 960288264      6
 2414 960288266 960288283     17
 2415 960288291 960288299      8
 2416 960288301 960288316     15
 2417 960288318 960288596    278
 2418 960288602 960288654     52
 2419 960288656 960288658      2
 2420 960288662 960288809    147
 2421 960288812 960288846     34
 2422 960288850 960288865     15
 2423 960288867 960289193    326
 2424 960289194 960289208     14
 2425 960289210 960289246     36
 2426 960289247 960289254      7
 2427 960289257 960289302     45
 2428 960289305 960289377     72
 2429 960289382 960289407     25
 2430 960289411 960289414      3
 2431 960289417 960289434     17
 2432 960289435 960289470     35
 2433 960289474 960289580    106
 2434 960289582 960289650     68
 2435 960289652 960289674     22
 2436 960291969 960292745    776
 2437 960292748 960293618    870
 2438 960293619 960294776   1157
 2439 960295366 960295556    190
 2440 960296234 960296268     34
 2441 960296273 960296963    690
 2442 960296967 960298588   1621
 2443 960298590 960299158    568
 2444 960299159 960300637   1478
 2445 960304791 960305194    403
 2446 960305196 960305230     34
 2447 960305310 960306947   1637
 2448 960306950 960306960     10
 2449 960307020 960307089     69
 2450 960307090 960307126     36
 2451 960307254 960307908    654
 2452 960307911 960308307    396
 2453 960313504 960314904   1400
 2454 960321863 960324907   3044
 2455 960324909 960325345    436
 2456 960345431 960346589   1158
 2457 960346591 960348851   2260
 2458 960360940 960361727    787
 2459 960361728 960361750     22
 2460 960370821 960370977    156
 2461 960426011 960430603   4592
 2462 960435015 960435815    800
 2463 960438001 960444920   6919
 2464 960446732 960450827   4095
 2465 960452516 960454630   2114
 2466 960454690 960455022    332
 2467 960457869 960460293   2424
 2468 960461893 960462311    418
 2469 960464237 960465609   1372
 2470 960468014 960470696   2682
 2471 960476822 960479902   3080
 2472 960480030 960482083   2053
 2473 960484902 960485423    521
 2474 960485431 960485449     18
 2475 960486953 960487150    197
 2476 960487210 960489168   1958
 2477 960490704 960491328    624
 2478 960497359 960498348    989
 2479 960501151 960501181     30
 2480 960501211 960501886    675
 2481 960501889 960501899     10
 2482 960501902 960508757   6855
 2483 960508886 960510751   1865
 2484 960521440 960521590    150
 2485 960521710 960521724     14
 2486 960525518 960525548     30
 2487 960525551 960525580     29
 2488 960525582 960525627     45
 2489 960525631 960525641     10
 2490 960525642 960525670     28
 2491 960525730 960525764     34
 2492 960525770 960525788     18
 2493 960525850 960525853      3
 2494 960525854 960525910     56
 2495 960525970 960526146    176
 2496 960531790 960531792      2
 2497 960531801 960531803      2
 2498 960531806 960531812      6
 2499 960531825 960531827      2
 2500 960531835 960531837      2
 2501 960531840 960531843      3
 2502 960531849 960531850      1
 2503 960531910 960531919      9
 2504 960531922 960531927      5
 2505 960531932 960531936      4
 2506 960531939 960531984     45
 2507 960531987 960531996      9
 2508 960531997 960532018     21
 2509 960532020 960532040     20
 2510 960532044 960532056     12
 2511 960532060 960532087     27
 2512 960532090 960532145     55
 2513 960532147 960532150      3
 2514 960532210 960532228     18
 2515 960532231 960532256     25
 2516 960532258 960532276     18
 2517 960532279 960532288      9
 2518 960532289 960532290      1
 2519 960532291 960532292      1
 2520 960532293 960532308     15
 2521 960532317 960532320      3
 2522 960532326 960532330      4
 2523 960532393 960532402      9
 2524 960532407 960532414      7
 2525 960532417 960532427     10
 2526 960532431 960532510     79
 2527 960534997 960535339    342
 2528 960536846 960537542    696
 2529 960537670 960537767     97
 2530 960539830 960541822   1992
 2531 960541854 960542671    817
 2532 960542673 960548492   5819
 2533 960549973 960552008   2035
 2534 960554301 960556160   1859
 2535 960564584 960565200    616
 2536 960565320 960565553    233
 2537 960570427 960570434      7
 2538 960570437 960570446      9
 2539 960570448 960570462     14
 2540 960570466 960570483     17
 2541 960570484 960570501     17
 2542 960570505 960570514      9
 2543 960570515 960570519      4
 2544 960570520 960570529      9
 2545 960570532 960570533      1
 2546 960570534 960570537      3
 2547 960570539 960570545      6
 2548 960570551 960570568     17
 2549 960570572 960570576      4
 2550 960570580 960570587      7
 2551 960570594 960570602      8
 2552 960570609 960570616      7
 2553 960570618 960570626      8
 2554 960570628 960570629      1
 2555 960570631 960570635      4
 2556 960570638 960570639      1
 2557 960570640 960570642      2
 2558 960570643 960570645      2
 2559 960570649 960570651      2
 2560 960570655 960570659      4
 2561 960570663 960570664      1
 2562 960570665 960570673      8
 2563 960570681 960570685      4
 2564 960570694 960570712     18
 2565 960570717 960570726      9
 2566 960570728 960570732      4
 2567 960570733 960570747     14
 2568 960570748 960570753      5
 2569 960570754 960570782     28
 2570 960570784 960570787      3
 2571 960570788 960570794      6
 2572 960570795 960570803      8
 2573 960570804 960570810      6
 2574 960570813 960570859     46
 2575 960570861 960571337    476
 2576 960571343 960571393     50
 2577 960571396 960574151   2755
 2578 960575956 960576060    104
 2579 960576120 960577701   1581
 2580 960586389 960586665    276
 2581 960586669 960593036   6367
 2582 960602576 960602890    314
 2583 960602950 960603168    218
 2584 960603171 960603190     19
 2585 960603250 960603430    180
 2586 960603550 960603730    180
 2587 960603790 960603970    180
 2588 960604090 960604356    266
 2589 960604357 960604390     33
 2590 960604510 960604570     60
 2591 960604630 960604820    190
 2592 960604823 960605110    287
 2593 960605170 960605650    480
 2594 960605710 960605950    240
 2595 960606070 960606110     40
 2596 960606116 960606278    162
 2597 960606280 960606282      2
 2598 960619904 960622468   2564
 2599 960622470 960622590    120
 2600 960622593 960622663     70
 2601 960622668 960622694     26
 2602 960622697 960623940   1243
 2603 960624069 960632652   8583
 2604 960632733 960642944  10211
 2605 960643072 960647040   3968
 2606 960647100 960647119     19
 2607 960647121 960647141     20
 2608 960647142 960647544    402
 2609 960647546 960648360    814
 2610 960648480 960649065    585
 2611 960717101 960717721    620
 2612 960719602 960719845    243
 2613 960721561 960722612   1051
 2614 960722645 960731707   9062
 2615 960731709 960732841   1132
 2616 960735537 960739132   3595
 2617 960739261 960739409    148
 2618 960741670 960743400   1730
 2619 960743520 960743597     77
 2620 960743598 960744408    810
 2621 960747291 960750307   3016
 2622 960757998 960760745   2747
 2623 960763791 960765122   1331
 2624 960765126 960765130      4
 2625 960765135 960765137      2
 2626 960765141 960765146      5
 2627 960765149 960765153      4
 2628 960765154 960766590   1436
 2629 960794142 960794770    628
 2630 960794830 960795878   1048
 2631 960795881 960795892     11
 2632 960795894 960795984     90
 2633 960795985 960796075     90
 2634 960796078 960796080      2
 2635 960796082 960796085      3
 2636 960796088 960796211    123
 2637 960796213 960796251     38
 2638 960796255 960796264      9
 2639 960796265 960796266      1
 2640 960796267 960796371    104
 2641 960796374 960796376      2
 2642 960796379 960796393     14
 2643 960796394 960796442     48
 2644 960796445 960796447      2
 2645 960796449 960796488     39
 2646 960796493 960796601    108
 2647 960796602 960796615     13
 2648 960796617 960796666     49
 2649 960796669 960796671      2
 2650 960796674 960796708     34
 2651 960796713 960796734     21
 2652 960796869 960797950   1081
 2653 960800511 960805659   5148
 2654 960807640 960818641  11001
 2655 960818642 960818648      6
 2656 960818649 960818656      7
 2657 960818658 960818767    109
 2658 960818769 960818787     18
 2659 960818789 960818919    130
 2660 960818921 960818938     17
 2661 960818941 960818942      1
 2662 960818945 960819040     95
 2663 960819042 960819054     12
 2664 960819056 960819221    165
 2665 960819253 960819263     10
 2666 960819266 960819269      3
 2667 960819271 960819273      2
 2668 960819278 960819291     13
 2669 960819293 960819294      1
 2670 960819296 960819317     21
 2671 960819319 960819322      3
 2672 960819324 960819328      4
 2673 960819330 960819338      8
 2674 960819340 960819782    442
 2675 960834654 960836763   2109
 2676 960840462 960841450    988
 2677 960841510 960842050    540
 2678 960842110 960842135     25
 2679 960844211 960845230   1019
 2680 960845290 960845404    114
 2681 960847853 960849978   2125
 2682 960879659 960879873    214
 2683 960879874 960879900     26
 2684 960879902 960880052    150
 2685 960880054 960880061      7
 2686 960880064 960880100     36
 2687 960880102 960880112     10
 2688 960880114 960880149     35
 2689 960880151 960880152      1
 2690 960880156 960880158      2
 2691 960880160 960880163      3
 2692 960880165 960880167      2
 2693 960880169 960880172      3
 2694 960880173 960880183     10
 2695 960880184 960880189      5
 2696 960880197 960880198      1
 2697 960880202 960880204      2
 2698 960880223 960880225      2
 2699 960880231 960880233      2
 2700 960880235 960880236      1
 2701 960880239 960880248      9
 2702 960880250 960880252      2
 2703 960880260 960880265      5
 2704 960880275 960880279      4
 2705 960880288 960880290      2
 2706 960880307 960880308      1
 2707 960880313 960880314      1
 2708 960880367 960880368      1
 2709 960885121 960888496   3375
 2710 960890934 960893722   2788
 2711 960895977 960896146    169
 2712 960898289 960902540   4251
 2713 960909516 960911933   2417
 2714 960912061 960916676   4615
 2715 960916679 960917006    327
 2716 960917008 960917027     19
 2717 960917029 960917036      7
 2718 960918790 960920773   1983
 2719 960920775 960920778      3
 2720 960920780 960921885   1105
 2721 960923049 960923440    391
 2722 960926680 960926819    139
 2723 960926821 960927702    881
 2724 960927703 960927711      8
 2725 960927715 960927722      7
 2726 960927724 960928788   1064
 2727 960928821 960931369   2548
 2728 960936873 960940000   3127
 2729 960942503 960942591     88
 2730 960942592 960942921    329
 2731 960942924 960943957   1033
 2732 960964483 960969557   5074
 2733 960969685 960977113   7428
 2734 960979509 960983334   3825
 2735 960985012 960987917   2905
 2736 960987949 960994076   6127
 2737 960994109 960998308   4199
 2738 960998437 961001516   3079
 2739 961002961 961007452   4491
 2740 961007485 961017085   9600
 2741 961017117 961027149  10032
 2742 961027277 961028075    798
 2743 961050819 961055957   5138
 2744 961056086 961058657   2571
