    1 948444884 948452024   7140
    2 948452144 948454189   2045
    3 948454222 948455008    786
    4 948462478 948470301   7823
    5 948470430 948472277   1847
    6 948472310 948476301   3991
    7 948540482 948540581     99
    8 948544227 948544281     54
    9 948547076 948547315    239
   10 948547923 948548621    698
   11 948597702 948615683  17981
   12 948640408 948642026   1618
   13 948642059 948643099   1040
   14 948643227 948644141    914
   15 948712708 948717718   5010
   16 948724888 948727771   2883
   17 948727803 948729498   1695
   18 948729627 948735686   6059
   19 948740849 948745461   4612
   20 949008598 949008606      8
   21 949008608 949008665     57
   22 949008667 949008697     30
   23 949008700 949008704      4
   24 949008706 949008729     23
   25 949008731 949008783     52
   26 949008784 949008799     15
   27 949008803 949008819     16
   28 949008822 949008859     37
   29 949008860 949008890     30
   30 949008892 949008900      8
   31 949008902 949008909      7
   32 949008911 949008923     12
   33 949008925 949008935     10
   34 949008941 949008957     16
   35 949008959 949008969     10
   36 949008971 949008976      5
   37 949008977 949008979      2
   38 949008981 949008982      1
   39 949008986 949008999     13
   40 949009001 949009003      2
   41 949009005 949009008      3
   42 949009012 949009014      2
   43 949009016 949009032     16
   44 949009037 949009044      7
   45 949009046 949009049      3
   46 949009051 949009063     12
   47 949009066 949009070      4
   48 949009071 949009075      4
   49 949009076 949009077      1
   50 949009078 949009083      5
   51 949009085 949009086      1
   52 949009088 949009097      9
   53 949009098 949009107      9
   54 949009110 949009112      2
   55 949009114 949009123      9
   56 949009124 949009125      1
   57 949009126 949009127      1
   58 949009131 949009148     17
   59 949009151 949009154      3
   60 949009157 949009158      1
   61 949009160 949009163      3
   62 949009165 949009175     10
   63 949009177 949009182      5
   64 949009184 949009193      9
   65 949009195 949009199      4
   66 949009202 949009203      1
   67 949009206 949009213      7
   68 949009215 949009225     10
   69 949009227 949009240     13
   70 949009241 949009243      2
   71 949009246 949009258     12
   72 949009260 949009263      3
   73 949009265 949009267      2
   74 949009271 949009280      9
   75 949009283 949009290      7
   76 949009293 949009296      3
   77 949009298 949009311     13
   78 949009313 949009317      4
   79 949009318 949009322      4
   80 949009324 949009331      7
   81 949009332 949009339      7
   82 949009340 949009345      5
   83 949009347 949009357     10
   84 949009358 949009367      9
   85 949009369 949009373      4
   86 949009375 949009381      6
   87 949009383 949009385      2
   88 949009388 949009389      1
   89 949009394 949009396      2
   90 949009397 949009413     16
   91 949009415 949009435     20
   92 949009436 949009438      2
   93 949009441 949009448      7
   94 949009451 949009465     14
   95 949009467 949009468      1
   96 949009470 949009474      4
   97 949009475 949009478      3
   98 949009481 949009488      7
   99 949009491 949009497      6
  100 949009498 949009501      3
  101 949009503 949009507      4
  102 949009508 949009509      1
  103 949009511 949009515      4
  104 949009519 949009527      8
  105 949009529 949009531      2
  106 949009533 949009549     16
  107 949009552 949009556      4
  108 949009559 949009571     12
  109 949009574 949009579      5
  110 949009581 949009598     17
  111 949009599 949009602      3
  112 949009605 949009606      1
  113 949009607 949009611      4
  114 949009613 949009620      7
  115 949009623 949009630      7
  116 949009632 949009645     13
  117 949009648 949009650      2
  118 949009654 949009656      2
  119 949009658 949009662      4
  120 949009665 949009681     16
  121 949009683 949009694     11
  122 949009695 949009699      4
  123 949009701 949009704      3
  124 949009706 949009715      9
  125 949009718 949009727      9
  126 949009728 949009731      3
  127 949009733 949009737      4
  128 949009740 949009742      2
  129 949009744 949009750      6
  130 949009751 949009756      5
  131 949009758 949009760      2
  132 949009764 949009778     14
  133 949009779 949009788      9
  134 949009790 949009807     17
  135 949009809 949009817      8
  136 949009821 949009823      2
  137 949009825 949009830      5
  138 949009833 949009835      2
  139 949009838 949009839      1
  140 949009840 949009843      3
  141 949009846 949009847      1
  142 949009851 949009859      8
  143 949009860 949009863      3
  144 949009865 949009875     10
  145 949009877 949009889     12
  146 949009890 949009892      2
  147 949009894 949009896      2
  148 949009900 949009911     11
  149 949009912 949009919      7
  150 949009921 949009923      2
  151 949009925 949009937     12
  152 949009940 949009943      3
  153 949009945 949009947      2
  154 949009950 949009953      3
  155 949009955 949009957      2
  156 949009960 949009963      3
  157 949009964 949009970      6
  158 949009972 949009980      8
  159 949009982 949009985      3
  160 949009987 949009995      8
  161 949009996 949010000      4
  162 949010001 949010004      3
  163 949010007 949010010      3
  164 949010012 949010025     13
  165 949010027 949010031      4
  166 949010034 949010037      3
  167 949010038 949010043      5
  168 949010046 949010067     21
  169 949010071 949010088     17
  170 949010091 949010092      1
  171 949010095 949010096      1
  172 949010097 949010103      6
  173 949010105 949010108      3
  174 949010109 949010113      4
  175 949010114 949010125     11
  176 949010138 949010141      3
  177 949010146 949010151      5
  178 949010152 949010158      6
  179 949010159 949010162      3
  180 949010165 949010167      2
  181 949010171 949010173      2
  182 949010179 949010181      2
  183 949010182 949010190      8
  184 949010191 949010194      3
  185 949010197 949010199      2
  186 949010201 949010203      2
  187 949010205 949010207      2
  188 949010209 949010221     12
  189 949010223 949010227      4
  190 949010228 949010232      4
  191 949010236 949010241      5
  192 949010243 949010246      3
  193 949010250 949010251      1
  194 949010254 949010261      7
  195 949010263 949010265      2
  196 949010267 949010281     14
  197 949010283 949010303     20
  198 949010329 949010330      1
  199 949010355 949010356      1
  200 949010358 949010361      3
  201 949010364 949010367      3
  202 949010369 949010375      6
  203 949010377 949010378      1
  204 949010382 949010383      1
  205 949010385 949010391      6
  206 949010392 949010394      2
  207 949010397 949010400      3
  208 949010403 949010406      3
  209 949010408 949010411      3
  210 949010414 949010415      1
  211 949010418 949010420      2
  212 949010422 949010425      3
  213 949010428 949010429      1
  214 949010434 949010436      2
  215 949010438 949010448     10
  216 949010450 949010452      2
  217 949010455 949010464      9
  218 949010467 949010476      9
  219 949010478 949017502   7024
  220 949017630 949020449   2819
  221 949048288 949057633   9345
  222 949059179 949059412    233
  223 949059413 949059582    169
  224 949059584 949059631     47
  225 949059634 949059667     33
  226 949059668 949059734     66
  227 949059736 949059740      4
  228 949059741 949059891    150
  229 949059895 949059909     14
  230 949059911 949059964     53
  231 949059965 949060107    142
  232 949060109 949060161     52
  233 949060162 949060175     13
  234 949060176 949060189     13
  235 949060191 949060232     41
  236 949060235 949060242      7
  237 949060245 949060279     34
  238 949060281 949060283      2
  239 949060286 949060320     34
  240 949060321 949060349     28
  241 949060352 949060412     60
  242 949060414 949060432     18
  243 949060433 949060443     10
  244 949060445 949060453      8
  245 949060455 949060470     15
  246 949060472 949060476      4
  247 949060478 949060580    102
  248 949060582 949060612     30
  249 949060615 949060625     10
  250 949060633 949060684     51
  251 949060688 949060769     81
  252 949060773 949060782      9
  253 949060786 949060810     24
  254 949060812 949060832     20
  255 949060835 949060860     25
  256 949060861 949060882     21
  257 949060884 949060890      6
  258 949060892 949060899      7
  259 949060902 949060936     34
  260 949060941 949060960     19
  261 949060964 949060976     12
  262 949060979 949060996     17
  263 949060997 949061006      9
  264 949061008 949061016      8
  265 949061017 949061092     75
  266 949061094 949061127     33
  267 949061128 949061194     66
  268 949061195 949061241     46
  269 949061243 949061247      4
  270 949061248 949061250      2
  271 949061252 949061280     28
  272 949061282 949061290      8
  273 949061291 949061323     32
  274 949061325 949061331      6
  275 949061333 949061384     51
  276 949061385 949061388      3
  277 949061390 949061394      4
  278 949061396 949061424     28
  279 949061426 949061465     39
  280 949061467 949061483     16
  281 949061485 949061486      1
  282 949061488 949061507     19
  283 949061508 949061539     31
  284 949061540 949061564     24
  285 949061566 949063246   1680
  286 949068025 949075102   7077
  287 949075230 949077565   2335
  288 949080380 949083185   2805
  289 949111704 949132702  20998
  290 949132830 949133458    628
  291 949137090 949145550   8460
  292 949147849 949155536   7687
  293 949155540 949160711   5171
  294 949291761 949292615    854
  295 949292617 949293302    685
  296 949293307 949294067    760
  297 949294069 949295201   1132
  298 949295202 949295235     33
  299 949295236 949298037   2801
  300 949303943 949305021   1078
  301 949309491 949309886    395
  302 949309890 949311918   2028
  303 949311922 949312665    743
  304 949312668 949312884    216
  305 949312886 949313310    424
  306 949317318 949320090   2772
  307 949320093 949320918    825
  308 949324603 949324907    304
  309 949324909 949325276    367
  310 949327453 949329597   2144
  311 949329600 949330809   1209
  312 949330812 949330878     66
  313 949330881 949330955     74
  314 949330957 949330958      1
  315 949330962 949331450    488
  316 949381472 949384382   2910
  317 949384384 949384832    448
  318 949384833 949391904   7071
  319 949392032 949393133   1101
  320 949393313 949393373     60
  321 949393493 949393613    120
  322 949393733 949394273    540
  323 949394453 949394513     60
  324 949394573 949394693    120
  325 949394873 949394993    120
  326 949395353 949395620    267
  327 949395623 949397898   2275
  328 949397902 949399141   1239
  329 949399144 949399474    330
  330 949399478 949399724    246
  331 949399727 949402749   3022
  332 949402752 949405671   2919
  333 949407153 949407181     28
  334 949407182 949407195     13
  335 949407197 949407219     22
  336 949407223 949407236     13
  337 949407238 949407243      5
  338 949407244 949407249      5
  339 949407250 949407253      3
  340 949407254 949407259      5
  341 949407260 949407264      4
  342 949407266 949407270      4
  343 949407273 949407285     12
  344 949407287 949407301     14
  345 949407305 949407307      2
  346 949407309 949407314      5
  347 949407316 949407320      4
  348 949407324 949407332      8
  349 949407335 949407343      8
  350 949407344 949407349      5
  351 949407354 949407360      6
  352 949407361 949407363      2
  353 949407368 949407371      3
  354 949407374 949407375      1
  355 949407377 949407386      9
  356 949407388 949407391      3
  357 949407401 949407405      4
  358 949407409 949407413      4
  359 949407416 949407418      2
  360 949407419 949407423      4
  361 949407434 949407438      4
  362 949407440 949407443      3
  363 949407446 949407448      2
  364 949407451 949407453      2
  365 949407456 949407459      3
  366 949407461 949407463      2
  367 949407467 949407468      1
  368 949407472 949407477      5
  369 949407479 949407485      6
  370 949407490 949407491      1
  371 949407495 949407496      1
  372 949407500 949407505      5
  373 949407520 949407523      3
  374 949407526 949407528      2
  375 949407534 949407535      1
  376 949407537 949407539      2
  377 949407543 949407544      1
  378 949407556 949407558      2
  379 949407562 949407564      2
  380 949407568 949407569      1
  381 949407573 949407574      1
  382 949407577 949407582      5
  383 949407585 949407587      2
  384 949407591 949407600      9
  385 949407611 949407613      2
  386 949407623 949407626      3
  387 949407640 949407642      2
  388 949407645 949407646      1
  389 949407651 949407652      1
  390 949407657 949407658      1
  391 949407667 949407668      1
  392 949407691 949407692      1
  393 949407696 949407698      2
  394 949407702 949407706      4
  395 949407710 949407712      2
  396 949407734 949407736      2
  397 949407753 949407754      1
  398 949407768 949407769      1
  399 949407772 949407773      1
  400 949407786 949407787      1
  401 949407791 949407792      1
  402 949407825 949407826      1
  403 949407843 949407844      1
  404 949407849 949407850      1
  405 949407893 949407895      2
  406 949407899 949407900      1
  407 949407937 949407939      2
  408 949407943 949407944      1
  409 949408067 949408068      1
  410 949408074 949408075      1
  411 949408113 949408114      1
  412 949408163 949408165      2
  413 949408186 949408187      1
  414 949408222 949408223      1
  415 949408260 949408261      1
  416 949408514 949408515      1
  417 949408520 949408521      1
  418 949408540 949408541      1
  419 949408558 949408559      1
  420 949408577 949408578      1
  421 949408654 949408655      1
  422 949408770 949408771      1
  423 949408829 949408830      1
  424 949409002 949409003      1
  425 949409136 949409137      1
  426 949409161 949409162      1
  427 949409312 949409328     16
  428 949409395 949409414     19
  429 949409415 949409435     20
  430 949409552 949412514   2962
  431 949412519 949417923   5404
  432 949460346 949462939   2593
  433 949462940 949463660    720
  434 949463661 949463728     67
  435 949463729 949465361   1632
  436 949465362 949465582    220
  437 949465584 949467251   1667
  438 949469621 949470083    462
  439 949470084 949471275   1191
  440 949471276 949478301   7025
  441 949478430 949480558   2128
  442 949480559 949497682  17123
  443 949497683 949504593   6910
  444 949506284 949506955    671
  445 949509172 949509183     11
  446 949509185 949509191      6
  447 949509194 949509199      5
  448 949509200 949509204      4
  449 949509208 949509211      3
  450 949509213 949509215      2
  451 949509218 949509219      1
  452 949509222 949509224      2
  453 949509228 949509230      2
  454 949509231 949509233      2
  455 949509235 949509238      3
  456 949509240 949509243      3
  457 949509246 949509249      3
  458 949509251 949509253      2
  459 949509258 949509262      4
  460 949509264 949509268      4
  461 949509269 949509271      2
  462 949509274 949509277      3
  463 949509279 949509283      4
  464 949509286 949509300     14
  465 949509302 949509303      1
  466 949509306 949509309      3
  467 949509312 949509315      3
  468 949509318 949509321      3
  469 949509325 949509328      3
  470 949509331 949509332      1
  471 949509335 949509339      4
  472 949509342 949509345      3
  473 949509347 949509349      2
  474 949509355 949509358      3
  475 949509361 949509363      2
  476 949509366 949509369      3
  477 949509372 949509374      2
  478 949509378 949509381      3
  479 949509384 949509386      2
  480 949509390 949509392      2
  481 949509395 949509398      3
  482 949509400 949509403      3
  483 949509405 949509412      7
  484 949509413 949509414      1
  485 949509416 949509419      3
  486 949509421 949509424      3
  487 949509426 949509436     10
  488 949509439 949509442      3
  489 949509444 949509447      3
  490 949509449 949509452      3
  491 949509456 949509459      3
  492 949509461 949509465      4
  493 949509468 949509469      1
  494 949509472 949509473      1
  495 949509476 949509487     11
  496 949509490 949509493      3
  497 949509496 949509499      3
  498 949509502 949509504      2
  499 949509507 949509510      3
  500 949509512 949509514      2
  501 949509519 949509524      5
  502 949509526 949509529      3
  503 949509530 949509534      4
  504 949509540 949509542      2
  505 949509544 949509549      5
  506 949509555 949509557      2
  507 949509561 949509563      2
  508 949509567 949509571      4
  509 949509574 949509576      2
  510 949509581 949509583      2
  511 949509593 949509595      2
  512 949509598 949509600      2
  513 949509602 949509609      7
  514 949509611 949509614      3
  515 949509618 949509622      4
  516 949509625 949509631      6
  517 949509634 949509637      3
  518 949509642 949509645      3
  519 949509647 949509651      4
  520 949509659 949509661      2
  521 949509664 949509667      3
  522 949509670 949509677      7
  523 949509679 949509680      1
  524 949509684 949509686      2
  525 949509691 949509694      3
  526 949509696 949509697      1
  527 949509700 949509703      3
  528 949509705 949509707      2
  529 949509710 949509713      3
  530 949509716 949509717      1
  531 949509720 949509722      2
  532 949509726 949509729      3
  533 949509731 949509733      2
  534 949509737 949509738      1
  535 949509739 949509740      1
  536 949509742 949509743      1
  537 949509748 949509749      1
  538 949509751 949509752      1
  539 949509753 949509757      4
  540 949509761 949509763      2
  541 949509768 949509770      2
  542 949509773 949509777      4
  543 949509781 949509782      1
  544 949509785 949509788      3
  545 949509793 949509794      1
  546 949509796 949509801      5
  547 949509809 949509810      1
  548 949509813 949509816      3
  549 949509819 949509820      1
  550 949509821 949509822      1
  551 949509828 949509832      4
  552 949509835 949509837      2
  553 949509840 949509842      2
  554 949509845 949509847      2
  555 949509849 949509852      3
  556 949509857 949509860      3
  557 949509863 949509869      6
  558 949509874 949509876      2
  559 949509880 949509882      2
  560 949509888 949509889      1
  561 949509893 949509895      2
  562 949509901 949509903      2
  563 949509905 949509908      3
  564 949509920 949509922      2
  565 949509926 949509932      6
  566 949509936 949509938      2
  567 949509942 949509946      4
  568 949509951 949509952      1
  569 949509960 949509962      2
  570 949509967 949509968      1
  571 949509972 949509976      4
  572 949509980 949509982      2
  573 949509985 949509987      2
  574 949509994 949509995      1
  575 949509997 949509999      2
  576 949510002 949510004      2
  577 949510008 949510009      1
  578 949510011 949510013      2
  579 949510017 949510018      1
  580 949510027 949510029      2
  581 949510040 949510042      2
  582 949510045 949510046      1
  583 949510048 949510052      4
  584 949510055 949510058      3
  585 949510067 949510068      1
  586 949510077 949510079      2
  587 949510083 949510085      2
  588 949510088 949510090      2
  589 949510094 949510095      1
  590 949510103 949510104      1
  591 949510110 949510111      1
  592 949510115 949510118      3
  593 949510122 949510123      1
  594 949510126 949510129      3
  595 949510132 949510133      1
  596 949510136 949510139      3
  597 949510147 949510150      3
  598 949510152 949510156      4
  599 949510160 949510162      2
  600 949510166 949510169      3
  601 949510172 949510174      2
  602 949510180 949510181      1
  603 949510195 949510196      1
  604 949510200 949510204      4
  605 949510210 949510212      2
  606 949510215 949510220      5
  607 949510225 949510226      1
  608 949510231 949510232      1
  609 949510235 949510237      2
  610 949510245 949510248      3
  611 949510253 949510254      1
  612 949510259 949510263      4
  613 949510267 949510270      3
  614 949510274 949510276      2
  615 949510280 949510282      2
  616 949510287 949510288      1
  617 949510292 949510293      1
  618 949510300 949510304      4
  619 949510307 949510309      2
  620 949510313 949510314      1
  621 949510322 949510324      2
  622 949510326 949510328      2
  623 949510332 949510337      5
  624 949510342 949510343      1
  625 949510346 949510350      4
  626 949510354 949510356      2
  627 949510364 949510367      3
  628 949510370 949510372      2
  629 949510385 949510387      2
  630 949510395 949510396      1
  631 949510402 949510405      3
  632 949510411 949510414      3
  633 949510417 949510420      3
  634 949510423 949510425      2
  635 949510431 949510433      2
  636 949510434 949510436      2
  637 949510440 949510442      2
  638 949510450 949510451      1
  639 949510454 949510456      2
  640 949510460 949510461      1
  641 949510465 949510466      1
  642 949510472 949510476      4
  643 949510493 949510496      3
  644 949510506 949510509      3
  645 949510513 949510514      1
  646 949510519 949510520      1
  647 949510532 949510533      1
  648 949510538 949510540      2
  649 949510547 949510548      1
  650 949510558 949510562      4
  651 949510566 949510567      1
  652 949510581 949510582      1
  653 949510586 949510589      3
  654 949510592 949510593      1
  655 949510596 949510600      4
  656 949510602 949510608      6
  657 949510614 949510616      2
  658 949510619 949510620      1
  659 949510625 949510627      2
  660 949510633 949510634      1
  661 949510641 949510643      2
  662 949510648 949510650      2
  663 949510658 949510660      2
  664 949510663 949510665      2
  665 949510704 949510706      2
  666 949510708 949510711      3
  667 949510714 949510716      2
  668 949510726 949510728      2
  669 949510731 949510734      3
  670 949510736 949510737      1
  671 949510747 949510748      1
  672 949510755 949510756      1
  673 949510759 949510760      1
  674 949510762 949510764      2
  675 949510777 949510778      1
  676 949510782 949510784      2
  677 949510790 949510793      3
  678 949510798 949510799      1
  679 949510803 949510805      2
  680 949510809 949510811      2
  681 949510817 949510818      1
  682 949510826 949510829      3
  683 949510833 949510838      5
  684 949510840 949510845      5
  685 949510848 949510850      2
  686 949510856 949510857      1
  687 949510863 949510864      1
  688 949510868 949510869      1
  689 949510880 949515838   4958
  690 949532733 949532819     86
  691 949535400 949535902    502
  692 949536030 949537114   1084
  693 949537115 949558951  21836
  694 949599343 949605135   5792
  695 949605136 949605631    495
  696 949621060 949621918    858
  697 949621920 949622018     98
  698 949622019 949622301    282
  699 949622430 949622563    133
  700 949622564 949623284    720
  701 949623285 949657725  34440
  702 949665369 949666842   1473
  703 949666843 949666858     15
  704 949669261 949670229    968
  705 949670230 949675073   4843
  706 949675133 949675193     60
  707 949675253 949679828   4575
  708 949679829 949679902     73
  709 949680030 949685346   5316
  710 949726733 949727108    375
  711 949727109 949727783    674
  712 949727784 949728040    256
  713 949729068 949733344   4276
  714 949736254 949741189   4935
  715 949741190 949762809  21619
  716 949810685 949812638   1953
  717 949812639 949812719     80
  718 949812720 949816055   3335
  719 949818863 949820750   1887
  720 949820751 949823901   3150
  721 949824030 949827697   3667
  722 949827698 949831861   4163
  723 949834010 949837140   3130
  724 949837141 949838955   1814
  725 949838956 949847555   8599
  726 949847660 949847667      7
  727 949850332 949850422     90
  728 949850452 949850617    165
  729 949850647 949850722     75
  730 949850752 949850812     60
  731 949850857 949850887     30
  732 949850917 949851172    255
  733 949851217 949851427    210
  734 949851457 949851487     30
  735 949851532 949852701   1169
  736 949852830 949857591   4761
  737 949872936 949873149    213
  738 949874868 949876402   1534
  739 949876405 949876602    197
  740 949876603 949876745    142
  741 949876747 949876894    147
  742 949876898 949876923     25
  743 949876925 949876999     74
  744 949877001 949877168    167
  745 949878147 949880607   2460
  746 949880609 949881045    436
  747 949888419 949890240   1821
  748 949890241 949893357   3116
  749 949898617 949900039   1422
  750 949900040 949900373    333
  751 949900375 949910301   9926
  752 949910430 949915302   4872
  753 949915306 949920941   5635
  754 949920942 949923127   2185
  755 949923129 949923134      5
  756 949923135 949923263    128
  757 949923265 949925955   2690
  758 949925957 949926539    582
  759 949926540 949931441   4901
  760 949931443 949931445      2
  761 949931447 949936664   5217
  762 949936666 949937185    519
  763 949939190 949940829   1639
  764 949940830 949941075    245
  765 949941076 949941077      1
  766 949941078 949941300    222
  767 949941360 949942681   1321
  768 949962209 949967902   5693
  769 949968030 949971364   3334
  770 949972017 949972617    600
  771 949973460 949975270   1810
  772 949975271 949980091   4820
  773 949980092 949980867    775
  774 949982483 949990007   7524
  775 949990009 949992101   2092
  776 949992102 949992533    431
  777 949992534 949992900    366
  778 949992901 949995270   2369
  779 949995272 949995304     32
  780 949995306 950002606   7300
  781 950002607 950002629     22
  782 950004719 950004732     13
  783 950004733 950006087   1354
  784 950007820 950007821      1
  785 950007823 950007825      2
  786 950007828 950007830      2
  787 950007833 950007835      2
  788 950007840 950007843      3
  789 950007848 950007851      3
  790 950007853 950007854      1
  791 950007856 950007858      2
  792 950007863 950007868      5
  793 950007870 950007874      4
  794 950007875 950007876      1
  795 950007880 950007883      3
  796 950007891 950007893      2
  797 950007896 950007898      2
  798 950007901 950007903      2
  799 950007904 950007905      1
  800 950007907 950007911      4
  801 950007913 950007916      3
  802 950007920 950007921      1
  803 950007925 950007927      2
  804 950007930 950007940     10
  805 950007945 950007946      1
  806 950007948 950007951      3
  807 950007953 950007956      3
  808 950007964 950007966      2
  809 950007969 950007972      3
  810 950007975 950007977      2
  811 950007980 950007981      1
  812 950007985 950007987      2
  813 950007995 950007997      2
  814 950008008 950008009      1
  815 950008013 950008016      3
  816 950008018 950008019      1
  817 950008024 950008025      1
  818 950008033 950008034      1
  819 950008035 950008037      2
  820 950008039 950008041      2
  821 950008046 950008049      3
  822 950008054 950008057      3
  823 950008059 950008061      2
  824 950008067 950008068      1
  825 950008074 950008076      2
  826 950008080 950008081      1
  827 950008101 950008104      3
  828 950008114 950008116      2
  829 950008121 950008122      1
  830 950008131 950008133      2
  831 950008137 950008138      1
  832 950008140 950008143      3
  833 950008151 950008153      2
  834 950008158 950008159      1
  835 950008165 950008167      2
  836 950008183 950008184      1
  837 950008191 950008192      1
  838 950008206 950008207      1
  839 950008217 950008218      1
  840 950008226 950008227      1
  841 950008231 950008232      1
  842 950008242 950008244      2
  843 950008246 950008247      1
  844 950008259 950008260      1
  845 950008281 950008282      1
  846 950008290 950008291      1
  847 950008304 950008305      1
  848 950008308 950008310      2
  849 950008314 950008317      3
  850 950008329 950008330      1
  851 950008352 950008354      2
  852 950008357 950008358      1
  853 950008362 950008364      2
  854 950008404 950008405      1
  855 950008409 950008410      1
  856 950008418 950008419      1
  857 950008499 950008500      1
  858 950008576 950008577      1
  859 950008581 950008583      2
  860 950008601 950008602      1
  861 950008701 950008702      1
  862 950008717 950008719      2
  863 950008731 950008732      1
  864 950008751 950008752      1
  865 950008846 950008847      1
  866 950008856 950008857      1
  867 950008931 950008932      1
  868 950009088 950009089      1
  869 950009118 950009119      1
  870 950009146 950009147      1
  871 950009182 950009183      1
  872 950009206 950009207      1
  873 950009253 950009254      1
  874 950009258 950009259      1
  875 950009298 950009299      1
  876 950009303 950009305      2
  877 950009349 950009350      1
  878 950009371 950009372      1
  879 950009377 950009378      1
  880 950009396 950009398      2
  881 950009417 950009418      1
  882 950009480 950009481      1
  883 950009497 950009498      1
  884 950009533 950009534      1
  885 950009539 950009541      2
  886 950009580 950009581      1
  887 950009644 950009645      1
  888 950009650 950009651      1
  889 950009667 950009668      1
  890 950009712 950009714      2
  891 950009915 950009916      1
  892 950009998 950010093     95
  893 950011853 950011919     66
  894 950011921 950012141    220
  895 950014570 950016805   2235
  896 950016806 950016809      3
  897 950018418 950019849   1431
  898 950019850 950019897     47
  899 950021124 950024300   3176
  900 950025150 950025502    352
  901 950025630 950026201    571
  902 950029470 950036160   6690
  903 950036280 950037056    776
  904 950043392 950050419   7027
  905 950058930 950060776   1846
  906 950060777 950062357   1580
  907 950064242 950064405    163
  908 950075813 950075933    120
  909 950076053 950076233    180
  910 950081813 950082113    300
  911 950082173 950082233     60
  912 950082353 950082773    420
  913 950082833 950083073    240
  914 950083230 950084153    923
  915 950084213 950084393    180
  916 950084453 950087753   3300
  917 950087813 950089613   1800
  918 950089673 950095429   5756
  919 950098106 950100594   2488
  920 950100595 950108396   7801
  921 950109821 950109824      3
  922 950109831 950109833      2
  923 950109835 950109856     21
  924 950109857 950110508    651
  925 950110510 950110900    390
  926 950110902 950111902   1000
  927 950112030 950112249    219
  928 950112250 950115988   3738
  929 950116018 950126696  10678
  930 950128837 950129485    648
  931 950129486 950130945   1459
  932 950130946 950131118    172
  933 950131119 950169502  38383
  934 950169630 950170125    495
  935 950173385 950173662    277
  936 950173664 950174073    409
  937 950174074 950174377    303
  938 950174379 950175426   1047
  939 950176777 950176778      1
  940 950176782 950176785      3
  941 950176788 950176790      2
  942 950176793 950176796      3
  943 950176797 950176811     14
  944 950176813 950176816      3
  945 950176818 950177011    193
  946 950177015 950177665    650
  947 950177666 950178785   1119
  948 950178787 950197156  18369
  949 950198725 950199178    453
  950 950199179 950200581   1402
  951 950200582 950208348   7766
  952 950209788 950210517    729
  953 950210518 950227102  16584
  954 950227230 950227862    632
  955 950230370 950233050   2680
  956 950233051 950255902  22851
  957 950256030 950259063   3033
  958 950259064 950284702  25638
  959 950284830 950288120   3290
  960 950296801 950297440    639
  961 950300116 950302093   1977
  962 950303711 950304721   1010
  963 950304723 950305372    649
  964 950305375 950305466     91
  965 950305467 950305922    455
  966 950305924 950306060    136
  967 950306067 950309808   3741
  968 950316422 950319464   3042
  969 950319465 950328177   8712
  970 950331094 950333915   2821
  971 950333916 950342301   8385
  972 950342430 950357990  15560
  973 950361539 950364173   2634
  974 950364174 950373900   9726
  975 950414802 950419500   4698
  976 950419560 950427552   7992
  977 950427582 950428701   1119
  978 950428830 950431216   2386
  979 950431217 950431259     42
  980 950431260 950431921    661
  981 950431922 950431996     74
  982 950431997 950432108    111
  983 950432109 950432156     47
  984 950432157 950434441   2284
  985 950434443 950456731  22288
  986 950458151 950458359    208
  987 950458365 950458384     19
  988 950460093 950460340    247
  989 950460341 950460347      6
  990 950460349 950460387     38
  991 950460391 950460431     40
  992 950460434 950460568    134
  993 950460570 950460839    269
  994 950460840 950462542   1702
  995 950462543 950463832   1289
  996 950466865 950469866   3001
  997 950469867 950470043    176
  998 950482057 950486301   4244
  999 950486430 950486445     15
 1000 950486446 950491384   4938
 1001 950497767 950499050   1283
 1002 950499051 950499715    664
 1003 950499717 950500326    609
 1004 950500327 950500737    410
 1005 950500738 950501602    864
 1006 950506584 950509188   2604
 1007 950509189 950509459    270
 1008 950509460 950514027   4567
 1009 950517846 950520917   3071
 1010 950520918 950543902  22984
 1011 950544030 950548800   4770
 1012 950548860 950548920     60
 1013 950549040 950549384    344
 1014 950554845 950558292   3447
 1015 950558293 950558320     27
 1016 950558321 950559060    739
 1017 950559061 950559127     66
 1018 950561894 950563980   2086
 1019 950564040 950564100     60
 1020 950564220 950564280     60
 1021 950564400 950564585    185
 1022 950564586 950566386   1800
 1023 950571375 950572087    712
 1024 950572088 950572701    613
 1025 950572830 950573801    971
 1026 950573802 950574415    613
 1027 950574416 950574850    434
 1028 950574851 950593692  18841
 1029 950603476 950606707   3231
 1030 950608628 950611212   2584
 1031 950611213 950613753   2540
 1032 950616653 950616833    180
 1033 950616953 950617073    120
 1034 950617253 950619822   2569
 1035 950619823 950635361  15538
 1036 950666417 950666717    300
 1037 950669955 950671320   1365
 1038 950675738 950679128   3390
 1039 950679173 950680760   1587
 1040 950680761 950681000    239
 1041 950681146 950687901   6755
 1042 950688030 950695527   7497
 1043 950697229 950700190   2961
 1044 950700191 950716702  16511
 1045 950716830 950719654   2824
 1046 950724276 950727086   2810
 1047 950727087 950727404    317
 1048 950727406 950740793  13387
 1049 950740794 950744660   3866
 1050 950752681 950753153    472
 1051 950774055 950774301    246
 1052 950774430 950777187   2757
 1053 950777188 950779953   2765
 1054 950779954 950788437   8483
 1055 950788438 950802720  14282
 1056 950802780 950803101    321
 1057 950803230 950807122   3892
 1058 950807124 950807460    336
 1059 950807520 950821774  14254
 1060 950827710 950831689   3979
 1061 950831690 950831901    211
 1062 950832030 950840217   8187
 1063 950840219 950840262     43
 1064 950840264 950840366    102
 1065 950840368 950840370      2
 1066 950843186 950844351   1165
 1067 950844353 950846096   1743
 1068 950864745 950867585   2840
 1069 950867586 950871369   3783
 1070 950871370 950889502  18132
 1071 950889630 950889741    111
 1072 950894122 950894280    158
 1073 950894460 950894693    233
 1074 950894753 950896200   1447
 1075 950896260 950897340   1080
 1076 950897400 950897416     16
 1077 950897417 950898120    703
 1078 950898240 950898974    734
 1079 950900700 950901405    705
 1080 950902940 950903160    220
 1081 950903220 950906820   3600
 1082 950906880 950907000    120
 1083 950907180 950907240     60
 1084 950907300 950907405    105
 1085 950907406 950907720    314
 1086 950907840 950910275   2435
 1087 950912626 950913600    974
 1088 950913660 950913720     60
 1089 950913780 950918045   4265
 1090 950918046 950918301    255
 1091 950918429 950928101   9672
 1092 950928102 950928280    178
 1093 950928285 950928286      1
 1094 950928288 950928448    160
 1095 950928449 950928535     86
 1096 950928539 950929046    507
 1097 950929047 950947100  18053
 1098 950947229 950959013  11784
 1099 950959073 950959133     60
 1100 950959193 950966795   7602
 1101 950973645 950974793   1148
 1102 950999740 950999898    158
 1103 950999899 950999987     88
 1104 951000243 951000780    537
 1105 951000840 951001141    301
 1106 951001142 951001650    508
 1107 951001651 951001673     22
 1108 951003618 951004700   1082
 1109 951004829 951004853     24
 1110 951004973 951005120    147
 1111 951007617 951012512   4895
 1112 951012513 951017100   4587
 1113 951017160 951017370    210
 1114 951025168 951026453   1285
 1115 951028836 951031812   2976
 1116 951031813 951033500   1687
 1117 951033629 951034739   1110
 1118 951034740 951048791  14051
 1119 951053214 951056325   3111
 1120 951056326 951057070    744
 1121 951057071 951058387   1316
 1122 951058388 951060420   2032
 1123 951060480 951060660    180
 1124 951060720 951060900    180
 1125 951060960 951062301   1341
 1126 951062429 951067980   5551
 1127 951068100 951068400    300
 1128 951068460 951075600   7140
 1129 951075660 951079080   3420
 1130 951079140 951079260    120
 1131 951079320 951080184    864
 1132 951084966 951085073    107
 1133 951085133 951085853    720
 1134 951085973 951086033     60
 1135 951086100 951086333    233
 1136 951086453 951087155    702
 1137 951090751 951091100    349
 1138 951091229 951093375   2146
 1139 951095742 951098720   2978
 1140 951098721 951101499   2778
 1141 951101500 951103378   1878
 1142 951110708 951114323   3615
 1143 951114324 951116559   2235
 1144 951118760 951119900   1140
 1145 951120029 951122284   2255
 1146 951122285 951123541   1256
 1147 951123542 951125372   1830
 1148 951128294 951131793   3499
 1149 951131794 951135921   4127
 1150 951135922 951141932   6010
 1151 951148034 951148700    666
 1152 951148829 951150920   2091
 1153 951150921 951152200   1279
 1154 951157872 951161291   3419
 1155 951161292 951164319   3027
 1156 951164320 951164352     32
 1157 951166521 951167657   1136
 1158 951170468 951173664   3196
 1159 951173665 951176525   2860
 1160 951176526 951177500    974
 1161 951177629 951179336   1707
 1162 951184198 951187467   3269
 1163 951187468 951189734   2266
 1164 951189735 951193901   4166
 1165 951193902 951201696   7794
 1166 951201697 951206300   4603
 1167 951206429 951208207   1778
 1168 951215448 951218287   2839
 1169 951218288 951221797   3509
 1170 951221798 951235101  13303
 1171 951235229 951238560   3331
 1172 951238620 951244854   6234
 1173 951246163 951246812    649
 1174 951246813 951247179    366
 1175 951247181 951248033    852
 1176 951248035 951248105     70
 1177 951248106 951248133     27
 1178 951248134 951248181     47
 1179 951248182 951248183      1
 1180 951248184 951248302    118
 1181 951248303 951248331     28
 1182 951248332 951248408     76
 1183 951248410 951248487     77
 1184 951248489 951248522     33
 1185 951248523 951248539     16
 1186 951248542 951248553     11
 1187 951248556 951248647     91
 1188 951248648 951248656      8
 1189 951248657 951250084   1427
 1190 951250085 951250117     32
 1191 951259913 951259973     60
 1192 951260033 951260093     60
 1193 951260273 951260333     60
 1194 951260573 951260633     60
 1195 951260693 951260933    240
 1196 951260993 951261053     60
 1197 951261113 951261173     60
 1198 951261233 951261509    276
 1199 951265889 951267038   1149
 1200 951267039 951273868   6829
 1201 951273869 951275292   1423
 1202 951275293 951288406  13113
 1203 951321159 951321203     44
 1204 951321204 951321474    270
 1205 951326019 951327113   1094
 1206 951327173 951327576    403
 1207 951327577 951329665   2088
 1208 951342537 951345172   2635
 1209 951345173 951348304   3131
 1210 951351989 951353412   1423
 1211 951355513 951357293   1780
 1212 951357353 951357413     60
 1213 951357473 951357533     60
 1214 951357833 951367320   9487
 1215 951367321 951379100  11779
 1216 951379229 951392282  13053
 1217 951395712 951397484   1772
 1218 951397485 951403991   6506
 1219 951403992 951407900   3908
 1220 951408029 951424913  16884
 1221 951425033 951425093     60
 1222 951425153 951429807   4654
 1223 951429837 951433970   4133
 1224 951437227 951439230   2003
 1225 951439231 951447189   7958
 1226 951447190 951447440    250
 1227 951449877 951457581   7704
 1228 951457582 951481017  23435
 1229 951481047 951499440  18393
 1230 951499560 951508440   8880
 1231 951515291 951516000    709
 1232 951516060 951516960    900
 1233 951517020 951518593   1573
 1234 951518594 951519552    958
 1235 951519616 951521106   1490
 1236 951521107 951521983    876
 1237 951522017 951522695    678
 1238 951524562 951531899   7337
 1239 951531900 951538800   6900
 1240 951541190 951543710   2520
 1241 951547648 951549999   2351
 1242 951550000 951551958   1958
 1243 951552086 951555224   3138
 1244 951559942 951563025   3083
 1245 951563026 951580741  17715
 1246 951610420 951624543  14123
 1247 951634380 951635574   1194
 1248 951637017 951638318   1301
 1249 951638446 951639637   1191
 1250 951639638 951648427   8789
 1251 951652071 951666226  14155
 1252 951672374 951674305   1931
 1253 951674306 951674702    396
 1254 951674705 951674948    243
 1255 951675008 951675881    873
 1256 951683097 951686640   3543
 1257 951686700 951686760     60
 1258 951686940 951687060    120
 1259 951687120 951688085    965
 1260 951688087 951688089      2
 1261 951688092 951688438    346
 1262 951688440 951689616   1176
 1263 951689618 951689621      3
 1264 951689623 951689624      1
 1265 951689625 951689627      2
 1266 951689629 951689632      3
 1267 951689633 951689965    332
 1268 951689967 951690421    454
 1269 951690422 951690810    388
 1270 951694371 951694614    243
 1271 951694616 951695934   1318
 1272 951696062 951696336    274
 1273 951696338 951696879    541
 1274 951696882 951697860    978
 1275 951705325 951705968    643
 1276 951706028 951706088     60
 1277 951706148 951706208     60
 1278 951706268 951706328     60
 1279 951706448 951706628    180
 1280 951706928 951709053   2125
 1281 951709054 951711964   2910
 1282 951711965 951723064  11099
 1283 951727386 951728118    732
 1284 951728119 951730414   2295
 1285 951730415 951735303   4888
 1286 951735305 951747284  11979
 1287 951762129 951762204     75
 1288 951762205 951762208      3
 1289 951762210 951762218      8
 1290 951762221 951765732   3511
 1291 951765733 951767069   1336
 1292 951767106 951767399    293
 1293 951777682 951778257    575
 1294 951785793 951788200   2407
 1295 951788201 951796025   7824
 1296 951798533 951807879   9346
 1297 951807882 951808581    699
 1298 951810499 951811157    658
 1299 951811286 951811635    349
 1300 951811636 951812370    734
 1301 951816511 951816737    226
 1302 951820231 951821994   1763
 1303 951821995 951825591   3596
 1304 951851380 951853840   2460
 1305 951855311 951855552    241
 1306 951858611 951859626   1015
 1307 951861794 951861799      5
 1308 951865166 951868006   2840
 1309 951868007 951868741    734
 1310 951868870 951891675  22805
 1311 951891705 951891720     15
 1312 951891750 951892095    345
 1313 951895268 951897542   2274
 1314 951897670 951898381    711
 1315 951898382 951899686   1304
 1316 951899687 951900474    787
 1317 951902627 951905576   2949
 1318 951905577 951912653   7076
 1319 951917697 951918100    403
 1320 951920193 951922616   2423
 1321 951922617 951922957    340
 1322 951925983 951926325    342
 1323 951926454 951929302   2848
 1324 951929303 951929453    150
 1325 951932994 951936769   3775
 1326 951936770 951939114   2344
 1327 951940772 951943417   2645
 1328 951943419 951946509   3090
 1329 951946511 951946977    466
 1330 951950570 951951936   1366
 1331 951957137 951959058   1921
 1332 951959059 951967036   7977
 1333 951968534 951970885   2351
 1334 951970886 951971628    742
 1335 951971631 951973175   1544
 1336 951973178 951981314   8136
 1337 951986324 951989183   2859
 1338 951989184 951995619   6435
 1339 951998816 952000401   1585
 1340 952002316 952004034   1718
 1341 952004035 952005806   1771
 1342 952005807 952008091   2284
 1343 952041015 952041533    518
 1344 952041662 952044725   3063
 1345 952044726 952047330   2604
 1346 952047331 952050731   3400
 1347 952052106 952052348    242
 1348 952052408 952053428   1020
 1349 952053488 952053526     38
 1350 952056215 952057768   1553
 1351 952061848 952064771   2923
 1352 952066259 952066752    493
 1353 952068513 952070333   1820
 1354 952070462 952072498   2036
 1355 952072499 952072512     13
 1356 952076792 952077479    687
 1357 952079929 952083775   3846
 1358 952086337 952089187   2850
 1359 952089232 952095222   5990
 1360 952095224 952095226      2
 1361 952095229 952097478   2249
 1362 952097480 952097784    304
 1363 952097786 952098200    414
 1364 952100094 952101465   1371
 1365 952135714 952138161   2447
 1366 952138162 952140884   2722
 1367 952140885 952142388   1503
 1368 952146750 952149300   2550
 1369 952149360 952156742   7382
 1370 952156870 952161067   4197
 1371 952164359 952173029   8670
 1372 952177525 952179061   1536
 1373 952179062 952179192    130
 1374 952221746 952229440   7694
 1375 952229441 952237314   7873
 1376 952244839 952247428   2589
 1377 952253837 952256856   3019
 1378 952256857 952258078   1221
 1379 952261575 952262328    753
 1380 952262508 952265196   2688
 1381 952271637 952271650     13
 1382 952271652 952271925    273
 1383 952272054 952273512   1458
 1384 952293024 952294395   1371
 1385 952303710 952305490   1780
 1386 952305491 952305645    154
 1387 952305646 952306679   1033
 1388 952306680 952306735     55
 1389 952306739 952306843    104
 1390 952306844 952307511    667
 1391 952307512 952310152   2640
 1392 952311863 952312766    903
 1393 952312769 952329509  16740
 1394 952329638 952337793   8155
 1395 952337795 952338003    208
 1396 952345876 952349071   3195
 1397 952349072 952349997    925
 1398 952349998 952352421   2423
 1399 952352422 952354333   1911
 1400 952383838 952387117   3279
 1401 952387246 952389513   2267
 1402 952390541 952392857   2316
 1403 952392858 952395261   2403
 1404 952395262 952399648   4386
 1405 952399649 952402886   3237
 1406 952402889 952404240   1351
 1407 952404300 952405324   1024
 1408 952405948 952415909   9961
 1409 952416038 952420740   4702
 1410 952430714 952430808     94
 1411 952430809 952431414    605
 1412 952431415 952433238   1823
 1413 952433239 952433742    503
 1414 952433743 952434697    954
 1415 952434698 952444002   9304
 1416 952444004 952444725    721
 1417 952444854 952447398   2544
 1418 952447400 952448550   1150
 1419 952450101 952451088    987
 1420 952451148 952451362    214
 1421 952451363 952451736    373
 1422 952456053 952456250    197
 1423 952456253 952456323     70
 1424 952456326 952456327      1
 1425 952456330 952456459    129
 1426 952456465 952456489     24
 1427 952456492 952456493      1
 1428 952456497 952456507     10
 1429 952456511 952456514      3
 1430 952456517 952456525      8
 1431 952456528 952456584     56
 1432 952456591 952456602     11
 1433 952456604 952456619     15
 1434 952456625 952456637     12
 1435 952456650 952456656      6
 1436 952456659 952456660      1
 1437 952456664 952456772    108
 1438 952456780 952456784      4
 1439 952456787 952456791      4
 1440 952456793 952456799      6
 1441 952456803 952456806      3
 1442 952456812 952456817      5
 1443 952456823 952456827      4
 1444 952456831 952456836      5
 1445 952456844 952456857     13
 1446 952456860 952456907     47
 1447 952456912 952457156    244
 1448 952457158 952457160      2
 1449 952457163 952457184     21
 1450 952457191 952457194      3
 1451 952457200 952457458    258
 1452 952457462 952457468      6
 1453 952457471 952457477      6
 1454 952457484 952457530     46
 1455 952457532 952457546     14
 1456 952457548 952457551      3
 1457 952457553 952457691    138
 1458 952457694 952457709     15
 1459 952457713 952457719      6
 1460 952457726 952457732      6
 1461 952457735 952458122    387
 1462 952458126 952458163     37
 1463 952458169 952458385    216
 1464 952458388 952458467     79
 1465 952458471 952459304    833
 1466 952459306 952459670    364
 1467 952459671 952460109    438
 1468 952460112 952460234    122
 1469 952460235 952461164    929
 1470 952478982 952479302    320
 1471 952479303 952480284    981
 1472 952480285 952482513   2228
 1473 952499821 952502052   2231
 1474 952502053 952502325    272
 1475 952502454 952505474   3020
 1476 952505475 952513124   7649
 1477 952517590 952519657   2067
 1478 952519658 952520222    564
 1479 952522276 952524849   2573
 1480 952524850 952527023   2173
 1481 952527024 952531157   4133
 1482 952531286 952532268    982
 1483 952532388 952532956    568
 1484 952532957 952544873  11916
 1485 952545407 952553487   8080
 1486 952556487 952557964   1477
 1487 952557965 952559933   1968
 1488 952560075 952566102   6027
 1489 952594308 952594488    180
 1490 952594548 952594608     60
 1491 952594668 952594728     60
 1492 952594788 952594968    180
 1493 952595088 952595503    415
 1494 952597799 952599079   1280
 1495 952599080 952599822    742
 1496 952599823 952600247    424
 1497 952600248 952601498   1250
 1498 952603580 952606037   2457
 1499 952606038 952607205   1167
 1500 952607206 952614775   7569
 1501 952617757 952618765   1008
 1502 952618766 952620877   2111
 1503 952620922 952641010  20088
 1504 952643611 952646137   2526
 1505 952646138 952646333    195
 1506 952646462 952655565   9103
 1507 952655595 952657419   1824
 1508 952675980 952677425   1445
 1509 952677426 952679102   1676
 1510 952679103 952679276    173
 1511 952679277 952682495   3218
 1512 952684948 952685196    248
 1513 952685199 952687968   2769
 1514 952688208 952688388    180
 1515 952688448 952688568    120
 1516 952688628 952688808    180
 1517 952688868 952689168    300
 1518 952689228 952689288     60
 1519 952689468 952689528     60
 1520 952691028 952691088     60
 1521 952691628 952691688     60
 1522 952691748 952691928    180
 1523 952695103 952696979   1876
 1524 952696982 952697165    183
 1525 952697169 952697472    303
 1526 952697473 952697640    167
 1527 952697700 952699140   1440
 1528 952727308 952732079   4771
 1529 952733312 952735730   2418
 1530 952735731 952737872   2141
 1531 952740079 952742074   1995
 1532 952748328 952748388     60
 1533 952749108 952749168     60
 1534 952750008 952750128    120
 1535 952750188 952750248     60
 1536 952750368 952750428     60
 1537 952750668 952750728     60
 1538 952750788 952750848     60
 1539 952750908 952754467   3559
 1540 952756478 952761549   5071
 1541 952761678 952765914   4236
 1542 952772215 952772302     87
 1543 952776306 952778184   1878
 1544 952807342 952809144   1802
 1545 952809145 952809780    635
 1546 952809840 952813485   3645
 1547 952813487 952817737   4250
 1548 952817782 952819158   1376
 1549 952819286 952821847   2561
 1550 952823743 952824937   1194
 1551 952824943 952824980     37
 1552 952824984 952825125    141
 1553 952825129 952825188     59
 1554 952825308 952825315      7
 1555 952825321 952825330      9
 1556 952825340 952825363     23
 1557 952825366 952825368      2
 1558 952825488 952825516     28
 1559 952825520 952825603     83
 1560 952825611 952825617      6
 1561 952825620 952825655     35
 1562 952825658 952825668     10
 1563 952825728 952825820     92
 1564 952833746 952836390   2644
 1565 952836391 952838720   2329
 1566 952846119 952847949   1830
 1567 952848078 952849614   1536
 1568 952849615 952863218  13603
 1569 952863219 952872244   9025
 1570 952883188 952887240   4052
 1571 952887300 952887840    540
 1572 952887900 952888047    147
 1573 952889743 952889760     17
 1574 952889820 952890180    360
 1575 952890240 952890456    216
 1576 952893912 952898883   4971
 1577 952903431 952905549   2118
 1578 952905678 952906247    569
 1579 952906248 952906320     72
 1580 952906321 952909607   3286
 1581 952909610 952916499   6889
 1582 952916500 952923433   6933
 1583 952927178 952934350   7172
 1584 952934478 952934726    248
 1585 952934799 952947489  12690
 1586 952947519 952948416    897
 1587 952948417 952948540    123
 1588 952948542 952951149   2607
 1589 952951179 952951584    405
 1590 952951629 952951989    360
 1591 952952034 952952332    298
 1592 952959672 952963149   3477
 1593 952963278 952963962    684
 1594 952967822 952968540    718
 1595 952968600 952968720    120
 1596 952968840 952974865   6025
 1597 952976569 952978620   2051
 1598 952978680 952979640    960
 1599 952979700 952979760     60
 1600 952979880 952980274    394
 1601 952982242 952982460    218
 1602 952982520 952983240    720
 1603 952983300 952983650    350
 1604 952988414 952989547   1133
 1605 952989548 952990541    993
 1606 952990542 952990658    116
 1607 952990659 952991958   1299
 1608 952992086 953016119  24033
 1609 953021644 953034764  13120
 1610 953034765 953038106   3341
 1611 953038107 953041095   2988
 1612 953041097 953045468   4371
 1613 953045470 953046362    892
 1614 953046363 953049541   3178
 1615 953049670 953050459    789
 1616 953059160 953061320   2160
 1617 953062634 953069224   6590
 1618 953070658 953072826   2168
 1619 953075613 953076192    579
 1620 953079031 953081497   2466
 1621 953081498 953081612    114
 1622 953081613 953089864   8251
 1623 953089865 953089902     37
 1624 953089903 953097057   7154
 1625 953100702 953103047   2345
 1626 953103048 953103829    781
 1627 953103832 953107118   3286
 1628 953107246 953111240   3994
 1629 953111241 953115886   4645
 1630 953124698 953127326   2628
 1631 953127327 953129559   2232
 1632 953136629 953141204   4575
 1633 953143380 953144206    826
 1634 953144209 953144222     13
 1635 953144226 953144233      7
 1636 953144234 953144235      1
 1637 953144237 953145162    925
 1638 953145163 953145168      5
 1639 953145948 953150362   4414
 1640 953150363 953153481   3118
 1641 953155477 953155866    389
 1642 953157362 953159945   2583
 1643 953162233 953164718   2485
 1644 953164846 953166332   1486
 1645 953166333 953181025  14692
 1646 953186477 953190796   4319
 1647 953190797 953192846   2049
 1648 953194349 953197164   2815
 1649 953197165 953210230  13065
 1650 953210232 953210288     56
 1651 953210290 953210735    445
 1652 953215382 953216923   1541
 1653 953216926 953216937     11
 1654 953216940 953216973     33
 1655 953216976 953216994     18
 1656 953217001 953217112    111
 1657 953217115 953217189     74
 1658 953217202 953217206      4
 1659 953217209 953217211      2
 1660 953217225 953217226      1
 1661 953217232 953217279     47
 1662 953217281 953217286      5
 1663 953217288 953217320     32
 1664 953217323 953217333     10
 1665 953217337 953217338      1
 1666 953217341 953217424     83
 1667 953217429 953217507     78
 1668 953217517 953217527     10
 1669 953217530 953217537      7
 1670 953217551 953217552      1
 1671 953217560 953217593     33
 1672 953217597 953217600      3
 1673 953217603 953217604      1
 1674 953217614 953217618      4
 1675 953217631 953217652     21
 1676 953217656 953217690     34
 1677 953217693 953218796   1103
 1678 953218797 953222325   3528
 1679 953222454 953227004   4550
 1680 953227009 953227086     77
 1681 953227089 953227204    115
 1682 953227210 953227214      4
 1683 953227217 953227258     41
 1684 953227260 953227289     29
 1685 953227294 953228628   1334
 1686 953228635 953228679     44
 1687 953228682 953228703     21
 1688 953228720 953228778     58
 1689 953228784 953228865     81
 1690 953228869 953228916     47
 1691 953228921 953228932     11
 1692 953228946 953228950      4
 1693 953228956 953228959      3
 1694 953228962 953229000     38
 1695 953229003 953229180    177
 1696 953229184 953229347    163
 1697 953229352 953229374     22
 1698 953229382 953229383      1
 1699 953229386 953229411     25
 1700 953229423 953229436     13
 1701 953229439 953229484     45
 1702 953229487 953229506     19
 1703 953229512 953229515      3
 1704 953229542 953229552     10
 1705 953229562 953229563      1
 1706 953229566 953229596     30
 1707 953229610 953229623     13
 1708 953229626 953229638     12
 1709 953229645 953229657     12
 1710 953229665 953229668      3
 1711 953229679 953229680      1
 1712 953229690 953229705     15
 1713 953229731 953229750     19
 1714 953229753 953229767     14
 1715 953229769 953229771      2
 1716 953229779 953229780      1
 1717 953229783 953229785      2
 1718 953229791 953229807     16
 1719 953229811 953229812      1
 1720 953229823 953229827      4
 1721 953229832 953229844     12
 1722 953229848 953229849      1
 1723 953229854 953229869     15
 1724 953229873 953229874      1
 1725 953229882 953229885      3
 1726 953229895 953229915     20
 1727 953229920 953229935     15
 1728 953229950 953229951      1
 1729 953229963 953229972      9
 1730 953229975 953229979      4
 1731 953229990 953230002     12
 1732 953230009 953230022     13
 1733 953230025 953230039     14
 1734 953230048 953230051      3
 1735 953230060 953230063      3
 1736 953230080 953230081      1
 1737 953230084 953230111     27
 1738 953230121 953230122      1
 1739 953230128 953230140     12
 1740 953230146 953230154      8
 1741 953230157 953230179     22
 1742 953230185 953230227     42
 1743 953230242 953230300     58
 1744 953230306 953230314      8
 1745 953230317 953230341     24
 1746 953230344 953230367     23
 1747 953230370 953230383     13
 1748 953230395 953230398      3
 1749 953230411 953230444     33
 1750 953230459 953230460      1
 1751 953230463 953230464      1
 1752 953230468 953230530     62
 1753 953230533 953230538      5
 1754 953230545 953230552      7
 1755 953230557 953230565      8
 1756 953230570 953230576      6
 1757 953230582 953230588      6
 1758 953230591 953230655     64
 1759 953230662 953230688     26
 1760 953230691 953230706     15
 1761 953230712 953230713      1
 1762 953230716 953230731     15
 1763 953230755 953230764      9
 1764 953230767 953230803     36
 1765 953230805 953230812      7
 1766 953230817 953230821      4
 1767 953230827 953230834      7
 1768 953230838 953230841      3
 1769 953230849 953230913     64
 1770 953230917 953230958     41
 1771 953230961 953230962      1
 1772 953230981 953230982      1
 1773 953230986 953230987      1
 1774 953231007 953231008      1
 1775 953231013 953231024     11
 1776 953231029 953231031      2
 1777 953231043 953231055     12
 1778 953231065 953231076     11
 1779 953231081 953231082      1
 1780 953231089 953231090      1
 1781 953231111 953231113      2
 1782 953231115 953231117      2
 1783 953231129 953231160     31
 1784 953231164 953231171      7
 1785 953231179 953231181      2
 1786 953231187 953231190      3
 1787 953231200 953231204      4
 1788 953231209 953231215      6
 1789 953231221 953231222      1
 1790 953231227 953231233      6
 1791 953231248 953231249      1
 1792 953231257 953231263      6
 1793 953231266 953231272      6
 1794 953231284 953231295     11
 1795 953231300 953231313     13
 1796 953231316 953231317      1
 1797 953231328 953231329      1
 1798 953231337 953231345      8
 1799 953231348 953231361     13
 1800 953231364 953231373      9
 1801 953231378 953231384      6
 1802 953231397 953231419     22
 1803 953231422 953231425      3
 1804 953231429 953231437      8
 1805 953231440 953231443      3
 1806 953231456 953231475     19
 1807 953231486 953231487      1
 1808 953231494 953231498      4
 1809 953231501 953231505      4
 1810 953231517 953231519      2
 1811 953231521 953231523      2
 1812 953231528 953231530      2
 1813 953231547 953231548      1
 1814 953231565 953231580     15
 1815 953231584 953231596     12
 1816 953231602 953231608      6
 1817 953231611 953231615      4
 1818 953231622 953231624      2
 1819 953231629 953231632      3
 1820 953231643 953231759    116
 1821 953231761 953231811     50
 1822 953231814 953231815      1
 1823 953231821 953231843     22
 1824 953231846 953231856     10
 1825 953231862 953231863      1
 1826 953231869 953231870      1
 1827 953231875 953231877      2
 1828 953231889 953231892      3
 1829 953231898 953231900      2
 1830 953231905 953231907      2
 1831 953231914 953231917      3
 1832 953231923 953231950     27
 1833 953231953 953231996     43
 1834 953232000 953232018     18
 1835 953232022 953232062     40
 1836 953232067 953232075      8
 1837 953232081 953232167     86
 1838 953232172 953232217     45
 1839 953236586 953236812    226
 1840 953236815 953236818      3
 1841 953236821 953236971    150
 1842 953236976 953237372    396
 1843 953237378 953237398     20
 1844 953237403 953237461     58
 1845 953237469 953237477      8
 1846 953237490 953237505     15
 1847 953237508 953237510      2
 1848 953237512 953237519      7
 1849 953237522 953237530      8
 1850 953237533 953237571     38
 1851 953237581 953237656     75
 1852 953237658 953237662      4
 1853 953237668 953237685     17
 1854 953237688 953237697      9
 1855 953237703 953237783     80
 1856 953237787 953237797     10
 1857 953237803 953237808      5
 1858 953237811 953237831     20
 1859 953237834 953237870     36
 1860 953237873 953237883     10
 1861 953237888 953237900     12
 1862 953237903 953237904      1
 1863 953237910 953237918      8
 1864 953237929 953237932      3
 1865 953237944 953237972     28
 1866 953237978 953238004     26
 1867 953238008 953238020     12
 1868 953238024 953238043     19
 1869 953238046 953238171    125
 1870 953238174 953238228     54
 1871 953238241 953238246      5
 1872 953238254 953238256      2
 1873 953238261 953238265      4
 1874 953238275 953238278      3
 1875 953238288 953238298     10
 1876 953238306 953238312      6
 1877 953238323 953238324      1
 1878 953238336 953238338      2
 1879 953238341 953238367     26
 1880 953238378 953238392     14
 1881 953238396 953238399      3
 1882 953238403 953238404      1
 1883 953238407 953238408      1
 1884 953238413 953238415      2
 1885 953238418 953238424      6
 1886 953238427 953238443     16
 1887 953238446 953238447      1
 1888 953238450 953238451      1
 1889 953238455 953238456      1
 1890 953238464 953238465      1
 1891 953238468 953238470      2
 1892 953238475 953238477      2
 1893 953238480 953238518     38
 1894 953238520 953238530     10
 1895 953238532 953238544     12
 1896 953238545 953238573     28
 1897 953238576 953238586     10
 1898 953238605 953238607      2
 1899 953238615 953238616      1
 1900 953238635 953238641      6
 1901 953238661 953238668      7
 1902 953238676 953238693     17
 1903 953238701 953238704      3
 1904 953238723 953238746     23
 1905 953238769 953238810     41
 1906 953238815 953238819      4
 1907 953238825 953238830      5
 1908 953238845 953238846      1
 1909 953238852 953238860      8
 1910 953238865 953238928     63
 1911 953238933 953238937      4
 1912 953238950 953238951      1
 1913 953238955 953238970     15
 1914 953238973 953239004     31
 1915 953239007 953239013      6
 1916 953239016 953239100     84
 1917 953239105 953239109      4
 1918 953239111 953239113      2
 1919 953239117 953239548    431
 1920 953239608 953240609   1001
 1921 953240610 953240780    170
 1922 953240784 953240835     51
 1923 953240844 953240856     12
 1924 953240861 953240863      2
 1925 953240868 953240872      4
 1926 953240875 953241287    412
 1927 953241290 953241321     31
 1928 953241325 953241340     15
 1929 953241352 953241356      4
 1930 953241359 953241397     38
 1931 953241405 953241423     18
 1932 953241428 953241433      5
 1933 953241441 953241449      8
 1934 953241452 953241466     14
 1935 953241507 953241513      6
 1936 953241530 953241538      8
 1937 953241544 953241632     88
 1938 953241637 953241655     18
 1939 953241664 953241719     55
 1940 953241722 953241732     10
 1941 953241737 953241789     52
 1942 953241792 953241800      8
 1943 953241813 953241816      3
 1944 953241822 953241886     64
 1945 953241888 953241974     86
 1946 953241978 953241983      5
 1947 953241986 953242003     17
 1948 953242008 953242022     14
 1949 953242041 953242307    266
 1950 953242310 953242321     11
 1951 953242329 953242332      3
 1952 953242335 953242362     27
 1953 953242365 953242368      3
 1954 953242428 953242538    110
 1955 953242543 953242588     45
 1956 953242593 953242606     13
 1957 953242614 953242668     54
 1958 953242728 953242781     53
 1959 953242785 953242786      1
 1960 953242790 953242798      8
 1961 953242835 953242843      8
 1962 953242853 953242857      4
 1963 953242860 953242875     15
 1964 953242890 953242895      5
 1965 953242921 953242930      9
 1966 953242935 953242971     36
 1967 953242976 953242999     23
 1968 953243002 953243003      1
 1969 953243006 953243017     11
 1970 953243024 953243028      4
 1971 953243031 953243033      2
 1972 953243061 953243062      1
 1973 953243067 953243105     38
 1974 953243110 953243148     38
 1975 953243208 953243254     46
 1976 953243264 953243267      3
 1977 953243631 953243648     17
 1978 953243654 953243660      6
 1979 953243663 953243673     10
 1980 953243681 953243683      2
 1981 953243695 953243696      1
 1982 953243700 953243707      7
 1983 953243713 953243717      4
 1984 953243722 953243742     20
 1985 953243745 953243748      3
 1986 953243939 953243946      7
 1987 953243948 953243964     16
 1988 953243967 953243984     17
 1989 953244048 953244052      4
 1990 953244074 953244075      1
 1991 953244083 953244086      3
 1992 953244243 953244244      1
 1993 953244265 953244271      6
 1994 953244282 953244288      6
 1995 953244348 953244372     24
 1996 953244375 953244383      8
 1997 953244386 953244404     18
 1998 953244411 953244416      5
 1999 953270745 953273786   3041
 2000 953273787 953275718   1931
 2001 953275719 953279941   4222
 2002 953280070 953294379  14309
 2003 953294382 953303514   9132
 2004 953308152 953308758    606
 2005 953308886 953311219   2333
 2006 953312207 953313008    801
 2007 953317079 953317800    721
 2008 953317860 953320754   2894
 2009 953322199 953322360    161
 2010 953323135 953323696    561
 2011 953325387 953325388      1
 2012 953326312 953327340   1028
 2013 953327400 953334572   7172
 2014 953334573 953335685   1112
 2015 953339255 953348933   9678
 2016 953348934 953366334  17400
 2017 953366462 953366594    132
 2018 953373572 953377334   3762
 2019 953377335 953384243   6908
 2020 953412103 953412376    273
 2021 953412377 953412984    607
 2022 953412985 953414898   1913
 2023 953414899 953415292    393
 2024 953415295 953417640   2345
 2025 953417820 953422312   4492
 2026 953422313 953423775   1462
 2027 953423776 953423918    142
 2028 953424046 953427054   3008
 2029 953432114 953436300   4186
 2030 953436360 953445289   8929
 2031 953448481 953449100    619
 2032 953449101 953452757   3656
 2033 953452886 953461496   8610
 2034 953466380 953470251   3871
 2035 953470252 953476440   6188
 2036 953476500 953481540   5040
 2037 953481670 953485860   4190
 2038 953485920 953485980     60
 2039 953486040 953486760    720
 2040 953486820 953490660   3840
 2041 953490720 953491031    311
 2042 953498682 953500920   2238
 2043 953500980 953505572   4592
 2044 953515181 953530288  15107
 2045 953530289 953539158   8869
 2046 953539286 953545156   5870
 2047 953545157 953551778   6621
 2048 953554666 953563260   8594
 2049 953563440 953567933   4493
 2050 953568062 953568809    747
 2051 953568813 953569848   1035
 2052 953569908 953570988   1080
 2053 953571048 953571168    120
 2054 953571228 953571348    120
 2055 953571588 953571648     60
 2056 953571768 953571828     60
 2057 953572548 953572608     60
 2058 953572728 953572908    180
 2059 953573268 953573487    219
 2060 953573489 953574048    559
 2061 953574108 953574828    720
 2062 953574888 953575006    118
 2063 953575128 953575134      6
 2064 953575138 953575220     82
 2065 953575224 953575248     24
 2066 953575368 953575488    120
 2067 953575668 953575728     60
 2068 953576208 953576268     60
 2069 953576388 953576528    140
 2070 953576532 953576568     36
 2071 953576688 953576719     31
 2072 953576722 953576755     33
 2073 953576759 953576796     37
 2074 953576798 953576893     95
 2075 953578068 953578908    840
 2076 953579208 953579708    500
 2077 953579714 953580288    574
 2078 953580348 953580488    140
 2079 953580491 953580504     13
 2080 953580507 953580588     81
 2081 953580648 953580828    180
 2082 953581008 953581128    120
 2083 953594006 953595375   1369
 2084 953595400 953595408      8
 2085 953595468 953595528     60
 2086 953595648 953595767    119
 2087 953595773 953595826     53
 2088 953595834 953595840      6
 2089 953595846 953595904     58
 2090 953595928 953595965     37
 2091 953597321 953598659   1338
 2092 953598660 953598661      1
 2093 953598662 953601180   2518
 2094 953601288 953601348     60
 2095 953601408 953601468     60
 2096 953601588 953601948    360
 2097 953602128 953602290    162
 2098 953602302 953602305      3
 2099 953602368 953602374      6
 2100 953602382 953602433     51
 2101 953602436 953602467     31
 2102 953602471 953602488     17
 2103 953602491 953602492      1
 2104 953602496 953602536     40
 2105 953602541 953602547      6
 2106 953602608 953602626     18
 2107 953602631 953602656     25
 2108 953602660 953602669      9
 2109 953602671 953602686     15
 2110 953602690 953602707     17
 2111 953602722 953602728      6
 2112 953602789 953602792      3
 2113 953602798 953602802      4
 2114 953602807 953602808      1
 2115 953602812 953602813      1
 2116 953602816 953602844     28
 2117 953602852 953602854      2
 2118 953602857 953602869     12
 2119 953602873 953602880      7
 2120 953602895 953602908     13
 2121 953616439 953616468     29
 2122 953617128 953617188     60
 2123 953617308 953617368     60
 2124 953617488 953617519     31
 2125 953617522 953617548     26
 2126 953617608 953617617      9
 2127 953617620 953617628      8
 2128 953617633 953617639      6
 2129 953617643 953617644      1
 2130 953617659 953617668      9
 2131 953618268 953618328     60
 2132 953618628 953618631      3
 2133 953618634 953618642      8
 2134 953618648 953618808    160
 2135 953618868 953619468    600
 2136 953619528 953619586     58
 2137 953619587 953619916    329
 2138 953619922 953620605    683
 2139 953620613 953623008   2395
 2140 953623068 953623188    120
 2141 953623248 953623308     60
 2142 953623488 953623548     60
 2143 953623668 953623728     60
 2144 953624748 953624868    120
 2145 953625228 953625348    120
 2146 953625708 953625768     60
 2147 953626488 953626535     47
 2148 953626538 953626548     10
 2149 953626668 953626676      8
 2150 953626682 953626696     14
 2151 953626700 953626728     28
 2152 953628948 953629068    120
 2153 953629308 953629459    151
 2154 953629463 953629535     72
 2155 953629549 953629550      1
 2156 953629558 953629598     40
 2157 953629602 953629603      1
 2158 953629611 953629646     35
 2159 953629652 953629655      3
 2160 953629663 953629687     24
 2161 953629695 953629728     33
 2162 953629788 953629908    120
 2163 953630028 953630148    120
 2164 953630208 953630459    251
 2165 953630466 953630468      2
 2166 953630471 953630472      1
 2167 953630480 953630483      3
 2168 953630491 953630503     12
 2169 953630517 953630529     12
 2170 953630603 953630607      4
 2171 953630610 953630632     22
 2172 953630635 953630650     15
 2173 953630653 953630654      1
 2174 953630657 953630684     27
 2175 953630808 953630868     60
 2176 953630988 953631041     53
 2177 953631043 953631044      1
 2178 953631047 953631107     60
 2179 953631116 953631179     63
 2180 953631187 953631190      3
 2181 953631197 953631211     14
 2182 953631221 953631223      2
 2183 953631225 953631229      4
 2184 953631237 953631238      1
 2185 953631244 953631250      6
 2186 953631255 953631266     11
 2187 953631276 953631282      6
 2188 953631290 953631458    168
 2189 953631460 953631497     37
 2190 953631511 953631515      4
 2191 953631520 953631528      8
 2192 953631532 953631551     19
 2193 953631554 953631580     26
 2194 953631584 953631592      8
 2195 953631595 953631599      4
 2196 953631602 953631608      6
 2197 953631614 953631626     12
 2198 953631629 953631633      4
 2199 953631641 953631647      6
 2200 953631652 953631701     49
 2201 953631710 953631724     14
 2202 953631727 953632199    472
 2203 953632202 953633208   1006
 2204 953633388 953633688    300
 2205 953633748 953633868    120
 2206 953633988 953634108    120
 2207 953634408 953634708    300
 2208 953634768 953634888    120
 2209 953635128 953635368    240
 2210 953635548 953635569     21
 2211 953635572 953635608     36
 2212 953635728 953635788     60
 2213 953637708 953637768     60
 2214 953637948 953638008     60
 2215 953638128 953638188     60
 2216 953638548 953638587     39
 2217 953638597 953638608     11
 2218 953639448 953639508     60
 2219 953639868 953639928     60
 2220 953639988 953640048     60
 2221 953640228 953640348    120
 2222 953640408 953640528    120
 2223 953640588 953640692    104
 2224 953640695 953640768     73
 2225 953640888 953640948     60
 2226 953641008 953641128    120
 2227 953641428 953641524     96
 2228 953641527 953641548     21
 2229 953641668 953641788    120
 2230 953642028 953642328    300
 2231 953642388 953643168    780
 2232 953643228 953643408    180
 2233 953643468 953644548   1080
 2234 953644608 953644668     60
 2235 953644848 953644968    120
 2236 953645088 953646228   1140
 2237 953646528 953646588     60
 2238 953646768 953646852     84
 2239 953646855 953646888     33
 2240 953646892 953646902     10
 2241 953646906 953647068    162
 2242 953647128 953647131      3
 2243 953647134 953647142      8
 2244 953647146 953647155      9
 2245 953647157 953647158      1
 2246 953647161 953647188     27
 2247 953647548 953648225    677
 2248 953648228 953648232      4
 2249 953648234 953648568    334
 2250 953649168 953649348    180
 2251 953649648 953649768    120
 2252 953649828 953649888     60
 2253 953650068 953650248    180
 2254 953650308 953650368     60
 2255 953650488 953650548     60
 2256 953650668 953651048    380
 2257 953652548 953652828    280
 2258 953653368 953653428     60
 2259 953653608 953653848    240
 2260 953654088 953654208    120
 2261 953670172 953670419    247
 2262 953672117 953672220    103
 2263 953672224 953674547   2323
 2264 953677854 953679685   1831
 2265 953679686 953679687      1
 2266 953679688 953683133   3445
 2267 953683262 953686192   2930
 2268 953687731 953688352    621
 2269 953688353 953690556   2203
 2270 953690557 953711933  21376
 2271 953712062 953720099   8037
 2272 953723264 953740733  17469
 2273 953740862 953744413   3551
 2274 953747723 953748970   1247
 2275 953748974 953748976      2
 2276 953748978 953750801   1823
 2277 953750802 953768669  17867
 2278 953778450 953780036   1586
 2279 953780037 953784136   4099
 2280 953784137 953796232  12095
 2281 953803579 953810008   6429
 2282 953810009 953814708   4699
 2283 953814768 953814828     60
 2284 953814888 953819448   4560
 2285 953819508 953821880   2372
 2286 953826693 953826828    135
 2287 953826888 953832195   5307
 2288 953832196 953834901   2705
 2289 953834902 953835523    621
 2290 953835526 953835528      2
 2291 953835588 953835632     44
 2292 953839193 953840106    913
 2293 953840108 953840568    460
 2294 953840628 953842308   1680
 2295 953842428 953843182    754
 2296 953843183 953844158    975
 2297 953844159 953846665   2506
 2298 953876264 953876297     33
 2299 953876314 953878373   2059
 2300 953878374 953884749   6375
 2301 953884878 953891771   6893
 2302 953891772 953898139   6367
 2303 953927628 953927641     13
 2304 953927648 953927671     23
 2305 953942088 953942148     60
 2306 953942208 953942215      7
 2307 953942217 953942317    100
 2308 953943048 953943348    300
 2309 953943648 953943658     10
 2310 953943662 953943708     46
 2311 953943768 953943828     60
 2312 953944560 953944728    168
 2313 953944788 953944877     89
 2314 953944878 953944968     90
 2315 953945028 953945148    120
 2316 953945388 953945568    180
 2317 953945628 953945808    180
 2318 953945928 953945988     60
 2319 953946048 953946348    300
 2320 953946528 953946551     23
 2321 953946552 953946588     36
 2322 953946648 953946765    117
 2323 953949192 953949348    156
 2324 953949408 953949768    360
 2325 953949828 953950068    240
 2326 953950128 953950188     60
 2327 953950248 953950308     60
 2328 953950428 953950488     60
 2329 953950548 953950668    120
 2330 953950848 953950908     60
 2331 953950968 953951088    120
 2332 953951208 953951628    420
 2333 953951688 953951988    300
 2334 953952168 953952228     60
 2335 953952348 953952408     60
 2336 953952528 953952588     60
 2337 953952768 953952948    180
 2338 953953008 953953128    120
 2339 953953248 953953308     60
 2340 953953488 953954988   1500
 2341 953955048 953955588    540
 2342 953955648 953956308    660
 2343 953956428 953956608    180
 2344 953956728 953957208    480
 2345 953957268 953960688   3420
 2346 953960748 953962057   1309
 2347 953962060 953962795    735
 2348 953962798 953963494    696
 2349 953963498 953963500      2
 2350 953963502 953963547     45
 2351 953963551 953963561     10
 2352 953963564 953963778    214
 2353 953963783 953963785      2
 2354 953963790 953963805     15
 2355 953963808 953963809      1
 2356 953963813 953963835     22
 2357 953963840 953963843      3
 2358 953963848 953964030    182
 2359 953964036 953964049     13
 2360 953964052 953964079     27
 2361 953964084 953964109     25
 2362 953964112 953964149     37
 2363 953964153 953964428    275
 2364 953964450 953964458      8
 2365 953964463 953964490     27
 2366 953964493 953964498      5
 2367 953964502 953964960    458
 2368 953964965 953964968      3
 2369 953964972 953964982     10
 2370 953964997 953965000      3
 2371 953965020 953965112     92
 2372 953965118 953965203     85
 2373 953965209 953965219     10
 2374 953965223 953965242     19
 2375 953965247 953965598    351
 2376 953965606 953965703     97
 2377 953965707 953965783     76
 2378 953978947 953979090    143
 2379 953979091 953981277   2186
 2380 953997580 953997614     34
 2381 953997617 953998128    511
 2382 953998188 953998428    240
 2383 953998488 953998545     57
 2384 954016251 954016320     69
 2385 954016380 954016440     60
 2386 954016500 954019961   3461
 2387 954020021 954020501    480
 2388 954020561 954021341    780
 2389 954021401 954021761    360
 2390 954021881 954022001    120
 2391 954022241 954022301     60
 2392 954022601 954022661     60
 2393 954022901 954022961     60
 2394 954023021 954023261    240
 2395 954023324 954023334     10
 2396 954023337 954023561    224
 2397 954023621 954023981    360
 2398 954024041 954024101     60
 2399 954024161 954024221     60
 2400 954024341 954024881    540
 2401 954025301 954025319     18
 2402 954026234 954026415    181
 2403 954032920 954035447   2527
 2404 954035448 954037133   1685
 2405 954037134 954046961   9827
 2406 954047021 954048101   1080
 2407 954048161 954053152   4991
 2408 954057145 954057513    368
 2409 954057642 954075944  18302
 2410 954093895 954094200    305
 2411 954094260 954094726    466
 2412 954096392 954096569    177
 2413 954099305 954100841   1536
 2414 954100901 954101400    499
 2415 954101520 954101824    304
 2416 954103128 954107561   4433
 2417 954107621 954109990   2369
 2418 954110001 954113352   3351
 2419 954114426 954115146    720
 2420 954115274 954116489   1215
 2421 954116490 954117536   1046
 2422 954117537 954134700  17163
 2423 954134820 954145101  10281
 2424 954145102 954145368    266
 2425 954150216 954150267     51
 2426 954150641 954159173   8532
 2427 954168960 954172713   3753
 2428 954172842 954174210   1368
 2429 954181771 954182237    466
 2430 954182239 954182520    281
 2431 954182580 954183000    420
 2432 954183060 954184814   1754
 2433 954186170 954187210   1040
 2434 954187213 954187960    747
 2435 954187975 954189281   1306
 2436 954189341 954191040   1699
 2437 954191100 954192129   1029
 2438 954192430 954198559   6129
 2439 954199957 954201546   1589
 2440 954201674 954204750   3076
 2441 954204753 954211709   6956
 2442 954211710 954214001   2291
 2443 954214121 954224939  10818
 2444 954224940 954227332   2392
 2445 954227335 954230346   3011
 2446 954230475 954235241   4766
 2447 954238847 954245559   6712
 2448 954248876 954252461   3585
 2449 954258949 954259155    206
 2450 954259283 954264395   5112
 2451 954264396 954265242    846
 2452 954265315 954267064   1749
 2453 954268966 954269873    907
 2454 954272921 954273060    139
 2455 954273062 954273985    923
 2456 954273987 954275623   1636
 2457 954275624 954278087   2463
 2458 954280782 954281877   1095
 2459 954281922 954282041    119
 2460 954282161 954282641    480
 2461 954282701 954282821    120
 2462 954282881 954283001    120
 2463 954283121 954283181     60
 2464 954283241 954283292     51
 2465 954283295 954283301      6
 2466 954283481 954283523     42
 2467 954308412 954308435     23
 2468 954308447 954308460     13
 2469 954308466 954308472      6
 2470 954308477 954308478      1
 2471 954308484 954308486      2
 2472 954308489 954308492      3
 2473 954308500 954308501      1
 2474 954308507 954308508      1
 2475 954308548 954308549      1
 2476 954308566 954308572      6
 2477 954308575 954308576      1
 2478 954308580 954308586      6
 2479 954308600 954308604      4
 2480 954308607 954308608      1
 2481 954308619 954308622      3
 2482 954308625 954308647     22
 2483 954308655 954308702     47
 2484 954311077 954311843    766
 2485 954311847 954312014    167
 2486 954312018 954312033     15
 2487 954312045 954312072     27
 2488 954312075 954312085     10
 2489 954312089 954312247    158
 2490 954312252 954312254      2
 2491 954312260 954312266      6
 2492 954312269 954312270      1
 2493 954312276 954312281      5
 2494 954312285 954312320     35
 2495 954312325 954312350     25
 2496 954312360 954312361      1
 2497 954312367 954312375      8
 2498 954312383 954312388      5
 2499 954312396 954312416     20
 2500 954312423 954312425      2
 2501 954312440 954312441      1
 2502 954312449 954312452      3
 2503 954312455 954312521     66
 2504 954312581 954312677     96
 2505 954312679 954312695     16
 2506 954312697 954312881    184
 2507 954312941 954312945      4
 2508 954312953 954312955      2
 2509 954312960 954312964      4
 2510 954312967 954312994     27
 2511 954312997 954313020     23
 2512 954313028 954313121     93
 2513 954313181 954313421    240
 2514 954313481 954313534     53
 2515 954313537 954313541      4
 2516 954313601 954313655     54
 2517 954313660 954313661      1
 2518 954313722 954313727      5
 2519 954313731 954313781     50
 2520 954313841 954313870     29
 2521 954313872 954313880      8
 2522 954313881 954313883      2
 2523 954313888 954313894      6
 2524 954313897 954313902      5
 2525 954313905 954313915     10
 2526 954313963 954313965      2
 2527 954323268 954323325     57
 2528 954323331 954323339      8
 2529 954323345 954323346      1
 2530 954323349 954323419     70
 2531 954323422 954324761   1339
 2532 954324941 954325061    120
 2533 954325241 954325541    300
 2534 954325601 954325661     60
 2535 954325721 954325763     42
 2536 954325766 954325781     15
 2537 954326021 954326201    180
 2538 954326381 954326994    613
 2539 954327027 954327041     14
 2540 954327101 954327161     60
 2541 954327281 954327401    120
 2542 954327461 954327641    180
 2543 954327701 954327761     60
 2544 954327821 954327881     60
 2545 954328001 954329740   1739
 2546 954329748 954329804     56
 2547 954329810 954329825     15
 2548 954329836 954329895     59
 2549 954329899 954329900      1
 2550 954329903 954330138    235
 2551 954330141 954330156     15
 2552 954330166 954330179     13
 2553 954330182 954330262     80
 2554 954330266 954330267      1
 2555 954330273 954330274      1
 2556 954330298 954330361     63
 2557 954330367 954331361    994
 2558 954331481 954336641   5160
 2559 954336701 954337901   1200
 2560 954337961 954338081    120
 2561 954338141 954340018   1877
 2562 954340021 954340032     11
 2563 954340035 954341321   1286
 2564 954341381 954341441     60
 2565 954341501 954341561     60
 2566 954341681 954341981    300
 2567 954342161 954342461    300
 2568 954342521 954342581     60
 2569 954342641 954342744    103
 2570 954342747 954342847    100
 2571 954345357 954345432     75
 2572 954345435 954345438      3
 2573 954345450 954345451      1
 2574 954345457 954345459      2
 2575 954345521 954345522      1
 2576 954345665 954345675     10
 2577 954345678 954345698     20
 2578 954345702 954345719     17
 2579 954345722 954345728      6
 2580 954345731 954345747     16
 2581 954345751 954345789     38
 2582 954345792 954345794      2
 2583 954345797 954345863     66
 2584 954345873 954345876      3
 2585 954345880 954345881      1
 2586 954345941 954346121    180
 2587 954346263 954346264      1
 2588 954346270 954346271      1
 2589 954346279 954346280      1
 2590 954346288 954346294      6
 2591 954346297 954346303      6
 2592 954346306 954346361     55
 2593 954346541 954346601     60
 2594 954346661 954346721     60
 2595 954346781 954346901    120
 2596 954347081 954347111     30
 2597 954347116 954347141     25
 2598 954347321 954347353     32
 2599 954347357 954347367     10
 2600 954347369 954347381     12
 2601 954348405 954348439     34
 2602 954348442 954348457     15
 2603 954348460 954348461      1
 2604 954348641 954348666     25
 2605 954348670 954348682     12
 2606 954348690 954348708     18
 2607 954348720 954348730     10
 2608 954348733 954348735      2
 2609 954348738 954348746      8
 2610 954348754 954348771     17
 2611 954348777 954348778      1
 2612 954348781 954348785      4
 2613 954348797 954348803      6
 2614 954348809 954348815      6
 2615 954348836 954348837      1
 2616 954348857 954348858      1
 2617 954348873 954348928     55
 2618 954348932 954348941      9
 2619 954349061 954349084     23
 2620 954349087 954349093      6
 2621 954349096 954349107     11
 2622 954349124 954349130      6
 2623 954349147 954349153      6
 2624 954349165 954349166      1
 2625 954349301 954349305      4
 2626 954349308 954349312      4
 2627 954349315 954349316      1
 2628 954349324 954349333      9
 2629 954349341 954349351     10
 2630 954349354 954349363      9
 2631 954349368 954349374      6
 2632 954349377 954349378      1
 2633 954349388 954349396      8
 2634 954349400 954349421     21
 2635 954349541 954349549      8
 2636 954349553 954349568     15
 2637 954349571 954349574      3
 2638 954349577 954349627     50
 2639 954349630 954349645     15
 2640 954349648 954349672     24
 2641 954349682 954349684      2
 2642 954349687 954349698     11
 2643 954349701 954349716     15
 2644 954349719 954349726      7
 2645 954349733 954349738      5
 2646 954349762 954349773     11
 2647 954349776 954349777      1
 2648 954349801 954349809      8
 2649 954349813 954349828     15
 2650 954349831 954349846     15
 2651 954349849 954349850      1
 2652 954349853 954349855      2
 2653 954349865 954349866      1
 2654 954349872 954349873      1
 2655 954349877 954349889     12
 2656 954349893 954349894      1
 2657 954349961 954350014     53
 2658 954350023 954350029      6
 2659 954350031 954350080     49
 2660 954350141 954350154     13
 2661 954350164 954350165      1
 2662 954350168 954350177      9
 2663 954350182 954350184      2
 2664 954350194 954350195      1
 2665 954350200 954350201      1
 2666 954350621 954350633     12
 2667 954350636 954350685     49
 2668 954350688 954350697      9
 2669 954350700 954350783     83
 2670 954350787 954350801     14
 2671 954350921 954350981     60
 2672 954350989 954350991      2
 2673 954350994 954350998      4
 2674 954351003 954351007      4
 2675 954351012 954351041     29
 2676 954351113 954351135     22
 2677 954351138 954351142      4
 2678 954351147 954351153      6
 2679 954351177 954351178      1
 2680 954351188 954351199     11
 2681 954351202 954351208      6
 2682 954351222 954351228      6
 2683 954351231 954351236      5
 2684 954351250 954351281     31
 2685 954351284 954351292      8
 2686 954351305 954351332     27
 2687 954351343 954351358     15
 2688 954351366 954351367      1
 2689 954351370 954351374      4
 2690 954351380 954351381      1
 2691 954351389 954351395      6
 2692 954351398 954351402      4
 2693 954351409 954351427     18
 2694 954351434 954351441      7
 2695 954351460 954351482     22
 2696 954351488 954351489      1
 2697 954351581 954351592     11
 2698 954351599 954351633     34
 2699 954351648 954351677     29
 2700 954351680 954351703     23
 2701 954351713 954351714      1
 2702 954351722 954351768     46
 2703 954351771 954351810     39
 2704 954351813 954351825     12
 2705 954351830 954351840     10
 2706 954351855 954351857      2
 2707 954351887 954351890      3
 2708 954351902 954351927     25
 2709 954351932 954351933      1
 2710 954351939 954351941      2
 2711 954352061 954352071     10
 2712 954352073 954352100     27
 2713 954352128 954352130      2
 2714 954352133 954352181     48
 2715 954353381 954353432     51
 2716 954353438 954353441      3
 2717 954358181 954358183      2
 2718 954358187 954358301    114
 2719 954358541 954358601     60
 2720 954358901 954359021    120
 2721 954359081 954359141     60
 2722 954359321 954359381     60
 2723 954359621 954359741    120
 2724 954359801 954359921    120
 2725 954360341 954360461    120
 2726 954360521 954360701    180
 2727 954360761 954360821     60
 2728 954360881 954360941     60
 2729 954361001 954361241    240
 2730 954361361 954361601    240
 2731 954361721 954361841    120
 2732 954362021 954362141    120
 2733 954362201 954362501    300
 2734 954362561 954362621     60
 2735 954362801 954362921    120
 2736 954362981 954363041     60
 2737 954363161 954363341    180
 2738 954363521 954363641    120
 2739 954363761 954363941    180
 2740 954364661 954364961    300
 2741 954365021 954365081     60
 2742 954365201 954365261     60
 2743 954365441 954365501     60
 2744 954365621 954365783    162
 2745 954366832 954367795    963
 2746 954367796 954368358    562
 2747 954370689 954371201    512
 2748 954371261 954371321     60
 2749 954371381 954371561    180
 2750 954371621 954372429    808
 2751 954372432 954372436      4
 2752 954372451 954372461     10
 2753 954372521 954372545     24
 2754 954372548 954372596     48
 2755 954372598 954372630     32
 2756 954372635 954372641      6
 2757 954372649 954372833    184
 2758 954372845 954372849      4
 2759 954372853 954372864     11
 2760 954372868 954372869      1
 2761 954372873 954373393    520
 2762 954373394 954374339    945
 2763 954374467 954375091    624
 2764 954375092 954376481   1389
 2765 954376541 954384746   8205
 2766 954384779 954386315   1536
 2767 954394278 954396640   2362
 2768 954396641 954397314    673
 2769 954397347 954398921   1574
 2770 954401111 954401334    223
 2771 954408151 954413212   5061
 2772 954413214 954418651   5437
 2773 954418652 954424123   5471
 2774 954424155 954431955   7800
 2775 954432083 954436486   4403
 2776 954439391 954440011    620
 2777 954441583 954443323   1740
 2778 954445052 954447063   2011
 2779 954447068 954447070      2
 2780 954447073 954447075      2
 2781 954447077 954449094   2017
 2782 954449100 954450130   1030
 2783 954450163 954452049   1886
 2784 954452055 954452063      8
 2785 954452071 954452077      6
 2786 954452141 954452867    726
 2787 954452870 954455699   2829
 2788 954479261 954481755   2494
 2789 954481756 954482072    316
 2790 954487370 954489517   2147
 2791 954489645 954491542   1897
 2792 954491544 954493779   2235
 2793 954495479 954498604   3125
 2794 954498720 954498860    140
 2795 954560485 954577294  16809
 2796 954581500 954584761   3261
 2797 954585857 954591638   5781
 2798 954592601 954594476   1875
 2799 954594477 954594632    155
 2800 954594633 954597438   2805
 2801 954597439 954598681   1242
 2802 954642325 954643560   1235
 2803 954643650 954649085   5435
 2804 954649118 954649950    832
 2805 954650130 954652936   2806
 2806 954655768 954656138    370
 2807 954656139 954658143   2004
 2808 954658146 954662357   4211
 2809 954672861 954675507   2646
 2810 954675508 954676781   1273
 2811 954676782 954683038   6256
 2812 954683070 954684950   1880
 2813 954684952 954685331    379
 2814 954685332 954685517    185
 2815 954685518 954685829    311
 2816 954685830 954686520    690
 2817 954686580 954686640     60
 2818 954686760 954686790     30
 2819 954686793 954687044    251
 2820 954687047 954687146     99
 2821 954687148 954687280    132
 2822 954687282 954687398    116
 2823 954687400 954688026    626
 2824 954688071 954688416    345
 2825 954688461 954688686    225
 2826 954688716 954688983    267
 2827 954704638 954705721   1083
 2828 954706822 954707700    878
 2829 954707760 954709241   1481
 2830 954710499 954713622   3123
 2831 954749986 954752013   2027
 2832 954752045 954752565    520
 2833 954753762 954754110    348
 2834 954754112 954754647    535
 2835 954755825 954757393   1568
 2836 954760131 954760590    459
 2837 954760710 954760824    114
 2838 954760890 954760950     60
 2839 954761010 954761162    152
 2840 954761167 954761184     17
 2841 954761188 954761190      2
 2842 954761195 954761233     38
 2843 954761236 954761245      9
 2844 954761248 954761276     28
 2845 954761280 954761288      8
 2846 954761295 954761370     75
 2847 954761612 954761647     35
 2848 954761648 954761670     22
 2849 954761730 954761742     12
 2850 954761746 954761760     14
 2851 954761775 954761781      6
 2852 954761786 954761790      4
 2853 954761857 954761860      3
 2854 954761864 954761865      1
 2855 954761872 954761895     23
 2856 954761898 954761910     12
 2857 954763820 954763890     70
 2858 954764010 954764070     60
 2859 954764310 954764370     60
 2860 954764702 954764730     28
 2861 954764790 954764970    180
 2862 954803915 954803929     14
 2863 954803934 954803946     12
 2864 954803948 954803949      1
 2865 954803952 954803956      4
 2866 954803964 954803967      3
 2867 954803971 954803975      4
 2868 954804095 954804102      7
 2869 954804110 954804114      4
 2870 954804129 954804215     86
 2871 954804455 954804463      8
 2872 954804472 954804474      2
 2873 954804482 954804483      1
 2874 954804489 954804490      1
 2875 954804493 954804575     82
 2876 954804635 954804673     38
 2877 954804676 954804677      1
 2878 954804683 954804687      4
 2879 954804694 954804695      1
 2880 954804756 954804769     13
 2881 954804772 954804773      1
 2882 954804777 954804815     38
 2883 954804875 954804885     10
 2884 954804888 954804897      9
 2885 954804902 954804908      6
 2886 954804922 954804927      5
 2887 954804948 954804958     10
 2888 954804960 954805001     41
 2889 954805007 954805061     54
 2890 954805071 954805089     18
 2891 954805092 954805100      8
 2892 954805104 954805175     71
 2893 954820232 954820687    455
 2894 954830637 954831032    395
 2895 954831033 954831931    898
 2896 954831932 954834026   2094
 2897 954834027 954834260    233
 2898 954836735 954839405   2670
 2899 954842034 954845626   3592
 2900 954845627 954847161   1534
 2901 954847162 954847535    373
 2902 954847536 954847897    361
 2903 954866631 954866855    224
 2904 954866915 954868027   1112
 2905 954868030 954869539   1509
 2906 954869549 954871415   1866
 2907 954871475 954871855    380
 2908 954871856 954872524    668
 2909 954874200 954883488   9288
 2910 954896911 954899064   2153
 2911 954899827 954903455   3628
 2912 954903515 954905382   1867
 2913 954916365 954918010   1645
 2914 954918011 954918542    531
 2915 954918543 954922067   3524
 2916 954923326 954926495   3169
 2917 954926555 954930705   4150
 2918 954930706 954930823    117
 2919 954930824 954932119   1295
 2920 954933409 954935014   1605
 2921 954938890 954941338   2448
 2922 954941339 954942685   1346
 2923 954951679 954952235    556
 2924 954952295 954953742   1447
 2925 954953743 954954420    677
 2926 954954422 954954444     22
 2927 954954446 954954891    445
 2928 954954892 954960396   5504
 2929 954975264 954975265      1
 2930 954975441 954976559   1118
 2931 954976560 954976582     22
 2932 954976583 954976711    128
 2933 954976712 954976759     47
 2934 954976760 954978816   2056
 2935 954978817 954981681   2864
 2936 954981682 954981868    186
 2937 954997783 954999292   1509
 2938 955008275 955008390    115
 2939 955008391 955010321   1930
 2940 955012128 955014773   2645
 2941 955034459 955043204   8745
 2942 955043234 955043275     41
 2943 955052309 955052402     93
 2944 955054316 955054372     56
 2945 955054373 955056337   1964
 2946 955056338 955057248    910
 2947 955057249 955059514   2265
 2948 955061495 955062967   1472
 2949 955082925 955086845   3920
 2950 955088505 955090560   2055
 2951 955094058 955094757    699
 2952 955094760 955094795     35
 2953 955094855 955096740   1885
 2954 955096741 955098409   1668
 2955 955102527 955105510   2983
 2956 955105511 955107671   2160
 2957 955131697 955131807    110
 2958 955131963 955132310    347
 2959 955144047 955145737   1690
 2960 955148618 955150313   1695
 2961 955150314 955167534  17220
 2962 955170783 955183758  12975
 2963 955183788 955185933   2145
 2964 955185978 955190223   4245
 2965 955194306 955196967   2661
 2966 955196968 955206371   9403
