757805601 GPS
SENSING
8 UPSAMPLING_FACTOR
-13 DELAY
2 2 2 FILTERS_ORDERS
-5.3906885384163518e-17 5.3692056363910137e-17 
1.0000000000000000e+00 2.1072803331362111e-01 
0.0000000000000000e+00 
4.5000000000000001e-01 5.5000000000000004e-01 
1.0000000000000000e+00 0.0000000000000000e+00 
0.0000000000000000e+00 
ACTUATION_ANALOG
3 DELAY
12 3 2 2 3 3 3 3 2 3 3 3 3 FILTERS_ORDERS
-8.9309823704162401e-21 -1.7861964740832480e-20 -8.9309823704162401e-21 
1.0000000000000000e+00 -1.9997069667604219e+00 9.9970705259117976e-01 
-7.8533656697519262e-15 -7.8521137664706653e-15 
1.7657992063248009e+00 -7.8686481475787018e-01 
1.0000000000000000e+00 -2.1065608433068619e-02 
2.8654307020434503e-34 
4.5000000000000001e-01 5.5000000000000004e-01 
1.0000000000000000e+00 0.0000000000000000e+00 
2.8054312240375459e-34 
7.5535457376692783e-01 -1.4814610984175860e+00 7.2828544918949389e-01 
1.0000000000000000e+00 -1.3088962625355629e+00 6.5620485883844504e-01 
8.0771216328503722e-34 8.0758922870829403e-34 
1.0065334534179520e+00 -1.9924558162880210e+00 9.8632378960492595e-01 
1.0000000000000000e+00 -1.9926412905932711e+00 9.9267176871762786e-01 
6.3561286926198639e-32 6.3605807980206241e-32 
4.3180287361030547e+04 -8.6188498176288718e+04 4.3017518812334521e+04 
1.0000000000000000e+00 -1.9966963746889450e+00 9.9670959496124523e-01 
2.2465499688099911e-30 2.2486968472741851e-30 
8.7818721498797903e-01 -1.5960287229321000e+00 7.2193088428104268e-01 
1.0000000000000000e+00 -1.5977483949078339e+00 5.9839842729328729e-01 
4.9856516269298643e-26 4.9885784600071029e-26 
2.7141100767371369e-06 2.7141100767371369e-06 
1.0000000000000000e+00 8.2221528845462577e-01 
1.0941279491668106e-28 
8.6214296416549328e+00 -1.7211931946420261e+01 8.5906128270865878e+00 
1.0000000000000000e+00 -1.9958807699859831e+00 9.9609114498815676e-01 
2.8541273773198749e-30 2.8558385182496176e-30 
9.9313288547782153e-01 -1.9794711956377420e+00 9.8636375014503030e-01 
1.0000000000000000e+00 -1.9792752068791699e+00 9.7969262438142402e-01 
6.4819040604737965e-31 6.4859423337657803e-31 
1.3256645302963890e+00 -1.7320432916912989e+00 8.6577546450432719e-01 
1.0000000000000000e+00 -1.9602720182090581e+00 9.6321126828295833e-01 
4.7978927891970191e-33 4.8003578358438079e-33 
1.1229787071549111e+00 -1.8288983940655099e+00 7.0683648152460721e-01 
1.0000000000000000e+00 -1.8270627783182489e+00 8.3165080442678019e-01 
4.8987746119320991e-31 4.9014598321540768e-31 
ACTUATION_X
16 3 3 3 3 3 3 3 3 3 3 3 3 3 3 3 3 FILTERS_ORDERS
8.6661061031886222e-01 1.4260861869961756e+00 8.6661051181211812e-01 
1.0000000000000000e+00 1.6362908167685299e+00 9.8869733921612002e-01 
9.3269805790048665e-35 9.3261670759332868e-35 
1.0000000000000000e+00 1.8458454109193601e+00 9.9999992300200002e-01 
1.0000000000000000e+00 1.8387664146958400e+00 9.9232972926951002e-01 
7.6915598516773386e-35 7.6907700323352780e-35 
1.0000000000000000e+00 -1.9826783316427601e+00 1.0000000000000000e+00 
1.0000000000000000e+00 -1.9821492013343900e+00 9.9937955255054001e-01 
1.7102746399510738e-32 1.7089331024848224e-32 
1.0000000000000000e+00 -1.9826538853672599e+00 1.0000000000000000e+00 
1.0000000000000000e+00 -1.9826280662005400e+00 9.9988698713928004e-01 
1.7096488980423169e-32 1.7141892218226143e-32 
1.0000000000000000e+00 -1.9826093818057100e+00 1.0000000000000000e+00 
1.0000000000000000e+00 -1.9805499529648700e+00 9.9792250671287996e-01 
1.7219671229565084e-32 1.7227350820592294e-32 
1.0000000000000000e+00 -1.9825647645647200e+00 1.0000000000000000e+00 
1.0000000000000000e+00 -1.9823648067580599e+00 9.9988613502142998e-01 
1.7107914849889114e-32 1.7107266062822576e-32 
1.0000000000000000e+00 -1.9825401587133100e+00 1.0000000000000000e+00 
1.0000000000000000e+00 -1.9818325696570900e+00 9.9937400207481997e-01 
1.7012622106335894e-32 1.7014747814244033e-32 
1.0000000000000000e+00 -1.9823015535987001e+00 1.0000000000000000e+00 
1.0000000000000000e+00 -1.9815706565415101e+00 9.9920403322877005e-01 
1.6743128948051370e-32 1.6747019037710753e-32 
1.0000000000000000e+00 -1.9822836539450599e+00 1.0000000000000000e+00 
1.0000000000000000e+00 -1.9822293351781299e+00 9.9986763133059997e-01 
1.6841066052786527e-32 1.6846080017986004e-32 
1.0000000000000000e+00 -1.9822573907478001e+00 1.0000000000000000e+00 
1.0000000000000000e+00 -1.9813881647341500e+00 9.9920003356290998e-01 
1.6784888870863522e-32 1.6787949534061408e-32 
1.0000000000000000e+00 -1.9822394466284401e+00 1.0000000000000000e+00 
1.0000000000000000e+00 -1.9820482050946799e+00 9.9986695895504996e-01 
1.6730350637983994e-32 1.6736070234512462e-32 
1.0000000000000000e+00 1.6454772482064199e+00 1.0000000000000000e+00 
1.0000000000000000e+00 1.6295288180582701e+00 9.8809243508778000e-01 
8.1985509275854265e-35 8.1980244684102493e-35 
1.0000000000000000e+00 1.6467579614688099e+00 1.0000000000000000e+00 
1.0000000000000000e+00 1.6463060620644800e+00 9.8834275140284999e-01 
8.2229890731038528e-35 8.2224610370772477e-35 
1.0000000000000000e+00 1.6486664219095399e+00 1.0000000000000000e+00 
1.0000000000000000e+00 1.6406793155763599e+00 9.9864568824146005e-01 
8.2397299825126341e-35 8.2393251356967992e-35 
1.0000000000000000e+00 1.6499375781328500e+00 1.0000000000000000e+00 
1.0000000000000000e+00 1.6524434534215700e+00 9.9866593351106003e-01 
8.2342549913721932e-35 8.2337917397684552e-35 
1.0000000000000000e+00 -1.9306804863383700e+00 9.9994781519425002e-01 
1.0000000000000000e+00 -1.9257061026932401e+00 9.9479496480113005e-01 
4.3512587468084285e-33 4.3510101822989912e-33 
ACTUATION_Y
15 3 3 3 3 3 3 3 3 3 3 3 3 3 3 3 FILTERS_ORDERS
8.6885044116588572e-01 1.4327009497713010e+00 8.6885034282992279e-01 
1.0000000000000000e+00 1.6396827047943501e+00 9.8874574772936996e-01 
9.3181886869373026e-35 9.3172842574507672e-35 
1.0000000000000000e+00 1.8439203581033301e+00 9.9999992254211001e-01 
1.0000000000000000e+00 1.8368066711994400e+00 9.9228409403885998e-01 
7.7152947624241614e-35 7.7144806726108981e-35 
1.0000000000000000e+00 -1.9826783316427601e+00 1.0000000000000000e+00 
1.0000000000000000e+00 -1.9821492013343900e+00 9.9937955255054001e-01 
1.7146925369872155e-32 1.7133475337304364e-32 
1.0000000000000000e+00 -1.9826538853672599e+00 1.0000000000000000e+00 
1.0000000000000000e+00 -1.9826280662005400e+00 9.9988698713928004e-01 
1.7140651590810322e-32 1.7186172105622982e-32 
1.0000000000000000e+00 -1.9826093818057100e+00 1.0000000000000000e+00 
1.0000000000000000e+00 -1.9805499529648700e+00 9.9792250671287996e-01 
1.7264152160702056e-32 1.7271851590540773e-32 
1.0000000000000000e+00 -1.9825647645647200e+00 1.0000000000000000e+00 
1.0000000000000000e+00 -1.9823648067580599e+00 9.9988613502142998e-01 
1.7152107125335295e-32 1.7151456664386642e-32 
1.0000000000000000e+00 -1.9825401587133100e+00 1.0000000000000000e+00 
1.0000000000000000e+00 -1.9818325696570900e+00 9.9937400207481997e-01 
1.7056568216949077e-32 1.7058699418474577e-32 
1.0000000000000000e+00 -1.9823015535987001e+00 1.0000000000000000e+00 
1.0000000000000000e+00 -1.9815706565415101e+00 9.9920403322877005e-01 
1.6786378915034807e-32 1.6790279049950259e-32 
1.0000000000000000e+00 -1.9822836539450599e+00 1.0000000000000000e+00 
1.0000000000000000e+00 -1.9822293351781299e+00 9.9986763133059997e-01 
1.6884569000814761e-32 1.6889595916864884e-32 
1.0000000000000000e+00 -1.9822573907478001e+00 1.0000000000000000e+00 
1.0000000000000000e+00 -1.9813881647341500e+00 9.9920003356290998e-01 
1.6828246710495925e-32 1.6831315280858697e-32 
1.0000000000000000e+00 -1.9822394466284401e+00 1.0000000000000000e+00 
1.0000000000000000e+00 -1.9820482050946799e+00 9.9986695895504996e-01 
1.6773567587828957e-32 1.6779301961051192e-32 
1.0000000000000000e+00 1.6454772482064199e+00 1.0000000000000000e+00 
1.0000000000000000e+00 1.6295288180582701e+00 9.8809243508778000e-01 
8.2197159736150732e-35 8.2192161151948526e-35 
1.0000000000000000e+00 1.6467579614688099e+00 1.0000000000000000e+00 
1.0000000000000000e+00 1.6463060620644800e+00 9.8834275140284999e-01 
8.2442204668800877e-35 8.2437021714670473e-35 
1.0000000000000000e+00 1.6486664219095399e+00 1.0000000000000000e+00 
1.0000000000000000e+00 1.6406793155763599e+00 9.9864568824146005e-01 
8.2609710748369350e-35 8.2606351819304021e-35 
1.0000000000000000e+00 1.6499375781328500e+00 1.0000000000000000e+00 
1.0000000000000000e+00 1.6524434534215700e+00 9.9866593351106003e-01 
8.2554842083480753e-35 8.2550881413174950e-35 
