793475511 GPS
SENSING
8 UPSAMPLING_FACTOR
-38 DELAY
2 2 2 FILTERS_ORDERS
6.514405547557493e-14 -6.488662152736254e-14 
1.000000000000000e+00  4.112183478654861e-01
0.0000000000000000e+00
2.222222222222222e+01  0.0000000000000000e+00  
1.000000000000000e+00  2.122222222222222e+01
0.0000000000000000e+00
ACTUATION_ANALOG
0 DELAY
2 3 2 FILTERS_ORDERS
-4.239673243628954e-21   -8.479346487257908e-21    -4.239673243628954e-21
1.000000000000000e+00    -1.999971155549569e+00     9.999712382744460e-01
0.0000000000000000e+00 0.0000000000000000e+00 
7.0800000000000000e-01 2.9200000000000000e-01 
1.0000000000000000e+00 0.0000000000000000e+00 
0.0000000000000000e+00
ACTUATION_X
11 3 3 3 3 3 3 3 3 3 3 3 FILTERS_ORDERS
9.668886269303545e-01  -1.866928632088803e+00  9.668382350467467e-01
1.0000000000000000e+00 -1.9258936701136999e+00 9.9480165401062004e-01
0.0000000000000000e+00 0.0000000000000000e+00 
1.0000000000000000e+00 1.8356693172828000e+00 1.0000000000000000e+00
1.0000000000000000e+00 1.8332524948728799e+00 9.9818089208225003e-01
0.0000000000000000e+00 0.0000000000000000e+00 
1.0000000000000000e+00 1.8357465513258600e+00 1.0000000000000000e+00
1.0000000000000000e+00 1.8350161963119200e+00 9.9819017469388005e-01
0.0000000000000000e+00 0.0000000000000000e+00 
1.0000000000000000e+00 1.8358576131384201e+00 1.0000000000000000e+00
1.0000000000000000e+00 1.8350005303119401e+00 9.9978875967223002e-01
0.0000000000000000e+00 0.0000000000000000e+00 
1.0000000000000000e+00 1.8359347624693600e+00 1.0000000000000000e+00
1.0000000000000000e+00 1.8362143960696500e+00 9.9978950523321997e-01
0.0000000000000000e+00 0.0000000000000000e+00 
1.0000000000000000e+00 1.6593733368616499e+00 1.0000000000000000e+00
1.0000000000000000e+00 1.6576531144475899e+00 9.9825336491595995e-01
0.0000000000000000e+00 0.0000000000000000e+00 
1.0000000000000000e+00 1.6594287344114500e+00 1.0000000000000000e+00
1.0000000000000000e+00 1.6586193482420399e+00 9.9825560741428998e-01
0.0000000000000000e+00 0.0000000000000000e+00 
1.0000000000000000e+00 1.6595272917571400e+00 1.0000000000000000e+00
1.0000000000000000e+00 1.6583008661157901e+00 9.9931646565751997e-01
0.0000000000000000e+00 0.0000000000000000e+00 
1.0000000000000000e+00 1.6596426100422801e+00 1.0000000000000000e+00
1.0000000000000000e+00 1.6587680988889599e+00 9.9983023874550003e-01
0.0000000000000000e+00 0.0000000000000000e+00 
1.0000000000000000e+00 1.6597411112497700e+00 1.0000000000000000e+00
1.0000000000000000e+00 1.6597343758398400e+00 9.9931776877051004e-01
0.0000000000000000e+00 0.0000000000000000e+00 
1.0000000000000000e+00 1.6597964545475301e+00 1.0000000000000000e+00
1.0000000000000000e+00 1.6601191167356599e+00 9.9983054424735995e-01
0.0000000000000000e+00 0.0000000000000000e+00 
ACTUATION_Y
11 3 3 3 3 3 3 3 3 3 3 3 FILTERS_ORDERS
1.007755803014733e+00  -1.945837514683444e+00  1.007703281233303e+00
1.0000000000000000e+00 -1.9258936701136999e+00 9.9480165401062004e-01
0.0000000000000000e+00 0.0000000000000000e+00 
1.0000000000000000e+00 1.8356693172828000e+00 1.0000000000000000e+00
1.0000000000000000e+00 1.8332524948728799e+00 9.9818089208225003e-01
0.0000000000000000e+00 0.0000000000000000e+00 
1.0000000000000000e+00 1.8357465513258600e+00 1.0000000000000000e+00
1.0000000000000000e+00 1.8350161963119200e+00 9.9819017469388005e-01
0.0000000000000000e+00 0.0000000000000000e+00 
1.0000000000000000e+00 1.8358576131384201e+00 1.0000000000000000e+00
1.0000000000000000e+00 1.8350005303119401e+00 9.9978875967223002e-01
0.0000000000000000e+00 0.0000000000000000e+00 
1.0000000000000000e+00 1.8359347624693600e+00 1.0000000000000000e+00
1.0000000000000000e+00 1.8362143960696500e+00 9.9978950523321997e-01
0.0000000000000000e+00 0.0000000000000000e+00 
1.0000000000000000e+00 1.6557353653059199e+00 1.0000000000000000e+00
1.0000000000000000e+00 1.6483304545812101e+00 9.9247326413893999e-01
0.0000000000000000e+00 0.0000000000000000e+00 
1.0000000000000000e+00 1.6559755943807200e+00 1.0000000000000000e+00
1.0000000000000000e+00 1.6525279061980600e+00 9.9251449886589005e-01
0.0000000000000000e+00 0.0000000000000000e+00 
1.0000000000000000e+00 1.6564026963567200e+00 1.0000000000000000e+00
1.0000000000000000e+00 1.6510957460767399e+00 9.9704627036015003e-01
0.0000000000000000e+00 0.0000000000000000e+00 
1.0000000000000000e+00 1.6569019647809300e+00 1.0000000000000000e+00
1.0000000000000000e+00 1.6531098360034699e+00 9.9926592212304999e-01
0.0000000000000000e+00 0.0000000000000000e+00 
1.0000000000000000e+00 1.6573280244756501e+00 1.0000000000000000e+00
1.0000000000000000e+00 1.6573103760081600e+00 9.9707031548605995e-01
0.0000000000000000e+00 0.0000000000000000e+00 
1.0000000000000000e+00 1.6575672462886599e+00 1.0000000000000000e+00
1.0000000000000000e+00 1.6589609993737999e+00 9.9927156334375999e-01
0.0000000000000000e+00 0.0000000000000000e+00 
