816397490
816399582
816401382
816403182
816404982
816406782
816408582
816410382
816412182
816413982
816416174
816417974
816419774
816421574
816423374
816425174
816426974
816428774
816433033
816434833
816436633
816446697
816450361
816452161
816453961
816455761
816460375
816462175
816463975
816465775
816467575
816473521
816475321
816477121
816478921
816482765
816484565
816486365
816488165
816489965
816495489
816498126
816499926
816501726
816503526
816506301
816508101
816509901
816511701
816513501
816515301
816517101
816518901
816520701
816522501
816524301
816529181
816530981
816532781
816536458
816778879
816780679
816783555
816785355
816787155
816788955
816790755
816793872
816795672
816797472
816799272
816801072
816802872
816804672
816816394
816819692
816821492
816825416
816827216
816829016
816830816
816832616
816834416
816836216
816838016
816839816
816841616
816843416
816845216
816847016
816848816
816850616
816852416
816854216
816856016
816857816
816859616
816861416
816863216
816866922
816870276
816872076
816873876
816875676
816877476
816879276
816881076
816882876
816885552
816887352
816889152
816890952
816896113
816899327
816901672
816903472
816905272
816907072
816909952
816911752
816993218
816995018
816997481
816999281
817001081
817004010
817005810
817007610
817009410
817011210
817013010
817014810
817016610
817018410
817020210
817022010
817023810
817025610
817027410
817029210
817034777
817036577
817038377
817040177
817043038
817044838
817046638
817048438
817050238
817052038
817053838
817055638
817057438
817059238
817061038
817062838
817065701
817071913
817075452
817085916
817088470
817090270
817092070
817093870
817096321
817098121
817099921
817101721
817105023
817108115
817109915
817111715
817113515
817115315
817117115
817118915
817120715
817122515
817124315
817126115
817127915
817129715
817131515
817133315
817135115
817136915
817138715
817140515
817142315
817144115
817145915
817147715
817149515
817151315
817153115
817154915
817156715
817158515
817160315
817162115
817163915
817165715
817167515
817169315
817171115
817172915
817174715
817179875
817181675
817183475
817185275
817187075
817188875
817190675
817193470
817195270
817197070
817198870
817201829
817203629
817205429
817207229
817209029
817210829
817212629
817214429
817216229
817219818
817221618
817229370
817239585
817241385
817244203
817248380
817250180
817255779
817257579
817259379
817262277
817264077
817768509
817775649
817777449
817779249
817783181
817784981
817786781
817788581
817790381
817792181
817793981
817795781
817797581
817799381
817801181
817802981
817804781
817806581
817808381
817810181
817811981
817813781
817815581
817817381
817819181
817829707
817831507
817833307
817835107
817836907
817841820
817845392
817847192
817850343
817857453
817862606
817864406
817866206
817868006
817873496
817875296
817877096
817878896
817880696
817882496
817884296
817886096
817887896
817889696
817891496
817893296
817895096
817896896
817898696
817900496
817902296
817904096
817905896
817907696
817909496
817945327
817947127
817948927
817950727
817960181
817961981
817963781
817965581
817967381
817969181
817970981
817972781
817974581
817976381
817978181
817979981
817981781
817983581
817985381
817987181
817988981
817990781
817992581
817994381
817996181
817997981
817999781
818001581
818004192
818006807
818008607
818010407
818030519
818032319
818037444
818039244
818041044
818042844
818044644
818046444
818048244
818050044
818051844
818053644
818055444
818057244
818061094
818062894
818064694
818066494
818069585
818071385
818073185
818074985
818078446
818080246
818082046
818083846
818085646
818087446
818099543
818101343
818103143
818104943
818106743
818108543
818110343
818120933
818122733
818124533
818126333
818128133
818130639
818132439
818134239
818136039
818137839
818139639
818141439
818143239
818146566
818148366
818150166
818151966
818153766
818155566
818157366
818159166
818165152
818166952
818168752
818170552
818175632
818177432
818189520
818191320
818193120
818194920
818196720
818198520
818200320
818202120
818203920
818207412
818209212
818211012
818212812
818214612
818216412
818218212
818220012
818221812
818223612
818225412
818227808
818229608
818231408
818233208
818235008
818236808
818270501
818272301
818274101
818275901
818277701
818279501
818281301
818283101
818284901
818293119
818294919
818296719
818298519
818300319
818302119
818303919
818305719
818307519
818309319
818311119
818312919
818314719
818316519
818318319
818320119
818324610
818327691
818329491
818331291
818333091
818334891
818336691
818341036
818350128
818358584
818360384
818362184
818363984
818368254
818372537
818374337
818376137
818377937
818379737
818381537
818383337
818385137
818386937
818388737
818390537
818392337
818394137
818395937
818397737
818399537
818401337
818403137
818404937
818409990
818411790
818552200
818554000
818555800
818557600
818559400
818561200
818563000
818564800
818566600
818568400
818570200
818572000
818573800
818578194
818579994
818581794
818583594
818585394
818587194
818588994
818590794
818592594
818594394
818596194
818597994
818599794
818601594
818606958
818608758
818610558
818612358
818614158
818622032
818623832
818625632
818627432
818629232
818631032
818632832
818637821
818639621
818641421
818643221
818647531
818650371
818652171
818657726
818659526
818661326
818663126
818664926
818666726
818668526
818670326
818672126
818673926
818675726
818681571
818683371
818685171
818721347
818726083
818730692
818732492
818737382
818739182
818740982
818742782
818744582
818746382
818748182
818749982
818751782
818753582
818755382
818757182
818758982
818760782
818762582
818764382
818766182
818770533
818772333
818774133
818775933
818777733
818779533
818781333
818783133
818784933
818786733
818788533
818791862
818796317
818798117
818801886
818803686
818810288
818818385
818820185
818821985
818823785
818825585
818827385
818829185
818832917
818834717
818836517
818838317
818840117
818841917
818843717
818845517
818847317
818849117
818850917
818852717
818854517
818856317
818858117
818864047
818865847
818867647
818869447
818871247
818873047
818874847
818876647
818881041
818883532
818886291
818889681
818891481
818895298
818897098
818898898
818903790
818905590
818907390
818909190
818912301
818914101
818915901
818919879
818921679
818923479
818925279
818927079
818928879
818930679
818932479
818934279
818936079
818937879
818939679
818941479
818943279
818946983
818948783
818956790
818961862
818963662
818965462
818967262
818970193
818971993
818973793
818975593
818977393
818979193
818980993
818982793
818984593
818986393
818988193
818989993
818991793
818993593
818995393
818997193
819337064
819338864
819340664
819342464
819344264
819354610
819356410
819358405
819360205
819364396
819366196
819367996
819371876
819373676
819375476
819381276
819383076
819384876
819386676
819388476
819390276
819398334
819402701
819405538
819407338
819412581
819414381
819416181
819419989
819421789
819425073
819426873
819428673
819430473
819432273
819434073
819435873
819437673
819439473
819441273
819443073
819444873
819446673
819448473
819450273
819452073
819453873
819455673
819457473
819459273
819461073
819462873
819464673
819466473
819469355
819471155
819472955
819474755
819476555
819478355
819486815
819488615
819490415
819492215
819494015
819495815
819497615
819499415
819501215
819503015
819504815
819506615
819508415
819510215
819512015
819513815
819515615
819517415
819519215
819521015
819522815
819524615
819526415
819528215
819530015
819531815
819533615
819535415
819537215
819539015
819540815
819542615
819544415
819546215
819548015
819549815
819551615
819553415
819558079
819560410
819562210
819564010
819565810
819567610
819569410
819571210
819574317
819576117
819581451
819583251
819585051
819586851
819588651
819590451
819592251
819594051
819595851
819597651
819601988
819605896
819607696
819609496
819611296
819613096
819614896
819616696
819618496
819620296
819622096
819623896
819625696
819627496
819629296
819631096
819632896
819634696
819636496
819638296
819642555
819644355
819646155
819647955
819649755
819651555
819653355
819655155
819659465
819662795
819664595
819666395
819668195
819669995
819671795
819673595
819675395
819677195
819678995
819680795
819682595
819684395
819686195
819687995
819689795
819691595
819693395
819695195
819698785
819700585
819702385
819704185
819705985
819707785
819709585
819711385
819713185
819714985
819716785
819718585
819720385
819722185
819758149
819761874
819764367
819766167
819768343
819770143
819771943
819773743
819775543
819777343
819779143
819780943
819782743
819784543
819786343
819788143
819792326
819794126
819795926
819797726
819799526
819804152
819805952
819807752
819809552
819811352
819813152
819814952
819816752
819818552
819820352
819823325
819831526
819833326
819835126
819839263
819843540
819845340
819847528
819851171
819852971
819854771
819857317
819859117
819860917
819862717
819864517
819866317
819868117
819869917
819871717
819873517
819875317
819877117
819878917
819882967
819884767
819888791
819890591
819892391
820482173
820483973
820485773
820487573
820489373
820491173
820492973
820494773
820496573
820498373
820500173
820501973
820503773
820505573
820512851
820514651
820516451
820518251
820520051
820526232
820542353
820546375
820548175
820550455
820552506
820558952
820560752
820564286
820566086
820567886
820569686
820571486
820573286
820575086
820576886
820578686
820580486
820582286
820584086
820585886
820587686
820589486
820591286
820593086
820594886
820596686
820598486
820600286
820602086
820603886
820605686
820609355
820611155
820612955
820615277
820617077
820618877
820620677
820622477
820624277
820628379
820631683
820637054
820638854
820641167
820642967
820644767
820646567
820648367
820650167
820651967
820653767
820655567
820657367
820659167
820660967
820662767
820664567
820666367
820668167
820669967
820671767
820673567
820675367
820677167
820678967
820680767
820682567
820684367
820686167
820687967
820689767
820691567
820693367
820696305
820698105
820700944
820702744
820704544
820706344
820708144
820709944
820713795
820720953
820722753
820724553
820726353
820728153
820729953
820734773
820737228
820739118
820742193
820743993
820745793
820753458
820760166
820761966
820763766
820765566
821214511
821219445
821224156
821227504
821229304
821233092
821234892
821236692
821240172
821241972
821243772
821247372
821249172
821250972
821252772
821254572
821256372
821258172
821259972
821261772
821263572
821265372
821267172
821268972
821270772
821272572
821274372
821276172
821277972
821279772
821281572
821283372
821285172
821288674
821290474
821292274
821294074
821295874
821297674
821299474
821301274
821303074
821304874
821308381
821310181
821311981
821313781
821315581
821317381
821319181
821320981
821322781
821326418
821328218
821330018
821331818
821333618
821335418
821337218
821339018
821340818
821345496
821347296
821349096
821350896
821352696
821354496
821356296
821358096
821359896
821364960
821366760
821368560
821370360
821372160
821373960
821375760
821377560
821379360
821381160
821382960
821384760
821386560
821390722
821394441
821396241
821399841
821401641
821403441
821405241
821407041
821408841
821410641
821412441
821414241
821416041
821417841
821419641
821421441
821423241
821425041
821426841
821428641
821430441
821432241
821434041
821435841
821437641
821439441
821441241
821443041
821444841
821446641
821448441
821450241
821452041
821453841
821461916
821463716
821465516
821630884
821632684
821636981
821638781
821642231
821644031
821645831
821650135
821654148
821655948
821657748
821660538
821667073
821668873
821670673
821672473
821674273
821676073
821677873
821679673
821682347
821685363
821687163
821688963
821691562
821693362
821695162
821696962
821698762
821700562
821702362
821704162
821705962
821711810
821713056
821713610
821714856
821715410
821716656
821723117
821729303
821731103
821732903
821734947
821739681
821744967
821747711
821749511
821751311
821756736
821756742
821760197
821761997
821763797
821765597
821767397
821767679
821769197
821769479
821770997
821835537
821841971
821843771
821847618
821850718
821852518
821854318
821856118
821857918
821859718
821861518
821863884
821865684
821867484
821869284
821875260
821877060
821878860
821880660
821883539
821885339
821887139
821888939
821890739
821892539
821894339
821897524
821899324
821901124
821906707
821912080
821916305
821918105
821919905
821921996
821923796
821925596
821927396
821929196
821930996
821933692
821935492
821937292
821939092
821940892
821942692
821944492
821946292
821948092
821949892
821951692
821953492
821955292
821957092
821958892
821960692
821962492
821964292
821970104
821971904
821973704
821975504
821977304
821979104
821980904
821982704
821984504
821986304
821988104
821993087
821994887
821996687
821998487
822000287
822004940
822006740
822008540
822012769
822014569
822016369
822018169
822019969
822021769
822023569
822025369
822027169
822028969
822032815
822035492
822037292
822040483
822042283
822044083
822047198
822048998
822050798
822052598
822054398
822056198
822058917
822060717
822062517
822066974
822068774
822070574
822072374
822074174
822079059
822081996
822085976
822095392
822098385
822100358
822102158
822103958
822105758
822109014
822110814
822112614
822114414
