818812286 818817686
818818854 818831454
818841343 818843143
818845075 818881075
818881543 818919343
818924088 818931288
818933499 818935299
818937205 818942605
819253562 819276962
819279957 819290757
819301179 819302979
819305283 819307083
819308570 819315770
819321846 819323646
819327251 819336251
819336960 819360360
819361801 819383401
819386576 819409976
819415407 819447807
819450288 819471888
819474000 819475800
819477067 819480667
819486207 819489807
819491051 819519851
819547883 819556883
819581905 819592705
819593665 819618865
819619872 819646872
819650217 819686217
820015400 820019000
820021718 820043318
820044383 820049783
820054113 820075713
820077259 820091659
820094142 820108542
820110009 820137009
