818812286
818814086
818815886
818818854
818820654
818822454
818824254
818826054
818827854
818829654
818841343
818845075
818846875
818848675
818850475
818852275
818854075
818855875
818857675
818859475
818861275
818863075
818864875
818866675
818868475
818870275
818872075
818873875
818875675
818877475
818879275
818881543
818883343
818885143
818886943
818888743
818890543
818892343
818894143
818895943
818897743
818899543
818901343
818903143
818904943
818906743
818908543
818910343
818912143
818913943
818915743
818917543
818924088
818925888
818927688
818929488
818933499
818937205
818939005
818940805
819253562
819255362
819257162
819258962
819260762
819262562
819264362
819266162
819267962
819269762
819271562
819273362
819275162
819279957
819281757
819283557
819285357
819287157
819288957
819301179
819305283
819308570
819310370
819312170
819313970
819321846
819327251
819329051
819330851
819332651
819334451
819336960
819338760
819340560
819342360
819344160
819345960
819347760
819349560
819351360
819353160
819354960
819356760
819358560
819361801
819363601
819365401
819367201
819369001
819370801
819372601
819374401
819376201
819378001
819379801
819381601
819386576
819388376
819390176
819391976
819393776
819395576
819397376
819399176
819400976
819402776
819404576
819406376
819408176
819415407
819417207
819419007
819420807
819422607
819424407
819426207
819428007
819429807
819431607
819433407
819435207
819437007
819438807
819440607
819442407
819444207
819446007
819450288
819452088
819453888
819455688
819457488
819459288
819461088
819462888
819464688
819466488
819468288
819470088
819474000
819477067
819478867
819486207
819488007
819491051
819492851
819494651
819496451
819498251
819500051
819501851
819503651
819505451
819507251
819509051
819510851
819512651
819514451
819516251
819518051
819547883
819549683
819551483
819553283
819555083
819581905
819583705
819585505
819587305
819589105
819590905
819593665
819595465
819597265
819599065
819600865
819602665
819604465
819606265
819608065
819609865
819611665
819613465
819615265
819617065
819619872
819621672
819623472
819625272
819627072
819628872
819630672
819632472
819634272
819636072
819637872
819639672
819641472
819643272
819645072
819650217
819652017
819653817
819655617
819657417
819659217
819661017
819662817
819664617
819666417
819668217
819670017
819671817
819673617
819675417
819677217
819679017
819680817
819682617
819684417
820015400
820017200
820021718
820023518
820025318
820027118
820028918
820030718
820032518
820034318
820036118
820037918
820039718
820041518
820044383
820046183
820047983
820054113
820055913
820057713
820059513
820061313
820063113
820064913
820066713
820068513
820070313
820072113
820073913
820077259
820079059
820080859
820082659
820084459
820086259
820088059
820089859
820094142
820095942
820097742
820099542
820101342
820103142
820104942
820106742
820110009
820111809
820113609
820115409
820117209
820119009
820120809
820122609
820124409
820126209
820128009
820129809
820131609
820133409
820135209
821291797
821293597
821302914
821304714
821306514
821308314
821310114
821311914
821313714
821315514
821319091
821320891
821322691
821324491
821326291
821328091
821329891
821331691
821333491
821335291
821337091
821338891
821340691
821342491
821344291
821348764
821353129
821355874
821357674
821361575
821364009
821365809
821368121
821371460
821373260
821378890
821384783
821386583
821388900
821390700
821395306
821397106
821398906
821400706
821402506
821404306
821406106
821407906
821409706
821411506
821413306
821416355
821418155
821419955
821421755
821423555
821425355
821427155
821428955
821430755
