0.0        0.25     4000     0.005           0.005              /*0.25_Hz_lines*/
399.995    0.0      1        0.0             0.0             /*400Hz*/
0.0        60.0     20       0.5             0.5              /*60_Hz_lines*/  
0.0        16.0     100      0.0             0.0              /*16_Hz_lines*/
166.7      0.0	    1	     0.0	     0.0              /*Calibration_line*/
345.0      0.0      1        3.0	     3.0              /*violin_modes*/
210.36     0.0      1        0.005           0.005            /*L0:PEM-PSL1_MIC*/
221.20     0.0      1        0.005           0.005            /*6*36.8667*/
234.5      0.0      1        0.1             0.1            /*L0:PEM-EY_MAG1X*/
258.08     0.0      1        0.02           0.02            /*7*36.8686*/
281.4      0.0      1        0.06            0.06            /*L0:PEM-EY_MAG1X*/
294.935    0.0      1        0.005           0.005            /*8*36.8675*/
329.35     0.0      1        0.15            0.15          /*L0:PEM-RADIO_LVEA_L0:PEM-LVEA_MAG1Z*/
331.81    0.0      1        0.005           0.005            /*9*36.8667L0:PEM-EY_MAG1X*/
368.67    0.0      1        0.01           0.01             /*10*36.87L0:PEM-BSC3_ACCX*/
