0.0        0.25     4000     0.005           0.005              /*0.25_Hz_lines*/
399.995	   0.0      1        0.0             0.0             /*400Hz*/
0.0        60.0     20       0.5             0.5              /*60_Hz_lines*/  
0.0        16.0     100      0.0             0.0              /*16_Hz_lines*/
345.0      0.0      1        3.0	     3.0              /*violin_modes_etc*/
200.5      0.0      1        2.0	     2.0             /*optical_lever_ETMY*/
218.3      0.0      1        2.0	     2.0             /*optical_lever_BS*/
221.0      0.0      1        1.0	     1.0             /*optical_lever_MMT3*/
223.0      0.0      1        0.01            0.01            /*violin_BS*/
233.0      0.0      1        2.0	     2.0             /*optical_lever_MMT3*/
266.3      0.0      1        1.3	     1.3             /*optical_lever_ITMY*/
269.1      0.0      1        1.8	     1.8             /*optical_lever_ITMY*/
313.9      0.0      1        1.6	     1.6             /*optical_lever_ITMY*/
329.5      0.0      1        0.5	     0.5             /*optical_lever_BS*/
334.0      0.0      1        0.01            0.01            /*violin_RM*/
335.78     0.0      1        0.07            0.07            /*violin_RM?*/
336.062    0.0      1        0.001           0.001           /*violin_ETMX*/
339.0      0.0      1        0.01            0.01            /*violin_ITM*/
339.72     0.0      1        0.01            0.01            /*violin_ETMY*/
365.5      0.0      1        0.01            0.01            /*violin_ETM*/
41.25      0.0      1        0.0             0.0              /*Calibration_line*/
151.3      0.0	    1	     0.0	     0.0              /*Calibration_line*/
973.3      0.0      1        0.0             0.0              /*Calibration_line*/
210.36     0.0      1        0.005           0.005            /*H0:PEM-PSL1_MIC*/
249.70     0.0      1        0.005           0.005            /*?H0:PEM-HAM10_MIC*/
257.875    0.0      1        0.01            0.01            /*sideband258.61*/
258.61     0.0      1        0.01            0.01            /*7*36.9443*/
259.34     0.0      1        0.01            0.01            /*sideband258.61*/
294.82     0.0      1        0.005           0.005           /*sideband295.56*/
295.56     0.0      1        0.0             0.0            /*8*36.945*/
296.30     0.0      1        0.0             0.0             /*sideband295.56*/
331.79     0.0      1        0.0             0.0             /*sideband332.5*/
332.49     0.0      1        0.0             0.0             /*9*36.94*/
333.20     0.0      1        0.0             0.0             /*sideband332.5*/
368.69     0.0      1        0.0             0.0             /*sideband369.43*/
369.43     0.0      1        0.0             0.0             /*10*36.943*/
370.17     0.0      1        0.005           0.005           /*sideband369.43*/
350.6      0.0      1        0.01            0.01          /*BSCdowntube*/
212.235    0.0      1        0.025           0.025          /*BSC4_ACCZ_BSC7_ACCX*/
244.14     0.0      1        0.0             0.01          /*BSC8_ACCY*/
280.48     0.0      1        0.01            0.01          /*H0:PEM-RADIO_LVEA*/
