0.00000 1.57080 0.40000 0.40000 
0.00000 1.17900 0.39987 0.39300 
1.04720 1.17900 0.39987 0.39300 
2.09440 1.17900 0.39987 0.39300 
3.14160 1.17900 0.39987 0.39300 
4.18880 1.17900 0.39987 0.39300 
5.23600 1.17900 0.39987 0.39300 
0.00000 0.78600 0.37002 0.39300 
0.52360 0.78600 0.37002 0.39300 
1.04720 0.78600 0.37002 0.39300 
1.57080 0.78600 0.37002 0.39300 
2.09440 0.78600 0.37002 0.39300 
2.61800 0.78600 0.37002 0.39300 
3.14160 0.78600 0.37002 0.39300 
3.66520 0.78600 0.37002 0.39300 
4.18880 0.78600 0.37002 0.39300 
4.71240 0.78600 0.37002 0.39300 
5.23600 0.78600 0.37002 0.39300 
5.75960 0.78600 0.37002 0.39300 
0.00000 0.39300 0.36304 0.39300 
0.39300 0.39300 0.36304 0.39300 
0.78600 0.39300 0.36304 0.39300 
1.17900 0.39300 0.36304 0.39300 
1.57200 0.39300 0.36304 0.39300 
1.96500 0.39300 0.36304 0.39300 
2.35800 0.39300 0.36304 0.39300 
2.75100 0.39300 0.36304 0.39300 
3.14400 0.39300 0.36304 0.39300 
3.53700 0.39300 0.36304 0.39300 
3.93000 0.39300 0.36304 0.39300 
4.32300 0.39300 0.36304 0.39300 
4.71600 0.39300 0.36304 0.39300 
5.10900 0.39300 0.36304 0.39300 
5.50200 0.39300 0.36304 0.39300 
5.89500 0.39300 0.36304 0.39300 
0.00000 0.00000 0.39300 0.39300 
0.39300 0.00000 0.39300 0.39300 
0.78600 0.00000 0.39300 0.39300 
1.17900 0.00000 0.39300 0.39300 
1.57200 0.00000 0.39300 0.39300 
1.96500 0.00000 0.39300 0.39300 
2.35800 0.00000 0.39300 0.39300 
2.75100 0.00000 0.39300 0.39300 
3.14400 0.00000 0.39300 0.39300 
3.53700 0.00000 0.39300 0.39300 
3.93000 0.00000 0.39300 0.39300 
4.32300 0.00000 0.39300 0.39300 
4.71600 0.00000 0.39300 0.39300 
5.10900 0.00000 0.39300 0.39300 
5.50200 0.00000 0.39300 0.39300 
5.89500 0.00000 0.39300 0.39300 
0.00000 -0.39300 0.36304 0.39300 
0.39300 -0.39300 0.36304 0.39300 
0.78600 -0.39300 0.36304 0.39300 
1.17900 -0.39300 0.36304 0.39300 
1.57200 -0.39300 0.36304 0.39300 
1.96500 -0.39300 0.36304 0.39300 
2.35800 -0.39300 0.36304 0.39300 
2.75100 -0.39300 0.36304 0.39300 
3.14400 -0.39300 0.36304 0.39300 
3.53700 -0.39300 0.36304 0.39300 
3.93000 -0.39300 0.36304 0.39300 
4.32300 -0.39300 0.36304 0.39300 
4.71600 -0.39300 0.36304 0.39300 
5.10900 -0.39300 0.36304 0.39300 
5.50200 -0.39300 0.36304 0.39300 
5.89500 -0.39300 0.36304 0.39300 
0.00000 -0.78600 0.37002 0.39300 
0.52360 -0.78600 0.37002 0.39300 
1.04720 -0.78600 0.37002 0.39300 
1.57080 -0.78600 0.37002 0.39300 
2.09440 -0.78600 0.37002 0.39300 
2.61800 -0.78600 0.37002 0.39300 
3.14160 -0.78600 0.37002 0.39300 
3.66520 -0.78600 0.37002 0.39300 
4.18880 -0.78600 0.37002 0.39300 
4.71240 -0.78600 0.37002 0.39300 
5.23600 -0.78600 0.37002 0.39300 
5.75960 -0.78600 0.37002 0.39300 
0.00000 -1.17900 0.39987 0.39300 
1.04720 -1.17900 0.39987 0.39300 
2.09440 -1.17900 0.39987 0.39300 
3.14160 -1.17900 0.39987 0.39300 
4.18880 -1.17900 0.39987 0.39300 
5.23600 -1.17900 0.39987 0.39300 
0.00000 -1.57080 0.40000 0.40000 
