0.0000 1.5708 0.4000 0.4000
0.0000 1.1708 0.3500 0.4000
0.3500 1.1708 0.3500 0.4000
0.7000 1.1708 0.3500 0.4000
1.0500 1.1708 0.3500 0.4000
1.4000 1.1708 0.3500 0.4000
1.7500 1.1708 0.3500 0.4000
2.1000 1.1708 0.3500 0.4000
2.4500 1.1708 0.3500 0.4000
2.8000 1.1708 0.3500 0.4000
3.1500 1.1708 0.3500 0.4000
3.5000 1.1708 0.3500 0.4000
3.8500 1.1708 0.3500 0.4000
4.2000 1.1708 0.3500 0.4000
4.5500 1.1708 0.3500 0.4000
4.9000 1.1708 0.3500 0.4000
5.2500 1.1708 0.3500 0.4000
5.6000 1.1708 0.3500 0.4000
5.9500 1.1708 0.3500 0.4000
0.0000 0.7708 0.3500 0.4000
0.3500 0.7708 0.3500 0.4000
0.7000 0.7708 0.3500 0.4000
1.0500 0.7708 0.3500 0.4000
1.4000 0.7708 0.3500 0.4000
1.7500 0.7708 0.3500 0.4000
2.1000 0.7708 0.3500 0.4000
2.4500 0.7708 0.3500 0.4000
2.8000 0.7708 0.3500 0.4000
3.1500 0.7708 0.3500 0.4000
3.5000 0.7708 0.3500 0.4000
3.8500 0.7708 0.3500 0.4000
4.2000 0.7708 0.3500 0.4000
4.5500 0.7708 0.3500 0.4000
4.9000 0.7708 0.3500 0.4000
5.2500 0.7708 0.3500 0.4000
5.6000 0.7708 0.3500 0.4000
5.9500 0.7708 0.3500 0.4000
0.0000 0.3708 0.3500 0.4000
0.3500 0.3708 0.3500 0.4000
0.7000 0.3708 0.3500 0.4000
1.0500 0.3708 0.3500 0.4000
1.4000 0.3708 0.3500 0.4000
1.7500 0.3708 0.3500 0.4000
2.1000 0.3708 0.3500 0.4000
2.4500 0.3708 0.3500 0.4000
2.8000 0.3708 0.3500 0.4000
3.1500 0.3708 0.3500 0.4000
3.5000 0.3708 0.3500 0.4000
3.8500 0.3708 0.3500 0.4000
4.2000 0.3708 0.3500 0.4000
4.5500 0.3708 0.3500 0.4000
4.9000 0.3708 0.3500 0.4000
5.2500 0.3708 0.3500 0.4000
5.6000 0.3708 0.3500 0.4000
5.9500 0.3708 0.3500 0.4000
0.0000 -0.0292 0.3500 0.4000
0.3500 -0.0292 0.3500 0.4000
0.7000 -0.0292 0.3500 0.4000
1.0500 -0.0292 0.3500 0.4000
1.4000 -0.0292 0.3500 0.4000
1.7500 -0.0292 0.3500 0.4000
2.1000 -0.0292 0.3500 0.4000
2.4500 -0.0292 0.3500 0.4000
2.8000 -0.0292 0.3500 0.4000
3.1500 -0.0292 0.3500 0.4000
3.5000 -0.0292 0.3500 0.4000
3.8500 -0.0292 0.3500 0.4000
4.2000 -0.0292 0.3500 0.4000
4.5500 -0.0292 0.3500 0.4000
4.9000 -0.0292 0.3500 0.4000
5.2500 -0.0292 0.3500 0.4000
5.6000 -0.0292 0.3500 0.4000
5.9500 -0.0292 0.3500 0.4000
0.0000 -0.4292 0.3500 0.4000
0.3500 -0.4292 0.3500 0.4000
0.7000 -0.4292 0.3500 0.4000
1.0500 -0.4292 0.3500 0.4000
1.4000 -0.4292 0.3500 0.4000
1.7500 -0.4292 0.3500 0.4000
2.1000 -0.4292 0.3500 0.4000
2.4500 -0.4292 0.3500 0.4000
2.8000 -0.4292 0.3500 0.4000
3.1500 -0.4292 0.3500 0.4000
3.5000 -0.4292 0.3500 0.4000
3.8500 -0.4292 0.3500 0.4000
4.2000 -0.4292 0.3500 0.4000
4.5500 -0.4292 0.3500 0.4000
4.9000 -0.4292 0.3500 0.4000
5.2500 -0.4292 0.3500 0.4000
5.6000 -0.4292 0.3500 0.4000
5.9500 -0.4292 0.3500 0.4000
0.0000 -0.8292 0.3500 0.4000
0.3500 -0.8292 0.3500 0.4000
0.7000 -0.8292 0.3500 0.4000
1.0500 -0.8292 0.3500 0.4000
1.4000 -0.8292 0.3500 0.4000
1.7500 -0.8292 0.3500 0.4000
2.1000 -0.8292 0.3500 0.4000
2.4500 -0.8292 0.3500 0.4000
2.8000 -0.8292 0.3500 0.4000
3.1500 -0.8292 0.3500 0.4000
3.5000 -0.8292 0.3500 0.4000
3.8500 -0.8292 0.3500 0.4000
4.2000 -0.8292 0.3500 0.4000
4.5500 -0.8292 0.3500 0.4000
4.9000 -0.8292 0.3500 0.4000
5.2500 -0.8292 0.3500 0.4000
5.6000 -0.8292 0.3500 0.4000
5.9500 -0.8292 0.3500 0.4000
0.0000 -1.2292 0.3500 0.4000
0.3500 -1.2292 0.3500 0.4000
0.7000 -1.2292 0.3500 0.4000
1.0500 -1.2292 0.3500 0.4000
1.4000 -1.2292 0.3500 0.4000
1.7500 -1.2292 0.3500 0.4000
2.1000 -1.2292 0.3500 0.4000
2.4500 -1.2292 0.3500 0.4000
2.8000 -1.2292 0.3500 0.4000
3.1500 -1.2292 0.3500 0.4000
3.5000 -1.2292 0.3500 0.4000
3.8500 -1.2292 0.3500 0.4000
4.2000 -1.2292 0.3500 0.4000
4.5500 -1.2292 0.3500 0.4000
4.9000 -1.2292 0.3500 0.4000
5.2500 -1.2292 0.3500 0.4000
5.6000 -1.2292 0.3500 0.4000
5.9500 -1.2292 0.3500 0.4000
0.0000 -1.5708 0.4000 0.4000
