794431831 0
794433631 0
794435431 0
794446199 0
794447999 0
794449799 0
794451599 0
794453399 0
794455199 0
794456999 0
794458799 0
794460599 0
794462399 0
794464199 0
794465999 0
794467799 0
794469599 0
794471399 0
794473199 0
794474999 0
794476799 0
794478599 0
794480399 0
794482199 0
794483999 0
794485799 0
794487599 0
794489399 0
794491199 0
794492999 0
794494799 0
794496599 0
794498399 0
794500199 0
794501999 0
794507097 0
794508897 0
794512497 0
794514297 0
794516097 0
794517897 0
794523281 0
794525081 0
794526881 0
794528681 0
794530481 0
794532281 0
794535604 0
794537404 0
794539204 0
794541004 0
794542804 0
794544604 0
794546404 0
794548204 0
794550004 0
794551804 0
794553604 0
794555404 0
794557204 0
794559004 0
794560804 0
794562604 0
794564404 0
794566204 0
794568004 0
794569804 0
794571604 0
794573404 0
794575204 0
794577004 0
794578804 0
794580604 0
794582404 0
794584204 0
794586004 0
794587804 0
794596213 0
794598013 0
794599813 0
794601613 0
794603413 0
794605213 0
794607013 0
794611675 0
794613475 0
794615275 0
794617075 0
794618875 0
794620675 0
794631475 0
794633275 0
794635075 0
794636875 0
794638675 0
794640475 0
794642275 0
794644075 0
794645875 0
794647675 0
794649475 0
794651275 0
794653075 0
794654875 0
794656675 0
794658475 0
794660275 0
794662075 0
794663875 0
794665675 0
794667475 0
794669275 0
794671075 0
794672875 0
794674675 0
794676475 0
794678275 0
794680075 0
794681875 0
794683675 0
794685475 0
794687275 0
794689075 0
794699935 0
794701735 0
794703535 0
794705335 0
794707135 0
794708935 0
794710735 0
794712535 0
794714335 0
794716135 0
794717935 0
794722905 0
794724705 0
794726505 0
794728305 0
794730105 0
794731905 0
794733705 0
794735505 0
794737305 0
794739105 0
794740905 0
794742705 0
794744505 0
794746305 0
794748105 0
794749905 0
794751705 0
794753505 0
794755305 0
794757105 0
794758905 0
794760705 0
794762505 0
794764305 0
794766105 0
794767905 0
794769705 0
794771505 0
794773305 0
794775105 0
794780809 0
794782609 0
794786573 0
794788373 0
794790173 0
794791973 0
794793773 0
794795573 0
794797373 0
794799173 0
794800973 0
794802773 0
794804573 0
794806373 0
794808173 0
794809973 0
794811773 0
794813573 0
794818973 0
794820773 0
794822573 0
794824373 0
794826173 0
794827973 0
794829773 0
794831573 0
794835980 0
794837780 0
794839580 0
794841380 0
794843180 0
794844980 0
794846780 0
794848580 0
794850380 0
794852180 0
794853980 0
794855780 0
794861180 0
794862980 0
794864780 0
794866580 0
794868380 0
794877165 0
794878965 0
794885484 0
794887284 0
794889084 0
794890884 0
794892684 0
794894484 0
794896284 0
794898084 0
794899884 0
794901684 0
794903484 0
794905284 0
794907084 0
794908884 0
794910684 0
794912484 0
794914284 0
794916084 0
794917884 0
794919684 0
794921484 0
794923284 0
794925084 0
794926884 0
794928684 0
794930484 0
794932284 0
794934084 0
794935884 0
794937684 0
794939484 0
794941284 0
794943084 0
794944884 0
794946684 0
794948484 0
794950284 0
794960663 0
794962463 0
794966215 0
794968015 0
794969815 0
794971615 0
794973415 0
794975215 0
794977015 0
794978815 0
794980615 0
794982415 0
794984215 0
794993215 0
794995015 0
794996815 0
794998615 0
795000415 0
795002215 0
795004015 0
795005815 0
795007615 0
795009415 0
795011215 0
795013015 0
795017628 0
795019428 0
795021228 0
795023028 0
795024828 0
795026628 0
795028428 0
795036991 0
795063725 0
795065525 0
795067325 0
795069125 0
795070925 0
795072725 0
795074525 0
795076325 0
795078125 0
795079925 0
795081725 0
795083525 0
795085325 0
795087125 0
795088925 0
795090725 0
795092525 0
795094325 0
795096125 0
795097925 0
795099725 0
795104723 0
795106523 0
795108323 0
795110123 0
795111923 0
795113723 0
795115523 0
795117323 0
795119123 0
795120923 0
795122723 0
795124523 0
795126323 0
795128123 0
795129923 0
795131723 0
795133523 0
795135323 0
795138775 0
795140575 0
795142375 0
795147775 0
795149575 0
795151375 0
795153175 0
795154975 0
795156775 0
795158575 0
795160375 0
795162175 0
795163975 0
795168102 0
795169902 0
795171702 0
795173502 0
795175302 0
795177102 0
795178902 0
795180702 0
795182502 0
795184302 0
795186102 0
795187902 0
795189702 0
795191502 0
795193302 0
795195102 0
795196902 0
795198702 0
795200502 0
795202302 0
795204102 0
795205902 0
795207702 0
795209502 0
795219362 0
795221162 0
795225771 0
795227571 0
795229371 0
795231171 0
795232971 0
795234771 0
795236571 0
795238371 0
795240171 0
795241971 0
795243771 0
795245571 0
795247371 0
795249171 0
795250971 0
795252771 0
795254571 0
795257525 0
795259325 0
795262925 0
795264725 0
795268146 0
795269946 0
795272778 0
795274578 0
795276378 0
795278178 0
795283833 0
795285633 0
795293839 0
795295639 0
795297439 0
795299239 0
795301039 0
795302839 0
795304639 0
795306439 0
795308239 0
795310039 0
795311839 0
795313639 0
795315439 0
795317239 0
795326275 0
795328075 0
795329875 0
795331675 0
795333475 0
795335275 0
795337075 0
795338875 0
795340675 0
795342475 0
795346075 0
795347875 0
795358413 0
795360213 0
795362013 0
795363813 0
795365613 0
795367413 0
795369213 0
795371013 0
795372813 0
795374613 0
795376413 0
795378213 0
795380013 0
795381813 0
795383613 0
795385413 0
795387213 0
795389013 0
795390813 0
795392613 0
795394413 0
795396213 0
795398013 0
795407013 0
795408813 0
795410613 0
795412413 0
795414213 0
795432544 0
795434344 0
795437786 0
795439586 0
795441386 0
795446784 0
795448584 0
795450384 0
795452184 0
795453984 0
795455784 0
795457584 0
795459384 0
795461184 0
795462984 0
795464784 0
795466584 0
795468384 0
795470184 0
795473648 0
795478084 0
795479884 0
795481684 0
795483484 0
795488884 0
795490684 0
795492484 0
795494284 0
795496084 0
795497884 0
795499684 0
795501484 0
795503284 0
795505084 0
795506884 0
795508684 0
795510484 0
795512284 0
795514084 0
795515884 0
795517684 0
795522999 0
795524799 0
795526599 0
795528399 0
795530199 0
795531999 0
795533799 0
795535599 0
795537399 0
795539199 0
795540999 0
795542799 0
795544599 0
795546399 0
795548199 0
795549999 0
795551799 0
795556980 0
795558780 0
795560580 0
795562380 0
795564180 0
795569034 0
795570834 0
795584779 0
795586579 0
795596611 0
795598411 0
795602119 0
795603919 0
795605719 0
795607519 0
795609319 0
795612963 0
795614763 0
795616563 0
795618363 0
795620163 0
795621963 0
795623763 0
795625563 0
795627363 0
795629163 0
795630963 0
795632763 0
795634563 0
795636363 0
795638163 0
795639963 0
795641763 0
795643563 0
795645363 0
795668248 0
795670048 0
795671848 0
795677067 0
