9.000000e+00 2.235862e-22
9.020400e+00 2.254884e-22
9.040846e+00 2.276184e-22
9.061338e+00 2.299885e-22
9.081877e+00 2.326184e-22
9.102462e+00 2.355467e-22
9.123094e+00 2.387902e-22
9.143773e+00 2.423921e-22
9.164499e+00 2.463833e-22
9.185272e+00 2.508095e-22
9.206091e+00 2.557627e-22
9.226958e+00 2.612391e-22
9.247872e+00 2.674034e-22
9.268834e+00 2.742591e-22
9.289843e+00 2.819896e-22
9.310900e+00 2.906405e-22
9.332005e+00 3.004668e-22
9.353157e+00 3.115530e-22
9.374357e+00 3.242642e-22
9.395605e+00 3.387659e-22
9.416902e+00 3.556001e-22
9.438247e+00 3.750981e-22
9.459640e+00 3.981095e-22
9.481082e+00 4.253309e-22
9.502572e+00 4.582234e-22
9.524111e+00 4.983112e-22
9.545698e+00 5.484676e-22
9.567335e+00 6.123677e-22
9.589021e+00 6.969223e-22
9.610756e+00 8.129706e-22
9.632540e+00 9.828521e-22
9.654373e+00 1.253391e-21
9.676256e+00 1.756287e-21
9.698189e+00 3.038622e-21
9.720171e+00 2.003009e-20
9.742204e+00 1.537876e-20
9.764286e+00 3.266973e-21
9.786418e+00 1.747210e-21
9.808600e+00 1.205484e-21
9.830833e+00 9.215032e-22
9.853116e+00 7.452435e-22
9.875449e+00 6.253619e-22
9.897833e+00 5.387775e-22
9.920268e+00 4.731492e-22
9.942754e+00 4.219537e-22
9.965291e+00 3.809437e-22
9.987878e+00 3.475119e-22
1.001052e+01 3.197769e-22
1.003321e+01 2.960830e-22
1.005595e+01 2.758432e-22
1.007874e+01 2.583703e-22
1.010159e+01 2.431710e-22
1.012448e+01 2.300100e-22
1.014743e+01 2.185481e-22
1.017043e+01 2.081561e-22
1.019349e+01 1.990439e-22
1.021659e+01 1.906746e-22
1.023975e+01 1.832847e-22
1.026296e+01 1.764203e-22
1.028622e+01 1.703752e-22
1.030954e+01 1.648098e-22
1.033290e+01 1.595643e-22
1.035633e+01 1.549049e-22
1.037980e+01 1.506030e-22
1.040333e+01 1.466225e-22
1.042691e+01 1.429211e-22
1.045054e+01 1.394807e-22
1.047423e+01 1.362743e-22
1.049797e+01 1.332802e-22
1.052177e+01 1.305866e-22
1.054561e+01 1.279427e-22
1.056952e+01 1.254600e-22
1.059347e+01 1.231114e-22
1.061749e+01 1.209837e-22
1.064155e+01 1.188954e-22
1.066567e+01 1.169743e-22
1.068985e+01 1.151557e-22
1.071408e+01 1.133654e-22
1.073836e+01 1.117058e-22
1.076270e+01 1.101349e-22
1.078710e+01 1.085703e-22
1.081155e+01 1.071199e-22
1.083605e+01 1.057289e-22
1.086062e+01 1.043985e-22
1.088523e+01 1.031175e-22
1.090991e+01 1.018822e-22
1.093464e+01 1.007270e-22
1.095942e+01 9.959003e-23
1.098426e+01 9.847695e-23
1.100916e+01 9.742784e-23
1.103411e+01 9.639757e-23
1.105912e+01 9.538440e-23
1.108419e+01 9.442557e-23
1.110932e+01 9.350630e-23
1.113449e+01 9.259064e-23
1.115973e+01 9.170438e-23
1.118503e+01 9.085492e-23
1.121038e+01 9.000893e-23
1.123579e+01 8.918564e-23
1.126126e+01 8.839559e-23
1.128678e+01 8.762296e-23
1.131237e+01 8.686698e-23
1.133801e+01 8.612677e-23
1.136371e+01 8.541408e-23
1.138946e+01 8.471903e-23
1.141528e+01 8.402160e-23
1.144116e+01 8.334662e-23
1.146709e+01 8.269056e-23
1.149308e+01 8.203030e-23
1.151913e+01 8.138959e-23
1.154524e+01 8.077465e-23
1.157141e+01 8.016318e-23
1.159764e+01 7.955087e-23
1.162392e+01 7.896465e-23
1.165027e+01 7.838711e-23
1.167668e+01 7.781263e-23
1.170315e+01 7.723516e-23
1.172967e+01 7.668535e-23
1.175626e+01 7.615554e-23
1.178291e+01 7.561600e-23
1.180962e+01 7.508390e-23
1.183638e+01 7.455847e-23
1.186321e+01 7.404181e-23
1.189010e+01 7.354537e-23
1.191705e+01 7.303928e-23
1.194406e+01 7.255549e-23
1.197114e+01 7.206018e-23
1.199827e+01 7.158717e-23
1.202547e+01 7.110308e-23
1.205273e+01 7.064067e-23
1.208004e+01 7.018205e-23
1.210742e+01 6.972904e-23
1.213487e+01 6.928080e-23
1.216237e+01 6.883639e-23
1.218994e+01 6.839583e-23
1.221757e+01 6.795999e-23
1.224526e+01 6.752817e-23
1.227302e+01 6.710026e-23
1.230084e+01 6.668799e-23
1.232872e+01 6.627039e-23
1.235666e+01 6.585345e-23
1.238467e+01 6.545189e-23
1.241274e+01 6.504592e-23
1.244088e+01 6.465019e-23
1.246908e+01 6.426098e-23
1.249734e+01 6.387493e-23
1.252567e+01 6.348304e-23
1.255406e+01 6.309930e-23
1.258252e+01 6.272225e-23
1.261104e+01 6.234822e-23
1.263962e+01 6.197721e-23
1.266827e+01 6.161645e-23
1.269698e+01 6.125547e-23
1.272576e+01 6.089258e-23
1.275461e+01 6.053225e-23
1.278352e+01 6.018087e-23
1.281250e+01 5.983085e-23
1.284154e+01 5.948423e-23
1.287064e+01 5.914562e-23
1.289982e+01 5.880363e-23
1.292906e+01 5.846323e-23
1.295836e+01 5.813145e-23
1.298773e+01 5.780180e-23
1.301717e+01 5.747389e-23
1.304668e+01 5.714794e-23
1.307625e+01 5.682475e-23
1.310589e+01 5.650340e-23
1.313560e+01 5.618729e-23
1.316537e+01 5.587669e-23
1.319521e+01 5.556130e-23
1.322512e+01 5.525093e-23
1.325510e+01 5.494634e-23
1.328514e+01 5.463939e-23
1.331525e+01 5.434164e-23
1.334543e+01 5.404323e-23
1.337568e+01 5.374133e-23
1.340600e+01 5.344831e-23
1.343639e+01 5.315673e-23
1.346684e+01 5.286738e-23
1.349737e+01 5.258000e-23
1.352796e+01 5.229320e-23
1.355862e+01 5.200961e-23
1.358936e+01 5.173448e-23
1.362016e+01 5.145343e-23
1.365103e+01 5.117423e-23
1.368197e+01 5.090334e-23
1.371298e+01 5.062754e-23
1.374407e+01 5.036042e-23
1.377522e+01 5.009465e-23
1.380644e+01 4.983018e-23
1.383774e+01 4.955990e-23
1.386910e+01 4.929782e-23
1.390054e+01 4.903830e-23
1.393205e+01 4.877926e-23
1.396363e+01 4.852859e-23
1.399528e+01 4.827323e-23
1.402700e+01 4.801900e-23
1.405879e+01 4.776549e-23
1.409066e+01 4.751961e-23
1.412260e+01 4.726941e-23
1.415461e+01 4.702576e-23
1.418669e+01 4.678443e-23
1.421885e+01 4.653866e-23
1.425108e+01 4.629797e-23
1.428338e+01 4.606055e-23
1.431576e+01 4.582381e-23
1.434820e+01 4.558819e-23
1.438073e+01 4.535396e-23
1.441332e+01 4.512051e-23
1.444599e+01 4.489252e-23
1.447874e+01 4.466425e-23
1.451155e+01 4.443412e-23
1.454445e+01 4.420845e-23
1.457741e+01 4.398333e-23
1.461046e+01 4.376032e-23
1.464357e+01 4.354071e-23
1.467676e+01 4.332205e-23
1.471003e+01 4.310116e-23
1.474337e+01 4.288105e-23
1.477679e+01 4.266575e-23
1.481029e+01 4.245423e-23
1.484385e+01 4.224398e-23
1.487750e+01 4.203102e-23
1.491122e+01 4.181916e-23
1.494502e+01 4.161013e-23
1.497890e+01 4.140352e-23
1.501285e+01 4.119625e-23
1.504688e+01 4.099367e-23
1.508098e+01 4.079051e-23
1.511517e+01 4.058546e-23
1.514943e+01 4.038532e-23
1.518376e+01 4.018641e-23
1.521818e+01 3.998802e-23
1.525268e+01 3.979036e-23
1.528725e+01 3.959493e-23
1.532190e+01 3.940280e-23
1.535663e+01 3.920764e-23
1.539144e+01 3.901455e-23
1.542632e+01 3.882516e-23
1.546129e+01 3.863313e-23
1.549633e+01 3.844631e-23
1.553146e+01 3.825965e-23
1.556666e+01 3.806909e-23
1.560195e+01 3.788489e-23
1.563731e+01 3.770123e-23
1.567276e+01 3.751823e-23
1.570828e+01 3.734060e-23
1.574389e+01 3.715870e-23
1.577957e+01 3.697726e-23
1.581534e+01 3.679641e-23
1.585118e+01 3.662169e-23
1.588711e+01 3.644335e-23
1.592313e+01 3.626875e-23
1.595922e+01 3.609588e-23
1.599539e+01 3.592369e-23
1.603165e+01 3.575205e-23
1.606798e+01 3.558099e-23
1.610440e+01 3.541051e-23
1.614091e+01 3.524062e-23
1.617749e+01 3.507132e-23
1.621416e+01 3.490261e-23
1.625091e+01 3.473786e-23
1.628775e+01 3.457155e-23
1.632467e+01 3.440781e-23
1.636167e+01 3.424586e-23
1.639876e+01 3.408227e-23
1.643593e+01 3.392042e-23
1.647318e+01 3.376028e-23
1.651052e+01 3.360073e-23
1.654794e+01 3.344180e-23
1.658545e+01 3.328288e-23
1.662304e+01 3.312713e-23
1.666072e+01 3.297184e-23
1.669849e+01 3.281536e-23
1.673634e+01 3.266113e-23
1.677427e+01 3.250941e-23
1.681229e+01 3.235638e-23
1.685040e+01 3.220334e-23
1.688859e+01 3.205298e-23
1.692687e+01 3.190367e-23
1.696524e+01 3.175470e-23
1.700370e+01 3.160563e-23
1.704224e+01 3.145924e-23
1.708087e+01 3.131402e-23
1.711958e+01 3.116681e-23
1.715839e+01 3.102181e-23
1.719728e+01 3.087919e-23
1.723626e+01 3.073614e-23
1.727533e+01 3.059194e-23
1.731448e+01 3.045052e-23
1.735373e+01 3.031022e-23
1.739306e+01 3.016982e-23
1.743249e+01 3.003008e-23
1.747200e+01 2.989168e-23
1.751160e+01 2.975605e-23
1.755130e+01 2.961812e-23
1.759108e+01 2.948054e-23
1.763095e+01 2.934645e-23
1.767092e+01 2.921259e-23
1.771097e+01 2.907593e-23
1.775111e+01 2.894375e-23
1.779135e+01 2.881133e-23
1.783168e+01 2.867953e-23
1.787209e+01 2.854748e-23
1.791260e+01 2.841710e-23
1.795320e+01 2.828950e-23
1.799390e+01 2.815952e-23
1.803468e+01 2.803223e-23
1.807556e+01 2.790367e-23
1.811653e+01 2.777765e-23
1.815760e+01 2.765153e-23
1.819875e+01 2.752687e-23
1.824000e+01 2.740213e-23
1.828135e+01 2.727796e-23
1.832278e+01 2.715365e-23
1.836432e+01 2.702987e-23
1.840594e+01 2.690679e-23
1.844766e+01 2.678672e-23
1.848947e+01 2.666489e-23
1.853138e+01 2.654512e-23
1.857339e+01 2.642668e-23
1.861549e+01 2.630821e-23
1.865768e+01 2.619017e-23
1.869997e+01 2.607282e-23
1.874236e+01 2.595552e-23
1.878484e+01 2.583860e-23
1.882742e+01 2.572347e-23
1.887009e+01 2.560800e-23
1.891287e+01 2.549381e-23
1.895573e+01 2.537985e-23
1.899870e+01 2.526644e-23
1.904176e+01 2.515389e-23
1.908492e+01 2.504212e-23
1.912818e+01 2.493103e-23
1.917154e+01 2.481968e-23
1.921499e+01 2.470856e-23
1.925855e+01 2.459931e-23
1.930220e+01 2.449056e-23
1.934595e+01 2.438167e-23
1.938980e+01 2.427390e-23
1.943375e+01 2.416600e-23
1.947780e+01 2.405968e-23
1.952195e+01 2.395372e-23
1.956620e+01 2.384786e-23
1.961055e+01 2.374240e-23
1.965500e+01 2.363702e-23
1.969955e+01 2.353307e-23
1.974420e+01 2.343053e-23
1.978896e+01 2.332697e-23
1.983381e+01 2.322556e-23
1.987877e+01 2.312413e-23
1.992383e+01 2.302280e-23
1.996898e+01 2.292008e-23
2.001425e+01 2.282028e-23
2.005961e+01 2.272248e-23
2.010508e+01 2.262265e-23
2.015065e+01 2.252297e-23
2.019633e+01 2.242569e-23
2.024210e+01 2.232736e-23
2.028798e+01 2.223078e-23
2.033397e+01 2.213489e-23
2.038006e+01 2.203879e-23
2.042626e+01 2.194248e-23
2.047255e+01 2.184791e-23
2.051896e+01 2.175215e-23
2.056547e+01 2.165810e-23
2.061208e+01 2.156484e-23
2.065880e+01 2.147140e-23
2.070563e+01 2.137956e-23
2.075256e+01 2.128765e-23
2.079960e+01 2.119469e-23
2.084674e+01 2.110312e-23
2.089400e+01 2.101242e-23
2.094136e+01 2.092323e-23
2.098882e+01 2.083340e-23
2.103640e+01 2.074321e-23
2.108408e+01 2.065428e-23
2.113187e+01 2.056703e-23
2.117977e+01 2.047794e-23
2.122777e+01 2.039002e-23
2.127589e+01 2.030334e-23
2.132411e+01 2.021673e-23
2.137245e+01 2.013180e-23
2.142089e+01 2.004572e-23
2.146945e+01 1.995981e-23
2.151811e+01 1.987549e-23
2.156688e+01 1.979055e-23
2.161577e+01 1.970639e-23
2.166476e+01 1.962310e-23
2.171387e+01 1.954018e-23
2.176309e+01 1.945749e-23
2.181242e+01 1.937601e-23
2.186186e+01 1.929474e-23
2.191141e+01 1.921248e-23
2.196108e+01 1.913129e-23
2.201085e+01 1.905125e-23
2.206075e+01 1.897077e-23
2.211075e+01 1.889046e-23
2.216087e+01 1.881127e-23
2.221110e+01 1.873308e-23
2.226144e+01 1.865507e-23
2.231190e+01 1.857627e-23
2.236247e+01 1.849845e-23
2.241316e+01 1.842176e-23
2.246396e+01 1.834512e-23
2.251488e+01 1.826796e-23
2.256591e+01 1.819240e-23
2.261706e+01 1.811666e-23
2.266833e+01 1.804132e-23
2.271971e+01 1.796735e-23
2.277121e+01 1.789208e-23
2.282282e+01 1.781710e-23
2.287455e+01 1.774390e-23
2.292640e+01 1.767067e-23
2.297837e+01 1.759811e-23
2.303045e+01 1.752549e-23
2.308265e+01 1.745350e-23
2.313497e+01 1.738060e-23
2.318741e+01 1.730939e-23
2.323997e+01 1.723833e-23
2.329265e+01 1.716684e-23
2.334544e+01 1.709741e-23
2.339836e+01 1.702686e-23
2.345139e+01 1.695808e-23
2.350455e+01 1.688822e-23
2.355783e+01 1.681912e-23
2.361122e+01 1.674990e-23
2.366474e+01 1.668260e-23
2.371838e+01 1.661418e-23
2.377214e+01 1.654660e-23
2.382603e+01 1.647986e-23
2.388003e+01 1.641309e-23
2.393416e+01 1.634617e-23
2.398841e+01 1.627990e-23
2.404278e+01 1.621462e-23
2.409728e+01 1.614850e-23
2.415190e+01 1.608362e-23
2.420664e+01 1.601823e-23
2.426151e+01 1.595398e-23
2.431650e+01 1.589015e-23
2.437162e+01 1.582618e-23
2.442686e+01 1.576283e-23
2.448223e+01 1.569960e-23
2.453772e+01 1.563618e-23
2.459334e+01 1.557394e-23
2.464908e+01 1.551233e-23
2.470495e+01 1.545058e-23
2.476095e+01 1.538925e-23
2.481707e+01 1.532766e-23
2.487333e+01 1.526655e-23
2.492970e+01 1.520625e-23
2.498621e+01 1.514581e-23
2.504285e+01 1.508571e-23
2.509961e+01 1.502601e-23
2.515650e+01 1.496662e-23
2.521352e+01 1.490763e-23
2.527067e+01 1.484892e-23
2.532795e+01 1.479026e-23
2.538536e+01 1.473164e-23
2.544290e+01 1.467410e-23
2.550057e+01 1.461643e-23
2.555837e+01 1.455896e-23
2.561630e+01 1.450232e-23
2.567437e+01 1.444593e-23
2.573256e+01 1.438927e-23
2.579089e+01 1.433362e-23
2.584935e+01 1.427761e-23
2.590794e+01 1.422250e-23
2.596666e+01 1.416618e-23
2.602552e+01 1.411144e-23
2.608451e+01 1.405719e-23
2.614363e+01 1.400217e-23
2.620289e+01 1.394798e-23
2.626228e+01 1.389444e-23
2.632181e+01 1.384097e-23
2.638147e+01 1.378816e-23
2.644127e+01 1.373522e-23
2.650120e+01 1.368222e-23
2.656127e+01 1.363003e-23
2.662148e+01 1.357774e-23
2.668182e+01 1.352615e-23
2.674230e+01 1.347361e-23
2.680291e+01 1.342275e-23
2.686367e+01 1.337180e-23
2.692456e+01 1.332073e-23
2.698558e+01 1.327046e-23
2.704675e+01 1.322014e-23
2.710806e+01 1.316971e-23
2.716950e+01 1.311988e-23
2.723108e+01 1.307087e-23
2.729281e+01 1.302122e-23
2.735467e+01 1.297199e-23
2.741667e+01 1.292278e-23
2.747882e+01 1.287486e-23
2.754110e+01 1.282659e-23
2.760353e+01 1.277861e-23
2.766609e+01 1.273088e-23
2.772880e+01 1.268293e-23
2.779165e+01 1.263551e-23
2.785465e+01 1.258895e-23
2.791779e+01 1.254240e-23
2.798107e+01 1.249584e-23
2.804449e+01 1.244972e-23
2.810806e+01 1.240332e-23
2.817177e+01 1.235697e-23
2.823562e+01 1.231138e-23
2.829962e+01 1.226608e-23
2.836377e+01 1.222107e-23
2.842806e+01 1.217642e-23
2.849249e+01 1.213166e-23
2.855708e+01 1.208713e-23
2.862180e+01 1.204315e-23
2.868668e+01 1.199939e-23
2.875170e+01 1.195586e-23
2.881687e+01 1.191242e-23
2.888219e+01 1.186914e-23
2.894766e+01 1.182590e-23
2.901327e+01 1.178278e-23
2.907903e+01 1.174022e-23
2.914494e+01 1.169727e-23
2.921101e+01 1.165541e-23
2.927722e+01 1.161403e-23
2.934358e+01 1.157191e-23
2.941009e+01 1.153083e-23
2.947675e+01 1.148965e-23
2.954356e+01 1.144839e-23
2.961053e+01 1.140724e-23
2.967765e+01 1.136677e-23
2.974491e+01 1.132633e-23
2.981234e+01 1.128626e-23
2.987991e+01 1.124617e-23
2.994764e+01 1.120627e-23
3.001552e+01 1.116613e-23
3.008355e+01 1.112720e-23
3.015174e+01 1.108780e-23
3.022008e+01 1.104963e-23
3.028858e+01 1.101000e-23
3.035723e+01 1.097175e-23
3.042604e+01 1.093342e-23
3.049501e+01 1.089500e-23
3.056413e+01 1.085800e-23
3.063341e+01 1.081944e-23
3.070284e+01 1.078222e-23
3.077244e+01 1.074448e-23
3.084219e+01 1.070711e-23
3.091209e+01 1.067106e-23
3.098216e+01 1.063373e-23
3.105239e+01 1.059701e-23
3.112277e+01 1.056077e-23
3.119331e+01 1.052452e-23
3.126402e+01 1.048899e-23
3.133488e+01 1.045277e-23
3.140591e+01 1.041705e-23
3.147709e+01 1.038183e-23
3.154844e+01 1.034628e-23
3.161995e+01 1.031161e-23
3.169162e+01 1.027654e-23
3.176346e+01 1.024181e-23
3.183545e+01 1.020729e-23
3.190761e+01 1.017301e-23
3.197994e+01 1.013880e-23
3.205242e+01 1.010484e-23
3.212507e+01 1.007068e-23
3.219789e+01 1.003683e-23
3.227087e+01 1.000379e-23
3.234402e+01 9.970665e-24
3.241733e+01 9.937586e-24
3.249081e+01 9.904817e-24
3.256445e+01 9.872070e-24
3.263827e+01 9.839443e-24
3.271225e+01 9.806986e-24
3.278639e+01 9.774802e-24
3.286071e+01 9.742913e-24
3.293519e+01 9.710925e-24
3.300984e+01 9.678973e-24
3.308467e+01 9.647572e-24
3.315966e+01 9.616328e-24
3.323482e+01 9.585060e-24
3.331015e+01 9.554010e-24
3.338565e+01 9.522980e-24
3.346132e+01 9.492249e-24
3.353717e+01 9.461718e-24
3.361319e+01 9.431526e-24
3.368937e+01 9.401199e-24
3.376574e+01 9.371264e-24
3.384227e+01 9.341379e-24
3.391898e+01 9.311619e-24
3.399586e+01 9.281968e-24
3.407292e+01 9.252427e-24
3.415015e+01 9.223322e-24
3.422756e+01 9.194286e-24
3.430514e+01 9.165042e-24
3.438289e+01 9.136460e-24
3.446083e+01 9.107760e-24
3.453894e+01 9.079115e-24
3.461723e+01 9.050842e-24
3.469569e+01 9.022697e-24
3.477434e+01 8.994681e-24
3.485316e+01 8.966700e-24
3.493216e+01 8.938850e-24
3.501133e+01 8.911372e-24
3.509069e+01 8.884028e-24
3.517023e+01 8.856405e-24
3.524995e+01 8.829510e-24
3.532985e+01 8.802407e-24
3.540993e+01 8.775395e-24
3.549019e+01 8.748717e-24
3.557063e+01 8.722201e-24
3.565126e+01 8.695736e-24
3.573207e+01 8.669388e-24
3.581306e+01 8.643349e-24
3.589424e+01 8.617241e-24
3.597559e+01 8.591366e-24
3.605714e+01 8.565601e-24
3.613887e+01 8.539946e-24
3.622078e+01 8.514646e-24
3.630288e+01 8.489219e-24
3.638517e+01 8.464049e-24
3.646764e+01 8.439013e-24
3.655030e+01 8.414047e-24
3.663314e+01 8.389341e-24
3.671618e+01 8.364666e-24
3.679940e+01 8.340128e-24
3.688281e+01 8.315750e-24
3.696641e+01 8.291468e-24
3.705020e+01 8.267271e-24
3.713418e+01 8.243316e-24
3.721835e+01 8.219582e-24
3.730271e+01 8.195757e-24
3.738726e+01 8.172092e-24
3.747201e+01 8.148682e-24
3.755694e+01 8.125219e-24
3.764207e+01 8.101915e-24
3.772739e+01 8.078849e-24
3.781291e+01 8.055887e-24
3.789862e+01 8.033065e-24
3.798452e+01 8.010396e-24
3.807062e+01 7.987721e-24
3.815691e+01 7.965228e-24
3.824340e+01 7.942878e-24
3.833008e+01 7.920616e-24
3.841696e+01 7.898421e-24
3.850404e+01 7.876469e-24
3.859131e+01 7.854433e-24
3.867879e+01 7.832687e-24
3.876646e+01 7.811150e-24
3.885433e+01 7.789546e-24
3.894240e+01 7.768029e-24
3.903066e+01 7.746760e-24
3.911913e+01 7.725540e-24
3.920780e+01 7.704405e-24
3.929667e+01 7.683584e-24
3.938575e+01 7.662536e-24
3.947502e+01 7.641842e-24
3.956449e+01 7.621201e-24
3.965417e+01 7.600709e-24
3.974405e+01 7.580388e-24
3.983414e+01 7.560119e-24
3.992443e+01 7.539779e-24
4.001492e+01 7.519704e-24
4.010562e+01 7.499892e-24
4.019653e+01 7.479940e-24
4.028764e+01 7.460223e-24
4.037896e+01 7.440575e-24
4.047048e+01 7.420978e-24
4.056222e+01 7.401520e-24
4.065416e+01 7.382221e-24
4.074630e+01 7.363071e-24
4.083866e+01 7.343912e-24
4.093123e+01 7.324865e-24
4.102400e+01 7.305893e-24
4.111699e+01 7.287052e-24
4.121019e+01 7.268362e-24
4.130360e+01 7.249752e-24
4.139722e+01 7.231196e-24
4.149105e+01 7.212829e-24
4.158510e+01 7.194575e-24
4.167935e+01 7.176377e-24
4.177383e+01 7.158233e-24
4.186851e+01 7.140146e-24
4.196341e+01 7.122227e-24
4.205853e+01 7.104438e-24
4.215386e+01 7.086705e-24
4.224941e+01 7.069028e-24
4.234517e+01 7.051505e-24
4.244116e+01 7.034030e-24
4.253735e+01 7.016616e-24
4.263377e+01 6.999432e-24
4.273041e+01 6.982315e-24
4.282726e+01 6.965240e-24
4.292434e+01 6.948245e-24
4.302163e+01 6.931352e-24
4.311915e+01 6.914611e-24
4.321688e+01 6.897867e-24
4.331484e+01 6.881253e-24
4.341302e+01 6.864619e-24
4.351142e+01 6.848240e-24
4.361004e+01 6.831913e-24
4.370889e+01 6.815609e-24
4.380797e+01 6.799522e-24
4.390726e+01 6.783423e-24
4.400678e+01 6.767385e-24
4.410653e+01 6.751422e-24
4.420650e+01 6.735584e-24
4.430671e+01 6.719884e-24
4.440713e+01 6.704229e-24
4.450779e+01 6.688578e-24
4.460867e+01 6.673116e-24
4.470978e+01 6.657715e-24
4.481112e+01 6.642376e-24
4.491270e+01 6.627112e-24
4.501450e+01 6.612044e-24
4.511653e+01 6.597034e-24
4.521879e+01 6.581992e-24
4.532129e+01 6.567013e-24
4.542401e+01 6.552098e-24
4.552697e+01 6.537389e-24
4.563017e+01 6.522744e-24
4.573359e+01 6.508067e-24
4.583726e+01 6.493581e-24
4.594115e+01 6.479256e-24
4.604528e+01 6.464825e-24
4.614965e+01 6.450526e-24
4.625426e+01 6.436303e-24
4.635910e+01 6.422174e-24
4.646418e+01 6.408115e-24
4.656950e+01 6.394121e-24
4.667505e+01 6.380112e-24
4.678085e+01 6.366331e-24
4.688688e+01 6.352585e-24
4.699316e+01 6.338883e-24
4.709968e+01 6.325267e-24
4.720644e+01 6.311704e-24
4.731344e+01 6.298219e-24
4.742068e+01 6.284891e-24
4.752817e+01 6.271521e-24
4.763589e+01 6.258286e-24
4.774387e+01 6.245132e-24
4.785209e+01 6.232010e-24
4.796055e+01 6.218895e-24
4.806926e+01 6.205877e-24
4.817822e+01 6.192976e-24
4.828742e+01 6.180141e-24
4.839687e+01 6.167383e-24
4.850657e+01 6.154642e-24
4.861651e+01 6.141970e-24
4.872671e+01 6.129476e-24
4.883716e+01 6.117013e-24
4.894785e+01 6.104553e-24
4.905880e+01 6.092182e-24
4.917000e+01 6.079822e-24
4.928145e+01 6.067574e-24
4.939315e+01 6.055421e-24
4.950511e+01 6.043272e-24
4.961732e+01 6.031201e-24
4.972978e+01 6.019202e-24
4.984251e+01 6.007269e-24
4.995548e+01 5.995411e-24
5.006871e+01 5.983623e-24
5.018220e+01 5.971882e-24
5.029594e+01 5.960159e-24
5.040995e+01 5.948584e-24
5.052421e+01 5.937060e-24
5.063873e+01 5.925545e-24
5.075351e+01 5.914165e-24
5.086855e+01 5.902773e-24
5.098385e+01 5.891453e-24
5.109941e+01 5.880191e-24
5.121524e+01 5.868924e-24
5.133132e+01 5.857815e-24
5.144767e+01 5.846767e-24
5.156429e+01 5.835702e-24
5.168116e+01 5.824705e-24
5.179831e+01 5.813780e-24
5.191572e+01 5.803018e-24
5.203339e+01 5.792231e-24
5.215133e+01 5.781420e-24
5.226954e+01 5.770771e-24
5.238802e+01 5.760109e-24
5.250676e+01 5.749503e-24
5.262577e+01 5.738969e-24
5.274506e+01 5.728585e-24
5.286461e+01 5.718123e-24
5.298444e+01 5.707700e-24
5.310453e+01 5.697499e-24
5.322490e+01 5.687174e-24
5.334555e+01 5.677015e-24
5.346646e+01 5.666890e-24
5.358765e+01 5.656741e-24
5.370911e+01 5.646705e-24
5.383085e+01 5.636691e-24
5.395287e+01 5.626724e-24
5.407516e+01 5.616887e-24
5.419773e+01 5.607028e-24
5.432058e+01 5.597290e-24
5.444370e+01 5.587567e-24
5.456711e+01 5.577842e-24
5.469079e+01 5.568136e-24
5.481476e+01 5.558567e-24
5.493900e+01 5.549034e-24
5.506353e+01 5.539544e-24
5.518834e+01 5.530110e-24
5.531343e+01 5.520693e-24
5.543881e+01 5.511302e-24
5.556447e+01 5.501986e-24
5.569041e+01 5.492771e-24
5.581664e+01 5.483540e-24
5.594316e+01 5.474323e-24
5.606996e+01 5.465223e-24
5.619705e+01 5.456187e-24
5.632443e+01 5.447146e-24
5.645210e+01 5.438103e-24
5.658006e+01 5.429170e-24
5.670830e+01 5.420294e-24
5.683684e+01 5.411463e-24
5.696567e+01 5.402641e-24
5.709479e+01 5.393869e-24
5.722420e+01 5.385120e-24
5.735391e+01 5.376473e-24
5.748391e+01 5.367821e-24
5.761421e+01 5.359220e-24
5.774480e+01 5.350697e-24
5.787568e+01 5.342233e-24
5.800687e+01 5.333761e-24
5.813835e+01 5.325322e-24
5.827013e+01 5.316889e-24
5.840221e+01 5.308606e-24
5.853458e+01 5.300279e-24
5.866726e+01 5.292024e-24
5.880024e+01 5.283758e-24
5.893352e+01 5.275624e-24
5.906710e+01 5.267474e-24
5.920098e+01 5.259401e-24
5.933517e+01 5.251310e-24
5.946966e+01 5.243260e-24
5.960446e+01 5.235287e-24
5.973956e+01 5.227354e-24
5.987497e+01 5.219498e-24
6.001068e+01 5.211630e-24
6.014670e+01 5.203745e-24
6.028304e+01 5.195978e-24
6.041968e+01 5.188212e-24
6.055663e+01 5.180512e-24
6.069389e+01 5.172855e-24
6.083146e+01 5.165190e-24
6.096934e+01 5.157586e-24
6.110754e+01 5.150027e-24
6.124605e+01 5.142463e-24
6.138487e+01 5.134955e-24
6.152401e+01 5.127494e-24
6.166346e+01 5.120100e-24
6.180323e+01 5.112717e-24
6.194331e+01 5.105353e-24
6.208372e+01 5.097990e-24
6.222444e+01 5.090672e-24
6.236548e+01 5.083465e-24
6.250684e+01 5.076240e-24
6.264852e+01 5.069017e-24
6.279052e+01 5.061902e-24
6.293285e+01 5.054808e-24
6.307549e+01 5.047728e-24
6.321846e+01 5.040652e-24
6.336176e+01 5.033610e-24
6.350538e+01 5.026649e-24
6.364932e+01 5.019675e-24
6.379359e+01 5.012724e-24
6.393819e+01 5.005839e-24
6.408311e+01 4.998997e-24
6.422837e+01 4.992187e-24
6.437395e+01 4.985338e-24
6.451986e+01 4.978588e-24
6.466611e+01 4.971880e-24
6.481268e+01 4.965124e-24
6.495959e+01 4.958464e-24
6.510683e+01 4.951858e-24
6.525440e+01 4.945207e-24
6.540231e+01 4.938658e-24
6.555055e+01 4.932122e-24
6.569913e+01 4.925561e-24
6.584805e+01 4.919095e-24
6.599730e+01 4.912632e-24
6.614690e+01 4.906219e-24
6.629683e+01 4.899745e-24
6.644710e+01 4.893446e-24
6.659771e+01 4.887064e-24
6.674867e+01 4.880791e-24
6.689996e+01 4.874503e-24
6.705160e+01 4.868201e-24
6.720358e+01 4.861892e-24
6.735591e+01 4.855702e-24
6.750858e+01 4.849537e-24
6.766160e+01 4.843416e-24
6.781496e+01 4.837223e-24
6.796867e+01 4.831150e-24
6.812274e+01 4.825160e-24
6.827715e+01 4.819068e-24
6.843191e+01 4.813048e-24
6.858701e+01 4.807056e-24
6.874248e+01 4.801054e-24
6.889829e+01 4.795157e-24
6.905446e+01 4.789264e-24
6.921098e+01 4.783357e-24
6.936786e+01 4.777468e-24
6.952509e+01 4.771650e-24
6.968268e+01 4.765839e-24
6.984063e+01 4.760043e-24
6.999893e+01 4.754242e-24
7.015759e+01 4.748500e-24
7.031661e+01 4.742797e-24
7.047600e+01 4.737115e-24
7.063574e+01 4.731474e-24
7.079585e+01 4.725798e-24
7.095632e+01 4.720174e-24
7.111715e+01 4.714563e-24
7.127835e+01 4.709028e-24
7.143991e+01 4.703525e-24
7.160184e+01 4.697958e-24
7.176413e+01 4.692462e-24
7.192680e+01 4.687004e-24
7.208983e+01 4.681556e-24
7.225323e+01 4.676142e-24
7.241700e+01 4.670732e-24
7.258115e+01 4.665326e-24
7.274566e+01 4.659968e-24
7.291055e+01 4.654625e-24
7.307581e+01 4.649256e-24
7.324145e+01 4.643985e-24
7.340746e+01 4.638740e-24
7.357385e+01 4.633472e-24
7.374062e+01 4.628273e-24
7.390776e+01 4.623062e-24
7.407528e+01 4.617849e-24
7.424318e+01 4.612674e-24
7.441147e+01 4.607557e-24
7.458013e+01 4.602436e-24
7.474918e+01 4.597325e-24
7.491861e+01 4.592209e-24
7.508842e+01 4.587126e-24
7.525862e+01 4.582115e-24
7.542921e+01 4.577110e-24
7.560018e+01 4.572079e-24
7.577154e+01 4.567095e-24
7.594328e+01 4.562151e-24
7.611542e+01 4.557148e-24
7.628795e+01 4.552247e-24
7.646086e+01 4.547335e-24
7.663417e+01 4.542418e-24
7.680787e+01 4.537610e-24
7.698197e+01 4.532790e-24
7.715646e+01 4.527960e-24
7.733135e+01 4.523145e-24
7.750663e+01 4.518347e-24
7.768231e+01 4.513512e-24
7.785839e+01 4.508810e-24
7.803487e+01 4.504079e-24
7.821174e+01 4.499360e-24
7.838902e+01 4.494633e-24
7.856670e+01 4.490005e-24
7.874478e+01 4.485318e-24
7.892327e+01 4.480672e-24
7.910216e+01 4.476048e-24
7.928146e+01 4.471439e-24
7.946116e+01 4.466901e-24
7.964127e+01 4.462297e-24
7.982179e+01 4.457755e-24
8.000272e+01 4.453232e-24
8.018405e+01 4.448699e-24
8.036580e+01 4.444172e-24
8.054796e+01 4.439660e-24
8.073054e+01 4.435211e-24
8.091353e+01 4.430784e-24
8.109693e+01 4.426362e-24
8.128074e+01 4.421939e-24
8.146498e+01 4.417520e-24
8.164963e+01 4.413158e-24
8.183470e+01 4.408770e-24
8.202019e+01 4.404398e-24
8.220610e+01 4.400070e-24
8.239243e+01 4.395744e-24
8.257919e+01 4.391468e-24
8.276637e+01 4.387195e-24
8.295397e+01 4.382920e-24
8.314199e+01 4.378652e-24
8.333045e+01 4.374376e-24
8.351933e+01 4.370146e-24
8.370864e+01 4.365954e-24
8.389838e+01 4.361788e-24
8.408854e+01 4.357594e-24
8.427914e+01 4.353434e-24
8.447017e+01 4.349239e-24
8.466164e+01 4.345116e-24
8.485353e+01 4.341011e-24
8.504587e+01 4.336946e-24
8.523864e+01 4.332820e-24
8.543184e+01 4.328725e-24
8.562548e+01 4.324695e-24
8.581957e+01 4.320660e-24
8.601409e+01 4.316632e-24
8.620905e+01 4.312598e-24
8.640446e+01 4.308588e-24
8.660031e+01 4.304640e-24
8.679660e+01 4.300628e-24
8.699334e+01 4.296693e-24
8.719052e+01 4.292751e-24
8.738815e+01 4.288820e-24
8.758623e+01 4.284898e-24
8.778475e+01 4.280966e-24
8.798373e+01 4.277028e-24
8.818316e+01 4.273197e-24
8.838304e+01 4.269357e-24
8.858337e+01 4.265527e-24
8.878416e+01 4.261612e-24
8.898540e+01 4.257853e-24
8.918710e+01 4.254039e-24
8.938925e+01 4.250195e-24
8.959187e+01 4.246445e-24
8.979494e+01 4.242629e-24
8.999847e+01 4.238879e-24
9.020247e+01 4.235149e-24
9.040692e+01 4.231414e-24
9.061184e+01 4.227685e-24
9.081723e+01 4.224028e-24
9.102308e+01 4.220308e-24
9.122939e+01 4.216644e-24
9.143618e+01 4.212941e-24
9.164343e+01 4.209280e-24
9.185116e+01 4.205637e-24
9.205935e+01 4.201998e-24
9.226802e+01 4.198356e-24
9.247715e+01 4.194782e-24
9.268677e+01 4.191187e-24
9.289686e+01 4.187616e-24
9.310742e+01 4.184014e-24
9.331846e+01 4.180433e-24
9.352998e+01 4.176891e-24
9.374198e+01 4.173350e-24
9.395446e+01 4.169818e-24
9.416742e+01 4.166335e-24
9.438086e+01 4.162844e-24
9.459479e+01 4.159303e-24
9.480921e+01 4.155807e-24
9.502410e+01 4.152364e-24
9.523949e+01 4.148929e-24
9.545536e+01 4.145494e-24
9.567173e+01 4.142052e-24
9.588858e+01 4.138608e-24
9.610593e+01 4.135166e-24
9.632376e+01 4.131755e-24
9.654210e+01 4.128416e-24
9.676092e+01 4.125050e-24
9.698024e+01 4.121636e-24
9.720006e+01 4.118288e-24
9.742038e+01 4.114948e-24
9.764120e+01 4.111611e-24
9.786252e+01 4.108267e-24
9.808434e+01 4.104941e-24
9.830666e+01 4.101688e-24
9.852948e+01 4.098355e-24
9.875282e+01 4.095096e-24
9.897665e+01 4.091771e-24
9.920100e+01 4.088525e-24
9.942585e+01 4.085285e-24
9.965121e+01 4.082039e-24
9.987709e+01 4.078795e-24
1.001035e+02 4.075513e-24
1.003304e+02 4.072357e-24
1.005578e+02 4.069230e-24
1.007857e+02 4.066060e-24
1.010142e+02 4.062784e-24
1.012431e+02 4.059596e-24
1.014726e+02 4.056532e-24
1.017026e+02 4.053342e-24
1.019331e+02 4.050135e-24
1.021642e+02 4.047044e-24
1.023958e+02 4.043957e-24
1.026278e+02 4.040747e-24
1.028605e+02 4.037711e-24
1.030936e+02 4.034619e-24
1.033273e+02 4.031476e-24
1.035615e+02 4.028427e-24
1.037962e+02 4.025395e-24
1.040315e+02 4.022356e-24
1.042673e+02 4.019310e-24
1.045036e+02 4.016257e-24
1.047405e+02 4.013198e-24
1.049779e+02 4.010131e-24
1.052159e+02 4.007210e-24
1.054544e+02 4.004206e-24
1.056934e+02 4.001183e-24
1.059330e+02 3.998203e-24
1.061731e+02 3.995212e-24
1.064137e+02 3.992275e-24
1.066549e+02 3.989313e-24
1.068967e+02 3.986360e-24
1.071390e+02 3.983388e-24
1.073818e+02 3.980418e-24
1.076252e+02 3.977548e-24
1.078692e+02 3.974670e-24
1.081137e+02 3.971782e-24
1.083587e+02 3.968895e-24
1.086043e+02 3.965990e-24
1.088505e+02 3.963134e-24
1.090972e+02 3.960272e-24
1.093445e+02 3.957404e-24
1.095923e+02 3.954529e-24
1.098407e+02 3.951688e-24
1.100897e+02 3.948875e-24
1.103393e+02 3.945981e-24
1.105894e+02 3.943145e-24
1.108400e+02 3.940388e-24
1.110913e+02 3.937533e-24
1.113431e+02 3.934821e-24
1.115954e+02 3.932057e-24
1.118484e+02 3.929171e-24
1.121019e+02 3.926441e-24
1.123560e+02 3.923705e-24
1.126107e+02 3.920962e-24
1.128659e+02 3.918213e-24
1.131218e+02 3.915458e-24
1.133782e+02 3.912708e-24
1.136351e+02 3.910029e-24
1.138927e+02 3.907273e-24
1.141509e+02 3.904683e-24
1.144096e+02 3.901900e-24
1.146689e+02 3.899211e-24
1.149288e+02 3.896612e-24
1.151894e+02 3.893907e-24
1.154504e+02 3.891199e-24
1.157121e+02 3.888482e-24
1.159744e+02 3.885856e-24
1.162373e+02 3.883319e-24
1.165007e+02 3.880693e-24
1.167648e+02 3.878052e-24
1.170295e+02 3.875405e-24
1.172947e+02 3.872753e-24
1.175606e+02 3.870259e-24
1.178271e+02 3.867629e-24
1.180941e+02 3.865038e-24
1.183618e+02 3.862460e-24
1.186301e+02 3.859877e-24
1.188990e+02 3.857285e-24
1.191685e+02 3.854689e-24
1.194386e+02 3.852227e-24
1.197093e+02 3.849677e-24
1.199807e+02 3.847129e-24
1.202526e+02 3.844604e-24
1.205252e+02 3.842078e-24
1.207984e+02 3.839544e-24
1.210722e+02 3.837063e-24
1.213466e+02 3.834553e-24
1.216217e+02 3.832057e-24
1.218973e+02 3.829595e-24
1.221736e+02 3.827128e-24
1.224506e+02 3.824656e-24
1.227281e+02 3.822223e-24
1.230063e+02 3.819783e-24
1.232851e+02 3.817294e-24
1.235645e+02 3.814840e-24
1.238446e+02 3.812387e-24
1.241253e+02 3.809963e-24
1.244067e+02 3.807594e-24
1.246887e+02 3.805168e-24
1.249713e+02 3.802741e-24
1.252546e+02 3.800335e-24
1.255385e+02 3.797985e-24
1.258230e+02 3.795598e-24
1.261082e+02 3.793170e-24
1.263941e+02 3.790804e-24
1.266805e+02 3.788433e-24
1.269677e+02 3.786078e-24
1.272555e+02 3.783758e-24
1.275439e+02 3.781393e-24
1.278330e+02 3.779096e-24
1.281228e+02 3.776763e-24
1.284132e+02 3.774392e-24
1.287043e+02 3.772146e-24
1.289960e+02 3.769815e-24
1.292884e+02 3.767493e-24
1.295814e+02 3.765159e-24
1.298751e+02 3.762907e-24
1.301695e+02 3.760650e-24
1.304646e+02 3.758388e-24
1.307603e+02 3.756121e-24
1.310567e+02 3.753849e-24
1.313537e+02 3.751572e-24
1.316515e+02 3.749363e-24
1.319499e+02 3.747078e-24
1.322489e+02 3.744785e-24
1.325487e+02 3.742651e-24
1.328492e+02 3.740429e-24
1.331503e+02 3.738218e-24
1.334521e+02 3.735981e-24
1.337546e+02 3.733822e-24
1.340577e+02 3.731588e-24
1.343616e+02 3.729355e-24
1.346661e+02 3.727182e-24
1.349714e+02 3.725072e-24
1.352773e+02 3.722916e-24
1.355839e+02 3.720740e-24
1.358913e+02 3.718559e-24
1.361993e+02 3.716424e-24
1.365080e+02 3.714253e-24
1.368174e+02 3.712057e-24
1.371275e+02 3.709972e-24
1.374384e+02 3.707868e-24
1.377499e+02 3.705746e-24
1.380621e+02 3.703611e-24
1.383750e+02 3.701520e-24
1.386887e+02 3.699403e-24
1.390030e+02 3.697299e-24
1.393181e+02 3.695231e-24
1.396339e+02 3.693159e-24
1.399504e+02 3.691082e-24
1.402676e+02 3.689033e-24
1.405856e+02 3.686979e-24
1.409042e+02 3.684919e-24
1.412236e+02 3.682858e-24
1.415437e+02 3.680786e-24
1.418645e+02 3.678759e-24
1.421861e+02 3.676734e-24
1.425084e+02 3.674722e-24
1.428314e+02 3.672728e-24
1.431551e+02 3.670702e-24
1.434796e+02 3.668702e-24
1.438048e+02 3.666665e-24
1.441308e+02 3.664689e-24
1.444575e+02 3.662727e-24
1.447849e+02 3.660760e-24
1.451131e+02 3.658696e-24
1.454420e+02 3.656718e-24
1.457717e+02 3.654799e-24
1.461021e+02 3.652924e-24
1.464332e+02 3.650928e-24
1.467652e+02 3.648976e-24
1.470978e+02 3.647033e-24
1.474312e+02 3.645157e-24
1.477654e+02 3.643192e-24
1.481003e+02 3.641230e-24
1.484360e+02 3.639355e-24
1.487725e+02 3.637468e-24
1.491097e+02 3.635493e-24
1.494477e+02 3.633657e-24
1.497864e+02 3.631765e-24
1.501259e+02 3.629922e-24
1.504662e+02 3.627922e-24
1.508073e+02 3.626069e-24
1.511491e+02 3.624214e-24
1.514917e+02 3.622354e-24
1.518351e+02 3.620580e-24
1.521792e+02 3.618721e-24
1.525242e+02 3.616849e-24
1.528699e+02 3.614972e-24
1.532164e+02 3.613176e-24
1.535637e+02 3.611350e-24
1.539118e+02 3.609551e-24
1.542606e+02 3.607719e-24
1.546103e+02 3.605910e-24
1.549607e+02 3.604146e-24
1.553119e+02 3.602390e-24
1.556640e+02 3.600521e-24
1.560168e+02 3.598716e-24
1.563705e+02 3.596948e-24
1.567249e+02 3.595176e-24
1.570801e+02 3.593432e-24
1.574362e+02 3.591732e-24
1.577930e+02 3.589985e-24
1.581507e+02 3.588226e-24
1.585092e+02 3.586454e-24
1.588684e+02 3.584742e-24
1.592285e+02 3.583007e-24
1.595895e+02 3.581284e-24
1.599512e+02 3.579570e-24
1.603137e+02 3.577856e-24
1.606771e+02 3.576186e-24
1.610413e+02 3.574467e-24
1.614063e+02 3.572736e-24
1.617722e+02 3.571055e-24
1.621389e+02 3.569389e-24
1.625064e+02 3.567727e-24
1.628747e+02 3.566053e-24
1.632439e+02 3.564385e-24
1.636139e+02 3.562701e-24
1.639848e+02 3.561075e-24
1.643565e+02 3.559479e-24
1.647290e+02 3.557812e-24
1.651024e+02 3.556169e-24
1.654766e+02 3.554568e-24
1.658517e+02 3.552914e-24
1.662276e+02 3.551308e-24
1.666044e+02 3.549654e-24
1.669820e+02 3.548097e-24
1.673605e+02 3.546511e-24
1.677399e+02 3.544954e-24
1.681201e+02 3.543376e-24
1.685011e+02 3.541690e-24
1.688831e+02 3.540134e-24
1.692659e+02 3.538653e-24
1.696495e+02 3.537079e-24
1.700341e+02 3.535501e-24
1.704195e+02 3.533922e-24
1.708058e+02 3.532378e-24
1.711929e+02 3.530888e-24
1.715810e+02 3.529336e-24
1.719699e+02 3.527839e-24
1.723596e+02 3.526281e-24
1.727503e+02 3.524811e-24
1.731419e+02 3.523215e-24
1.735343e+02 3.521734e-24
1.739277e+02 3.520259e-24
1.743219e+02 3.518780e-24
1.747170e+02 3.517330e-24
1.751131e+02 3.515851e-24
1.755100e+02 3.514363e-24
1.759078e+02 3.512901e-24
1.763065e+02 3.511413e-24
1.767062e+02 3.509943e-24
1.771067e+02 3.508478e-24
1.775081e+02 3.507082e-24
1.779105e+02 3.505637e-24
1.783137e+02 3.504231e-24
1.787179e+02 3.502783e-24
1.791230e+02 3.501368e-24
1.795290e+02 3.499939e-24
1.799359e+02 3.498526e-24
1.803438e+02 3.497133e-24
1.807526e+02 3.495758e-24
1.811623e+02 3.494393e-24
1.815729e+02 3.493024e-24
1.819844e+02 3.491652e-24
1.823969e+02 3.490277e-24
1.828104e+02 3.488899e-24
1.832247e+02 3.487518e-24
1.836400e+02 3.486133e-24
1.840563e+02 3.484807e-24
1.844735e+02 3.483488e-24
1.848916e+02 3.482109e-24
1.853107e+02 3.480772e-24
1.857307e+02 3.479484e-24
1.861517e+02 3.478174e-24
1.865736e+02 3.476835e-24
1.869965e+02 3.475557e-24
1.874204e+02 3.474243e-24
1.878452e+02 3.472901e-24
1.882710e+02 3.471634e-24
1.886977e+02 3.470344e-24
1.891255e+02 3.469059e-24
1.895541e+02 3.467816e-24
1.899838e+02 3.466623e-24
1.904144e+02 3.465345e-24
1.908460e+02 3.464046e-24
1.912786e+02 3.462790e-24
1.917121e+02 3.461616e-24
1.921467e+02 3.460345e-24
1.925822e+02 3.459146e-24
1.930187e+02 3.457870e-24
1.934562e+02 3.456703e-24
1.938947e+02 3.455533e-24
1.943342e+02 3.454330e-24
1.947747e+02 3.453061e-24
1.952162e+02 3.451883e-24
1.956587e+02 3.450704e-24
1.961022e+02 3.449521e-24
1.965467e+02 3.448336e-24
1.969922e+02 3.447267e-24
1.974387e+02 3.446084e-24
1.978862e+02 3.444914e-24
1.983347e+02 3.443721e-24
1.987843e+02 3.442633e-24
1.992349e+02 3.441470e-24
1.996865e+02 3.440376e-24
2.001391e+02 3.439211e-24
2.005927e+02 3.438109e-24
2.010474e+02 3.437021e-24
2.015031e+02 3.435950e-24
2.019598e+02 3.434863e-24
2.024176e+02 3.433786e-24
2.028764e+02 3.432696e-24
2.033363e+02 3.431613e-24
2.037971e+02 3.430534e-24
2.042591e+02 3.429453e-24
2.047221e+02 3.428370e-24
2.051861e+02 3.427362e-24
2.056512e+02 3.426319e-24
2.061173e+02 3.425228e-24
2.065845e+02 3.424207e-24
2.070528e+02 3.423232e-24
2.075221e+02 3.422187e-24
2.079925e+02 3.421153e-24
2.084639e+02 3.420171e-24
2.089364e+02 3.419197e-24
2.094100e+02 3.418221e-24
2.098847e+02 3.417232e-24
2.103604e+02 3.416250e-24
2.108372e+02 3.415268e-24
2.113151e+02 3.414281e-24
2.117941e+02 3.413304e-24
2.122741e+02 3.412362e-24
2.127553e+02 3.411442e-24
2.132375e+02 3.410458e-24
2.137209e+02 3.409505e-24
2.142053e+02 3.408615e-24
2.146908e+02 3.407698e-24
2.151774e+02 3.406748e-24
2.156652e+02 3.405857e-24
2.161540e+02 3.404977e-24
2.166440e+02 3.404095e-24
2.171350e+02 3.403211e-24
2.176272e+02 3.402325e-24
2.181205e+02 3.401437e-24
2.186149e+02 3.400550e-24
2.191104e+02 3.399673e-24
2.196070e+02 3.398795e-24
2.201048e+02 3.398003e-24
2.206037e+02 3.397130e-24
2.211037e+02 3.396323e-24
2.216049e+02 3.395445e-24
2.221072e+02 3.394653e-24
2.226106e+02 3.393783e-24
2.231152e+02 3.392992e-24
2.236209e+02 3.392199e-24
2.241278e+02 3.391419e-24
2.246358e+02 3.390637e-24
2.251450e+02 3.389854e-24
2.256553e+02 3.389054e-24
2.261668e+02 3.388280e-24
2.266794e+02 3.387582e-24
2.271932e+02 3.386803e-24
2.277082e+02 3.386010e-24
2.282243e+02 3.385313e-24
2.287416e+02 3.384548e-24
2.292601e+02 3.383834e-24
2.297798e+02 3.383146e-24
2.303006e+02 3.382380e-24
2.308226e+02 3.381668e-24
2.313458e+02 3.380987e-24
2.318702e+02 3.380298e-24
2.323957e+02 3.379613e-24
2.329225e+02 3.378921e-24
2.334504e+02 3.378233e-24
2.339796e+02 3.377612e-24
2.345100e+02 3.376959e-24
2.350415e+02 3.376270e-24
2.355743e+02 3.375640e-24
2.361082e+02 3.374995e-24
2.366434e+02 3.374363e-24
2.371798e+02 3.373773e-24
2.377174e+02 3.373181e-24
2.382562e+02 3.372536e-24
2.387962e+02 3.371899e-24
2.393375e+02 3.371308e-24
2.398800e+02 3.370721e-24
2.404237e+02 3.370178e-24
2.409687e+02 3.369644e-24
2.415149e+02 3.369055e-24
2.420623e+02 3.368462e-24
2.426110e+02 3.367912e-24
2.431609e+02 3.367385e-24
2.437120e+02 3.366829e-24
2.442645e+02 3.366335e-24
2.448181e+02 3.365813e-24
2.453730e+02 3.365254e-24
2.459292e+02 3.364760e-24
2.464866e+02 3.364271e-24
2.470453e+02 3.363781e-24
2.476053e+02 3.363290e-24
2.481665e+02 3.362798e-24
2.487290e+02 3.362323e-24
2.492928e+02 3.361911e-24
2.498579e+02 3.361438e-24
2.504242e+02 3.361027e-24
2.509918e+02 3.360550e-24
2.515607e+02 3.360148e-24
2.521309e+02 3.359665e-24
2.527024e+02 3.359271e-24
2.532752e+02 3.358876e-24
2.538493e+02 3.358487e-24
2.544247e+02 3.358090e-24
2.550014e+02 3.357699e-24
2.555794e+02 3.357307e-24
2.561587e+02 3.356914e-24
2.567393e+02 3.356521e-24
2.573212e+02 3.356220e-24
2.579045e+02 3.355831e-24
2.584891e+02 3.355530e-24
2.590750e+02 3.355144e-24
2.596622e+02 3.354839e-24
2.602508e+02 3.354545e-24
2.608407e+02 3.354250e-24
2.614319e+02 3.353954e-24
2.620245e+02 3.353662e-24
2.626184e+02 3.353366e-24
2.632136e+02 3.353072e-24
2.638102e+02 3.352775e-24
2.644082e+02 3.352553e-24
2.650075e+02 3.352285e-24
2.656082e+02 3.352060e-24
2.662102e+02 3.351797e-24
2.668137e+02 3.351568e-24
2.674184e+02 3.351371e-24
2.680246e+02 3.351111e-24
2.686321e+02 3.350877e-24
2.692410e+02 3.350680e-24
2.698512e+02 3.350483e-24
2.704629e+02 3.350344e-24
2.710759e+02 3.350192e-24
2.716904e+02 3.349995e-24
2.723062e+02 3.349849e-24
2.729234e+02 3.349700e-24
2.735421e+02 3.349552e-24
2.741621e+02 3.349407e-24
2.747835e+02 3.349256e-24
2.754063e+02 3.349158e-24
2.760306e+02 3.349059e-24
2.766562e+02 3.348962e-24
2.772833e+02 3.348863e-24
2.779118e+02 3.348764e-24
2.785418e+02 3.348666e-24
2.791731e+02 3.348600e-24
2.798059e+02 3.348569e-24
2.804401e+02 3.348500e-24
2.810758e+02 3.348473e-24
2.817129e+02 3.348400e-24
2.823514e+02 3.348400e-24
2.829914e+02 3.348400e-24
2.836329e+02 3.348400e-24
2.842758e+02 3.348400e-24
2.849201e+02 3.348400e-24
2.855659e+02 3.348400e-24
2.862132e+02 3.348413e-24
2.868619e+02 3.348500e-24
2.875121e+02 3.348500e-24
2.881638e+02 3.348508e-24
2.888170e+02 3.348607e-24
2.894716e+02 3.348705e-24
2.901278e+02 3.348800e-24
2.907854e+02 3.348801e-24
2.914445e+02 3.348899e-24
2.921051e+02 3.348998e-24
2.927672e+02 3.349193e-24
2.934308e+02 3.349294e-24
2.940959e+02 3.349393e-24
2.947625e+02 3.349492e-24
2.954306e+02 3.349680e-24
2.961003e+02 3.349877e-24
2.967714e+02 3.349986e-24
2.974441e+02 3.350169e-24
2.981183e+02 3.350365e-24
2.987940e+02 3.350563e-24
2.994713e+02 3.350760e-24
3.001501e+02 3.350954e-24
3.008304e+02 3.351151e-24
3.015123e+02 3.351423e-24
3.021957e+02 3.351644e-24
3.028807e+02 3.351913e-24
3.035672e+02 3.352139e-24
3.042553e+02 3.352404e-24
3.049449e+02 3.352696e-24
3.056361e+02 3.352991e-24
3.063289e+02 3.353285e-24
3.070232e+02 3.353581e-24
3.077191e+02 3.353877e-24
3.084166e+02 3.354172e-24
3.091157e+02 3.354523e-24
3.098163e+02 3.354861e-24
3.105186e+02 3.355208e-24
3.112224e+02 3.355551e-24
3.119279e+02 3.355893e-24
3.126349e+02 3.356286e-24
3.133435e+02 3.356680e-24
3.140538e+02 3.357074e-24
3.147656e+02 3.357467e-24
3.154791e+02 3.357861e-24
3.161941e+02 3.358295e-24
3.169108e+02 3.358748e-24
3.176292e+02 3.359175e-24
3.183491e+02 3.359664e-24
3.190707e+02 3.360126e-24
3.197939e+02 3.360551e-24
3.205188e+02 3.361041e-24
3.212453e+02 3.361532e-24
3.219734e+02 3.362024e-24
3.227032e+02 3.362539e-24
3.234347e+02 3.363105e-24
3.241678e+02 3.363618e-24
3.249026e+02 3.364188e-24
3.256390e+02 3.364695e-24
3.263771e+02 3.365286e-24
3.271169e+02 3.365865e-24
3.278583e+02 3.366370e-24
3.286015e+02 3.366966e-24
3.293463e+02 3.367644e-24
3.300928e+02 3.368234e-24
3.308410e+02 3.368824e-24
3.315909e+02 3.369419e-24
3.323425e+02 3.370102e-24
3.330958e+02 3.370796e-24
3.338508e+02 3.371385e-24
3.346076e+02 3.372071e-24
3.353660e+02 3.372760e-24
3.361261e+02 3.373443e-24
3.368880e+02 3.374135e-24
3.376516e+02 3.374821e-24
3.384170e+02 3.375594e-24
3.391840e+02 3.376296e-24
3.399529e+02 3.377070e-24
3.407234e+02 3.377860e-24
3.414957e+02 3.378563e-24
3.422697e+02 3.379328e-24
3.430455e+02 3.380113e-24
3.438231e+02 3.380901e-24
3.446024e+02 3.381764e-24
3.453835e+02 3.382574e-24
3.461664e+02 3.383363e-24
3.469510e+02 3.384220e-24
3.477374e+02 3.385105e-24
3.485256e+02 3.385919e-24
3.493156e+02 3.386769e-24
3.501074e+02 3.387653e-24
3.509010e+02 3.388534e-24
3.516963e+02 3.389476e-24
3.524935e+02 3.390404e-24
3.532925e+02 3.391292e-24
3.540933e+02 3.392228e-24
3.548959e+02 3.393213e-24
3.557003e+02 3.394150e-24
3.565065e+02 3.395084e-24
3.573146e+02 3.396063e-24
3.581245e+02 3.397045e-24
3.589363e+02 3.398072e-24
3.597498e+02 3.399109e-24
3.605653e+02 3.400092e-24
3.613825e+02 3.401114e-24
3.622017e+02 3.402195e-24
3.630226e+02 3.403241e-24
3.638455e+02 3.404261e-24
3.646702e+02 3.405341e-24
3.654968e+02 3.406453e-24
3.663252e+02 3.407604e-24
3.671556e+02 3.408682e-24
3.679878e+02 3.409793e-24
3.688219e+02 3.410948e-24
3.696578e+02 3.412051e-24
3.704957e+02 3.413231e-24
3.713355e+02 3.414405e-24
3.721772e+02 3.415591e-24
3.730208e+02 3.416769e-24
3.738663e+02 3.417961e-24
3.747137e+02 3.419229e-24
3.755631e+02 3.420410e-24
3.764143e+02 3.421689e-24
3.772675e+02 3.422871e-24
3.781227e+02 3.424149e-24
3.789797e+02 3.425429e-24
3.798387e+02 3.426698e-24
3.806997e+02 3.427985e-24
3.815626e+02 3.429356e-24
3.824275e+02 3.430637e-24
3.832943e+02 3.432011e-24
3.841631e+02 3.433288e-24
3.850338e+02 3.434663e-24
3.859066e+02 3.436037e-24
3.867813e+02 3.437413e-24
3.876580e+02 3.438792e-24
3.885367e+02 3.440244e-24
3.894173e+02 3.441644e-24
3.903000e+02 3.443100e-24
3.911847e+02 3.444496e-24
3.920714e+02 3.445952e-24
3.929601e+02 3.447421e-24
3.938508e+02 3.448889e-24
3.947435e+02 3.450372e-24
3.956382e+02 3.451910e-24
3.965350e+02 3.453414e-24
3.974338e+02 3.454962e-24
3.983346e+02 3.456470e-24
3.992375e+02 3.458004e-24
4.001424e+02 3.459578e-24
4.010494e+02 3.461145e-24
4.019585e+02 3.462777e-24
4.028696e+02 3.464394e-24
4.037827e+02 3.465965e-24
4.046979e+02 3.467592e-24
4.056153e+02 3.469260e-24
4.065346e+02 3.470931e-24
4.074561e+02 3.472607e-24
4.083797e+02 3.474277e-24
4.093053e+02 3.475951e-24
4.102331e+02 3.477621e-24
4.111629e+02 3.479326e-24
4.120949e+02 3.481091e-24
4.130290e+02 3.482824e-24
4.139651e+02 3.484535e-24
4.149035e+02 3.486306e-24
4.158439e+02 3.488101e-24
4.167865e+02 3.489937e-24
4.177312e+02 3.491708e-24
4.186780e+02 3.493511e-24
4.196270e+02 3.495384e-24
4.205782e+02 3.497247e-24
4.215315e+02 3.499114e-24
4.224869e+02 3.500982e-24
4.234445e+02 3.502842e-24
4.244044e+02 3.504719e-24
4.253663e+02 3.506599e-24
4.263305e+02 3.508566e-24
4.272968e+02 3.510536e-24
4.282653e+02 3.512493e-24
4.292361e+02 3.514454e-24
4.302090e+02 3.516419e-24
4.311841e+02 3.518389e-24
4.321615e+02 3.520366e-24
4.331410e+02 3.522423e-24
4.341228e+02 3.524485e-24
4.351068e+02 3.526454e-24
4.360930e+02 3.528522e-24
4.370815e+02 3.530578e-24
4.380722e+02 3.532751e-24
4.390652e+02 3.534805e-24
4.400604e+02 3.536961e-24
4.410578e+02 3.539046e-24
4.420575e+02 3.541193e-24
4.430595e+02 3.543354e-24
4.440638e+02 3.545520e-24
4.450703e+02 3.547674e-24
4.460791e+02 3.549925e-24
4.470902e+02 3.552109e-24
4.481036e+02 3.554350e-24
4.491193e+02 3.556601e-24
4.501373e+02 3.558869e-24
4.511576e+02 3.561131e-24
4.521802e+02 3.563393e-24
4.532052e+02 3.565712e-24
4.542324e+02 3.568009e-24
4.552620e+02 3.570336e-24
4.562939e+02 3.572695e-24
4.573282e+02 3.575045e-24
4.583648e+02 3.577405e-24
4.594037e+02 3.579824e-24
4.604450e+02 3.582225e-24
4.614887e+02 3.584641e-24
4.625347e+02 3.587044e-24
4.635831e+02 3.589446e-24
4.646339e+02 3.591949e-24
4.656871e+02 3.594461e-24
4.667426e+02 3.596928e-24
4.678005e+02 3.599433e-24
4.688609e+02 3.601985e-24
4.699236e+02 3.604544e-24
4.709888e+02 3.607099e-24
4.720563e+02 3.609645e-24
4.731263e+02 3.612198e-24
4.741987e+02 3.614789e-24
4.752736e+02 3.617451e-24
4.763508e+02 3.620112e-24
4.774306e+02 3.622762e-24
4.785127e+02 3.625412e-24
4.795974e+02 3.628081e-24
4.806844e+02 3.630842e-24
4.817740e+02 3.633590e-24
4.828660e+02 3.636345e-24
4.839605e+02 3.639119e-24
4.850574e+02 3.641975e-24
4.861569e+02 3.644920e-24
4.872588e+02 3.647884e-24
4.883633e+02 3.650949e-24
4.894702e+02 3.654122e-24
4.905797e+02 3.657722e-24
4.916916e+02 3.661789e-24
4.928061e+02 3.667184e-24
4.939232e+02 3.676935e-24
4.950427e+02 3.718185e-24
4.961648e+02 4.680645e-24
4.972894e+02 3.797705e-24
4.984166e+02 3.698241e-24
4.995463e+02 3.686738e-24
5.006786e+02 3.685648e-24
5.018135e+02 3.686961e-24
5.029509e+02 3.689055e-24
5.040909e+02 3.691566e-24
5.052335e+02 3.694212e-24
5.063787e+02 3.697026e-24
5.075265e+02 3.699952e-24
5.086769e+02 3.702902e-24
5.098298e+02 3.705937e-24
5.109855e+02 3.708979e-24
5.121437e+02 3.712022e-24
5.133045e+02 3.715071e-24
5.144680e+02 3.718200e-24
5.156341e+02 3.721343e-24
5.168029e+02 3.724486e-24
5.179743e+02 3.727703e-24
5.191483e+02 3.730876e-24
5.203251e+02 3.734076e-24
5.215045e+02 3.737320e-24
5.226865e+02 3.740570e-24
5.238713e+02 3.743813e-24
5.250587e+02 3.747107e-24
5.262488e+02 3.750397e-24
5.274416e+02 3.753703e-24
5.286372e+02 3.757048e-24
5.298354e+02 3.760437e-24
5.310363e+02 3.763834e-24
5.322400e+02 3.767222e-24
5.334464e+02 3.770610e-24
5.346555e+02 3.773995e-24
5.358674e+02 3.777432e-24
5.370820e+02 3.780911e-24
5.382994e+02 3.784425e-24
5.395195e+02 3.787895e-24
5.407424e+02 3.791426e-24
5.419681e+02 3.794975e-24
5.431966e+02 3.798513e-24
5.444278e+02 3.802051e-24
5.456618e+02 3.805612e-24
5.468986e+02 3.809232e-24
5.481383e+02 3.812776e-24
5.493807e+02 3.816424e-24
5.506259e+02 3.820075e-24
5.518740e+02 3.823724e-24
5.531249e+02 3.827426e-24
5.543787e+02 3.831090e-24
5.556352e+02 3.834820e-24
5.568947e+02 3.838559e-24
5.581569e+02 3.842314e-24
5.594221e+02 3.846130e-24
5.606901e+02 3.849872e-24
5.619610e+02 3.853713e-24
5.632347e+02 3.857534e-24
5.645114e+02 3.861364e-24
5.657909e+02 3.865203e-24
5.670734e+02 3.869050e-24
5.683587e+02 3.872974e-24
5.696470e+02 3.876908e-24
5.709382e+02 3.880822e-24
5.722323e+02 3.884771e-24
5.735294e+02 3.888704e-24
5.748293e+02 3.892705e-24
5.761323e+02 3.896661e-24
5.774382e+02 3.900678e-24
5.787470e+02 3.904713e-24
5.800588e+02 3.908813e-24
5.813736e+02 3.912854e-24
5.826914e+02 3.916964e-24
5.840121e+02 3.921104e-24
5.853359e+02 3.925229e-24
5.866626e+02 3.929357e-24
5.879924e+02 3.933494e-24
5.893252e+02 3.937688e-24
5.906609e+02 3.941912e-24
5.919998e+02 3.946145e-24
5.933416e+02 3.950367e-24
5.946865e+02 3.954588e-24
5.960344e+02 3.958880e-24
5.973854e+02 3.963141e-24
5.987395e+02 3.967417e-24
6.000966e+02 3.971744e-24
6.014568e+02 3.976135e-24
6.028201e+02 3.980511e-24
6.041865e+02 3.984887e-24
6.055560e+02 3.989305e-24
6.069286e+02 3.993717e-24
6.083043e+02 3.998139e-24
6.096831e+02 4.002614e-24
6.110650e+02 4.007099e-24
6.124501e+02 4.011560e-24
6.138383e+02 4.016089e-24
6.152296e+02 4.020653e-24
6.166241e+02 4.025233e-24
6.180218e+02 4.029784e-24
6.194226e+02 4.034398e-24
6.208266e+02 4.039025e-24
6.222338e+02 4.043627e-24
6.236442e+02 4.048254e-24
6.250578e+02 4.052893e-24
6.264746e+02 4.057615e-24
6.278946e+02 4.062341e-24
6.293178e+02 4.067053e-24
6.307442e+02 4.071793e-24
6.321739e+02 4.076602e-24
6.336068e+02 4.081328e-24
6.350430e+02 4.086148e-24
6.364824e+02 4.090975e-24
6.379251e+02 4.095793e-24
6.393710e+02 4.100709e-24
6.408202e+02 4.105607e-24
6.422728e+02 4.110546e-24
6.437286e+02 4.115463e-24
6.451877e+02 4.120359e-24
6.466501e+02 4.125267e-24
6.481158e+02 4.130283e-24
6.495848e+02 4.135311e-24
6.510572e+02 4.140319e-24
6.525329e+02 4.145429e-24
6.540120e+02 4.150434e-24
6.554944e+02 4.155530e-24
6.569802e+02 4.160646e-24
6.584693e+02 4.165774e-24
6.599618e+02 4.170885e-24
6.614577e+02 4.176086e-24
6.629570e+02 4.181285e-24
6.644597e+02 4.186490e-24
6.659658e+02 4.191708e-24
6.674753e+02 4.196910e-24
6.689882e+02 4.202191e-24
6.705046e+02 4.207508e-24
6.720244e+02 4.212813e-24
6.735476e+02 4.218119e-24
6.750743e+02 4.223482e-24
6.766045e+02 4.228834e-24
6.781381e+02 4.234219e-24
6.796752e+02 4.239616e-24
6.812158e+02 4.245073e-24
6.827599e+02 4.250522e-24
6.843074e+02 4.255981e-24
6.858585e+02 4.261478e-24
6.874131e+02 4.266988e-24
6.889712e+02 4.272544e-24
6.905329e+02 4.278093e-24
6.920981e+02 4.283653e-24
6.936668e+02 4.289261e-24
6.952391e+02 4.294907e-24
6.968150e+02 4.300560e-24
6.983944e+02 4.306208e-24
6.999774e+02 4.311918e-24
7.015640e+02 4.317612e-24
7.031542e+02 4.323364e-24
7.047480e+02 4.329121e-24
7.063454e+02 4.334838e-24
7.079465e+02 4.340633e-24
7.095511e+02 4.346441e-24
7.111594e+02 4.352281e-24
7.127714e+02 4.358178e-24
7.143869e+02 4.364080e-24
7.160062e+02 4.369968e-24
7.176291e+02 4.375870e-24
7.192558e+02 4.381797e-24
7.208860e+02 4.387788e-24
7.225200e+02 4.393786e-24
7.241577e+02 4.399768e-24
7.257992e+02 4.405776e-24
7.274443e+02 4.411869e-24
7.290931e+02 4.417865e-24
7.307457e+02 4.423971e-24
7.324021e+02 4.430174e-24
7.340622e+02 4.436267e-24
7.357260e+02 4.442434e-24
7.373936e+02 4.448651e-24
7.390651e+02 4.454845e-24
7.407402e+02 4.461017e-24
7.424193e+02 4.467298e-24
7.441020e+02 4.473596e-24
7.457887e+02 4.479908e-24
7.474791e+02 4.486201e-24
7.491734e+02 4.492561e-24
7.508715e+02 4.498941e-24
7.525734e+02 4.505336e-24
7.542793e+02 4.511745e-24
7.559889e+02 4.518138e-24
7.577025e+02 4.524589e-24
7.594199e+02 4.531067e-24
7.611413e+02 4.537559e-24
7.628665e+02 4.544140e-24
7.645956e+02 4.550659e-24
7.663287e+02 4.557202e-24
7.680657e+02 4.563778e-24
7.698066e+02 4.570436e-24
7.715515e+02 4.577047e-24
7.733003e+02 4.583695e-24
7.750531e+02 4.590391e-24
7.768099e+02 4.597078e-24
7.785707e+02 4.603827e-24
7.803354e+02 4.610607e-24
7.821042e+02 4.617388e-24
7.838769e+02 4.624162e-24
7.856537e+02 4.630988e-24
7.874345e+02 4.637875e-24
7.892193e+02 4.644759e-24
7.910082e+02 4.651639e-24
7.928011e+02 4.658517e-24
7.945981e+02 4.665435e-24
7.963992e+02 4.672423e-24
7.982043e+02 4.679411e-24
8.000136e+02 4.686431e-24
8.018269e+02 4.693512e-24
8.036444e+02 4.700586e-24
8.054660e+02 4.707662e-24
8.072917e+02 4.714729e-24
8.091215e+02 4.721843e-24
8.109555e+02 4.729029e-24
8.127936e+02 4.736194e-24
8.146360e+02 4.743383e-24
8.164824e+02 4.750657e-24
8.183331e+02 4.757857e-24
8.201880e+02 4.765140e-24
8.220471e+02 4.772491e-24
8.239104e+02 4.779765e-24
8.257779e+02 4.787136e-24
8.276496e+02 4.794519e-24
8.295256e+02 4.801898e-24
8.314058e+02 4.809365e-24
8.332903e+02 4.816735e-24
8.351791e+02 4.824218e-24
8.370722e+02 4.831802e-24
8.389695e+02 4.839276e-24
8.408711e+02 4.846824e-24
8.427771e+02 4.854389e-24
8.446874e+02 4.861971e-24
8.466020e+02 4.869628e-24
8.485209e+02 4.877209e-24
8.504442e+02 4.884953e-24
8.523719e+02 4.892631e-24
8.543039e+02 4.900320e-24
8.562403e+02 4.908079e-24
8.581811e+02 4.915827e-24
8.601263e+02 4.923673e-24
8.620759e+02 4.931467e-24
8.640299e+02 4.939312e-24
8.659884e+02 4.947153e-24
8.679512e+02 4.955114e-24
8.699186e+02 4.962984e-24
8.718904e+02 4.970936e-24
8.738666e+02 4.978983e-24
8.758474e+02 4.986964e-24
8.778326e+02 4.994994e-24
8.798224e+02 5.003043e-24
8.818166e+02 5.011099e-24
8.838154e+02 5.019173e-24
8.858187e+02 5.027302e-24
8.878265e+02 5.035447e-24
8.898389e+02 5.043653e-24
8.918558e+02 5.051861e-24
8.938773e+02 5.060078e-24
8.959035e+02 5.068340e-24
8.979341e+02 5.076652e-24
8.999694e+02 5.084959e-24
9.020094e+02 5.093266e-24
9.040539e+02 5.101621e-24
9.061031e+02 5.110022e-24
9.081569e+02 5.118473e-24
9.102153e+02 5.126926e-24
9.122785e+02 5.135375e-24
9.143463e+02 5.143866e-24
9.164188e+02 5.152374e-24
9.184960e+02 5.160861e-24
9.205779e+02 5.169438e-24
9.226645e+02 5.178100e-24
9.247558e+02 5.186756e-24
9.268519e+02 5.195387e-24
9.289528e+02 5.204055e-24
9.310584e+02 5.212729e-24
9.331688e+02 5.221465e-24
9.352839e+02 5.230220e-24
9.374039e+02 5.239008e-24
9.395286e+02 5.247853e-24
9.416582e+02 5.256686e-24
9.437926e+02 5.265547e-24
9.459319e+02 5.274464e-24
9.480760e+02 5.283327e-24
9.502249e+02 5.292303e-24
9.523787e+02 5.301339e-24
9.545374e+02 5.310275e-24
9.567010e+02 5.319321e-24
9.588695e+02 5.328350e-24
9.610429e+02 5.337497e-24
9.632213e+02 5.346663e-24
9.654046e+02 5.355810e-24
9.675928e+02 5.364936e-24
9.697860e+02 5.374177e-24
9.719841e+02 5.383404e-24
9.741873e+02 5.392649e-24
9.763954e+02 5.401878e-24
9.786086e+02 5.411212e-24
9.808267e+02 5.420541e-24
9.830499e+02 5.429970e-24
9.852781e+02 5.439400e-24
9.875114e+02 5.448926e-24
9.897497e+02 5.459009e-24
9.919931e+02 5.508913e-24
9.942416e+02 5.491443e-24
9.964952e+02 5.487418e-24
9.987539e+02 5.496461e-24
1.001018e+03 5.505935e-24
1.003287e+03 5.515561e-24
1.005561e+03 5.525250e-24
1.007840e+03 5.534962e-24
1.010125e+03 5.544489e-24
1.012414e+03 5.554186e-24
1.014709e+03 5.564125e-24
1.017009e+03 5.573811e-24
1.019314e+03 5.583613e-24
1.021624e+03 5.593474e-24
1.023940e+03 5.603392e-24
1.026261e+03 5.613307e-24
1.028587e+03 5.623146e-24
1.030919e+03 5.633212e-24
1.033255e+03 5.643310e-24
1.035597e+03 5.653264e-24
1.037945e+03 5.663284e-24
1.040297e+03 5.673339e-24
1.042655e+03 5.683400e-24
1.045019e+03 5.693581e-24
1.047387e+03 5.703808e-24
1.049761e+03 5.714033e-24
1.052141e+03 5.724231e-24
1.054526e+03 5.734344e-24
1.056916e+03 5.744732e-24
1.059312e+03 5.755088e-24
1.061713e+03 5.765306e-24
1.064119e+03 5.775825e-24
1.066531e+03 5.786146e-24
1.068949e+03 5.796726e-24
1.071371e+03 5.807018e-24
1.073800e+03 5.817483e-24
1.076234e+03 5.828274e-24
1.078673e+03 5.838798e-24
1.081118e+03 5.849275e-24
1.083569e+03 5.859872e-24
1.086025e+03 5.870580e-24
1.088486e+03 5.881305e-24
1.090954e+03 5.891976e-24
1.093427e+03 5.902852e-24
1.095905e+03 5.913644e-24
1.098389e+03 5.924153e-24
1.100879e+03 5.935205e-24
1.103374e+03 5.946185e-24
1.105875e+03 5.956865e-24
1.108381e+03 5.967973e-24
1.110894e+03 5.978811e-24
1.113412e+03 5.989658e-24
1.115935e+03 6.000915e-24
1.118465e+03 6.011856e-24
1.121000e+03 6.022862e-24
1.123541e+03 6.033905e-24
1.126088e+03 6.045053e-24
1.128640e+03 6.056166e-24
1.131198e+03 6.067439e-24
1.133762e+03 6.078704e-24
1.136332e+03 6.090046e-24
1.138908e+03 6.101438e-24
1.141489e+03 6.112857e-24
1.144077e+03 6.124062e-24
1.146670e+03 6.135496e-24
1.149269e+03 6.146865e-24
1.151874e+03 6.158368e-24
1.154485e+03 6.169801e-24
1.157102e+03 6.181469e-24
1.159724e+03 6.193099e-24
1.162353e+03 6.204587e-24
1.164988e+03 6.216102e-24
1.167628e+03 6.227695e-24
1.170275e+03 6.239593e-24
1.172928e+03 6.251492e-24
1.175586e+03 6.263040e-24
1.178251e+03 6.274659e-24
1.180921e+03 6.286574e-24
1.183598e+03 6.298525e-24
1.186281e+03 6.310303e-24
1.188970e+03 6.322134e-24
1.191665e+03 6.334311e-24
1.194366e+03 6.346344e-24
1.197073e+03 6.358297e-24
1.199786e+03 6.370433e-24
1.202506e+03 6.382379e-24
1.205232e+03 6.394382e-24
1.207963e+03 6.406606e-24
1.210701e+03 6.419049e-24
1.213446e+03 6.431202e-24
1.216196e+03 6.443408e-24
1.218953e+03 6.455714e-24
1.221716e+03 6.467975e-24
1.224485e+03 6.480082e-24
1.227260e+03 6.492571e-24
1.230042e+03 6.505105e-24
1.232830e+03 6.517684e-24
1.235625e+03 6.529972e-24
1.238425e+03 6.542636e-24
1.241232e+03 6.555025e-24
1.244046e+03 6.567467e-24
1.246866e+03 6.580337e-24
1.249692e+03 6.592908e-24
1.252524e+03 6.605509e-24
1.255363e+03 6.618236e-24
1.258209e+03 6.630895e-24
1.261061e+03 6.643771e-24
1.263919e+03 6.656590e-24
1.266784e+03 6.669524e-24
1.269655e+03 6.682495e-24
1.272533e+03 6.695586e-24
1.275418e+03 6.708317e-24
1.278309e+03 6.721418e-24
1.281206e+03 6.734310e-24
1.284110e+03 6.747553e-24
1.287021e+03 6.760531e-24
1.289938e+03 6.773903e-24
1.292862e+03 6.787049e-24
1.295792e+03 6.800215e-24
1.298729e+03 6.813357e-24
1.301673e+03 6.826651e-24
1.304623e+03 6.839955e-24
1.307581e+03 6.853332e-24
1.310544e+03 6.866836e-24
1.313515e+03 6.880334e-24
1.316492e+03 6.893604e-24
1.319476e+03 6.907131e-24
1.322467e+03 6.920611e-24
1.325465e+03 6.934217e-24
1.328469e+03 6.947774e-24
1.331480e+03 6.961484e-24
1.334498e+03 6.975269e-24
1.337523e+03 6.988877e-24
1.340555e+03 7.002571e-24
1.343593e+03 7.016343e-24
1.346639e+03 7.030143e-24
1.349691e+03 7.044026e-24
1.352750e+03 7.057985e-24
1.355816e+03 7.072030e-24
1.358890e+03 7.085923e-24
1.361970e+03 7.099796e-24
1.365057e+03 7.114036e-24
1.368151e+03 7.128143e-24
1.371252e+03 7.142034e-24
1.374360e+03 7.156160e-24
1.377475e+03 7.170519e-24
1.380598e+03 7.184667e-24
1.383727e+03 7.198847e-24
1.386863e+03 7.213083e-24
1.390007e+03 7.227425e-24
1.393158e+03 7.241820e-24
1.396315e+03 7.256327e-24
1.399480e+03 7.270865e-24
1.402652e+03 7.285377e-24
1.405832e+03 7.299696e-24
1.409018e+03 7.314447e-24
1.412212e+03 7.329260e-24
1.415413e+03 7.343713e-24
1.418621e+03 7.358236e-24
1.421837e+03 7.373275e-24
1.425059e+03 7.387925e-24
1.428290e+03 7.402610e-24
1.431527e+03 7.417424e-24
1.434772e+03 7.432370e-24
1.438024e+03 7.447251e-24
1.441283e+03 7.462359e-24
1.444550e+03 7.477410e-24
1.447824e+03 7.492160e-24
1.451106e+03 7.507338e-24
1.454395e+03 7.522267e-24
1.457692e+03 7.537596e-24
1.460996e+03 7.552702e-24
1.464307e+03 7.568187e-24
1.467627e+03 7.583386e-24
1.470953e+03 7.598632e-24
1.474287e+03 7.613930e-24
1.477629e+03 7.629340e-24
1.480978e+03 7.644806e-24
1.484335e+03 7.660381e-24
1.487700e+03 7.678184e-24
1.491072e+03 7.692350e-24
1.494451e+03 7.706958e-24
1.497839e+03 7.722425e-24
1.501234e+03 7.738146e-24
1.504637e+03 7.753824e-24
1.508047e+03 7.769415e-24
1.511465e+03 7.785100e-24
1.514891e+03 7.801129e-24
1.518325e+03 7.817173e-24
1.521766e+03 7.833102e-24
1.525216e+03 7.848821e-24
1.528673e+03 7.864657e-24
1.532138e+03 7.880793e-24
1.535611e+03 7.897015e-24
1.539091e+03 7.913105e-24
1.542580e+03 7.929203e-24
1.546076e+03 7.945425e-24
1.549581e+03 7.961528e-24
1.553093e+03 7.977724e-24
1.556613e+03 7.994129e-24
1.560142e+03 8.010687e-24
1.563678e+03 8.027028e-24
1.567222e+03 8.043504e-24
1.570775e+03 8.059933e-24
1.574335e+03 8.076230e-24
1.577903e+03 8.092911e-24
1.581480e+03 8.109576e-24
1.585065e+03 8.126083e-24
1.588658e+03 8.142940e-24
1.592258e+03 8.159505e-24
1.595868e+03 8.176271e-24
1.599485e+03 8.193364e-24
1.603110e+03 8.210137e-24
1.606744e+03 8.227043e-24
1.610386e+03 8.244058e-24
1.614036e+03 8.260985e-24
1.617694e+03 8.277684e-24
1.621361e+03 8.294928e-24
1.625036e+03 8.312188e-24
1.628720e+03 8.329166e-24
1.632411e+03 8.346613e-24
1.636111e+03 8.363653e-24
1.639820e+03 8.380829e-24
1.643537e+03 8.398598e-24
1.647262e+03 8.415861e-24
1.650996e+03 8.433343e-24
1.654738e+03 8.450780e-24
1.658489e+03 8.467923e-24
1.662248e+03 8.485570e-24
1.666016e+03 8.503319e-24
1.669792e+03 8.520793e-24
1.673577e+03 8.538648e-24
1.677370e+03 8.556232e-24
1.681172e+03 8.574233e-24
1.684983e+03 8.592007e-24
1.688802e+03 8.609809e-24
1.692630e+03 8.627673e-24
1.696466e+03 8.645650e-24
1.700312e+03 8.663694e-24
1.704166e+03 8.681523e-24
1.708029e+03 8.699602e-24
1.711900e+03 8.717934e-24
1.715780e+03 8.736034e-24
1.719669e+03 8.754314e-24
1.723567e+03 8.772573e-24
1.727474e+03 8.790798e-24
1.731389e+03 8.809103e-24
1.735314e+03 8.827450e-24
1.739247e+03 8.845892e-24
1.743190e+03 8.864473e-24
1.747141e+03 8.883092e-24
1.751101e+03 8.901804e-24
1.755070e+03 8.920429e-24
1.759048e+03 8.939079e-24
1.763035e+03 8.957850e-24
1.767032e+03 8.976466e-24
1.771037e+03 8.995165e-24
1.775051e+03 9.014145e-24
1.779074e+03 9.033311e-24
1.783107e+03 9.052125e-24
1.787149e+03 9.070848e-24
1.791199e+03 9.089980e-24
1.795259e+03 9.109259e-24
1.799329e+03 9.128405e-24
1.803407e+03 9.147492e-24
1.807495e+03 9.166909e-24
1.811592e+03 9.186052e-24
1.815698e+03 9.205312e-24
1.819813e+03 9.224616e-24
1.823938e+03 9.243981e-24
1.828073e+03 9.263487e-24
1.832216e+03 9.283120e-24
1.836369e+03 9.302810e-24
1.840532e+03 9.322573e-24
1.844703e+03 9.342021e-24
1.848885e+03 9.361907e-24
1.853075e+03 9.381587e-24
1.857276e+03 9.401245e-24
1.861486e+03 9.421476e-24
1.865705e+03 9.441395e-24
1.869934e+03 9.461356e-24
1.874172e+03 9.481007e-24
1.878420e+03 9.501147e-24
1.882678e+03 9.521347e-24
1.886945e+03 9.541686e-24
1.891222e+03 9.561732e-24
1.895509e+03 9.581802e-24
1.899805e+03 9.602420e-24
1.904112e+03 9.622732e-24
1.908428e+03 9.643121e-24
1.912753e+03 9.663571e-24
1.917089e+03 9.684147e-24
1.921434e+03 9.704788e-24
1.925790e+03 9.725184e-24
1.930155e+03 9.745910e-24
1.934530e+03 9.766512e-24
1.938914e+03 9.787415e-24
1.943309e+03 9.808219e-24
1.947714e+03 9.829040e-24
1.952129e+03 9.849936e-24
1.956554e+03 9.870880e-24
1.960988e+03 9.891936e-24
1.965433e+03 9.913136e-24
1.969888e+03 9.934132e-24
1.974353e+03 9.955276e-24
1.978828e+03 9.976442e-24
1.983314e+03 9.999833e-24
1.987809e+03 1.002082e-23
1.992315e+03 1.004055e-23
1.996831e+03 1.006215e-23
2.001357e+03 1.008379e-23
2.005893e+03 1.010549e-23
2.010440e+03 1.012702e-23
2.014997e+03 1.014855e-23
2.019564e+03 1.017019e-23
2.024142e+03 1.019181e-23
2.028730e+03 1.021356e-23
2.033328e+03 1.023509e-23
2.037937e+03 1.025701e-23
2.042556e+03 1.027928e-23
2.047186e+03 1.030096e-23
2.051826e+03 1.032298e-23
2.056477e+03 1.034531e-23
2.061138e+03 1.036706e-23
2.065810e+03 1.038980e-23
2.070492e+03 1.041201e-23
2.075186e+03 1.043382e-23
2.079889e+03 1.045674e-23
2.084604e+03 1.047933e-23
2.089329e+03 1.050189e-23
2.094064e+03 1.052418e-23
2.098811e+03 1.054693e-23
2.103568e+03 1.056967e-23
2.108336e+03 1.059209e-23
2.113115e+03 1.061495e-23
2.117905e+03 1.063743e-23
2.122705e+03 1.066001e-23
2.127517e+03 1.068355e-23
2.132339e+03 1.070619e-23
2.137172e+03 1.072986e-23
2.142017e+03 1.075261e-23
2.146872e+03 1.077590e-23
2.151738e+03 1.079877e-23
2.156615e+03 1.082215e-23
2.161503e+03 1.084562e-23
2.166403e+03 1.086825e-23
2.171313e+03 1.089213e-23
2.176235e+03 1.091540e-23
2.181168e+03 1.093900e-23
2.186111e+03 1.096274e-23
2.191067e+03 1.098614e-23
2.196033e+03 1.100988e-23
2.201011e+03 1.103417e-23
2.206000e+03 1.105788e-23
2.211000e+03 1.108176e-23
2.216011e+03 1.110619e-23
2.221034e+03 1.112977e-23
2.226068e+03 1.115332e-23
2.231114e+03 1.117774e-23
2.236171e+03 1.120221e-23
2.241240e+03 1.122625e-23
2.246320e+03 1.125048e-23
2.251412e+03 1.127496e-23
2.256515e+03 1.129949e-23
2.261630e+03 1.132408e-23
2.266756e+03 1.134873e-23
2.271894e+03 1.137343e-23
2.277043e+03 1.139794e-23
2.282205e+03 1.142252e-23
2.287378e+03 1.144716e-23
2.292562e+03 1.147161e-23
2.297759e+03 1.149657e-23
2.302967e+03 1.152169e-23
2.308187e+03 1.154673e-23
2.313419e+03 1.157199e-23
2.318662e+03 1.159693e-23
2.323918e+03 1.162205e-23
2.329185e+03 1.164708e-23
2.334465e+03 1.167250e-23
2.339756e+03 1.169797e-23
2.345060e+03 1.172351e-23
2.350375e+03 1.174910e-23
2.355702e+03 1.177475e-23
2.361042e+03 1.180034e-23
2.366394e+03 1.182575e-23
2.371758e+03 1.185147e-23
2.377133e+03 1.187689e-23
2.382521e+03 1.190252e-23
2.387922e+03 1.192889e-23
2.393334e+03 1.195461e-23
2.398759e+03 1.198112e-23
2.404196e+03 1.200688e-23
2.409646e+03 1.203311e-23
2.415108e+03 1.205897e-23
2.420582e+03 1.208536e-23
2.426068e+03 1.211181e-23
2.431568e+03 1.213833e-23
2.437079e+03 1.216490e-23
2.442603e+03 1.219153e-23
2.448140e+03 1.221823e-23
2.453689e+03 1.224452e-23
2.459250e+03 1.227131e-23
2.464824e+03 1.229775e-23
2.470411e+03 1.232511e-23
2.476011e+03 1.235174e-23
2.481623e+03 1.238005e-23
2.487248e+03 1.240611e-23
2.492886e+03 1.243267e-23
2.498536e+03 1.245986e-23
2.504200e+03 1.248720e-23
2.509876e+03 1.251499e-23
2.515565e+03 1.254178e-23
2.521267e+03 1.256908e-23
2.526981e+03 1.259667e-23
2.532709e+03 1.262398e-23
2.538450e+03 1.265225e-23
2.544204e+03 1.268000e-23
2.549970e+03 1.270737e-23
2.555750e+03 1.273510e-23
2.561543e+03 1.276340e-23
2.567349e+03 1.279132e-23
2.573169e+03 1.281925e-23
2.579001e+03 1.284714e-23
2.584847e+03 1.287518e-23
2.590706e+03 1.290376e-23
2.596578e+03 1.293183e-23
2.602463e+03 1.295981e-23
2.608362e+03 1.298832e-23
2.614274e+03 1.301689e-23
2.620200e+03 1.304531e-23
2.626139e+03 1.307376e-23
2.632092e+03 1.310275e-23
2.638058e+03 1.313168e-23
2.644037e+03 1.316011e-23
2.650030e+03 1.318897e-23
2.656037e+03 1.321816e-23
2.662057e+03 1.324712e-23
2.668091e+03 1.327631e-23
2.674139e+03 1.330504e-23
2.680200e+03 1.333471e-23
2.686275e+03 1.336411e-23
2.692364e+03 1.339357e-23
2.698467e+03 1.342310e-23
2.704583e+03 1.345259e-23
2.710713e+03 1.348187e-23
2.716858e+03 1.351151e-23
2.723016e+03 1.354092e-23
2.729188e+03 1.357086e-23
2.735374e+03 1.360116e-23
2.741574e+03 1.363075e-23
2.747788e+03 1.366080e-23
2.754017e+03 1.369054e-23
2.760259e+03 1.372122e-23
2.766515e+03 1.375153e-23
2.772786e+03 1.378187e-23
2.779071e+03 1.381134e-23
2.785370e+03 1.384186e-23
2.791684e+03 1.387244e-23
2.798012e+03 1.390309e-23
2.804354e+03 1.393429e-23
2.810710e+03 1.396466e-23
2.817081e+03 1.399549e-23
2.823466e+03 1.402688e-23
2.829866e+03 1.405708e-23
2.836280e+03 1.408847e-23
2.842709e+03 1.411927e-23
2.849153e+03 1.415044e-23
2.855611e+03 1.418175e-23
2.862083e+03 1.421352e-23
2.868571e+03 1.424392e-23
2.875073e+03 1.427511e-23
2.881589e+03 1.430745e-23
2.888121e+03 1.433903e-23
2.894667e+03 1.437063e-23
2.901229e+03 1.440211e-23
2.907805e+03 1.443419e-23
2.914396e+03 1.446599e-23
2.921001e+03 1.449819e-23
2.927622e+03 1.452987e-23
2.934258e+03 1.456199e-23
2.940909e+03 1.459446e-23
2.947575e+03 1.462681e-23
2.954256e+03 1.465868e-23
2.960952e+03 1.469072e-23
2.967664e+03 1.472382e-23
2.974390e+03 1.475669e-23
2.981132e+03 1.478894e-23
2.987890e+03 1.482148e-23
2.994662e+03 1.485458e-23
3.001450e+03 1.488738e-23
3.008253e+03 1.492006e-23
3.015072e+03 1.495326e-23
3.021906e+03 1.498614e-23
3.028755e+03 1.501941e-23
3.035620e+03 1.505276e-23
3.042501e+03 1.508618e-23
3.049397e+03 1.511967e-23
3.056309e+03 1.515310e-23
3.063237e+03 1.518641e-23
3.070180e+03 1.522000e-23
3.077139e+03 1.525357e-23
3.084114e+03 1.528773e-23
3.091104e+03 1.532142e-23
3.098111e+03 1.535566e-23
3.105133e+03 1.538908e-23
3.112171e+03 1.542369e-23
3.119226e+03 1.545799e-23
3.126296e+03 1.549235e-23
3.133382e+03 1.552680e-23
3.140484e+03 1.556133e-23
3.147603e+03 1.559589e-23
3.154737e+03 1.563010e-23
3.161888e+03 1.566442e-23
3.169055e+03 1.569974e-23
3.176238e+03 1.573419e-23
3.183437e+03 1.576969e-23
3.190653e+03 1.580429e-23
3.197885e+03 1.583947e-23
3.205133e+03 1.587473e-23
3.212398e+03 1.591007e-23
3.219680e+03 1.594550e-23
3.226977e+03 1.598100e-23
3.234292e+03 1.601658e-23
3.241623e+03 1.605183e-23
3.248970e+03 1.608710e-23
3.256335e+03 1.612327e-23
3.263716e+03 1.615888e-23
3.271113e+03 1.619517e-23
3.278528e+03 1.623061e-23
3.285959e+03 1.626692e-23
3.293407e+03 1.630330e-23
3.300872e+03 1.633964e-23
3.308354e+03 1.637607e-23
3.315853e+03 1.641224e-23
3.323369e+03 1.644868e-23
3.330902e+03 1.648503e-23
3.338452e+03 1.652194e-23
3.346019e+03 1.655867e-23
3.353603e+03 1.659572e-23
3.361204e+03 1.663264e-23
3.368823e+03 1.666955e-23
3.376459e+03 1.670675e-23
3.384112e+03 1.674403e-23
3.391783e+03 1.678089e-23
3.399471e+03 1.681835e-23
3.407176e+03 1.685616e-23
3.414899e+03 1.689353e-23
3.422639e+03 1.693102e-23
3.430397e+03 1.696877e-23
3.438173e+03 1.700674e-23
3.445966e+03 1.704443e-23
3.453777e+03 1.708232e-23
3.461605e+03 1.712016e-23
3.469451e+03 1.717251e-23
3.477315e+03 1.722435e-23
3.485197e+03 1.723517e-23
3.493097e+03 1.727354e-23
3.501015e+03 1.731194e-23
3.508950e+03 1.735099e-23
3.516904e+03 1.738953e-23
3.524875e+03 1.742777e-23
3.532865e+03 1.746722e-23
3.540873e+03 1.750648e-23
3.548898e+03 1.754482e-23
3.556943e+03 1.758406e-23
3.565005e+03 1.762339e-23
3.573086e+03 1.766281e-23
3.581184e+03 1.770226e-23
3.589302e+03 1.774142e-23
3.597437e+03 1.778115e-23
3.605591e+03 1.782134e-23
3.613764e+03 1.786030e-23
3.621955e+03 1.790077e-23
3.630165e+03 1.794131e-23
3.638393e+03 1.798049e-23
3.646640e+03 1.802073e-23
3.654906e+03 1.806108e-23
3.663190e+03 1.810151e-23
3.671493e+03 1.814159e-23
3.679815e+03 1.818263e-23
3.688156e+03 1.822339e-23
3.696516e+03 1.826335e-23
3.704894e+03 1.830455e-23
3.713292e+03 1.834604e-23
3.721709e+03 1.838641e-23
3.730145e+03 1.842743e-23
3.738599e+03 1.846872e-23
3.747074e+03 1.851010e-23
3.755567e+03 1.855122e-23
3.764079e+03 1.859267e-23
3.772611e+03 1.863470e-23
3.781162e+03 1.867627e-23
3.789733e+03 1.871832e-23
3.798323e+03 1.875979e-23
3.806932e+03 1.880184e-23
3.815561e+03 1.884417e-23
3.824210e+03 1.888643e-23
3.832878e+03 1.892850e-23
3.841566e+03 1.897075e-23
3.850273e+03 1.901303e-23
3.859000e+03 1.905573e-23
3.867747e+03 1.909845e-23
3.876514e+03 1.914132e-23
3.885301e+03 1.918403e-23
3.894107e+03 1.922680e-23
3.902934e+03 1.927021e-23
3.911780e+03 1.931346e-23
3.920647e+03 1.935660e-23
3.929534e+03 1.939977e-23
3.938441e+03 1.944312e-23
3.947368e+03 1.948665e-23
3.956315e+03 1.953055e-23
3.965283e+03 1.957424e-23
3.974271e+03 1.961821e-23
3.983279e+03 1.966159e-23
3.992307e+03 1.970575e-23
4.001356e+03 1.975002e-23
4.010426e+03 1.979438e-23
4.019516e+03 1.983872e-23
4.028627e+03 1.988303e-23
4.037759e+03 1.992799e-23
4.046911e+03 1.997246e-23
4.056084e+03 2.001758e-23
4.065277e+03 2.006181e-23
4.074492e+03 2.010732e-23
4.083727e+03 2.015246e-23
4.092984e+03 2.019732e-23
4.102261e+03 2.024272e-23
4.111559e+03 2.028826e-23
4.120879e+03 2.033432e-23
4.130219e+03 2.037953e-23
4.139581e+03 2.042440e-23
4.148964e+03 2.047082e-23
4.158368e+03 2.051687e-23
4.167794e+03 2.056301e-23
4.177241e+03 2.060926e-23
4.186709e+03 2.065562e-23
4.196199e+03 2.070163e-23
4.205710e+03 2.074815e-23
4.215243e+03 2.079527e-23
4.224797e+03 2.084127e-23
4.234374e+03 2.088845e-23
4.243971e+03 2.093471e-23
4.253591e+03 2.098165e-23
4.263232e+03 2.102887e-23
4.272896e+03 2.107620e-23
4.282581e+03 2.112403e-23
4.292288e+03 2.117170e-23
4.302017e+03 2.121864e-23
4.311768e+03 2.126649e-23
4.321541e+03 2.131417e-23
4.331337e+03 2.136201e-23
4.341154e+03 2.141012e-23
4.350994e+03 2.145833e-23
4.360856e+03 2.150635e-23
4.370741e+03 2.155460e-23
4.380648e+03 2.160344e-23
4.390577e+03 2.165203e-23
4.400529e+03 2.170059e-23
4.410503e+03 2.174921e-23
4.420500e+03 2.179798e-23
4.430520e+03 2.184710e-23
4.440562e+03 2.189633e-23
4.450628e+03 2.194544e-23
4.460716e+03 2.199485e-23
4.470827e+03 2.204449e-23
4.480960e+03 2.209409e-23
4.491117e+03 2.214399e-23
4.501297e+03 2.219360e-23
4.511500e+03 2.224363e-23
4.521726e+03 2.229378e-23
4.531975e+03 2.234388e-23
4.542247e+03 2.239392e-23
4.552543e+03 2.244427e-23
4.562862e+03 2.249467e-23
4.573204e+03 2.254576e-23
4.583570e+03 2.259648e-23
4.593959e+03 2.264706e-23
4.604372e+03 2.269815e-23
4.614809e+03 2.274925e-23
4.625269e+03 2.280017e-23
4.635753e+03 2.285168e-23
4.646260e+03 2.290358e-23
4.656792e+03 2.295483e-23
4.667347e+03 2.300657e-23
4.677926e+03 2.305804e-23
4.688529e+03 2.311007e-23
4.699157e+03 2.316219e-23
4.709808e+03 2.321400e-23
4.720483e+03 2.326640e-23
4.731183e+03 2.331940e-23
4.741907e+03 2.337155e-23
4.752655e+03 2.342479e-23
4.763428e+03 2.347672e-23
4.774225e+03 2.352968e-23
4.785046e+03 2.358281e-23
4.795892e+03 2.363605e-23
4.806763e+03 2.368898e-23
4.817658e+03 2.374285e-23
4.828578e+03 2.379611e-23
4.839523e+03 2.385019e-23
4.850492e+03 2.390414e-23
4.861486e+03 2.395733e-23
4.872506e+03 2.401124e-23
4.883550e+03 2.406625e-23
4.894619e+03 2.412046e-23
4.905713e+03 2.417446e-23
4.916833e+03 2.422930e-23
4.927978e+03 2.428349e-23
4.939148e+03 2.433840e-23
4.950343e+03 2.439354e-23
4.961564e+03 2.444834e-23
4.972810e+03 2.450342e-23
4.984081e+03 2.455848e-23
4.995378e+03 2.461409e-23
