1.0000000e+01	1.1075800e-21
1.0023100e+01	1.0972900e-21
1.0046200e+01	1.0870700e-21
1.0069300e+01	1.0769200e-21
1.0092600e+01	1.0669500e-21
1.0115800e+01	1.0570000e-21
1.0139200e+01	1.0472100e-21
1.0162500e+01	1.0374500e-21
1.0186000e+01	1.0278500e-21
1.0209500e+01	1.0183100e-21
1.0233000e+01	1.0088600e-21
1.0256600e+01	9.9950600e-22
1.0280300e+01	9.9026200e-22
1.0304000e+01	9.8108800e-22
1.0327700e+01	9.7198100e-22
1.0351500e+01	9.6297900e-22
1.0375400e+01	9.5408100e-22
1.0399300e+01	9.4524900e-22
1.0423300e+01	9.3651700e-22
1.0447400e+01	9.2788500e-22
1.0471400e+01	9.1928200e-22
1.0495600e+01	9.1081100e-22
1.0519800e+01	9.0240300e-22
1.0544100e+01	8.9409000e-22
1.0568400e+01	8.8583800e-22
1.0592700e+01	8.7764700e-22
1.0617200e+01	8.6958100e-22
1.0641700e+01	8.6157400e-22
1.0666200e+01	8.5362500e-22
1.0690800e+01	8.4576600e-22
1.0715400e+01	8.3796400e-22
1.0740100e+01	8.3025100e-22
1.0764900e+01	8.2262300e-22
1.0789700e+01	8.1505200e-22
1.0814600e+01	8.0756500e-22
1.0839600e+01	8.0016200e-22
1.0864600e+01	7.9281300e-22
1.0889600e+01	7.8551600e-22
1.0914700e+01	7.7830200e-22
1.0939900e+01	7.7116800e-22
1.0965100e+01	7.6408500e-22
1.0990400e+01	7.5708100e-22
1.1015700e+01	7.5012800e-22
1.1041200e+01	7.4327800e-22
1.1066600e+01	7.3645200e-22
1.1092100e+01	7.2970100e-22
1.1117700e+01	7.2302400e-22
1.1143300e+01	7.1639600e-22
1.1169000e+01	7.0984100e-22
1.1194800e+01	7.0335900e-22
1.1220600e+01	6.9692200e-22
1.1246500e+01	6.9055600e-22
1.1272400e+01	6.8423700e-22
1.1298400e+01	6.7798700e-22
1.1324500e+01	6.7180500e-22
1.1350600e+01	6.6566800e-22
1.1376800e+01	6.5959700e-22
1.1403000e+01	6.5357100e-22
1.1429300e+01	6.4761000e-22
1.1455600e+01	6.4169100e-22
1.1482100e+01	6.3586000e-22
1.1508500e+01	6.3004800e-22
1.1535100e+01	6.2432100e-22
1.1561700e+01	6.1863500e-22
1.1588300e+01	6.1299000e-22
1.1615100e+01	6.0742600e-22
1.1641800e+01	6.0188300e-22
1.1668700e+01	5.9641900e-22
1.1695600e+01	5.9099400e-22
1.1722600e+01	5.8562800e-22
1.1749600e+01	5.8030100e-22
1.1776700e+01	5.7503100e-22
1.1803900e+01	5.6981700e-22
1.1831100e+01	5.6464100e-22
1.1858400e+01	5.5952000e-22
1.1885700e+01	5.5443700e-22
1.1913100e+01	5.4940800e-22
1.1940600e+01	5.4443300e-22
1.1968100e+01	5.3949300e-22
1.1995700e+01	5.3460700e-22
1.2023400e+01	5.2977300e-22
1.2051100e+01	5.2497300e-22
1.2078900e+01	5.2022500e-22
1.2106800e+01	5.1552800e-22
1.2134700e+01	5.1086400e-22
1.2162700e+01	5.0625000e-22
1.2190700e+01	5.0166800e-22
1.2218800e+01	4.9713600e-22
1.2247000e+01	4.9265200e-22
1.2275200e+01	4.8820000e-22
1.2303500e+01	4.8379600e-22
1.2331900e+01	4.7943800e-22
1.2360300e+01	4.7511200e-22
1.2388800e+01	4.7083200e-22
1.2417400e+01	4.6659700e-22
1.2446100e+01	4.6240700e-22
1.2474800e+01	4.5824800e-22
1.2503500e+01	4.5411700e-22
1.2532400e+01	4.5004400e-22
1.2561300e+01	4.4600200e-22
1.2590200e+01	4.4198800e-22
1.2619300e+01	4.3803000e-22
1.2648400e+01	4.3410100e-22
1.2677500e+01	4.3020000e-22
1.2706800e+01	4.2635400e-22
1.2736100e+01	4.2253400e-22
1.2765400e+01	4.1874400e-22
1.2794900e+01	4.1500500e-22
1.2824400e+01	4.1129400e-22
1.2853900e+01	4.0760900e-22
1.2883600e+01	4.0397600e-22
1.2913300e+01	4.0036900e-22
1.2943100e+01	3.9679900e-22
1.2972900e+01	3.9325700e-22
1.3002800e+01	3.8975100e-22
1.3032800e+01	3.8628300e-22
1.3062900e+01	3.8285100e-22
1.3093000e+01	3.7944600e-22
1.3123200e+01	3.7607400e-22
1.3153400e+01	3.7273000e-22
1.3183800e+01	3.6943000e-22
1.3214200e+01	3.6615500e-22
1.3244700e+01	3.6291500e-22
1.3275200e+01	3.5969800e-22
1.3305800e+01	3.5651600e-22
1.3336500e+01	3.5336800e-22
1.3367200e+01	3.5024300e-22
1.3398100e+01	3.4716200e-22
1.3429000e+01	3.4410400e-22
1.3459900e+01	3.4106800e-22
1.3491000e+01	3.3807500e-22
1.3522100e+01	3.3510400e-22
1.3553300e+01	3.3216600e-22
1.3584500e+01	3.2925000e-22
1.3615800e+01	3.2636500e-22
1.3647200e+01	3.2351200e-22
1.3678700e+01	3.2069000e-22
1.3710300e+01	3.1789800e-22
1.3741900e+01	3.1512700e-22
1.3773600e+01	3.1238800e-22
1.3805300e+01	3.0967000e-22
1.3837200e+01	3.0699000e-22
1.3869100e+01	3.0433200e-22
1.3901100e+01	3.0170300e-22
1.3933100e+01	2.9909500e-22
1.3965200e+01	2.9651700e-22
1.3997400e+01	2.9396800e-22
1.4029700e+01	2.9144700e-22
1.4062100e+01	2.8895600e-22
1.4094500e+01	2.8648500e-22
1.4127000e+01	2.8404300e-22
1.4159600e+01	2.8163000e-22
1.4192200e+01	2.7923700e-22
1.4225000e+01	2.7688000e-22
1.4257800e+01	2.7454400e-22
1.4290600e+01	2.7222900e-22
1.4323600e+01	2.6995000e-22
1.4356600e+01	2.6769100e-22
1.4389700e+01	2.6546200e-22
1.4422900e+01	2.6326000e-22
1.4456200e+01	2.6108600e-22
1.4489500e+01	2.5893400e-22
1.4522900e+01	2.5681200e-22
1.4556400e+01	2.5471600e-22
1.4590000e+01	2.5265000e-22
1.4623600e+01	2.5060800e-22
1.4657300e+01	2.4859300e-22
1.4691100e+01	2.4660900e-22
1.4725000e+01	2.4465500e-22
1.4759000e+01	2.4273000e-22
1.4793000e+01	2.4083000e-22
1.4827100e+01	2.3896200e-22
1.4861300e+01	2.3712500e-22
1.4895600e+01	2.3532100e-22
1.4929900e+01	2.3354300e-22
1.4964400e+01	2.3180500e-22
1.4998900e+01	2.3009500e-22
1.5033500e+01	2.2842100e-22
1.5068100e+01	2.2678000e-22
1.5102900e+01	2.2517900e-22
1.5137700e+01	2.2361500e-22
1.5172600e+01	2.2208900e-22
1.5207600e+01	2.2060800e-22
1.5242700e+01	2.1916900e-22
1.5277800e+01	2.1777300e-22
1.5313100e+01	2.1643100e-22
1.5348400e+01	2.1513500e-22
1.5383800e+01	2.1389500e-22
1.5419200e+01	2.1270800e-22
1.5454800e+01	2.1158700e-22
1.5490400e+01	2.1053000e-22
1.5526100e+01	2.0954500e-22
1.5561900e+01	2.0863700e-22
1.5597800e+01	2.0781200e-22
1.5633800e+01	2.0708000e-22
1.5669900e+01	2.0644800e-22
1.5706000e+01	2.0592500e-22
1.5742200e+01	2.0552400e-22
1.5778500e+01	2.0525900e-22
1.5814900e+01	2.0514600e-22
1.5851400e+01	2.0520400e-22
1.5887900e+01	2.0545400e-22
1.5924600e+01	2.0592100e-22
1.5961300e+01	2.0664100e-22
1.5998100e+01	2.0764600e-22
1.6035000e+01	2.0898200e-22
1.6072000e+01	2.1070400e-22
1.6109000e+01	2.1288300e-22
1.6146200e+01	2.1558900e-22
1.6183400e+01	2.1893800e-22
1.6220700e+01	2.2305100e-22
1.6258100e+01	2.2809100e-22
1.6295600e+01	2.3426400e-22
1.6333200e+01	2.4184300e-22
1.6370900e+01	2.5119300e-22
1.6408600e+01	2.6283100e-22
1.6446400e+01	2.7742900e-22
1.6484400e+01	2.9589500e-22
1.6522400e+01	3.1977000e-22
1.6560500e+01	3.5122200e-22
1.6598700e+01	3.9384200e-22
1.6636900e+01	4.5406000e-22
1.6675300e+01	5.4338100e-22
1.6713800e+01	6.8773000e-22
1.6752300e+01	9.5623000e-22
1.6790900e+01	1.6186700e-21
1.6829700e+01	5.4235400e-21
1.6868500e+01	3.8286200e-21
1.6907400e+01	1.4169900e-21
1.6946400e+01	8.6975500e-22
1.6985400e+01	6.3026200e-22
1.7024600e+01	4.9744100e-22
1.7063900e+01	4.1342900e-22
1.7103200e+01	3.5570600e-22
1.7142700e+01	3.1407900e-22
1.7182200e+01	2.8263700e-22
1.7221800e+01	2.5822800e-22
1.7261500e+01	2.3880100e-22
1.7301300e+01	2.2301800e-22
1.7341200e+01	2.0997000e-22
1.7381200e+01	1.9902200e-22
1.7421300e+01	1.8971200e-22
1.7461500e+01	1.8170500e-22
1.7501700e+01	1.7472600e-22
1.7542100e+01	1.6861700e-22
1.7582500e+01	1.6319600e-22
1.7623100e+01	1.5836900e-22
1.7663700e+01	1.5402000e-22
1.7704500e+01	1.5009200e-22
1.7745300e+01	1.4650400e-22
1.7786200e+01	1.4321700e-22
1.7827200e+01	1.4018800e-22
1.7868300e+01	1.3738500e-22
1.7909500e+01	1.3477600e-22
1.7950800e+01	1.3233800e-22
1.7992200e+01	1.3005000e-22
1.8033700e+01	1.2789600e-22
1.8075300e+01	1.2586100e-22
1.8117000e+01	1.2393000e-22
1.8158800e+01	1.2209300e-22
1.8200600e+01	1.2033900e-22
1.8242600e+01	1.1866500e-22
1.8284700e+01	1.1706100e-22
1.8326800e+01	1.1551500e-22
1.8369100e+01	1.1403300e-22
1.8411500e+01	1.1260100e-22
1.8453900e+01	1.1121600e-22
1.8496500e+01	1.0987900e-22
1.8539100e+01	1.0857900e-22
1.8581900e+01	1.0732200e-22
1.8624700e+01	1.0609600e-22
1.8667700e+01	1.0490600e-22
1.8710700e+01	1.0374400e-22
1.8753900e+01	1.0261500e-22
1.8797100e+01	1.0150800e-22
1.8840500e+01	1.0043100e-22
1.8883900e+01	9.9374800e-23
1.8927500e+01	9.8343600e-23
1.8971100e+01	9.7331500e-23
1.9014900e+01	9.6341900e-23
1.9058700e+01	9.5369300e-23
1.9102700e+01	9.4417200e-23
1.9146700e+01	9.3480400e-23
1.9190900e+01	9.2562400e-23
1.9235100e+01	9.1658200e-23
1.9279500e+01	9.0771200e-23
1.9323900e+01	8.9896800e-23
1.9368500e+01	8.9038500e-23
1.9413200e+01	8.8193500e-23
1.9457900e+01	8.7359700e-23
1.9502800e+01	8.6540200e-23
1.9547800e+01	8.5732800e-23
1.9592800e+01	8.4935200e-23
1.9638000e+01	8.4150800e-23
1.9683300e+01	8.3377100e-23
1.9728700e+01	8.2614100e-23
1.9774200e+01	8.1861300e-23
1.9819800e+01	8.1118500e-23
1.9865500e+01	8.0385300e-23
1.9911300e+01	7.9661500e-23
1.9957200e+01	7.8946900e-23
2.0003200e+01	7.8241200e-23
2.0049400e+01	7.7545800e-23
2.0095600e+01	7.6857300e-23
2.0141900e+01	7.6177000e-23
2.0188400e+01	7.5506300e-23
2.0234900e+01	7.4842100e-23
2.0281600e+01	7.4186900e-23
2.0328400e+01	7.3539300e-23
2.0375300e+01	7.2899100e-23
2.0422200e+01	7.2264900e-23
2.0469300e+01	7.1639000e-23
2.0516500e+01	7.1020000e-23
2.0563800e+01	7.0407900e-23
2.0611300e+01	6.9803700e-23
2.0658800e+01	6.9204700e-23
2.0706400e+01	6.8612200e-23
2.0754200e+01	6.8027400e-23
2.0802000e+01	6.7447500e-23
2.0850000e+01	6.6874800e-23
2.0898100e+01	6.6308200e-23
2.0946300e+01	6.5747400e-23
2.0994600e+01	6.5192300e-23
2.1043000e+01	6.4643100e-23
2.1091500e+01	6.4099400e-23
2.1140200e+01	6.3562300e-23
2.1188900e+01	6.3029600e-23
2.1237800e+01	6.2503300e-23
2.1286800e+01	6.1982200e-23
2.1335800e+01	6.1465300e-23
2.1385000e+01	6.0954600e-23
2.1434400e+01	6.0449900e-23
2.1483800e+01	5.9949200e-23
2.1533300e+01	5.9453300e-23
2.1583000e+01	5.8963300e-23
2.1632700e+01	5.8477000e-23
2.1682600e+01	5.7996400e-23
2.1732600e+01	5.7520500e-23
2.1782800e+01	5.7050000e-23
2.1833000e+01	5.6583100e-23
2.1883300e+01	5.6120500e-23
2.1933800e+01	5.5663400e-23
2.1984400e+01	5.5210600e-23
2.2035100e+01	5.4762000e-23
2.2085900e+01	5.4317600e-23
2.2136800e+01	5.3877400e-23
2.2187900e+01	5.3442200e-23
2.2239000e+01	5.3010100e-23
2.2290300e+01	5.2583000e-23
2.2341700e+01	5.2159700e-23
2.2393200e+01	5.1740400e-23
2.2444900e+01	5.1325800e-23
2.2496600e+01	5.0914100e-23
2.2548500e+01	5.0507000e-23
2.2600500e+01	5.0103700e-23
2.2652600e+01	4.9704000e-23
2.2704900e+01	4.9308600e-23
2.2757200e+01	4.8916200e-23
2.2809700e+01	4.8528100e-23
2.2862300e+01	4.8143500e-23
2.2915000e+01	4.7762200e-23
2.2967900e+01	4.7385200e-23
2.3020800e+01	4.7010900e-23
2.3073900e+01	4.6640600e-23
2.3127100e+01	4.6273500e-23
2.3180400e+01	4.5909800e-23
2.3233900e+01	4.5550000e-23
2.3287500e+01	4.5193400e-23
2.3341200e+01	4.4840000e-23
2.3395000e+01	4.4489600e-23
2.3448900e+01	4.4142400e-23
2.3503000e+01	4.3798900e-23
2.3557200e+01	4.3458400e-23
2.3611500e+01	4.3120800e-23
2.3666000e+01	4.2786800e-23
2.3720600e+01	4.2455800e-23
2.3775300e+01	4.2127700e-23
2.3830100e+01	4.1802500e-23
2.3885000e+01	4.1480000e-23
2.3940100e+01	4.1161000e-23
2.3995300e+01	4.0844700e-23
2.4050700e+01	4.0531700e-23
2.4106100e+01	4.0220900e-23
2.4161700e+01	3.9913300e-23
2.4217400e+01	3.9608400e-23
2.4273300e+01	3.9306600e-23
2.4329200e+01	3.9006900e-23
2.4385400e+01	3.8710800e-23
2.4441600e+01	3.8416800e-23
2.4497900e+01	3.8125300e-23
2.4554400e+01	3.7836700e-23
2.4611100e+01	3.7551200e-23
2.4667800e+01	3.7267500e-23
2.4724700e+01	3.6986800e-23
2.4781700e+01	3.6708400e-23
2.4838900e+01	3.6432900e-23
2.4896100e+01	3.6159300e-23
2.4953600e+01	3.5888900e-23
2.5011100e+01	3.5620300e-23
2.5068800e+01	3.5354400e-23
2.5126600e+01	3.5090900e-23
2.5184500e+01	3.4829500e-23
2.5242600e+01	3.4570700e-23
2.5300800e+01	3.4314200e-23
2.5359200e+01	3.4060100e-23
2.5417600e+01	3.3807900e-23
2.5476200e+01	3.3558100e-23
2.5535000e+01	3.3310800e-23
2.5593900e+01	3.3065600e-23
2.5652900e+01	3.2822400e-23
2.5712100e+01	3.2581700e-23
2.5771300e+01	3.2342600e-23
2.5830800e+01	3.2106200e-23
2.5890300e+01	3.1871500e-23
2.5950000e+01	3.1638900e-23
2.6009900e+01	3.1408800e-23
2.6069900e+01	3.1180500e-23
2.6130000e+01	3.0954200e-23
2.6190200e+01	3.0729600e-23
2.6250600e+01	3.0507300e-23
2.6311200e+01	3.0287200e-23
2.6371800e+01	3.0068500e-23
2.6432600e+01	2.9851900e-23
2.6493600e+01	2.9637600e-23
2.6554700e+01	2.9424900e-23
2.6615900e+01	2.9214000e-23
2.6677300e+01	2.9005100e-23
2.6738800e+01	2.8797900e-23
2.6800500e+01	2.8592700e-23
2.6862300e+01	2.8389200e-23
2.6924200e+01	2.8187400e-23
2.6986300e+01	2.7987500e-23
2.7048600e+01	2.7789500e-23
2.7110900e+01	2.7592800e-23
2.7173400e+01	2.7398100e-23
2.7236100e+01	2.7205200e-23
2.7298900e+01	2.7013800e-23
2.7361900e+01	2.6824300e-23
2.7425000e+01	2.6636300e-23
2.7488200e+01	2.6449800e-23
2.7551600e+01	2.6265000e-23
2.7615100e+01	2.6081800e-23
2.7678800e+01	2.5900400e-23
2.7742600e+01	2.5720300e-23
2.7806600e+01	2.5542000e-23
2.7870700e+01	2.5365100e-23
2.7935000e+01	2.5189800e-23
2.7999400e+01	2.5015900e-23
2.8064000e+01	2.4843800e-23
2.8128700e+01	2.4673000e-23
2.8193600e+01	2.4503800e-23
2.8258600e+01	2.4335800e-23
2.8323700e+01	2.4169300e-23
2.8389100e+01	2.4004500e-23
2.8454500e+01	2.3840800e-23
2.8520100e+01	2.3678700e-23
2.8585900e+01	2.3518000e-23
2.8651800e+01	2.3358600e-23
2.8717900e+01	2.3200700e-23
2.8784100e+01	2.3044000e-23
2.8850500e+01	2.2888800e-23
2.8917000e+01	2.2734800e-23
2.8983700e+01	2.2582300e-23
2.9050600e+01	2.2431100e-23
2.9117500e+01	2.2280900e-23
2.9184700e+01	2.2132300e-23
2.9252000e+01	2.1984800e-23
2.9319400e+01	2.1838600e-23
2.9387100e+01	2.1693800e-23
2.9454800e+01	2.1550000e-23
2.9522700e+01	2.1407500e-23
2.9590800e+01	2.1266300e-23
2.9659100e+01	2.1126400e-23
2.9727500e+01	2.0987600e-23
2.9796000e+01	2.0849800e-23
2.9864700e+01	2.0713300e-23
2.9933600e+01	2.0578000e-23
3.0002600e+01	2.0443800e-23
3.0071800e+01	2.0310800e-23
3.0141100e+01	2.0178800e-23
3.0210600e+01	2.0048000e-23
3.0280300e+01	1.9918400e-23
3.0350100e+01	1.9789700e-23
3.0420100e+01	1.9662200e-23
3.0490300e+01	1.9535900e-23
3.0560600e+01	1.9410600e-23
3.0631100e+01	1.9286400e-23
3.0701700e+01	1.9163100e-23
3.0772500e+01	1.9040900e-23
3.0843500e+01	1.8919900e-23
3.0914600e+01	1.8799600e-23
3.0985900e+01	1.8680500e-23
3.1057300e+01	1.8562400e-23
3.1128900e+01	1.8445200e-23
3.1200700e+01	1.8329200e-23
3.1272700e+01	1.8214000e-23
3.1344800e+01	1.8099900e-23
3.1417100e+01	1.7986600e-23
3.1489500e+01	1.7874400e-23
3.1562100e+01	1.7763000e-23
3.1634900e+01	1.7652700e-23
3.1707900e+01	1.7543200e-23
3.1781000e+01	1.7434700e-23
3.1854300e+01	1.7327000e-23
3.1927700e+01	1.7220300e-23
3.2001400e+01	1.7114600e-23
3.2075200e+01	1.7009600e-23
3.2149100e+01	1.6905400e-23
3.2223300e+01	1.6802300e-23
3.2297600e+01	1.6700000e-23
3.2372000e+01	1.6598300e-23
3.2446700e+01	1.6497800e-23
3.2521500e+01	1.6398000e-23
3.2596500e+01	1.6299000e-23
3.2671700e+01	1.6200900e-23
3.2747000e+01	1.6103500e-23
3.2822500e+01	1.6007000e-23
3.2898200e+01	1.5911300e-23
3.2974100e+01	1.5816400e-23
3.3050100e+01	1.5722300e-23
3.3126300e+01	1.5629000e-23
3.3202700e+01	1.5536400e-23
3.3279300e+01	1.5444600e-23
3.3356000e+01	1.5353600e-23
3.3433000e+01	1.5263400e-23
3.3510000e+01	1.5173700e-23
3.3587300e+01	1.5085000e-23
3.3664800e+01	1.4997000e-23
3.3742400e+01	1.4909700e-23
3.3820200e+01	1.4823100e-23
3.3898200e+01	1.4737200e-23
3.3976400e+01	1.4652000e-23
3.4054700e+01	1.4567600e-23
3.4133300e+01	1.4483800e-23
3.4212000e+01	1.4400800e-23
3.4290900e+01	1.4318400e-23
3.4369900e+01	1.4236700e-23
3.4449200e+01	1.4155700e-23
3.4528600e+01	1.4075300e-23
3.4608300e+01	1.3995600e-23
3.4688100e+01	1.3916600e-23
3.4768100e+01	1.3838300e-23
3.4848200e+01	1.3760500e-23
3.4928600e+01	1.3683400e-23
3.5009100e+01	1.3607000e-23
3.5089900e+01	1.3531200e-23
3.5170800e+01	1.3456000e-23
3.5251900e+01	1.3381400e-23
3.5333200e+01	1.3307500e-23
3.5414700e+01	1.3234100e-23
3.5496300e+01	1.3161400e-23
3.5578200e+01	1.3089200e-23
3.5660200e+01	1.3017700e-23
3.5742500e+01	1.2946700e-23
3.5824900e+01	1.2876400e-23
3.5907500e+01	1.2806600e-23
3.5990300e+01	1.2737400e-23
3.6073300e+01	1.2668700e-23
3.6156500e+01	1.2600600e-23
3.6239800e+01	1.2533100e-23
3.6323400e+01	1.2466100e-23
3.6407200e+01	1.2399700e-23
3.6491100e+01	1.2333900e-23
3.6575300e+01	1.2268500e-23
3.6659600e+01	1.2203700e-23
3.6744200e+01	1.2139500e-23
3.6828900e+01	1.2075800e-23
3.6913800e+01	1.2012600e-23
3.6999000e+01	1.1949900e-23
3.7084300e+01	1.1887700e-23
3.7169800e+01	1.1826100e-23
3.7255500e+01	1.1764900e-23
3.7341400e+01	1.1704300e-23
3.7427500e+01	1.1644100e-23
3.7513800e+01	1.1584500e-23
3.7600300e+01	1.1525300e-23
3.7687000e+01	1.1466700e-23
3.7773900e+01	1.1408500e-23
3.7861100e+01	1.1350800e-23
3.7948400e+01	1.1293500e-23
3.8035900e+01	1.1236800e-23
3.8123600e+01	1.1180500e-23
3.8211500e+01	1.1124600e-23
3.8299600e+01	1.1069300e-23
3.8387900e+01	1.1014400e-23
3.8476500e+01	1.0959900e-23
3.8565200e+01	1.0905900e-23
3.8654100e+01	1.0852300e-23
3.8743300e+01	1.0799200e-23
3.8832600e+01	1.0746500e-23
3.8922100e+01	1.0694300e-23
3.9011900e+01	1.0642400e-23
3.9101900e+01	1.0591000e-23
3.9192000e+01	1.0540100e-23
3.9282400e+01	1.0489500e-23
3.9373000e+01	1.0439400e-23
3.9463800e+01	1.0389700e-23
3.9554800e+01	1.0340400e-23
3.9646000e+01	1.0291500e-23
3.9737400e+01	1.0243000e-23
3.9829100e+01	1.0194900e-23
3.9920900e+01	1.0147200e-23
4.0013000e+01	1.0099900e-23
4.0105200e+01	1.0053000e-23
4.0197700e+01	1.0006500e-23
4.0290400e+01	9.9603100e-24
4.0383300e+01	9.9145600e-24
4.0476400e+01	9.8691800e-24
4.0569800e+01	9.8242100e-24
4.0663300e+01	9.7795600e-24
4.0757100e+01	9.7353100e-24
4.0851100e+01	9.6914400e-24
4.0945300e+01	9.6479200e-24
4.1039700e+01	9.6047500e-24
4.1134400e+01	9.5619800e-24
4.1229200e+01	9.5195100e-24
4.1324300e+01	9.4774200e-24
4.1419600e+01	9.4357000e-24
4.1515100e+01	9.3942900e-24
4.1610800e+01	9.3532400e-24
4.1706800e+01	9.3125500e-24
4.1803000e+01	9.2722000e-24
4.1899400e+01	9.2321700e-24
4.1996000e+01	9.1924700e-24
4.2092800e+01	9.1530800e-24
4.2189900e+01	9.1140600e-24
4.2287200e+01	9.0753700e-24
4.2384700e+01	9.0369800e-24
4.2482400e+01	8.9989100e-24
4.2580400e+01	8.9611700e-24
4.2678600e+01	8.9237500e-24
4.2777000e+01	8.8866400e-24
4.2875700e+01	8.8498600e-24
4.2974500e+01	8.8133400e-24
4.3073600e+01	8.7771600e-24
4.3173000e+01	8.7413100e-24
4.3272500e+01	8.7057200e-24
4.3372300e+01	8.6704400e-24
4.3472300e+01	8.6354600e-24
4.3572600e+01	8.6007900e-24
4.3673000e+01	8.5663800e-24
4.3773700e+01	8.5322700e-24
4.3874700e+01	8.4984700e-24
4.3975900e+01	8.4649600e-24
4.4077300e+01	8.4317200e-24
4.4178900e+01	8.3987400e-24
4.4280800e+01	8.3660600e-24
4.4382900e+01	8.3336600e-24
4.4485300e+01	8.3015400e-24
4.4587800e+01	8.2696700e-24
4.4690700e+01	8.2381000e-24
4.4793700e+01	8.2067700e-24
4.4897000e+01	8.1757200e-24
4.5000500e+01	8.1449300e-24
4.5104300e+01	8.1144200e-24
4.5208300e+01	8.0841500e-24
4.5312600e+01	8.0541600e-24
4.5417100e+01	8.0244200e-24
4.5521800e+01	7.9949100e-24
4.5626800e+01	7.9656800e-24
4.5732000e+01	7.9366800e-24
4.5837400e+01	7.9079300e-24
4.5943100e+01	7.8794400e-24
4.6049100e+01	7.8512000e-24
4.6155300e+01	7.8231900e-24
4.6261700e+01	7.7954300e-24
4.6368400e+01	7.7679000e-24
4.6475300e+01	7.7406000e-24
4.6582500e+01	7.7135600e-24
4.6689900e+01	7.6867400e-24
4.6797600e+01	7.6601500e-24
4.6905500e+01	7.6337900e-24
4.7013700e+01	7.6076700e-24
4.7122100e+01	7.5817600e-24
4.7230700e+01	7.5560600e-24
4.7339700e+01	7.5306300e-24
4.7448800e+01	7.5053800e-24
4.7558200e+01	7.4803500e-24
4.7667900e+01	7.4555600e-24
4.7777800e+01	7.4309700e-24
4.7888000e+01	7.4066100e-24
4.7998400e+01	7.3824400e-24
4.8109100e+01	7.3585000e-24
4.8220100e+01	7.3347800e-24
4.8331300e+01	7.3112500e-24
4.8442700e+01	7.2879100e-24
4.8554400e+01	7.2647900e-24
4.8666400e+01	7.2418800e-24
4.8778600e+01	7.2191600e-24
4.8891100e+01	7.1966400e-24
4.9003800e+01	7.1743100e-24
4.9116800e+01	7.1521900e-24
4.9230100e+01	7.1302700e-24
4.9343600e+01	7.1085200e-24
4.9457400e+01	7.0869900e-24
4.9571500e+01	7.0656500e-24
4.9685800e+01	7.0444700e-24
4.9800400e+01	7.0235000e-24
4.9915200e+01	7.0027000e-24
5.0030300e+01	6.9820900e-24
5.0145700e+01	6.9616700e-24
5.0261300e+01	6.9414200e-24
5.0377200e+01	6.9213500e-24
5.0493400e+01	6.9014600e-24
5.0609800e+01	6.8817500e-24
5.0726500e+01	6.8622100e-24
5.0843500e+01	6.8428500e-24
5.0960700e+01	6.8236500e-24
5.1078300e+01	6.8046500e-24
5.1196000e+01	6.7857800e-24
5.1314100e+01	6.7671100e-24
5.1432400e+01	6.7485800e-24
5.1551000e+01	6.7302300e-24
5.1669900e+01	6.7120600e-24
5.1789100e+01	6.6940500e-24
5.1908500e+01	6.6761700e-24
5.2028200e+01	6.6584700e-24
5.2148200e+01	6.6409300e-24
5.2268400e+01	6.6235500e-24
5.2389000e+01	6.6063300e-24
5.2509800e+01	6.5892400e-24
5.2630900e+01	6.5723300e-24
5.2752200e+01	6.5555500e-24
5.2873900e+01	6.5389400e-24
5.2995800e+01	6.5224700e-24
5.3118000e+01	6.5061500e-24
5.3240500e+01	6.4899800e-24
5.3363300e+01	6.4739500e-24
5.3486300e+01	6.4580700e-24
5.3609700e+01	6.4423300e-24
5.3733300e+01	6.4267300e-24
5.3857200e+01	6.4112800e-24
5.3981400e+01	6.3959700e-24
5.4105900e+01	6.3807900e-24
5.4230600e+01	6.3657500e-24
5.4355700e+01	6.3508500e-24
5.4481000e+01	6.3360800e-24
5.4606700e+01	6.3214500e-24
5.4732600e+01	6.3069500e-24
5.4858800e+01	6.2925800e-24
5.4985300e+01	6.2783400e-24
5.5112100e+01	6.2642300e-24
5.5239200e+01	6.2502500e-24
5.5366600e+01	6.2364000e-24
5.5494300e+01	6.2226700e-24
5.5622200e+01	6.2090700e-24
5.5750500e+01	6.1955900e-24
5.5879100e+01	6.1822300e-24
5.6007900e+01	6.1690000e-24
5.6137100e+01	6.1558900e-24
5.6266500e+01	6.1428900e-24
5.6396300e+01	6.1300200e-24
5.6526300e+01	6.1172600e-24
5.6656700e+01	6.1046200e-24
5.6787300e+01	6.0920900e-24
5.6918300e+01	6.0796800e-24
5.7049500e+01	6.0673800e-24
5.7181100e+01	6.0552000e-24
5.7312900e+01	6.0431200e-24
5.7445100e+01	6.0311600e-24
5.7577600e+01	6.0193000e-24
5.7710400e+01	6.0075500e-24
5.7843400e+01	5.9959200e-24
5.7976800e+01	5.9843800e-24
5.8110500e+01	5.9729500e-24
5.8244500e+01	5.9616300e-24
5.8378800e+01	5.9504100e-24
5.8513500e+01	5.9392900e-24
5.8648400e+01	5.9282800e-24
5.8783600e+01	5.9173600e-24
5.8919200e+01	5.9065500e-24
5.9055100e+01	5.8958300e-24
5.9191200e+01	5.8852100e-24
5.9327700e+01	5.8746900e-24
5.9464500e+01	5.8642600e-24
5.9601700e+01	5.8539300e-24
5.9739100e+01	5.8437000e-24
5.9876900e+01	5.8335500e-24
6.0014900e+01	5.8235000e-24
6.0153300e+01	5.8135400e-24
6.0292100e+01	5.8036800e-24
6.0431100e+01	5.7939000e-24
6.0570400e+01	5.7842100e-24
6.0710100e+01	5.7746100e-24
6.0850100e+01	5.7650900e-24
6.0990400e+01	5.7556700e-24
6.1131100e+01	5.7463300e-24
6.1272100e+01	5.7370700e-24
6.1413300e+01	5.7279000e-24
6.1555000e+01	5.7188100e-24
6.1696900e+01	5.7098000e-24
6.1839200e+01	5.7008700e-24
6.1981800e+01	5.6920300e-24
6.2124700e+01	5.6832700e-24
6.2268000e+01	5.6745800e-24
6.2411600e+01	5.6659700e-24
6.2555500e+01	5.6574400e-24
6.2699700e+01	5.6489900e-24
6.2844300e+01	5.6406200e-24
6.2989200e+01	5.6323200e-24
6.3134500e+01	5.6240900e-24
6.3280100e+01	5.6159400e-24
6.3426000e+01	5.6078600e-24
6.3572300e+01	5.5998500e-24
6.3718900e+01	5.5919200e-24
6.3865800e+01	5.5840600e-24
6.4013100e+01	5.5762600e-24
6.4160700e+01	5.5685400e-24
6.4308700e+01	5.5608800e-24
6.4457000e+01	5.5533000e-24
6.4605600e+01	5.5457800e-24
6.4754600e+01	5.5383300e-24
6.4903900e+01	5.5309400e-24
6.5053600e+01	5.5236200e-24
6.5203600e+01	5.5163600e-24
6.5353900e+01	5.5091700e-24
6.5504600e+01	5.5020400e-24
6.5655700e+01	5.4949800e-24
6.5807100e+01	5.4879700e-24
6.5958900e+01	5.4810300e-24
6.6111000e+01	5.4741500e-24
6.6263400e+01	5.4673300e-24
6.6416200e+01	5.4605700e-24
6.6569400e+01	5.4538700e-24
6.6722900e+01	5.4472200e-24
6.6876700e+01	5.4406400e-24
6.7031000e+01	5.4341100e-24
6.7185500e+01	5.4276300e-24
6.7340500e+01	5.4212200e-24
6.7495800e+01	5.4148600e-24
6.7651400e+01	5.4085500e-24
6.7807400e+01	5.4023000e-24
6.7963800e+01	5.3961000e-24
6.8120500e+01	5.3899500e-24
6.8277600e+01	5.3838600e-24
6.8435000e+01	5.3778100e-24
6.8592800e+01	5.3718200e-24
6.8751000e+01	5.3658800e-24
6.8909600e+01	5.3599900e-24
6.9068500e+01	5.3541500e-24
6.9227700e+01	5.3483600e-24
6.9387400e+01	5.3426200e-24
6.9547400e+01	5.3369200e-24
6.9707800e+01	5.3312700e-24
6.9868500e+01	5.3256700e-24
7.0029600e+01	5.3201200e-24
7.0191100e+01	5.3146100e-24
7.0353000e+01	5.3091400e-24
7.0515200e+01	5.3037200e-24
7.0677800e+01	5.2983500e-24
7.0840800e+01	5.2930200e-24
7.1004200e+01	5.2877300e-24
7.1167900e+01	5.2824900e-24
7.1332000e+01	5.2772800e-24
7.1496500e+01	5.2721200e-24
7.1661400e+01	5.2670000e-24
7.1826600e+01	5.2619300e-24
7.1992300e+01	5.2568900e-24
7.2158300e+01	5.2518900e-24
7.2324700e+01	5.2469300e-24
7.2491400e+01	5.2420100e-24
7.2658600e+01	5.2371300e-24
7.2826200e+01	5.2322900e-24
7.2994100e+01	5.2274800e-24
7.3162400e+01	5.2227100e-24
7.3331100e+01	5.2179800e-24
7.3500200e+01	5.2132900e-24
7.3669700e+01	5.2086300e-24
7.3839600e+01	5.2040000e-24
7.4009900e+01	5.1994200e-24
7.4180600e+01	5.1948600e-24
7.4351600e+01	5.1903400e-24
7.4523100e+01	5.1858500e-24
7.4694900e+01	5.1814000e-24
7.4867200e+01	5.1769800e-24
7.5039800e+01	5.1725900e-24
7.5212900e+01	5.1682400e-24
7.5386300e+01	5.1639200e-24
7.5560100e+01	5.1596200e-24
7.5734400e+01	5.1553600e-24
7.5909000e+01	5.1511300e-24
7.6084100e+01	5.1469300e-24
7.6259500e+01	5.1427600e-24
7.6435400e+01	5.1386200e-24
7.6611600e+01	5.1345100e-24
7.6788300e+01	5.1304200e-24
7.6965400e+01	5.1263700e-24
7.7142900e+01	5.1223400e-24
7.7320800e+01	5.1183400e-24
7.7499100e+01	5.1143700e-24
7.7677800e+01	5.1104200e-24
7.7856900e+01	5.1065000e-24
7.8036400e+01	5.1026100e-24
7.8216400e+01	5.0987400e-24
7.8396800e+01	5.0949000e-24
7.8577500e+01	5.0910800e-24
7.8758700e+01	5.0872900e-24
7.8940400e+01	5.0835200e-24
7.9122400e+01	5.0797800e-24
7.9304900e+01	5.0760600e-24
7.9487700e+01	5.0723700e-24
7.9671000e+01	5.0686900e-24
7.9854800e+01	5.0650400e-24
8.0038900e+01	5.0614200e-24
8.0223500e+01	5.0578100e-24
8.0408500e+01	5.0542300e-24
8.0593900e+01	5.0506700e-24
8.0779700e+01	5.0471300e-24
8.0966000e+01	5.0436100e-24
8.1152700e+01	5.0401100e-24
8.1339900e+01	5.0366300e-24
8.1527400e+01	5.0331800e-24
8.1715400e+01	5.0297400e-24
8.1903900e+01	5.0263200e-24
8.2092700e+01	5.0229200e-24
8.2282000e+01	5.0195400e-24
8.2471800e+01	5.0161800e-24
8.2662000e+01	5.0128400e-24
8.2852600e+01	5.0095100e-24
8.3043700e+01	5.0062100e-24
8.3235200e+01	5.0029200e-24
8.3427100e+01	4.9996500e-24
8.3619500e+01	4.9963900e-24
8.3812300e+01	4.9931600e-24
8.4005600e+01	4.9899400e-24
8.4199300e+01	4.9867300e-24
8.4393500e+01	4.9835400e-24
8.4588100e+01	4.9803700e-24
8.4783100e+01	4.9772100e-24
8.4978600e+01	4.9740700e-24
8.5174600e+01	4.9709500e-24
8.5371000e+01	4.9678300e-24
8.5567900e+01	4.9647400e-24
8.5765200e+01	4.9616600e-24
8.5963000e+01	4.9585900e-24
8.6161200e+01	4.9555300e-24
8.6359900e+01	4.9524900e-24
8.6559000e+01	4.9494700e-24
8.6758600e+01	4.9464500e-24
8.6958700e+01	4.9434500e-24
8.7159200e+01	4.9404600e-24
8.7360200e+01	4.9374900e-24
8.7561700e+01	4.9345300e-24
8.7763600e+01	4.9315700e-24
8.7966000e+01	4.9286400e-24
8.8168800e+01	4.9257100e-24
8.8372200e+01	4.9227900e-24
8.8575900e+01	4.9198900e-24
8.8780200e+01	4.9170000e-24
8.8984900e+01	4.9141100e-24
8.9190100e+01	4.9112400e-24
8.9395800e+01	4.9083800e-24
8.9601900e+01	4.9055300e-24
8.9808600e+01	4.9026900e-24
9.0015700e+01	4.8998600e-24
9.0223200e+01	4.8970400e-24
9.0431300e+01	4.8942300e-24
9.0639800e+01	4.8914200e-24
9.0848900e+01	4.8886300e-24
9.1058300e+01	4.8858500e-24
9.1268300e+01	4.8830700e-24
9.1478800e+01	4.8803100e-24
9.1689700e+01	4.8775500e-24
9.1901200e+01	4.8748000e-24
9.2113100e+01	4.8720600e-24
9.2325500e+01	4.8693200e-24
9.2538400e+01	4.8666000e-24
9.2751800e+01	4.8638800e-24
9.2965700e+01	4.8611700e-24
9.3180100e+01	4.8584700e-24
9.3395000e+01	4.8557700e-24
9.3610300e+01	4.8530800e-24
9.3826200e+01	4.8504000e-24
9.4042600e+01	4.8477200e-24
9.4259400e+01	4.8450500e-24
9.4476800e+01	4.8423900e-24
9.4694600e+01	4.8397300e-24
9.4913000e+01	4.8370800e-24
9.5131900e+01	4.8344300e-24
9.5351300e+01	4.8317900e-24
9.5571100e+01	4.8291600e-24
9.5791500e+01	4.8265300e-24
9.6012400e+01	4.8239100e-24
9.6233800e+01	4.8212900e-24
9.6455700e+01	4.8186700e-24
9.6678200e+01	4.8160600e-24
9.6901100e+01	4.8134600e-24
9.7124600e+01	4.8108600e-24
9.7348500e+01	4.8082600e-24
9.7573000e+01	4.8056700e-24
9.7798000e+01	4.8030900e-24
9.8023600e+01	4.8005000e-24
9.8249600e+01	4.7979200e-24
9.8476200e+01	4.7953500e-24
9.8703200e+01	4.7927700e-24
9.8930900e+01	4.7902100e-24
9.9159000e+01	4.7876400e-24
9.9387700e+01	4.7850800e-24
9.9616800e+01	4.7825200e-24
9.9846600e+01	4.7799600e-24
1.0007700e+02	4.7774100e-24
1.0030800e+02	4.7748600e-24
1.0053900e+02	4.7723100e-24
1.0077100e+02	4.7697700e-24
1.0100300e+02	4.7672200e-24
1.0123600e+02	4.7646800e-24
1.0146900e+02	4.7621300e-24
1.0170300e+02	4.7595900e-24
1.0193800e+02	4.7570700e-24
1.0217300e+02	4.7545400e-24
1.0240900e+02	4.7520000e-24
1.0264500e+02	4.7494700e-24
1.0288200e+02	4.7469400e-24
1.0311900e+02	4.7444200e-24
1.0335700e+02	4.7418900e-24
1.0359500e+02	4.7393600e-24
1.0383400e+02	4.7368400e-24
1.0407300e+02	4.7343200e-24
1.0431300e+02	4.7317900e-24
1.0455400e+02	4.7292700e-24
1.0479500e+02	4.7267500e-24
1.0503700e+02	4.7242300e-24
1.0527900e+02	4.7217100e-24
1.0552200e+02	4.7191900e-24
1.0576500e+02	4.7166700e-24
1.0600900e+02	4.7141500e-24
1.0625300e+02	4.7116300e-24
1.0649800e+02	4.7091100e-24
1.0674400e+02	4.7065900e-24
1.0699000e+02	4.7040700e-24
1.0723700e+02	4.7015500e-24
1.0748400e+02	4.6990200e-24
1.0773200e+02	4.6965000e-24
1.0798000e+02	4.6939800e-24
1.0822900e+02	4.6914600e-24
1.0847900e+02	4.6889300e-24
1.0872900e+02	4.6864100e-24
1.0898000e+02	4.6838800e-24
1.0923100e+02	4.6813500e-24
1.0948300e+02	4.6788200e-24
1.0973500e+02	4.6762900e-24
1.0998800e+02	4.6737600e-24
1.1024200e+02	4.6712300e-24
1.1049600e+02	4.6687000e-24
1.1075100e+02	4.6661600e-24
1.1100700e+02	4.6636200e-24
1.1126200e+02	4.6610800e-24
1.1151900e+02	4.6585400e-24
1.1177600e+02	4.6560000e-24
1.1203400e+02	4.6534600e-24
1.1229200e+02	4.6509100e-24
1.1255100e+02	4.6483600e-24
1.1281100e+02	4.6458100e-24
1.1307100e+02	4.6432500e-24
1.1333200e+02	4.6407000e-24
1.1359300e+02	4.6381400e-24
1.1385500e+02	4.6355800e-24
1.1411800e+02	4.6330200e-24
1.1438100e+02	4.6304500e-24
1.1464400e+02	4.6278800e-24
1.1490900e+02	4.6253100e-24
1.1517400e+02	4.6227400e-24
1.1543900e+02	4.6201600e-24
1.1570600e+02	4.6175800e-24
1.1597200e+02	4.6150000e-24
1.1624000e+02	4.6124100e-24
1.1650800e+02	4.6098200e-24
1.1677700e+02	4.6072300e-24
1.1704600e+02	4.6046300e-24
1.1731600e+02	4.6020300e-24
1.1758600e+02	4.5994300e-24
1.1785700e+02	4.5968200e-24
1.1812900e+02	4.5942100e-24
1.1840200e+02	4.5916000e-24
1.1867500e+02	4.5889800e-24
1.1894800e+02	4.5863600e-24
1.1922300e+02	4.5837400e-24
1.1949800e+02	4.5811100e-24
1.1977300e+02	4.5784800e-24
1.2004900e+02	4.5758400e-24
1.2032600e+02	4.5732000e-24
1.2060400e+02	4.5705600e-24
1.2088200e+02	4.5679100e-24
1.2116100e+02	4.5652600e-24
1.2144000e+02	4.5626000e-24
1.2172000e+02	4.5599400e-24
1.2200100e+02	4.5572700e-24
1.2228200e+02	4.5546100e-24
1.2256400e+02	4.5519300e-24
1.2284700e+02	4.5492500e-24
1.2313000e+02	4.5465700e-24
1.2341400e+02	4.5438800e-24
1.2369800e+02	4.5411900e-24
1.2398400e+02	4.5384900e-24
1.2427000e+02	4.5357900e-24
1.2455600e+02	4.5330800e-24
1.2484300e+02	4.5303700e-24
1.2513100e+02	4.5276600e-24
1.2542000e+02	4.5249400e-24
1.2570900e+02	4.5222100e-24
1.2599900e+02	4.5194800e-24
1.2628900e+02	4.5167400e-24
1.2658100e+02	4.5140000e-24
1.2687300e+02	4.5112600e-24
1.2716500e+02	4.5085000e-24
1.2745800e+02	4.5057500e-24
1.2775200e+02	4.5029900e-24
1.2804700e+02	4.5002200e-24
1.2834200e+02	4.4974500e-24
1.2863800e+02	4.4946700e-24
1.2893500e+02	4.4918800e-24
1.2923200e+02	4.4891000e-24
1.2953000e+02	4.4863000e-24
1.2982900e+02	4.4835000e-24
1.3012800e+02	4.4807000e-24
1.3042800e+02	4.4778800e-24
1.3072900e+02	4.4750700e-24
1.3103100e+02	4.4722500e-24
1.3133300e+02	4.4694200e-24
1.3163600e+02	4.4665800e-24
1.3193900e+02	4.4637400e-24
1.3224300e+02	4.4609000e-24
1.3254800e+02	4.4580500e-24
1.3285400e+02	4.4551900e-24
1.3316000e+02	4.4523300e-24
1.3346700e+02	4.4494600e-24
1.3377500e+02	4.4465800e-24
1.3408400e+02	4.4437000e-24
1.3439300e+02	4.4408100e-24
1.3470300e+02	4.4379200e-24
1.3501300e+02	4.4350200e-24
1.3532500e+02	4.4321200e-24
1.3563700e+02	4.4292000e-24
1.3595000e+02	4.4262900e-24
1.3626300e+02	4.4233600e-24
1.3657700e+02	4.4204300e-24
1.3689200e+02	4.4174900e-24
1.3720800e+02	4.4145500e-24
1.3752400e+02	4.4116000e-24
1.3784100e+02	4.4086500e-24
1.3815900e+02	4.4056800e-24
1.3847800e+02	4.4027200e-24
1.3879700e+02	4.3997400e-24
1.3911700e+02	4.3967600e-24
1.3943800e+02	4.3937700e-24
1.3976000e+02	4.3907800e-24
1.4008200e+02	4.3877800e-24
1.4040500e+02	4.3847700e-24
1.4072900e+02	4.3817500e-24
1.4105300e+02	4.3787300e-24
1.4137900e+02	4.3757100e-24
1.4170500e+02	4.3726700e-24
1.4203100e+02	4.3696300e-24
1.4235900e+02	4.3665800e-24
1.4268700e+02	4.3635300e-24
1.4301600e+02	4.3604700e-24
1.4334600e+02	4.3574000e-24
1.4367700e+02	4.3543300e-24
1.4400800e+02	4.3512500e-24
1.4434000e+02	4.3481600e-24
1.4467300e+02	4.3450600e-24
1.4500600e+02	4.3419600e-24
1.4534100e+02	4.3388500e-24
1.4567600e+02	4.3357400e-24
1.4601200e+02	4.3326200e-24
1.4634900e+02	4.3294900e-24
1.4668600e+02	4.3263500e-24
1.4702400e+02	4.3232100e-24
1.4736300e+02	4.3200600e-24
1.4770300e+02	4.3169100e-24
1.4804400e+02	4.3137400e-24
1.4838500e+02	4.3105700e-24
1.4872700e+02	4.3074000e-24
1.4907000e+02	4.3042100e-24
1.4941400e+02	4.3010200e-24
1.4975900e+02	4.2978200e-24
1.5010400e+02	4.2946200e-24
1.5045000e+02	4.2914100e-24
1.5079700e+02	4.2881900e-24
1.5114500e+02	4.2849600e-24
1.5149300e+02	4.2817300e-24
1.5184300e+02	4.2784900e-24
1.5219300e+02	4.2752400e-24
1.5254400e+02	4.2719900e-24
1.5289600e+02	4.2687300e-24
1.5324800e+02	4.2654600e-24
1.5360100e+02	4.2621900e-24
1.5395600e+02	4.2589000e-24
1.5431100e+02	4.2556200e-24
1.5466700e+02	4.2523200e-24
1.5502300e+02	4.2490200e-24
1.5538100e+02	4.2457100e-24
1.5573900e+02	4.2423900e-24
1.5609800e+02	4.2390700e-24
1.5645800e+02	4.2357400e-24
1.5681900e+02	4.2324000e-24
1.5718100e+02	4.2290500e-24
1.5754300e+02	4.2257000e-24
1.5790600e+02	4.2223400e-24
1.5827000e+02	4.2189800e-24
1.5863500e+02	4.2156100e-24
1.5900100e+02	4.2122300e-24
1.5936800e+02	4.2088400e-24
1.5973500e+02	4.2054500e-24
1.6010400e+02	4.2020500e-24
1.6047300e+02	4.1986400e-24
1.6084300e+02	4.1952300e-24
1.6121400e+02	4.1918100e-24
1.6158600e+02	4.1883800e-24
1.6195800e+02	4.1849500e-24
1.6233200e+02	4.1815000e-24
1.6270600e+02	4.1780600e-24
1.6308100e+02	4.1746000e-24
1.6345700e+02	4.1711400e-24
1.6383400e+02	4.1676700e-24
1.6421200e+02	4.1642000e-24
1.6459100e+02	4.1607200e-24
1.6497000e+02	4.1572300e-24
1.6535100e+02	4.1537300e-24
1.6573200e+02	4.1502300e-24
1.6611400e+02	4.1467200e-24
1.6649700e+02	4.1432100e-24
1.6688100e+02	4.1396900e-24
1.6726600e+02	4.1361600e-24
1.6765200e+02	4.1326300e-24
1.6803800e+02	4.1290900e-24
1.6842600e+02	4.1255400e-24
1.6881400e+02	4.1219900e-24
1.6920400e+02	4.1184300e-24
1.6959400e+02	4.1148600e-24
1.6998500e+02	4.1112900e-24
1.7037700e+02	4.1077100e-24
1.7077000e+02	4.1041300e-24
1.7116300e+02	4.1005300e-24
1.7155800e+02	4.0969400e-24
1.7195400e+02	4.0933300e-24
1.7235000e+02	4.0897200e-24
1.7274800e+02	4.0861100e-24
1.7314600e+02	4.0824900e-24
1.7354500e+02	4.0788600e-24
1.7394600e+02	4.0752300e-24
1.7434700e+02	4.0715900e-24
1.7474900e+02	4.0679400e-24
1.7515200e+02	4.0642900e-24
1.7555600e+02	4.0606400e-24
1.7596000e+02	4.0569700e-24
1.7636600e+02	4.0533100e-24
1.7677300e+02	4.0496300e-24
1.7718100e+02	4.0459600e-24
1.7758900e+02	4.0422700e-24
1.7799900e+02	4.0385800e-24
1.7840900e+02	4.0348900e-24
1.7882100e+02	4.0311900e-24
1.7923300e+02	4.0274800e-24
1.7964600e+02	4.0237700e-24
1.8006100e+02	4.0200600e-24
1.8047600e+02	4.0163400e-24
1.8089200e+02	4.0126100e-24
1.8130900e+02	4.0088800e-24
1.8172700e+02	4.0051400e-24
1.8214600e+02	4.0014100e-24
1.8256600e+02	3.9976600e-24
1.8298700e+02	3.9939100e-24
1.8340900e+02	3.9901600e-24
1.8383200e+02	3.9864000e-24
1.8425600e+02	3.9826400e-24
1.8468100e+02	3.9788700e-24
1.8510700e+02	3.9751000e-24
1.8553400e+02	3.9713300e-24
1.8596200e+02	3.9675500e-24
1.8639000e+02	3.9637600e-24
1.8682000e+02	3.9599800e-24
1.8725100e+02	3.9561900e-24
1.8768300e+02	3.9523900e-24
1.8811600e+02	3.9485900e-24
1.8854900e+02	3.9447900e-24
1.8898400e+02	3.9409900e-24
1.8942000e+02	3.9371800e-24
1.8985700e+02	3.9333700e-24
1.9029500e+02	3.9295500e-24
1.9073300e+02	3.9257400e-24
1.9117300e+02	3.9219200e-24
1.9161400e+02	3.9180900e-24
1.9205600e+02	3.9142700e-24
1.9249900e+02	3.9104400e-24
1.9294300e+02	3.9066100e-24
1.9338800e+02	3.9027700e-24
1.9383400e+02	3.8989400e-24
1.9428100e+02	3.8951000e-24
1.9472900e+02	3.8912600e-24
1.9517800e+02	3.8874200e-24
1.9562800e+02	3.8835800e-24
1.9607900e+02	3.8797300e-24
1.9653100e+02	3.8758900e-24
1.9698400e+02	3.8720400e-24
1.9743800e+02	3.8681900e-24
1.9789400e+02	3.8643400e-24
1.9835000e+02	3.8604900e-24
1.9880800e+02	3.8566400e-24
1.9926600e+02	3.8527900e-24
1.9972500e+02	3.8489400e-24
2.0018600e+02	3.8450800e-24
2.0064800e+02	3.8412300e-24
2.0111000e+02	3.8373800e-24
2.0157400e+02	3.8335200e-24
2.0203900e+02	3.8296700e-24
2.0250500e+02	3.8258200e-24
2.0297200e+02	3.8219700e-24
2.0344000e+02	3.8181100e-24
2.0390900e+02	3.8142600e-24
2.0437900e+02	3.8104100e-24
2.0485100e+02	3.8065700e-24
2.0532300e+02	3.8027200e-24
2.0579600e+02	3.7988800e-24
2.0627100e+02	3.7950300e-24
2.0674700e+02	3.7911900e-24
2.0722300e+02	3.7873500e-24
2.0770100e+02	3.7835200e-24
2.0818000e+02	3.7796800e-24
2.0866000e+02	3.7758500e-24
2.0914100e+02	3.7720200e-24
2.0962400e+02	3.7682000e-24
2.1010700e+02	3.7643700e-24
2.1059200e+02	3.7605600e-24
2.1107700e+02	3.7567400e-24
2.1156400e+02	3.7529300e-24
2.1205200e+02	3.7491200e-24
2.1254100e+02	3.7453200e-24
2.1303100e+02	3.7415300e-24
2.1352200e+02	3.7377300e-24
2.1401500e+02	3.7339500e-24
2.1450800e+02	3.7301600e-24
2.1500300e+02	3.7263900e-24
2.1549900e+02	3.7226200e-24
2.1599600e+02	3.7188500e-24
2.1649400e+02	3.7150900e-24
2.1699300e+02	3.7113400e-24
2.1749300e+02	3.7076000e-24
2.1799500e+02	3.7038600e-24
2.1849800e+02	3.7001300e-24
2.1900100e+02	3.6964000e-24
2.1950600e+02	3.6926900e-24
2.2001300e+02	3.6889800e-24
2.2052000e+02	3.6852800e-24
2.2102800e+02	3.6815900e-24
2.2153800e+02	3.6779100e-24
2.2204900e+02	3.6742400e-24
2.2256100e+02	3.6705800e-24
2.2307400e+02	3.6669200e-24
2.2358900e+02	3.6632800e-24
2.2410400e+02	3.6596500e-24
2.2462100e+02	3.6560300e-24
2.2513900e+02	3.6524200e-24
2.2565800e+02	3.6488200e-24
2.2617900e+02	3.6452300e-24
2.2670000e+02	3.6416600e-24
2.2722300e+02	3.6380900e-24
2.2774700e+02	3.6345400e-24
2.2827200e+02	3.6310000e-24
2.2879800e+02	3.6274800e-24
2.2932600e+02	3.6239700e-24
2.2985500e+02	3.6204700e-24
2.3038500e+02	3.6169900e-24
2.3091600e+02	3.6135300e-24
2.3144900e+02	3.6100700e-24
2.3198200e+02	3.6066400e-24
2.3251700e+02	3.6032200e-24
2.3305400e+02	3.5998100e-24
2.3359100e+02	3.5964200e-24
2.3413000e+02	3.5930500e-24
2.3467000e+02	3.5897000e-24
2.3521100e+02	3.5863600e-24
2.3575300e+02	3.5830500e-24
2.3629700e+02	3.5797500e-24
2.3684200e+02	3.5764700e-24
2.3738800e+02	3.5732100e-24
2.3793500e+02	3.5699700e-24
2.3848400e+02	3.5667500e-24
2.3903400e+02	3.5635500e-24
2.3958500e+02	3.5603700e-24
2.4013800e+02	3.5572100e-24
2.4069100e+02	3.5540800e-24
2.4124600e+02	3.5509700e-24
2.4180300e+02	3.5478800e-24
2.4236000e+02	3.5448100e-24
2.4291900e+02	3.5417700e-24
2.4347900e+02	3.5387500e-24
2.4404100e+02	3.5357600e-24
2.4460400e+02	3.5327900e-24
2.4516800e+02	3.5298500e-24
2.4573300e+02	3.5269300e-24
2.4630000e+02	3.5240400e-24
2.4686800e+02	3.5211800e-24
2.4743700e+02	3.5183500e-24
2.4800700e+02	3.5155400e-24
2.4857900e+02	3.5127700e-24
2.4915300e+02	3.5100200e-24
2.4972700e+02	3.5073000e-24
2.5030300e+02	3.5046100e-24
2.5088000e+02	3.5019600e-24
2.5145900e+02	3.4993300e-24
2.5203900e+02	3.4967400e-24
2.5262000e+02	3.4941800e-24
2.5320200e+02	3.4916500e-24
2.5378600e+02	3.4891600e-24
2.5437200e+02	3.4867000e-24
2.5495800e+02	3.4842800e-24
2.5554600e+02	3.4818900e-24
2.5613500e+02	3.4795400e-24
2.5672600e+02	3.4772200e-24
2.5731800e+02	3.4749400e-24
2.5791100e+02	3.4727000e-24
2.5850600e+02	3.4705000e-24
2.5910200e+02	3.4683400e-24
2.5970000e+02	3.4662200e-24
2.6029900e+02	3.4641300e-24
2.6089900e+02	3.4620900e-24
2.6150000e+02	3.4600900e-24
2.6210300e+02	3.4581300e-24
2.6270800e+02	3.4562200e-24
2.6331400e+02	3.4543500e-24
2.6392100e+02	3.4525200e-24
2.6453000e+02	3.4507400e-24
2.6514000e+02	3.4490000e-24
2.6575100e+02	3.4473100e-24
2.6636400e+02	3.4456700e-24
2.6697800e+02	3.4440800e-24
2.6759400e+02	3.4425300e-24
2.6821100e+02	3.4410300e-24
2.6882900e+02	3.4395800e-24
2.6944900e+02	3.4381900e-24
2.7007100e+02	3.4368400e-24
2.7069300e+02	3.4355500e-24
2.7131800e+02	3.4343100e-24
2.7194300e+02	3.4331200e-24
2.7257000e+02	3.4319800e-24
2.7319900e+02	3.4309000e-24
2.7382900e+02	3.4298800e-24
2.7446000e+02	3.4289100e-24
2.7509300e+02	3.4280000e-24
2.7572800e+02	3.4271500e-24
2.7636300e+02	3.4263600e-24
2.7700100e+02	3.4256300e-24
2.7763900e+02	3.4249500e-24
2.7828000e+02	3.4243400e-24
2.7892100e+02	3.4237900e-24
2.7956500e+02	3.4233000e-24
2.8020900e+02	3.4228800e-24
2.8085500e+02	3.4225100e-24
2.8150300e+02	3.4222200e-24
2.8215200e+02	3.4219900e-24
2.8280300e+02	3.4218300e-24
2.8345500e+02	3.4217300e-24
2.8410900e+02	3.4217000e-24
2.8476400e+02	3.4217400e-24
2.8542100e+02	3.4218500e-24
2.8607900e+02	3.4220300e-24
2.8673800e+02	3.4222900e-24
2.8740000e+02	3.4226100e-24
2.8806200e+02	3.4230100e-24
2.8872700e+02	3.4234800e-24
2.8939200e+02	3.4240300e-24
2.9006000e+02	3.4246500e-24
2.9072900e+02	3.4253500e-24
2.9139900e+02	3.4261300e-24
2.9207100e+02	3.4269900e-24
2.9274500e+02	3.4279200e-24
2.9342000e+02	3.4289300e-24
2.9409600e+02	3.4300300e-24
2.9477400e+02	3.4312100e-24
2.9545400e+02	3.4324600e-24
2.9613600e+02	3.4338100e-24
2.9681800e+02	3.4352300e-24
2.9750300e+02	3.4367400e-24
2.9818900e+02	3.4383400e-24
2.9887700e+02	3.4400200e-24
2.9956600e+02	3.4418000e-24
3.0025700e+02	3.4436600e-24
3.0094900e+02	3.4456100e-24
3.0164300e+02	3.4476500e-24
3.0233900e+02	3.4497800e-24
3.0303600e+02	3.4520000e-24
3.0373500e+02	3.4543200e-24
3.0443500e+02	3.4567200e-24
3.0513700e+02	3.4592300e-24
3.0584100e+02	3.4618300e-24
3.0654600e+02	3.4645200e-24
3.0725300e+02	3.4673200e-24
3.0796100e+02	3.4702100e-24
3.0867100e+02	3.4731900e-24
3.0938300e+02	3.4762800e-24
3.1009700e+02	3.4794700e-24
3.1081200e+02	3.4827600e-24
3.1152900e+02	3.4861600e-24
3.1224700e+02	3.4896500e-24
3.1296700e+02	3.4932500e-24
3.1368900e+02	3.4969600e-24
3.1441200e+02	3.5007700e-24
3.1513700e+02	3.5046900e-24
3.1586400e+02	3.5087100e-24
3.1659200e+02	3.5128400e-24
3.1732200e+02	3.5170800e-24
3.1805400e+02	3.5214400e-24
3.1878700e+02	3.5259000e-24
3.1952300e+02	3.5304700e-24
3.2025900e+02	3.5351600e-24
3.2099800e+02	3.5399500e-24
3.2173800e+02	3.5448700e-24
3.2248000e+02	3.5498900e-24
3.2322400e+02	3.5550300e-24
3.2396900e+02	3.5602900e-24
3.2471600e+02	3.5656700e-24
3.2546500e+02	3.5711600e-24
3.2621500e+02	3.5767700e-24
3.2696800e+02	3.5825000e-24
3.2772200e+02	3.5883500e-24
3.2847700e+02	3.5943200e-24
3.2923500e+02	3.6004200e-24
3.2999400e+02	3.6066300e-24
3.3075500e+02	3.6129700e-24
3.3151800e+02	3.6194300e-24
3.3228200e+02	3.6260200e-24
3.3304900e+02	3.6327300e-24
3.3381700e+02	3.6395700e-24
3.3458600e+02	3.6465300e-24
3.3535800e+02	3.6536200e-24
3.3613100e+02	3.6608400e-24
3.3690600e+02	3.6681900e-24
3.3768300e+02	3.6756700e-24
3.3846200e+02	3.6832800e-24
3.3924200e+02	3.6910200e-24
3.4002500e+02	3.6988900e-24
3.4080900e+02	3.7068900e-24
3.4159500e+02	3.7150200e-24
3.4238200e+02	3.7232900e-24
3.4317200e+02	3.7316900e-24
3.4396300e+02	3.7402300e-24
3.4475700e+02	3.7488900e-24
3.4555200e+02	3.7577000e-24
3.4634800e+02	3.7666600e-24
3.4714700e+02	3.7757400e-24
3.4794800e+02	3.7849500e-24
3.4875000e+02	3.7943100e-24
3.4955400e+02	3.8038100e-24
3.5036000e+02	3.8134400e-24
3.5116800e+02	3.8232200e-24
3.5197800e+02	3.8331300e-24
3.5279000e+02	3.8431900e-24
3.5360300e+02	3.8533900e-24
3.5441900e+02	3.8637200e-24
3.5523600e+02	3.8742100e-24
3.5605500e+02	3.8848300e-24
3.5687600e+02	3.8956000e-24
3.5769900e+02	3.9065100e-24
3.5852400e+02	3.9175700e-24
3.5935100e+02	3.9287700e-24
3.6017900e+02	3.9401300e-24
3.6101000e+02	3.9516100e-24
3.6184200e+02	3.9632600e-24
3.6267700e+02	3.9750400e-24
3.6351300e+02	3.9869700e-24
3.6435100e+02	3.9990600e-24
3.6519200e+02	4.0112700e-24
3.6603400e+02	4.0236600e-24
3.6687800e+02	4.0361900e-24
3.6772400e+02	4.0488600e-24
3.6857200e+02	4.0616900e-24
3.6942200e+02	4.0746700e-24
3.7027400e+02	4.0877900e-24
3.7112800e+02	4.1010600e-24
3.7198300e+02	4.1145100e-24
3.7284100e+02	4.1280800e-24
3.7370100e+02	4.1418100e-24
3.7456300e+02	4.1556800e-24
3.7542600e+02	4.1697400e-24
3.7629200e+02	4.1839200e-24
3.7716000e+02	4.1982600e-24
3.7803000e+02	4.2127500e-24
3.7890100e+02	4.2274200e-24
3.7977500e+02	4.2422200e-24
3.8065100e+02	4.2571700e-24
3.8152900e+02	4.2722800e-24
3.8240800e+02	4.2875700e-24
3.8329000e+02	4.3029900e-24
3.8417400e+02	4.3185600e-24
3.8506000e+02	4.3343000e-24
3.8594800e+02	4.3501900e-24
3.8683800e+02	4.3662400e-24
3.8773000e+02	4.3824500e-24
3.8862400e+02	4.3988100e-24
3.8952000e+02	4.4153400e-24
3.9041900e+02	4.4320000e-24
3.9131900e+02	4.4488400e-24
3.9222100e+02	4.4658400e-24
3.9312600e+02	4.4829900e-24
3.9403200e+02	4.5003100e-24
3.9494100e+02	4.5177600e-24
3.9585200e+02	4.5353800e-24
3.9676500e+02	4.5531700e-24
3.9767900e+02	4.5711300e-24
3.9859700e+02	4.5892200e-24
3.9951600e+02	4.6074900e-24
4.0043700e+02	4.6259200e-24
4.0136000e+02	4.6445200e-24
4.0228600e+02	4.6632500e-24
4.0321400e+02	4.6821500e-24
4.0414300e+02	4.7012400e-24
4.0507500e+02	4.7204600e-24
4.0600900e+02	4.7398500e-24
4.0694600e+02	4.7593900e-24
4.0788400e+02	4.7791100e-24
4.0882500e+02	4.7989700e-24
4.0976700e+02	4.8190300e-24
4.1071200e+02	4.8392300e-24
4.1166000e+02	4.8595800e-24
4.1260900e+02	4.8801100e-24
4.1356000e+02	4.9008100e-24
4.1451400e+02	4.9216600e-24
4.1547000e+02	4.9426800e-24
4.1642800e+02	4.9638600e-24
4.1738800e+02	4.9852100e-24
4.1835100e+02	5.0067200e-24
4.1931500e+02	5.0284200e-24
4.2028200e+02	5.0502700e-24
4.2125200e+02	5.0722800e-24
4.2222300e+02	5.0944800e-24
4.2319700e+02	5.1168400e-24
4.2417300e+02	5.1393900e-24
4.2515100e+02	5.1621200e-24
4.2613100e+02	5.1850500e-24
4.2711400e+02	5.2081600e-24
4.2809900e+02	5.2314900e-24
4.2908600e+02	5.2550700e-24
4.3007500e+02	5.2789200e-24
4.3106700e+02	5.3030900e-24
4.3206100e+02	5.3277400e-24
4.3305700e+02	5.3531300e-24
4.3405600e+02	5.3798600e-24
4.3505700e+02	5.4097800e-24
4.3606000e+02	5.4502700e-24
4.3706600e+02	5.5608000e-24
4.3807400e+02	1.0575600e-22
4.3908400e+02	5.7000200e-24
4.4009600e+02	5.5472100e-24
4.4111100e+02	5.5574700e-24
4.4212900e+02	5.5776400e-24
4.4314800e+02	5.6008300e-24
4.4417000e+02	5.6252900e-24
4.4519400e+02	5.6504500e-24
4.4622100e+02	5.6760300e-24
4.4725000e+02	5.7019400e-24
4.4828100e+02	5.7281200e-24
4.4931500e+02	5.7545400e-24
4.5035100e+02	5.7811600e-24
4.5139000e+02	5.8079700e-24
4.5243000e+02	5.8350000e-24
4.5347400e+02	5.8621700e-24
4.5451900e+02	5.8895600e-24
4.5556800e+02	5.9170800e-24
4.5661800e+02	5.9448100e-24
4.5767100e+02	5.9727100e-24
4.5872700e+02	6.0007600e-24
4.5978400e+02	6.0290200e-24
4.6084500e+02	6.0574100e-24
4.6190700e+02	6.0860100e-24
4.6297200e+02	6.1147600e-24
4.6404000e+02	6.1436600e-24
4.6511000e+02	6.1727600e-24
4.6618300e+02	6.2020000e-24
4.6725800e+02	6.2314300e-24
4.6833500e+02	6.2610400e-24
4.6941500e+02	6.2908100e-24
4.7049800e+02	6.3207200e-24
4.7158300e+02	6.3508300e-24
4.7267000e+02	6.3811100e-24
4.7376000e+02	6.4115500e-24
4.7485300e+02	6.4421600e-24
4.7594800e+02	6.4729400e-24
4.7704500e+02	6.5039100e-24
4.7814500e+02	6.5350300e-24
4.7924800e+02	6.5663200e-24
4.8035300e+02	6.5977800e-24
4.8146100e+02	6.6294000e-24
4.8257100e+02	6.6612200e-24
4.8368400e+02	6.6931800e-24
4.8479900e+02	6.7253400e-24
4.8591700e+02	6.7576500e-24
4.8703800e+02	6.7901300e-24
4.8816100e+02	6.8227900e-24
4.8928600e+02	6.8556400e-24
4.9041500e+02	6.8886200e-24
4.9154600e+02	6.9217900e-24
4.9267900e+02	6.9551400e-24
4.9381500e+02	6.9886700e-24
4.9495400e+02	7.0223400e-24
4.9609500e+02	7.0562100e-24
4.9723900e+02	7.0902500e-24
4.9838600e+02	7.1244400e-24
4.9953500e+02	7.1588300e-24
5.0068700e+02	7.1933800e-24
5.0184200e+02	7.2280800e-24
5.0299900e+02	7.2629800e-24
5.0415900e+02	7.2980500e-24
5.0532200e+02	7.3332900e-24
5.0648700e+02	7.3687100e-24
5.0765500e+02	7.4042900e-24
5.0882500e+02	7.4400800e-24
5.0999900e+02	7.4760000e-24
5.1117500e+02	7.5121100e-24
5.1235400e+02	7.5483900e-24
5.1353500e+02	7.5848700e-24
5.1471900e+02	7.6215100e-24
5.1590600e+02	7.6583200e-24
5.1709600e+02	7.6952900e-24
5.1828800e+02	7.7324700e-24
5.1948400e+02	7.7697800e-24
5.2068200e+02	7.8073000e-24
5.2188200e+02	7.8450000e-24
5.2308600e+02	7.8828500e-24
5.2429200e+02	7.9209000e-24
5.2550100e+02	7.9591200e-24
5.2671300e+02	7.9975000e-24
5.2792700e+02	8.0360900e-24
5.2914500e+02	8.0748200e-24
5.3036500e+02	8.1137600e-24
5.3158800e+02	8.1528600e-24
5.3281400e+02	8.1921400e-24
5.3404300e+02	8.2315900e-24
5.3527400e+02	8.2712400e-24
5.3650800e+02	8.3110700e-24
5.3774600e+02	8.3510400e-24
5.3898600e+02	8.3912100e-24
5.4022900e+02	8.4315700e-24
5.4147400e+02	8.4721200e-24
5.4272300e+02	8.5128200e-24
5.4397400e+02	8.5537300e-24
5.4522900e+02	8.5947800e-24
5.4648600e+02	8.6360400e-24
5.4774600e+02	8.6774700e-24
5.4901000e+02	8.7190500e-24
5.5027600e+02	8.7608500e-24
5.5154400e+02	8.8028600e-24
5.5281600e+02	8.8450000e-24
5.5409100e+02	8.8873300e-24
5.5536900e+02	8.9298500e-24
5.5665000e+02	8.9725400e-24
5.5793300e+02	9.0154400e-24
5.5922000e+02	9.0584900e-24
5.6050900e+02	9.1017500e-24
5.6180200e+02	9.1451700e-24
5.6309700e+02	9.1888000e-24
5.6439600e+02	9.2325800e-24
5.6569700e+02	9.2765700e-24
5.6700200e+02	9.3207300e-24
5.6830900e+02	9.3650800e-24
5.6962000e+02	9.4096100e-24
5.7093300e+02	9.4543400e-24
5.7225000e+02	9.4992300e-24
5.7357000e+02	9.5443000e-24
5.7489200e+02	9.5896000e-24
5.7621800e+02	9.6350400e-24
5.7754700e+02	9.6806800e-24
5.7887900e+02	9.7265100e-24
5.8021400e+02	9.7725100e-24
5.8155200e+02	9.8187200e-24
5.8289300e+02	9.8651200e-24
5.8423700e+02	9.9116900e-24
5.8558400e+02	9.9584700e-24
5.8693400e+02	1.0005400e-23
5.8828800e+02	1.0052600e-23
5.8964400e+02	1.0099900e-23
5.9100400e+02	1.0147400e-23
5.9236700e+02	1.0195100e-23
5.9373300e+02	1.0243000e-23
5.9510200e+02	1.0291100e-23
5.9647400e+02	1.0339400e-23
5.9785000e+02	1.0387800e-23
5.9922900e+02	1.0436500e-23
6.0061000e+02	1.0485300e-23
6.0199500e+02	1.0534300e-23
6.0338400e+02	1.0583600e-23
6.0477500e+02	1.0633000e-23
6.0617000e+02	1.0682600e-23
6.0756700e+02	1.0732400e-23
6.0896900e+02	1.0782400e-23
6.1037300e+02	1.0832600e-23
6.1178000e+02	1.0882900e-23
6.1319100e+02	1.0933500e-23
6.1460500e+02	1.0984300e-23
6.1602200e+02	1.1035200e-23
6.1744300e+02	1.1086400e-23
6.1886700e+02	1.1137700e-23
6.2029400e+02	1.1189300e-23
6.2172400e+02	1.1241000e-23
6.2315800e+02	1.1292900e-23
6.2459500e+02	1.1345000e-23
6.2603500e+02	1.1397300e-23
6.2747900e+02	1.1449900e-23
6.2892600e+02	1.1502600e-23
6.3037600e+02	1.1555500e-23
6.3183000e+02	1.1608600e-23
6.3328700e+02	1.1661900e-23
6.3474700e+02	1.1715400e-23
6.3621100e+02	1.1769000e-23
6.3767800e+02	1.1822900e-23
6.3914900e+02	1.1877000e-23
6.4062300e+02	1.1931300e-23
6.4210000e+02	1.1985800e-23
6.4358000e+02	1.2040500e-23
6.4506500e+02	1.2095400e-23
6.4655200e+02	1.2150400e-23
6.4804300e+02	1.2205700e-23
6.4953700e+02	1.2261200e-23
6.5103500e+02	1.2316900e-23
6.5253700e+02	1.2372800e-23
6.5404100e+02	1.2428800e-23
6.5555000e+02	1.2485100e-23
6.5706100e+02	1.2541600e-23
6.5857600e+02	1.2598300e-23
6.6009500e+02	1.2655200e-23
6.6161700e+02	1.2712300e-23
6.6314300e+02	1.2769600e-23
6.6467200e+02	1.2827100e-23
6.6620500e+02	1.2884800e-23
6.6774100e+02	1.2942700e-23
6.6928100e+02	1.3000800e-23
6.7082400e+02	1.3059100e-23
6.7237100e+02	1.3117600e-23
6.7392200e+02	1.3176300e-23
6.7547600e+02	1.3235200e-23
6.7703400e+02	1.3294400e-23
6.7859500e+02	1.3353700e-23
6.8016000e+02	1.3413300e-23
6.8172800e+02	1.3473000e-23
6.8330000e+02	1.3533000e-23
6.8487600e+02	1.3593100e-23
6.8645500e+02	1.3653500e-23
6.8803800e+02	1.3714100e-23
6.8962500e+02	1.3774900e-23
6.9121500e+02	1.3835800e-23
6.9280900e+02	1.3897000e-23
6.9440700e+02	1.3958500e-23
6.9600800e+02	1.4020100e-23
6.9761300e+02	1.4081900e-23
6.9922200e+02	1.4143900e-23
7.0083400e+02	1.4206200e-23
7.0245000e+02	1.4268700e-23
7.0407000e+02	1.4331300e-23
7.0569400e+02	1.4394200e-23
7.0732100e+02	1.4457300e-23
7.0895200e+02	1.4520600e-23
7.1058700e+02	1.4584100e-23
7.1222600e+02	1.4647800e-23
7.1386800e+02	1.4711800e-23
7.1551400e+02	1.4775900e-23
7.1716400e+02	1.4840300e-23
7.1881800e+02	1.4904900e-23
7.2047500e+02	1.4969700e-23
7.2213700e+02	1.5034700e-23
7.2380200e+02	1.5099900e-23
7.2547100e+02	1.5165300e-23
7.2714400e+02	1.5231000e-23
7.2882100e+02	1.5296900e-23
7.3050200e+02	1.5362900e-23
7.3218600e+02	1.5429200e-23
7.3387500e+02	1.5495800e-23
7.3556700e+02	1.5562500e-23
7.3726300e+02	1.5629400e-23
7.3896300e+02	1.5696600e-23
7.4066700e+02	1.5764000e-23
7.4237500e+02	1.5831600e-23
7.4408700e+02	1.5899400e-23
7.4580300e+02	1.5967400e-23
7.4752300e+02	1.6035700e-23
7.4924700e+02	1.6104200e-23
7.5097500e+02	1.6172900e-23
7.5270600e+02	1.6241800e-23
7.5444200e+02	1.6310900e-23
7.5618200e+02	1.6380300e-23
7.5792600e+02	1.6449800e-23
7.5967300e+02	1.6519600e-23
7.6142500e+02	1.6589700e-23
7.6318100e+02	1.6659900e-23
7.6494100e+02	1.6730400e-23
7.6670500e+02	1.6801000e-23
7.6847300e+02	1.6871900e-23
7.7024500e+02	1.6943100e-23
7.7202100e+02	1.7014400e-23
7.7380100e+02	1.7086000e-23
7.7558600e+02	1.7157800e-23
7.7737400e+02	1.7229800e-23
7.7916700e+02	1.7302100e-23
7.8096400e+02	1.7374500e-23
7.8276500e+02	1.7447200e-23
7.8457000e+02	1.7520200e-23
7.8637900e+02	1.7593300e-23
7.8819200e+02	1.7666700e-23
7.9001000e+02	1.7740300e-23
7.9183200e+02	1.7814100e-23
7.9365800e+02	1.7888200e-23
7.9548800e+02	1.7962500e-23
7.9732200e+02	1.8037000e-23
7.9916100e+02	1.8111700e-23
8.0100400e+02	1.8186700e-23
8.0285100e+02	1.8261900e-23
8.0470200e+02	1.8337300e-23
8.0655800e+02	1.8412900e-23
8.0841800e+02	1.8488800e-23
8.1028200e+02	1.8564900e-23
8.1215100e+02	1.8641300e-23
8.1402300e+02	1.8717800e-23
8.1590100e+02	1.8794700e-23
8.1778200e+02	1.8871700e-23
8.1966800e+02	1.8949000e-23
8.2155800e+02	1.9026500e-23
8.2345200e+02	1.9104200e-23
8.2535100e+02	1.9182100e-23
8.2725500e+02	1.9260300e-23
8.2916200e+02	1.9338800e-23
8.3107400e+02	1.9417400e-23
8.3299100e+02	1.9496300e-23
8.3491200e+02	1.9575500e-23
8.3683700e+02	1.9654800e-23
8.3876700e+02	1.9734400e-23
8.4070100e+02	1.9814300e-23
8.4264000e+02	1.9894300e-23
8.4458300e+02	1.9974600e-23
8.4653000e+02	2.0055200e-23
8.4848200e+02	2.0136000e-23
8.5043900e+02	2.0217000e-23
8.5240000e+02	2.0298400e-23
8.5436600e+02	2.0380100e-23
8.5633600e+02	2.0462700e-23
8.5831100e+02	2.0577700e-23
8.6029000e+02	2.0628800e-23
8.6227400e+02	2.0708600e-23
8.6426200e+02	2.0790900e-23
8.6625500e+02	2.0873700e-23
8.6825300e+02	2.0956800e-23
8.7025500e+02	2.1040200e-23
8.7226200e+02	2.1123800e-23
8.7427300e+02	2.1207700e-23
8.7628900e+02	2.1291800e-23
8.7831000e+02	2.1376100e-23
8.8033600e+02	2.1460700e-23
8.8236600e+02	2.1545500e-23
8.8440000e+02	2.1630600e-23
8.8644000e+02	2.1715900e-23
8.8848400e+02	2.1801500e-23
8.9053300e+02	2.1887300e-23
8.9258600e+02	2.1973400e-23
8.9464500e+02	2.2059600e-23
8.9670800e+02	2.2146200e-23
8.9877500e+02	2.2233000e-23
9.0084800e+02	2.2320000e-23
9.0292500e+02	2.2407300e-23
9.0500800e+02	2.2494800e-23
9.0709500e+02	2.2582500e-23
9.0918600e+02	2.2670500e-23
9.1128300e+02	2.2758800e-23
9.1338400e+02	2.2847300e-23
9.1549100e+02	2.2936000e-23
9.1760200e+02	2.3025000e-23
9.1971800e+02	2.3114300e-23
9.2183900e+02	2.3203800e-23
9.2396400e+02	2.3293500e-23
9.2609500e+02	2.3383500e-23
9.2823100e+02	2.3473700e-23
9.3037100e+02	2.3564200e-23
9.3251700e+02	2.3654900e-23
9.3466700e+02	2.3745900e-23
9.3682200e+02	2.3837100e-23
9.3898300e+02	2.3928600e-23
9.4114800e+02	2.4020300e-23
9.4331800e+02	2.4112300e-23
9.4549400e+02	2.4204600e-23
9.4767400e+02	2.4297000e-23
9.4985900e+02	2.4389800e-23
9.5205000e+02	2.4482800e-23
9.5424500e+02	2.4576000e-23
9.5644500e+02	2.4669500e-23
9.5865100e+02	2.4763200e-23
9.6086200e+02	2.4857200e-23
9.6307700e+02	2.4951500e-23
9.6529800e+02	2.5046000e-23
9.6752400e+02	2.5140800e-23
9.6975500e+02	2.5235800e-23
9.7199200e+02	2.5331000e-23
9.7423300e+02	2.5426600e-23
9.7648000e+02	2.5522400e-23
9.7873100e+02	2.5618400e-23
9.8098800e+02	2.5714700e-23
9.8325100e+02	2.5811200e-23
9.8551800e+02	2.5908000e-23
9.8779100e+02	2.6005100e-23
9.9006800e+02	2.6102400e-23
9.9235200e+02	2.6200000e-23
9.9464000e+02	2.6297800e-23
9.9693400e+02	2.6395900e-23
9.9923300e+02	2.6494300e-23
1.0015400e+03	2.6592800e-23
1.0038500e+03	2.6691600e-23
1.0061600e+03	2.6791000e-23
1.0084800e+03	2.6890400e-23
1.0108100e+03	2.6989900e-23
1.0131400e+03	2.7089800e-23
1.0154700e+03	2.7190300e-23
1.0178200e+03	2.7290300e-23
1.0201600e+03	2.7391300e-23
1.0225200e+03	2.7491900e-23
1.0248700e+03	2.7593500e-23
1.0272400e+03	2.7694800e-23
1.0296100e+03	2.7796400e-23
1.0319800e+03	2.7898600e-23
1.0343600e+03	2.8000900e-23
1.0367400e+03	2.8103600e-23
1.0391400e+03	2.8206000e-23
1.0415300e+03	2.8309400e-23
1.0439300e+03	2.8412800e-23
1.0463400e+03	2.8516200e-23
1.0487500e+03	2.8620300e-23
1.0511700e+03	2.8724300e-23
1.0536000e+03	2.8828400e-23
1.0560300e+03	2.8933100e-23
1.0584600e+03	2.9038200e-23
1.0609000e+03	2.9143500e-23
1.0633500e+03	2.9248800e-23
1.0658000e+03	2.9354600e-23
1.0682600e+03	2.9460500e-23
1.0707200e+03	2.9567000e-23
1.0731900e+03	2.9673500e-23
1.0756700e+03	2.9780100e-23
1.0781500e+03	2.9887100e-23
1.0806300e+03	2.9994800e-23
1.0831200e+03	3.0102500e-23
1.0856200e+03	3.0210300e-23
1.0881300e+03	3.0318200e-23
1.0906300e+03	3.0427000e-23
1.0931500e+03	3.0535500e-23
1.0956700e+03	3.0644500e-23
1.0982000e+03	3.0753600e-23
1.1007300e+03	3.0863300e-23
1.1032700e+03	3.0973000e-23
1.1058100e+03	3.1083200e-23
1.1083600e+03	3.1193600e-23
1.1109200e+03	3.1304000e-23
1.1134800e+03	3.1415000e-23
1.1160500e+03	3.1526100e-23
1.1186200e+03	3.1637600e-23
1.1212000e+03	3.1749300e-23
1.1237900e+03	3.1861100e-23
1.1263800e+03	3.1973500e-23
1.1289700e+03	3.2086300e-23
1.1315800e+03	3.2198900e-23
1.1341900e+03	3.2312000e-23
1.1368000e+03	3.2425500e-23
1.1394200e+03	3.2539300e-23
1.1420500e+03	3.2653100e-23
1.1446900e+03	3.2767100e-23
1.1473300e+03	3.2881500e-23
1.1499700e+03	3.2996500e-23
1.1526200e+03	3.3111700e-23
1.1552800e+03	3.3226900e-23
1.1579400e+03	3.3342700e-23
1.1606200e+03	3.3458200e-23
1.1632900e+03	3.3574700e-23
1.1659700e+03	3.3691300e-23
1.1686600e+03	3.3807900e-23
1.1713600e+03	3.3924700e-23
1.1740600e+03	3.4042100e-23
1.1767700e+03	3.4159500e-23
1.1794800e+03	3.4277600e-23
1.1822000e+03	3.4395700e-23
1.1849300e+03	3.4514000e-23
1.1876600e+03	3.4632800e-23
1.1904000e+03	3.4751800e-23
1.1931400e+03	3.4871300e-23
1.1958900e+03	3.4991000e-23
1.1986500e+03	3.5110800e-23
1.2014200e+03	3.5230600e-23
1.2041900e+03	3.5351100e-23
1.2069600e+03	3.5472100e-23
1.2097500e+03	3.5592800e-23
1.2125400e+03	3.5714100e-23
1.2153300e+03	3.5836000e-23
1.2181300e+03	3.5958000e-23
1.2209400e+03	3.6080200e-23
1.2237600e+03	3.6202400e-23
1.2265800e+03	3.6325200e-23
1.2294100e+03	3.6448200e-23
1.2322400e+03	3.6571800e-23
1.2350900e+03	3.6695100e-23
1.2379300e+03	3.6819700e-23
1.2407900e+03	3.7024000e-23
1.2436500e+03	3.7068200e-23
1.2465200e+03	3.7192600e-23
1.2493900e+03	3.7317800e-23
1.2522700e+03	3.7443300e-23
1.2551600e+03	3.7568800e-23
1.2580600e+03	3.7694500e-23
1.2609600e+03	3.7820800e-23
1.2638600e+03	3.7947700e-23
1.2667800e+03	3.8074300e-23
1.2697000e+03	3.8201500e-23
1.2726300e+03	3.8328800e-23
1.2755600e+03	3.8456800e-23
1.2785000e+03	3.8584900e-23
1.2814500e+03	3.8713100e-23
1.2844100e+03	3.8841600e-23
1.2873700e+03	3.8970600e-23
1.2903400e+03	3.9099700e-23
1.2933100e+03	3.9229600e-23
1.2963000e+03	3.9359000e-23
1.2992900e+03	3.9489100e-23
1.3022800e+03	3.9619800e-23
1.3052800e+03	3.9750700e-23
1.3082900e+03	3.9881700e-23
1.3113100e+03	4.0012900e-23
1.3143400e+03	4.0144300e-23
1.3173700e+03	4.0276200e-23
1.3204000e+03	4.0408800e-23
1.3234500e+03	4.0541200e-23
1.3265000e+03	4.0674000e-23
1.3295600e+03	4.0807200e-23
1.3326300e+03	4.0940400e-23
1.3357000e+03	4.1074400e-23
1.3387800e+03	4.1208400e-23
1.3418700e+03	4.1342600e-23
1.3449600e+03	4.1477500e-23
1.3480600e+03	4.1612600e-23
1.3511700e+03	4.1747800e-23
1.3542900e+03	4.1883300e-23
1.3574100e+03	4.2019300e-23
1.3605400e+03	4.2155500e-23
1.3636800e+03	4.2291900e-23
1.3668200e+03	4.2429000e-23
1.3699700e+03	4.2566200e-23
1.3731300e+03	4.2703600e-23
1.3763000e+03	4.2841200e-23
1.3794700e+03	4.2979400e-23
1.3826500e+03	4.3117900e-23
1.3858400e+03	4.3256500e-23
1.3890400e+03	4.3395300e-23
1.3922400e+03	4.3534800e-23
1.3954500e+03	4.3674500e-23
1.3986700e+03	4.3814300e-23
1.4019000e+03	4.3954400e-23
1.4051300e+03	4.4095100e-23
1.4083700e+03	4.4236000e-23
1.4116200e+03	4.4377100e-23
1.4148700e+03	4.4518900e-23
1.4181300e+03	4.4660900e-23
1.4214000e+03	4.4803000e-23
1.4246800e+03	4.4945400e-23
1.4279700e+03	4.5088000e-23
1.4312600e+03	4.5231200e-23
1.4345600e+03	4.5374700e-23
1.4378700e+03	4.5518300e-23
1.4411800e+03	4.5662700e-23
1.4445100e+03	4.5806800e-23
1.4478400e+03	4.5951700e-23
1.4511800e+03	4.6096600e-23
1.4545200e+03	4.6242300e-23
1.4578800e+03	4.6387700e-23
1.4612400e+03	4.6533800e-23
1.4646100e+03	4.6680100e-23
1.4679900e+03	4.6826700e-23
1.4713700e+03	4.6973800e-23
1.4747700e+03	4.7120900e-23
1.4781700e+03	4.7268500e-23
1.4815700e+03	4.7416900e-23
1.4849900e+03	4.7565000e-23
1.4884200e+03	4.7713400e-23
1.4918500e+03	4.7862400e-23
1.4952900e+03	4.8011700e-23
1.4987400e+03	4.8161200e-23
1.5021900e+03	4.8311400e-23
1.5056600e+03	4.8461400e-23
1.5091300e+03	4.8612100e-23
1.5126100e+03	4.8763000e-23
1.5161000e+03	4.8914200e-23
1.5195900e+03	4.9066000e-23
1.5231000e+03	4.9217700e-23
1.5266100e+03	4.9370100e-23
1.5301300e+03	4.9522700e-23
1.5336600e+03	4.9675500e-23
1.5371900e+03	4.9829000e-23
1.5407400e+03	4.9982400e-23
1.5442900e+03	5.0136500e-23
1.5478500e+03	5.0290800e-23
1.5514200e+03	5.0445300e-23
1.5550000e+03	5.0600200e-23
1.5585900e+03	5.0755200e-23
1.5621800e+03	5.0911000e-23
1.5657800e+03	5.1067100e-23
1.5693900e+03	5.1223500e-23
1.5730100e+03	5.1380200e-23
1.5766400e+03	5.1543400e-23
1.5802800e+03	5.1694100e-23
1.5839200e+03	5.1851900e-23
1.5875700e+03	5.2010000e-23
1.5912300e+03	5.2168400e-23
1.5949000e+03	5.2327000e-23
1.5985800e+03	5.2485900e-23
1.6022700e+03	5.2645200e-23
1.6059600e+03	5.2805100e-23
1.6096700e+03	5.2964900e-23
1.6133800e+03	5.3125400e-23
1.6171000e+03	5.3286100e-23
1.6208300e+03	5.3447200e-23
1.6245600e+03	5.3609000e-23
1.6283100e+03	5.3770600e-23
1.6320700e+03	5.3932500e-23
1.6358300e+03	5.4095200e-23
1.6396000e+03	5.4258200e-23
1.6433800e+03	5.4421400e-23
1.6471700e+03	5.4585000e-23
1.6509700e+03	5.4748800e-23
1.6547800e+03	5.4912900e-23
1.6585900e+03	5.5077800e-23
1.6624200e+03	5.5242500e-23
1.6662500e+03	5.5408000e-23
1.6700900e+03	5.5573800e-23
1.6739500e+03	5.5739500e-23
1.6778100e+03	5.5905900e-23
1.6816700e+03	5.6073000e-23
1.6855500e+03	5.6240000e-23
1.6894400e+03	5.6407400e-23
1.6933400e+03	5.6575000e-23
1.6972400e+03	5.6743400e-23
1.7011500e+03	5.6912200e-23
1.7050800e+03	5.7080800e-23
1.7090100e+03	5.7250000e-23
1.7129500e+03	5.7419800e-23
1.7169000e+03	5.7589800e-23
1.7208600e+03	5.7760000e-23
1.7248300e+03	5.7930800e-23
1.7288000e+03	5.8102200e-23
1.7327900e+03	5.8273500e-23
1.7367900e+03	5.8445100e-23
1.7407900e+03	5.8617500e-23
1.7448100e+03	5.8789800e-23
1.7488300e+03	5.8962900e-23
1.7528600e+03	5.9136300e-23
1.7569000e+03	5.9310100e-23
1.7609600e+03	5.9483700e-23
1.7650200e+03	5.9658200e-23
1.7690900e+03	5.9833000e-23
1.7731700e+03	6.0008200e-23
1.7772600e+03	6.0183600e-23
1.7813500e+03	6.0359900e-23
1.7854600e+03	6.0536100e-23
1.7895800e+03	6.0712600e-23
1.7937100e+03	6.0889500e-23
1.7978400e+03	6.1067200e-23
1.8019900e+03	6.1244700e-23
1.8061400e+03	6.1423200e-23
1.8103100e+03	6.1601400e-23
1.8144800e+03	6.1780600e-23
1.8186700e+03	6.1959700e-23
1.8228600e+03	6.2139400e-23
1.8270600e+03	6.2319700e-23
1.8312800e+03	6.2499900e-23
1.8355000e+03	6.2680800e-23
1.8397300e+03	6.2862100e-23
1.8439800e+03	6.3043400e-23
1.8482300e+03	6.3225500e-23
1.8524900e+03	6.3407900e-23
1.8567600e+03	6.3590800e-23
1.8610400e+03	6.3774000e-23
1.8653400e+03	6.3957200e-23
1.8696400e+03	6.4141200e-23
1.8739500e+03	6.4325500e-23
1.8782700e+03	6.4510300e-23
1.8826000e+03	6.4695400e-23
1.8869400e+03	6.4881000e-23
1.8912900e+03	6.5066900e-23
1.8956500e+03	6.5253300e-23
1.9000300e+03	6.5439800e-23
1.9044100e+03	6.5626700e-23
1.9088000e+03	6.5814200e-23
1.9132000e+03	6.6002100e-23
1.9176100e+03	6.6190400e-23
1.9220300e+03	6.6379200e-23
1.9264700e+03	6.6567900e-23
1.9309100e+03	6.6757500e-23
1.9353600e+03	6.6947400e-23
1.9398300e+03	6.7137400e-23
1.9443000e+03	6.7328100e-23
1.9487800e+03	6.7519400e-23
1.9532800e+03	6.7710500e-23
1.9577800e+03	6.7902600e-23
1.9622900e+03	6.8095100e-23
1.9668200e+03	6.8287500e-23
1.9713600e+03	6.8480400e-23
1.9759000e+03	6.8674200e-23
1.9804600e+03	6.8867900e-23
1.9850200e+03	6.9062500e-23
1.9896000e+03	6.9257100e-23
1.9941900e+03	6.9452200e-23
1.9987900e+03	6.9647700e-23
2.0034000e+03	6.9843600e-23
2.0080200e+03	7.0039900e-23
2.0126500e+03	7.0236700e-23
2.0172900e+03	7.0434000e-23
2.0219400e+03	7.0631700e-23
2.0266000e+03	7.0829800e-23
2.0312800e+03	7.1028000e-23
2.0359600e+03	7.1227100e-23
2.0406600e+03	7.1426200e-23
2.0453600e+03	7.1626100e-23
2.0500800e+03	7.1826100e-23
2.0548100e+03	7.2026500e-23
2.0595400e+03	7.2227800e-23
2.0642900e+03	7.2429200e-23
2.0690500e+03	7.2631000e-23
2.0738300e+03	7.2832900e-23
2.0786100e+03	7.3035700e-23
2.0834000e+03	7.3239000e-23
2.0882100e+03	7.3442200e-23
2.0930200e+03	7.3646300e-23
2.0978500e+03	7.3850600e-23
2.1026900e+03	7.4055300e-23
2.1075300e+03	7.4261000e-23
2.1123900e+03	7.4466700e-23
2.1172700e+03	7.4672400e-23
2.1221500e+03	7.4879100e-23
2.1270400e+03	7.5086200e-23
2.1319500e+03	7.5293400e-23
2.1368600e+03	7.5501500e-23
2.1417900e+03	7.5709700e-23
2.1467300e+03	7.5918500e-23
2.1516800e+03	7.6127600e-23
2.1566400e+03	7.6337400e-23
2.1616100e+03	7.6547500e-23
2.1666000e+03	7.6757800e-23
2.1716000e+03	7.6968600e-23
2.1766000e+03	7.7180300e-23
2.1816200e+03	7.7392100e-23
2.1866500e+03	7.7604400e-23
2.1917000e+03	7.7816800e-23
2.1967500e+03	7.8030200e-23
2.2018200e+03	7.8243600e-23
2.2068900e+03	7.8458000e-23
2.2119800e+03	7.8672500e-23
2.2170800e+03	7.8887500e-23
2.2222000e+03	7.9102600e-23
2.2273200e+03	7.9318700e-23
2.2324600e+03	7.9534900e-23
2.2376000e+03	7.9752100e-23
2.2427600e+03	7.9969300e-23
2.2479400e+03	8.0186600e-23
2.2531200e+03	8.0405000e-23
2.2583200e+03	8.0623700e-23
2.2635200e+03	8.0842800e-23
2.2687400e+03	8.1062400e-23
2.2739700e+03	8.1282500e-23
2.2792200e+03	8.1502700e-23
2.2844700e+03	8.1723900e-23
2.2897400e+03	8.1945200e-23
2.2950200e+03	8.2167100e-23
2.3003100e+03	8.2389600e-23
2.3056200e+03	8.2612200e-23
2.3109400e+03	8.2835300e-23
2.3162700e+03	8.3059000e-23
2.3216100e+03	8.3283300e-23
2.3269600e+03	8.3508200e-23
2.3323300e+03	8.3733100e-23
2.3377000e+03	8.3959200e-23
2.3431000e+03	8.4184900e-23
2.3485000e+03	8.4411600e-23
2.3539100e+03	8.4639000e-23
2.3593400e+03	8.4866500e-23
2.3647800e+03	8.5094500e-23
2.3702400e+03	8.5322700e-23
2.3757000e+03	8.5552000e-23
2.3811800e+03	8.5781400e-23
2.3866700e+03	8.6011500e-23
2.3921700e+03	8.6242100e-23
2.3976900e+03	8.6472900e-23
2.4032200e+03	8.6704300e-23
2.4087600e+03	8.6936300e-23
2.4143200e+03	8.7168500e-23
2.4198800e+03	8.7401700e-23
2.4254600e+03	8.7635100e-23
2.4310600e+03	8.7868700e-23
2.4366600e+03	8.8103400e-23
2.4422800e+03	8.8338100e-23
2.4479100e+03	8.8573600e-23
2.4535600e+03	8.8809300e-23
2.4592200e+03	8.9045600e-23
2.4648900e+03	8.9282400e-23
2.4705700e+03	8.9520000e-23
2.4762700e+03	8.9757800e-23
2.4819800e+03	8.9996100e-23
2.4877000e+03	9.0235100e-23
2.4934400e+03	9.0474400e-23
2.4991900e+03	9.0714300e-23
2.5049500e+03	9.0954800e-23
2.5107300e+03	9.1195600e-23
2.5165200e+03	9.1437000e-23
2.5223200e+03	9.1679100e-23
2.5281400e+03	9.1921400e-23
2.5339700e+03	9.2164300e-23
2.5398100e+03	9.2407900e-23
2.5456700e+03	9.2651800e-23
2.5515400e+03	9.2896300e-23
2.5574200e+03	9.3141400e-23
2.5633200e+03	9.3386900e-23
2.5692300e+03	9.3633000e-23
2.5751600e+03	9.3879300e-23
2.5810900e+03	9.4126800e-23
2.5870500e+03	9.4374100e-23
2.5930100e+03	9.4622500e-23
2.5989900e+03	9.4871100e-23
2.6049900e+03	9.5120000e-23
2.6109900e+03	9.5370100e-23
2.6170100e+03	9.5620300e-23
2.6230500e+03	9.5870900e-23
2.6291000e+03	9.6122200e-23
2.6351600e+03	9.6374200e-23
2.6412400e+03	9.6626500e-23
2.6473300e+03	9.6879400e-23
2.6534300e+03	9.7133100e-23
2.6595500e+03	9.7387000e-23
2.6656800e+03	9.7641600e-23
2.6718300e+03	9.7896600e-23
2.6779900e+03	9.8152300e-23
2.6841700e+03	9.8408300e-23
2.6903600e+03	9.8665000e-23
2.6965600e+03	9.8922400e-23
2.7027800e+03	9.9180200e-23
2.7090100e+03	9.9438600e-23
2.7152600e+03	9.9697400e-23
2.7215200e+03	9.9956900e-23
2.7278000e+03	1.0021700e-22
2.7340900e+03	1.0047700e-22
2.7403900e+03	1.0073900e-22
2.7467100e+03	1.0100000e-22
2.7530400e+03	1.0126200e-22
2.7593900e+03	1.0152500e-22
2.7657600e+03	1.0178900e-22
2.7721300e+03	1.0205200e-22
2.7785300e+03	1.0231700e-22
2.7849300e+03	1.0258200e-22
2.7913600e+03	1.0284700e-22
2.7977900e+03	1.0311400e-22
2.8042400e+03	1.0338000e-22
2.8107100e+03	1.0364800e-22
2.8171900e+03	1.0391500e-22
2.8236900e+03	1.0418400e-22
2.8302000e+03	1.0445300e-22
2.8367300e+03	1.0472300e-22
2.8432700e+03	1.0499300e-22
2.8498300e+03	1.0526300e-22
2.8564000e+03	1.0553500e-22
2.8629800e+03	1.0580700e-22
2.8695900e+03	1.0607900e-22
2.8762000e+03	1.0635200e-22
2.8828400e+03	1.0662600e-22
2.8894800e+03	1.0690000e-22
2.8961500e+03	1.0717500e-22
2.9028300e+03	1.0745000e-22
2.9095200e+03	1.0772600e-22
2.9162300e+03	1.0800300e-22
2.9229500e+03	1.0828000e-22
2.9296900e+03	1.0855800e-22
2.9364500e+03	1.0883600e-22
2.9432200e+03	1.0911500e-22
2.9500100e+03	1.0939400e-22
2.9568100e+03	1.0967400e-22
2.9636300e+03	1.0995500e-22
2.9704600e+03	1.1023700e-22
2.9773100e+03	1.1051800e-22
2.9841800e+03	1.1080100e-22
2.9910600e+03	1.1108400e-22
2.9979600e+03	1.1136800e-22
3.0048700e+03	1.1165200e-22
3.0118000e+03	1.1193700e-22
3.0187500e+03	1.1222300e-22
3.0257100e+03	1.1250900e-22
3.0326800e+03	1.1279600e-22
3.0396800e+03	1.1308300e-22
3.0466900e+03	1.1337100e-22
3.0537100e+03	1.1366000e-22
3.0607600e+03	1.1394900e-22
3.0678100e+03	1.1423900e-22
3.0748900e+03	1.1452900e-22
3.0819800e+03	1.1482100e-22
3.0890900e+03	1.1511200e-22
3.0962100e+03	1.1540500e-22
3.1033500e+03	1.1569800e-22
3.1105100e+03	1.1599100e-22
3.1176800e+03	1.1628600e-22
3.1248700e+03	1.1658100e-22
3.1320700e+03	1.1687600e-22
3.1393000e+03	1.1717200e-22
3.1465400e+03	1.1746900e-22
3.1537900e+03	1.1776700e-22
3.1610600e+03	1.1806500e-22
3.1683500e+03	1.1836300e-22
3.1756600e+03	1.1866300e-22
3.1829800e+03	1.1896300e-22
3.1903200e+03	1.1926300e-22
3.1976800e+03	1.1956500e-22
3.2050500e+03	1.1986700e-22
3.2124400e+03	1.2016900e-22
3.2198500e+03	1.2047300e-22
3.2272800e+03	1.2077600e-22
3.2347200e+03	1.2108100e-22
3.2421800e+03	1.2138600e-22
3.2496600e+03	1.2169200e-22
3.2571500e+03	1.2199900e-22
3.2646600e+03	1.2230600e-22
3.2721900e+03	1.2261400e-22
3.2797300e+03	1.2292200e-22
3.2873000e+03	1.2323100e-22
3.2948800e+03	1.2354100e-22
3.3024800e+03	1.2385200e-22
3.3100900e+03	1.2416300e-22
3.3177200e+03	1.2447500e-22
3.3253700e+03	1.2478700e-22
3.3330400e+03	1.2510100e-22
3.3407300e+03	1.2541400e-22
3.3484300e+03	1.2572900e-22
3.3561500e+03	1.2604400e-22
3.3638900e+03	1.2636000e-22
3.3716500e+03	1.2667700e-22
3.3794300e+03	1.2699400e-22
3.3872200e+03	1.2731200e-22
3.3950300e+03	1.2763100e-22
3.4028600e+03	1.2795000e-22
3.4107100e+03	1.2827000e-22
3.4185700e+03	1.2859100e-22
3.4264500e+03	1.2891200e-22
3.4343600e+03	1.2923400e-22
3.4422800e+03	1.2955700e-22
3.4502100e+03	1.2988100e-22
3.4581700e+03	1.3020500e-22
3.4661400e+03	1.3053000e-22
3.4741400e+03	1.3085600e-22
3.4821500e+03	1.3118200e-22
3.4901800e+03	1.3150900e-22
3.4982300e+03	1.3183700e-22
3.5062900e+03	1.3216500e-22
3.5143800e+03	1.3249400e-22
3.5224800e+03	1.3282400e-22
3.5306100e+03	1.3315500e-22
3.5387500e+03	1.3348600e-22
3.5469100e+03	1.3381800e-22
3.5550900e+03	1.3415100e-22
3.5632900e+03	1.3448500e-22
3.5715000e+03	1.3481900e-22
3.5797400e+03	1.3515400e-22
3.5879900e+03	1.3548900e-22
3.5962700e+03	1.3582600e-22
3.6045600e+03	1.3616300e-22
3.6128700e+03	1.3650100e-22
3.6212000e+03	1.3683900e-22
3.6295500e+03	1.3717900e-22
3.6379200e+03	1.3751900e-22
3.6463100e+03	1.3786000e-22
3.6547200e+03	1.3820100e-22
3.6631500e+03	1.3854300e-22
3.6716000e+03	1.3888600e-22
3.6800600e+03	1.3923000e-22
3.6885500e+03	1.3957500e-22
3.6970600e+03	1.3992000e-22
3.7055800e+03	1.4026600e-22
3.7141300e+03	1.4061300e-22
3.7226900e+03	1.4096000e-22
3.7312800e+03	1.4130900e-22
3.7398800e+03	1.4165800e-22
3.7485000e+03	1.4200800e-22
3.7571500e+03	1.4235800e-22
3.7658100e+03	1.4271000e-22
3.7745000e+03	1.4306200e-22
3.7832000e+03	1.4341500e-22
3.7919200e+03	1.4376800e-22
3.8006700e+03	1.4412300e-22
3.8094300e+03	1.4447800e-22
3.8182200e+03	1.4483400e-22
3.8270200e+03	1.4519100e-22
3.8358500e+03	1.4554800e-22
3.8446900e+03	1.4590600e-22
3.8535600e+03	1.4626600e-22
3.8624400e+03	1.4662500e-22
3.8713500e+03	1.4698600e-22
3.8802800e+03	1.4734800e-22
3.8892300e+03	1.4771000e-22
3.8982000e+03	1.4807300e-22
3.9071800e+03	1.4843700e-22
3.9161900e+03	1.4880100e-22
3.9252300e+03	1.4916700e-22
3.9342800e+03	1.4953300e-22
3.9433500e+03	1.4990000e-22
3.9524400e+03	1.5026800e-22
3.9615600e+03	1.5063600e-22
3.9706900e+03	1.5100600e-22
3.9798500e+03	1.5137600e-22
3.9890300e+03	1.5174700e-22
3.9982300e+03	1.5211900e-22
4.0074500e+03	1.5249200e-22
4.0166900e+03	1.5286500e-22
4.0259500e+03	1.5324000e-22
4.0352300e+03	1.5361500e-22
4.0445400e+03	1.5399100e-22
4.0538700e+03	1.5436800e-22
4.0632100e+03	1.5474500e-22
4.0725800e+03	1.5512400e-22
4.0819700e+03	1.5550300e-22
4.0913900e+03	1.5588300e-22
4.1008200e+03	1.5626400e-22
4.1102800e+03	1.5664600e-22
4.1197600e+03	1.5702800e-22
4.1292600e+03	1.5741200e-22
4.1387800e+03	1.5779600e-22
4.1483200e+03	1.5818100e-22
4.1578900e+03	1.5856700e-22
4.1674800e+03	1.5895400e-22
4.1770900e+03	1.5934200e-22
4.1867200e+03	1.5973000e-22
4.1963800e+03	1.6012000e-22
4.2060500e+03	1.6051000e-22
4.2157500e+03	1.6090100e-22
4.2254700e+03	1.6129300e-22
4.2352200e+03	1.6168600e-22
4.2449800e+03	1.6208000e-22
4.2547700e+03	1.6247400e-22
4.2645800e+03	1.6287000e-22
4.2744200e+03	1.6326600e-22
4.2842700e+03	1.6366300e-22
4.2941500e+03	1.6406100e-22
4.3040600e+03	1.6446000e-22
4.3139800e+03	1.6486000e-22
4.3239300e+03	1.6526100e-22
4.3339000e+03	1.6566200e-22
4.3438900e+03	1.6606500e-22
4.3539100e+03	1.6646800e-22
4.3639500e+03	1.6687200e-22
4.3740200e+03	1.6727700e-22
4.3841000e+03	1.6768300e-22
4.3942100e+03	1.6809000e-22
4.4043400e+03	1.6849800e-22
4.4145000e+03	1.6890700e-22
4.4246800e+03	1.6931600e-22
4.4348800e+03	1.6972700e-22
4.4451100e+03	1.7013800e-22
4.4553600e+03	1.7055100e-22
4.4656400e+03	1.7096400e-22
4.4759300e+03	1.7137800e-22
4.4862600e+03	1.7179300e-22
4.4966000e+03	1.7220900e-22
4.5069700e+03	1.7262600e-22
4.5173600e+03	1.7304400e-22
4.5277800e+03	1.7346300e-22
4.5382200e+03	1.7388200e-22
4.5486900e+03	1.7430300e-22
4.5591800e+03	1.7472500e-22
4.5696900e+03	1.7514700e-22
4.5802300e+03	1.7557000e-22
4.5907900e+03	1.7599500e-22
4.6013800e+03	1.7642000e-22
4.6119900e+03	1.7684600e-22
4.6226200e+03	1.7727300e-22
4.6332800e+03	1.7770200e-22
4.6439700e+03	1.7813100e-22
4.6546700e+03	1.7856100e-22
4.6654100e+03	1.7899200e-22
4.6761700e+03	1.7942400e-22
4.6869500e+03	1.7985600e-22
4.6977600e+03	1.8029000e-22
4.7085900e+03	1.8072500e-22
4.7194500e+03	1.8116100e-22
4.7303300e+03	1.8159800e-22
4.7412400e+03	1.8203500e-22
4.7521700e+03	1.8247400e-22
4.7631300e+03	1.8291400e-22
4.7741200e+03	1.8335400e-22
4.7851300e+03	1.8379600e-22
4.7961600e+03	1.8423800e-22
4.8072200e+03	1.8468200e-22
4.8183100e+03	1.8512600e-22
4.8294200e+03	1.8557200e-22
4.8405500e+03	1.8601800e-22
4.8517200e+03	1.8646600e-22
4.8629000e+03	1.8691400e-22
4.8741200e+03	1.8736400e-22
4.8853600e+03	1.8781400e-22
4.8966200e+03	1.8826600e-22
4.9079100e+03	1.8871800e-22
4.9192300e+03	1.8917200e-22
4.9305800e+03	1.8962600e-22
4.9419500e+03	1.9008200e-22
4.9533400e+03	1.9053900e-22
4.9647600e+03	1.9099600e-22
4.9762100e+03	1.9145500e-22
4.9876900e+03	1.9191400e-22
4.9991900e+03	1.9237500e-22
5.0107200e+03	1.9283600e-22
5.0222700e+03	1.9329900e-22
5.0338500e+03	1.9376300e-22
5.0454600e+03	1.9422800e-22
5.0571000e+03	1.9469300e-22
5.0687600e+03	1.9516000e-22
5.0804500e+03	1.9562800e-22
5.0921600e+03	1.9609700e-22
5.1039100e+03	1.9656700e-22
5.1156800e+03	1.9703800e-22
5.1274700e+03	1.9751000e-22
5.1393000e+03	1.9798300e-22
5.1511500e+03	1.9845700e-22
5.1630300e+03	1.9893200e-22
5.1749300e+03	1.9940800e-22
5.1868700e+03	1.9988600e-22
5.1988300e+03	2.0036400e-22
5.2108100e+03	2.0084300e-22
5.2228300e+03	2.0132400e-22
5.2348700e+03	2.0180600e-22
5.2469500e+03	2.0228800e-22
5.2590500e+03	2.0277200e-22
5.2711700e+03	2.0325700e-22
5.2833300e+03	2.0374300e-22
5.2955100e+03	2.0423000e-22
5.3077200e+03	2.0471800e-22
5.3199600e+03	2.0520700e-22
5.3322300e+03	2.0569700e-22
5.3445300e+03	2.0618800e-22
5.3568500e+03	2.0668100e-22
5.3692000e+03	2.0717400e-22
5.3815900e+03	2.0766900e-22
5.3940000e+03	2.0816500e-22
5.4064300e+03	2.0866200e-22
5.4189000e+03	2.0915900e-22
5.4314000e+03	2.0965900e-22
5.4439200e+03	2.1015900e-22
5.4564800e+03	2.1066000e-22
5.4690600e+03	2.1116200e-22
5.4816700e+03	2.1166600e-22
5.4943100e+03	2.1217100e-22
5.5069800e+03	2.1267700e-22
5.5196800e+03	2.1318300e-22
5.5324100e+03	2.1369200e-22
5.5451700e+03	2.1420100e-22
5.5579500e+03	2.1471100e-22
5.5707700e+03	2.1522300e-22
5.5836200e+03	2.1573500e-22
5.5964900e+03	2.1624900e-22
5.6094000e+03	2.1676400e-22
5.6223300e+03	2.1728000e-22
5.6353000e+03	2.1779700e-22
5.6482900e+03	2.1831600e-22
5.6613200e+03	2.1883500e-22
5.6743700e+03	2.1935600e-22
5.6874600e+03	2.1987800e-22
5.7005700e+03	2.2040100e-22
5.7137200e+03	2.2092500e-22
5.7269000e+03	2.2145000e-22
5.7401000e+03	2.2197700e-22
5.7533400e+03	2.2250500e-22
5.7666100e+03	2.2303400e-22
5.7799000e+03	2.2356400e-22
5.7932300e+03	2.2409500e-22
5.8065900e+03	2.2462800e-22
5.8199800e+03	2.2516100e-22
5.8334000e+03	2.2569600e-22
5.8468500e+03	2.2623200e-22
5.8603400e+03	2.2677000e-22
5.8738500e+03	2.2730800e-22
5.8874000e+03	2.2784800e-22
5.9009700e+03	2.2838900e-22
5.9145800e+03	2.2893100e-22
5.9282200e+03	2.2947500e-22
5.9418900e+03	2.3001900e-22
5.9555900e+03	2.3056500e-22
5.9693300e+03	2.3111200e-22
5.9830900e+03	2.3166000e-22
5.9968900e+03	2.3221000e-22
6.0107200e+03	2.3276000e-22
6.0245800e+03	2.3331200e-22
6.0384700e+03	2.3386600e-22
6.0524000e+03	2.3442000e-22
6.0663500e+03	2.3497600e-22
6.0803400e+03	2.3553300e-22
6.0943600e+03	2.3609100e-22
6.1084200e+03	2.3665000e-22
6.1225000e+03	2.3721100e-22
6.1366200e+03	2.3777300e-22
6.1507700e+03	2.3833600e-22
6.1649600e+03	2.3890100e-22
6.1791700e+03	2.3946700e-22
6.1934200e+03	2.4003400e-22
6.2077000e+03	2.4060200e-22
6.2220200e+03	2.4117200e-22
6.2363700e+03	2.4174200e-22
6.2507500e+03	2.4231500e-22
6.2651600e+03	2.4288800e-22
6.2796100e+03	2.4346300e-22
6.2940900e+03	2.4403900e-22
6.3086000e+03	2.4461600e-22
6.3231500e+03	2.4519500e-22
6.3377300e+03	2.4577500e-22
6.3523500e+03	2.4635600e-22
6.3670000e+03	2.4693900e-22
6.3816800e+03	2.4752200e-22
6.3964000e+03	2.4810800e-22
6.4111500e+03	2.4869400e-22
6.4259300e+03	2.4928200e-22
6.4407500e+03	2.4987100e-22
6.4556000e+03	2.5046200e-22
6.4704900e+03	2.5105300e-22
6.4854100e+03	2.5164600e-22
6.5003600e+03	2.5224100e-22
6.5153500e+03	2.5283700e-22
6.5303800e+03	2.5343400e-22
6.5454400e+03	2.5403200e-22
6.5605300e+03	2.5463200e-22
6.5756600e+03	2.5523300e-22
6.5908200e+03	2.5583600e-22
6.6060200e+03	2.5644000e-22
6.6212600e+03	2.5704500e-22
6.6365200e+03	2.5765200e-22
6.6518300e+03	2.5826000e-22
6.6671700e+03	2.5886900e-22
6.6825400e+03	2.5948000e-22
6.6979500e+03	2.6009200e-22
6.7134000e+03	2.6070600e-22
6.7288800e+03	2.6132100e-22
6.7443900e+03	2.6193700e-22
6.7599500e+03	2.6255500e-22
6.7755400e+03	2.6317400e-22
6.7911600e+03	2.6379400e-22
6.8068200e+03	2.6441600e-22
6.8225200e+03	2.6503900e-22
6.8382500e+03	2.6566400e-22
6.8540200e+03	2.6629000e-22
6.8698200e+03	2.6691800e-22
6.8856700e+03	2.6754700e-22
6.9015400e+03	2.6817700e-22
6.9174600e+03	2.6880900e-22
6.9334100e+03	2.6944200e-22
6.9494000e+03	2.7007700e-22
6.9654300e+03	2.7071300e-22
6.9814900e+03	2.7135000e-22
6.9975900e+03	2.7198900e-22
7.0137200e+03	2.7263000e-22
7.0299000e+03	2.7327200e-22
7.0461100e+03	2.7391500e-22
7.0623600e+03	2.7456000e-22
7.0786400e+03	2.7520600e-22
7.0949700e+03	2.7585400e-22
7.1113300e+03	2.7650300e-22
7.1277300e+03	2.7715300e-22
7.1441600e+03	2.7780500e-22
7.1606400e+03	2.7845900e-22
7.1771500e+03	2.7911400e-22
7.1937000e+03	2.7977000e-22
7.2102900e+03	2.8042800e-22
7.2269200e+03	2.8108800e-22
7.2435800e+03	2.8174900e-22
7.2602800e+03	2.8241100e-22
7.2770300e+03	2.8307500e-22
7.2938100e+03	2.8374100e-22
7.3106300e+03	2.8440800e-22
7.3274900e+03	2.8507600e-22
7.3443800e+03	2.8574600e-22
7.3613200e+03	2.8641800e-22
7.3782900e+03	2.8709100e-22
7.3953100e+03	2.8776600e-22
7.4123600e+03	2.8844200e-22
7.4294600e+03	2.8911900e-22
7.4465900e+03	2.8979900e-22
7.4637600e+03	2.9047900e-22
7.4809700e+03	2.9116200e-22
7.4982200e+03	2.9184500e-22
7.5155100e+03	2.9253100e-22
7.5328400e+03	2.9321800e-22
7.5502200e+03	2.9390600e-22
7.5676300e+03	2.9459600e-22
7.5850800e+03	2.9528800e-22
7.6025700e+03	2.9598100e-22
7.6201000e+03	2.9667600e-22
7.6376700e+03	2.9737200e-22
7.6552800e+03	2.9807000e-22
7.6729400e+03	2.9876900e-22
7.6906300e+03	2.9947000e-22
7.7083700e+03	3.0017300e-22
7.7261400e+03	3.0087700e-22
7.7439600e+03	3.0158300e-22
7.7618200e+03	3.0229000e-22
7.7797100e+03	3.0299900e-22
7.7976500e+03	3.0371000e-22
7.8156400e+03	3.0442200e-22
7.8336600e+03	3.0513600e-22
7.8517200e+03	3.0585200e-22
7.8698300e+03	3.0656900e-22
7.8879800e+03	3.0728800e-22
7.9061700e+03	3.0800800e-22
7.9244000e+03	3.0873000e-22
7.9426700e+03	3.0945400e-22
7.9609900e+03	3.1017900e-22
7.9793500e+03	3.1090600e-22
7.9977500e+03	3.1163500e-22
8.0161900e+03	3.1236500e-22
8.0346800e+03	3.1309700e-22
8.0532000e+03	3.1383000e-22
8.0717700e+03	3.1456500e-22
8.0903900e+03	3.1530200e-22
8.1090400e+03	3.1604100e-22
8.1277400e+03	3.1678100e-22
8.1464900e+03	3.1752300e-22
8.1652700e+03	3.1826700e-22
8.1841000e+03	3.1901200e-22
8.2029700e+03	3.1975900e-22
8.2218900e+03	3.2050800e-22
8.2408500e+03	3.2125800e-22
8.2598500e+03	3.2201000e-22
8.2789000e+03	3.2276400e-22
8.2979900e+03	3.2352000e-22
8.3171300e+03	3.2427700e-22
8.3363100e+03	3.2503600e-22
8.3555300e+03	3.2579700e-22
8.3748000e+03	3.2655900e-22
8.3941100e+03	3.2732300e-22
8.4134700e+03	3.2808900e-22
8.4328700e+03	3.2885700e-22
8.4523100e+03	3.2962600e-22
8.4718100e+03	3.3039700e-22
8.4913400e+03	3.3117000e-22
8.5109200e+03	3.3194500e-22
8.5305500e+03	3.3272100e-22
8.5502200e+03	3.3349900e-22
8.5699400e+03	3.3427900e-22
8.5897000e+03	3.3506100e-22
8.6095100e+03	3.3584500e-22
8.6293600e+03	3.3663000e-22
8.6492600e+03	3.3741700e-22
8.6692100e+03	3.3820600e-22
8.6892000e+03	3.3899600e-22
8.7092300e+03	3.3978900e-22
8.7293200e+03	3.4058300e-22
8.7494500e+03	3.4137900e-22
8.7696200e+03	3.4217700e-22
8.7898500e+03	3.4297700e-22
8.8101200e+03	3.4377800e-22
8.8304300e+03	3.4458200e-22
8.8508000e+03	3.4538700e-22
8.8712100e+03	3.4619400e-22
8.8916600e+03	3.4700300e-22
8.9121700e+03	3.4781300e-22
8.9327200e+03	3.4862600e-22
8.9533200e+03	3.4944000e-22
8.9739600e+03	3.5025600e-22
8.9946600e+03	3.5107500e-22
9.0154000e+03	3.5189400e-22
9.0361900e+03	3.5271600e-22
9.0570300e+03	3.5354000e-22
9.0779100e+03	3.5436600e-22
9.0988500e+03	3.5519300e-22
9.1198300e+03	3.5602200e-22
9.1408600e+03	3.5685400e-22
9.1619400e+03	3.5768700e-22
9.1830700e+03	3.5852200e-22
9.2042400e+03	3.5935900e-22
9.2254700e+03	3.6019700e-22
9.2467400e+03	3.6103800e-22
9.2680600e+03	3.6188100e-22
9.2894400e+03	3.6272500e-22
9.3108600e+03	3.6357200e-22
9.3323300e+03	3.6442000e-22
9.3538500e+03	3.6527100e-22
9.3754200e+03	3.6612300e-22
9.3970400e+03	3.6697700e-22
9.4187100e+03	3.6783300e-22
9.4404300e+03	3.6869200e-22
9.4622000e+03	3.6955200e-22
9.4840200e+03	3.7041400e-22
9.5058900e+03	3.7127800e-22
9.5278100e+03	3.7214400e-22
9.5497800e+03	3.7301200e-22
9.5718000e+03	3.7388200e-22
9.5938700e+03	3.7475400e-22
9.6160000e+03	3.7562800e-22
9.6381700e+03	3.7650400e-22
9.6604000e+03	3.7738100e-22
9.6826700e+03	3.7826100e-22
9.7050000e+03	3.7914300e-22
9.7273800e+03	3.8002700e-22
9.7498100e+03	3.8091300e-22
9.7723000e+03	3.8180100e-22
9.7948300e+03	3.8269100e-22
9.8174200e+03	3.8358300e-22
9.8400600e+03	3.8447700e-22
9.8627500e+03	3.8537300e-22
9.8854900e+03	3.8627200e-22
9.9082900e+03	3.8717200e-22
9.9311400e+03	3.8807400e-22
9.9540400e+03	3.8897800e-22
9.9769900e+03	3.8988500e-22
1.0000000e+04	3.9079300e-22
