9.000000e+00 1.745156e-21
9.020400e+00 2.178010e-21
9.040846e+00 2.921406e-21
9.061338e+00 4.490779e-21
9.081877e+00 9.955006e-21
9.102462e+00 4.136300e-20
9.123094e+00 6.623203e-21
9.143773e+00 3.574774e-21
9.164499e+00 2.437907e-21
9.185272e+00 1.844766e-21
9.206091e+00 1.481200e-21
9.226958e+00 1.235977e-21
9.247872e+00 1.059724e-21
9.268834e+00 9.271728e-22
9.289843e+00 8.240485e-22
9.310900e+00 7.416782e-22
9.332005e+00 6.744875e-22
9.353157e+00 6.187303e-22
9.374357e+00 5.717957e-22
9.395605e+00 5.318082e-22
9.416902e+00 4.973858e-22
9.438247e+00 4.674877e-22
9.459640e+00 4.413148e-22
9.481082e+00 4.182438e-22
9.502572e+00 3.977811e-22
9.524111e+00 3.795309e-22
9.545698e+00 3.631719e-22
9.567335e+00 3.484410e-22
9.589021e+00 3.351203e-22
9.610756e+00 3.230282e-22
9.632540e+00 3.120118e-22
9.654373e+00 3.019419e-22
9.676256e+00 2.927083e-22
9.698189e+00 2.842165e-22
9.720171e+00 2.763851e-22
9.742204e+00 2.691439e-22
9.764286e+00 2.624314e-22
9.786418e+00 2.561942e-22
9.808600e+00 2.503853e-22
9.830833e+00 2.449635e-22
9.853116e+00 2.398924e-22
9.875449e+00 2.351395e-22
9.897833e+00 2.306763e-22
9.920268e+00 2.264771e-22
9.942754e+00 2.225192e-22
9.965291e+00 2.187819e-22
9.987878e+00 2.152471e-22
1.001052e+01 2.118982e-22
1.003321e+01 2.087203e-22
1.005595e+01 2.056999e-22
1.007874e+01 2.028250e-22
1.010159e+01 2.000845e-22
1.012448e+01 1.974683e-22
1.014743e+01 1.949674e-22
1.017043e+01 1.925734e-22
1.019349e+01 1.902788e-22
1.021659e+01 1.880766e-22
1.023975e+01 1.859605e-22
1.026296e+01 1.839247e-22
1.028622e+01 1.819639e-22
1.030954e+01 1.800731e-22
1.033290e+01 1.782479e-22
1.035633e+01 1.764842e-22
1.037980e+01 1.747780e-22
1.040333e+01 1.731259e-22
1.042691e+01 1.715247e-22
1.045054e+01 1.699713e-22
1.047423e+01 1.684629e-22
1.049797e+01 1.669970e-22
1.052177e+01 1.655711e-22
1.054561e+01 1.641831e-22
1.056952e+01 1.628308e-22
1.059347e+01 1.615123e-22
1.061749e+01 1.602259e-22
1.064155e+01 1.589699e-22
1.066567e+01 1.577428e-22
1.068985e+01 1.565430e-22
1.071408e+01 1.553692e-22
1.073836e+01 1.542203e-22
1.076270e+01 1.530949e-22
1.078710e+01 1.519920e-22
1.081155e+01 1.509105e-22
1.083605e+01 1.498495e-22
1.086062e+01 1.488081e-22
1.088523e+01 1.477853e-22
1.090991e+01 1.467805e-22
1.093464e+01 1.457928e-22
1.095942e+01 1.448215e-22
1.098426e+01 1.438661e-22
1.100916e+01 1.429257e-22
1.103411e+01 1.419999e-22
1.105912e+01 1.410881e-22
1.108419e+01 1.401898e-22
1.110932e+01 1.393044e-22
1.113449e+01 1.384315e-22
1.115973e+01 1.375707e-22
1.118503e+01 1.367215e-22
1.121038e+01 1.358835e-22
1.123579e+01 1.350564e-22
1.126126e+01 1.342398e-22
1.128678e+01 1.334333e-22
1.131237e+01 1.326367e-22
1.133801e+01 1.318496e-22
1.136371e+01 1.310717e-22
1.138946e+01 1.303029e-22
1.141528e+01 1.295427e-22
1.144116e+01 1.287910e-22
1.146709e+01 1.280475e-22
1.149308e+01 1.273120e-22
1.151913e+01 1.265843e-22
1.154524e+01 1.258642e-22
1.157141e+01 1.251514e-22
1.159764e+01 1.244459e-22
1.162392e+01 1.237473e-22
1.165027e+01 1.230557e-22
1.167668e+01 1.223707e-22
1.170315e+01 1.216922e-22
1.172967e+01 1.210201e-22
1.175626e+01 1.203542e-22
1.178291e+01 1.196944e-22
1.180962e+01 1.190406e-22
1.183638e+01 1.183927e-22
1.186321e+01 1.177504e-22
1.189010e+01 1.171138e-22
1.191705e+01 1.164826e-22
1.194406e+01 1.158568e-22
1.197114e+01 1.152363e-22
1.199827e+01 1.146210e-22
1.202547e+01 1.140107e-22
1.205273e+01 1.134055e-22
1.208004e+01 1.128051e-22
1.210742e+01 1.122095e-22
1.213487e+01 1.116187e-22
1.216237e+01 1.110325e-22
1.218994e+01 1.104509e-22
1.221757e+01 1.098738e-22
1.224526e+01 1.093011e-22
1.227302e+01 1.087327e-22
1.230084e+01 1.081687e-22
1.232872e+01 1.076088e-22
1.235666e+01 1.070531e-22
1.238467e+01 1.065015e-22
1.241274e+01 1.059539e-22
1.244088e+01 1.054103e-22
1.246908e+01 1.048706e-22
1.249734e+01 1.043347e-22
1.252567e+01 1.038026e-22
1.255406e+01 1.032743e-22
1.258252e+01 1.027497e-22
1.261104e+01 1.022288e-22
1.263962e+01 1.017114e-22
1.266827e+01 1.011976e-22
1.269698e+01 1.006873e-22
1.272576e+01 1.001804e-22
1.275461e+01 9.967699e-23
1.278352e+01 9.917693e-23
1.281250e+01 9.868021e-23
1.284154e+01 9.818678e-23
1.287064e+01 9.769660e-23
1.289982e+01 9.720964e-23
1.292906e+01 9.672585e-23
1.295836e+01 9.624520e-23
1.298773e+01 9.576765e-23
1.301717e+01 9.529317e-23
1.304668e+01 9.482173e-23
1.307625e+01 9.435328e-23
1.310589e+01 9.388779e-23
1.313560e+01 9.342524e-23
1.316537e+01 9.296559e-23
1.319521e+01 9.250881e-23
1.322512e+01 9.205486e-23
1.325510e+01 9.160373e-23
1.328514e+01 9.115537e-23
1.331525e+01 9.070976e-23
1.334543e+01 9.026688e-23
1.337568e+01 8.982669e-23
1.340600e+01 8.938917e-23
1.343639e+01 8.895429e-23
1.346684e+01 8.852203e-23
1.349737e+01 8.809235e-23
1.352796e+01 8.766523e-23
1.355862e+01 8.724066e-23
1.358936e+01 8.681859e-23
1.362016e+01 8.639902e-23
1.365103e+01 8.598192e-23
1.368197e+01 8.556726e-23
1.371298e+01 8.515502e-23
1.374407e+01 8.474518e-23
1.377522e+01 8.433771e-23
1.380644e+01 8.393260e-23
1.383774e+01 8.352983e-23
1.386910e+01 8.312936e-23
1.390054e+01 8.273119e-23
1.393205e+01 8.233529e-23
1.396363e+01 8.194165e-23
1.399528e+01 8.155023e-23
1.402700e+01 8.116103e-23
1.405879e+01 8.077403e-23
1.409066e+01 8.038920e-23
1.412260e+01 8.000652e-23
1.415461e+01 7.962599e-23
1.418669e+01 7.924758e-23
1.421885e+01 7.887127e-23
1.425108e+01 7.849705e-23
1.428338e+01 7.812490e-23
1.431576e+01 7.775480e-23
1.434820e+01 7.738674e-23
1.438073e+01 7.702070e-23
1.441332e+01 7.665666e-23
1.444599e+01 7.629461e-23
1.447874e+01 7.593454e-23
1.451155e+01 7.557642e-23
1.454445e+01 7.522024e-23
1.457741e+01 7.486599e-23
1.461046e+01 7.451365e-23
1.464357e+01 7.416321e-23
1.467676e+01 7.381465e-23
1.471003e+01 7.346796e-23
1.474337e+01 7.312313e-23
1.477679e+01 7.278014e-23
1.481029e+01 7.243898e-23
1.484385e+01 7.209963e-23
1.487750e+01 7.176208e-23
1.491122e+01 7.142632e-23
1.494502e+01 7.109234e-23
1.497890e+01 7.076012e-23
1.501285e+01 7.042964e-23
1.504688e+01 7.010091e-23
1.508098e+01 6.977390e-23
1.511517e+01 6.944860e-23
1.514943e+01 6.912501e-23
1.518376e+01 6.880310e-23
1.521818e+01 6.848288e-23
1.525268e+01 6.816431e-23
1.528725e+01 6.784741e-23
1.532190e+01 6.753214e-23
1.535663e+01 6.721851e-23
1.539144e+01 6.690650e-23
1.542632e+01 6.659610e-23
1.546129e+01 6.628730e-23
1.549633e+01 6.598009e-23
1.553146e+01 6.567445e-23
1.556666e+01 6.537039e-23
1.560195e+01 6.506788e-23
1.563731e+01 6.476692e-23
1.567276e+01 6.446750e-23
1.570828e+01 6.416960e-23
1.574389e+01 6.387323e-23
1.577957e+01 6.357836e-23
1.581534e+01 6.328499e-23
1.585118e+01 6.299311e-23
1.588711e+01 6.270271e-23
1.592313e+01 6.241377e-23
1.595922e+01 6.212630e-23
1.599539e+01 6.184029e-23
1.603165e+01 6.155571e-23
1.606798e+01 6.127257e-23
1.610440e+01 6.099085e-23
1.614091e+01 6.071055e-23
1.617749e+01 6.043166e-23
1.621416e+01 6.015416e-23
1.625091e+01 5.987806e-23
1.628775e+01 5.960334e-23
1.632467e+01 5.932999e-23
1.636167e+01 5.905801e-23
1.639876e+01 5.878739e-23
1.643593e+01 5.851811e-23
1.647318e+01 5.825018e-23
1.651052e+01 5.798358e-23
1.654794e+01 5.771830e-23
1.658545e+01 5.745435e-23
1.662304e+01 5.719170e-23
1.666072e+01 5.693036e-23
1.669849e+01 5.667031e-23
1.673634e+01 5.641154e-23
1.677427e+01 5.615406e-23
1.681229e+01 5.589785e-23
1.685040e+01 5.564290e-23
1.688859e+01 5.538922e-23
1.692687e+01 5.513678e-23
1.696524e+01 5.488559e-23
1.700370e+01 5.463563e-23
1.704224e+01 5.438690e-23
1.708087e+01 5.413939e-23
1.711958e+01 5.389311e-23
1.715839e+01 5.364803e-23
1.719728e+01 5.340415e-23
1.723626e+01 5.316146e-23
1.727533e+01 5.291997e-23
1.731448e+01 5.267965e-23
1.735373e+01 5.244052e-23
1.739306e+01 5.220255e-23
1.743249e+01 5.196574e-23
1.747200e+01 5.173009e-23
1.751160e+01 5.149559e-23
1.755130e+01 5.126224e-23
1.759108e+01 5.103002e-23
1.763095e+01 5.079893e-23
1.767092e+01 5.056896e-23
1.771097e+01 5.034012e-23
1.775111e+01 5.011239e-23
1.779135e+01 4.988576e-23
1.783168e+01 4.966024e-23
1.787209e+01 4.943581e-23
1.791260e+01 4.921247e-23
1.795320e+01 4.899021e-23
1.799390e+01 4.876903e-23
1.803468e+01 4.854892e-23
1.807556e+01 4.832988e-23
1.811653e+01 4.811190e-23
1.815760e+01 4.789498e-23
1.819875e+01 4.767910e-23
1.824000e+01 4.746427e-23
1.828135e+01 4.725047e-23
1.832278e+01 4.703771e-23
1.836432e+01 4.682597e-23
1.840594e+01 4.661526e-23
1.844766e+01 4.640556e-23
1.848947e+01 4.619688e-23
1.853138e+01 4.598919e-23
1.857339e+01 4.578252e-23
1.861549e+01 4.557683e-23
1.865768e+01 4.537214e-23
1.869997e+01 4.516843e-23
1.874236e+01 4.496571e-23
1.878484e+01 4.476396e-23
1.882742e+01 4.456317e-23
1.887009e+01 4.436336e-23
1.891287e+01 4.416450e-23
1.895573e+01 4.396660e-23
1.899870e+01 4.376965e-23
1.904176e+01 4.357365e-23
1.908492e+01 4.337859e-23
1.912818e+01 4.318446e-23
1.917154e+01 4.299126e-23
1.921499e+01 4.279899e-23
1.925855e+01 4.260765e-23
1.930220e+01 4.241721e-23
1.934595e+01 4.222770e-23
1.938980e+01 4.203909e-23
1.943375e+01 4.185138e-23
1.947780e+01 4.166458e-23
1.952195e+01 4.147866e-23
1.956620e+01 4.129364e-23
1.961055e+01 4.110950e-23
1.965500e+01 4.092625e-23
1.969955e+01 4.074387e-23
1.974420e+01 4.056236e-23
1.978896e+01 4.038172e-23
1.983381e+01 4.020195e-23
1.987877e+01 4.002303e-23
1.992383e+01 3.984497e-23
1.996898e+01 3.966776e-23
2.001425e+01 3.949140e-23
2.005961e+01 3.931588e-23
2.010508e+01 3.914120e-23
2.015065e+01 3.896735e-23
2.019633e+01 3.879433e-23
2.024210e+01 3.862214e-23
2.028798e+01 3.845077e-23
2.033397e+01 3.828021e-23
2.038006e+01 3.811047e-23
2.042626e+01 3.794155e-23
2.047255e+01 3.777342e-23
2.051896e+01 3.760610e-23
2.056547e+01 3.743958e-23
2.061208e+01 3.727385e-23
2.065880e+01 3.710892e-23
2.070563e+01 3.694476e-23
2.075256e+01 3.678140e-23
2.079960e+01 3.661881e-23
2.084674e+01 3.645699e-23
2.089400e+01 3.629595e-23
2.094136e+01 3.613567e-23
2.098882e+01 3.597616e-23
2.103640e+01 3.581741e-23
2.108408e+01 3.565941e-23
2.113187e+01 3.550217e-23
2.117977e+01 3.534568e-23
2.122777e+01 3.518993e-23
2.127589e+01 3.503493e-23
2.132411e+01 3.488066e-23
2.137245e+01 3.472713e-23
2.142089e+01 3.457433e-23
2.146945e+01 3.442226e-23
2.151811e+01 3.427091e-23
2.156688e+01 3.412028e-23
2.161577e+01 3.397037e-23
2.166476e+01 3.382118e-23
2.171387e+01 3.367269e-23
2.176309e+01 3.352492e-23
2.181242e+01 3.337784e-23
2.186186e+01 3.323147e-23
2.191141e+01 3.308579e-23
2.196108e+01 3.294081e-23
2.201085e+01 3.279652e-23
2.206075e+01 3.265292e-23
2.211075e+01 3.251000e-23
2.216087e+01 3.236776e-23
2.221110e+01 3.222620e-23
2.226144e+01 3.208531e-23
2.231190e+01 3.194510e-23
2.236247e+01 3.180555e-23
2.241316e+01 3.166667e-23
2.246396e+01 3.152845e-23
2.251488e+01 3.139089e-23
2.256591e+01 3.125398e-23
2.261706e+01 3.111773e-23
2.266833e+01 3.098213e-23
2.271971e+01 3.084717e-23
2.277121e+01 3.071286e-23
2.282282e+01 3.057918e-23
2.287455e+01 3.044615e-23
2.292640e+01 3.031375e-23
2.297837e+01 3.018198e-23
2.303045e+01 3.005083e-23
2.308265e+01 2.992032e-23
2.313497e+01 2.979042e-23
2.318741e+01 2.966115e-23
2.323997e+01 2.953249e-23
2.329265e+01 2.940445e-23
2.334544e+01 2.927702e-23
2.339836e+01 2.915019e-23
2.345139e+01 2.902397e-23
2.350455e+01 2.889836e-23
2.355783e+01 2.877334e-23
2.361122e+01 2.864892e-23
2.366474e+01 2.852510e-23
2.371838e+01 2.840186e-23
2.377214e+01 2.827922e-23
2.382603e+01 2.815716e-23
2.388003e+01 2.803568e-23
2.393416e+01 2.791479e-23
2.398841e+01 2.779447e-23
2.404278e+01 2.767473e-23
2.409728e+01 2.755556e-23
2.415190e+01 2.743696e-23
2.420664e+01 2.731892e-23
2.426151e+01 2.720146e-23
2.431650e+01 2.708455e-23
2.437162e+01 2.696821e-23
2.442686e+01 2.685242e-23
2.448223e+01 2.673718e-23
2.453772e+01 2.662250e-23
2.459334e+01 2.650836e-23
2.464908e+01 2.639478e-23
2.470495e+01 2.628174e-23
2.476095e+01 2.616923e-23
2.481707e+01 2.605727e-23
2.487333e+01 2.594585e-23
2.492970e+01 2.583496e-23
2.498621e+01 2.572460e-23
2.504285e+01 2.561477e-23
2.509961e+01 2.550547e-23
2.515650e+01 2.539669e-23
2.521352e+01 2.528844e-23
2.527067e+01 2.518070e-23
2.532795e+01 2.507348e-23
2.538536e+01 2.496678e-23
2.544290e+01 2.486059e-23
2.550057e+01 2.475491e-23
2.555837e+01 2.464974e-23
2.561630e+01 2.454507e-23
2.567437e+01 2.444091e-23
2.573256e+01 2.433725e-23
2.579089e+01 2.423409e-23
2.584935e+01 2.413142e-23
2.590794e+01 2.402925e-23
2.596666e+01 2.392758e-23
2.602552e+01 2.382639e-23
2.608451e+01 2.372569e-23
2.614363e+01 2.362547e-23
2.620289e+01 2.352574e-23
2.626228e+01 2.342649e-23
2.632181e+01 2.332772e-23
2.638147e+01 2.322942e-23
2.644127e+01 2.313160e-23
2.650120e+01 2.303425e-23
2.656127e+01 2.293738e-23
2.662148e+01 2.284097e-23
2.668182e+01 2.274502e-23
2.674230e+01 2.264954e-23
2.680291e+01 2.255453e-23
2.686367e+01 2.245997e-23
2.692456e+01 2.236587e-23
2.698558e+01 2.227223e-23
2.704675e+01 2.217904e-23
2.710806e+01 2.208630e-23
2.716950e+01 2.199401e-23
2.723108e+01 2.190217e-23
2.729281e+01 2.181078e-23
2.735467e+01 2.171982e-23
2.741667e+01 2.162931e-23
2.747882e+01 2.153924e-23
2.754110e+01 2.144961e-23
2.760353e+01 2.136041e-23
2.766609e+01 2.127165e-23
2.772880e+01 2.118332e-23
2.779165e+01 2.109541e-23
2.785465e+01 2.100794e-23
2.791779e+01 2.092089e-23
2.798107e+01 2.083427e-23
2.804449e+01 2.074807e-23
2.810806e+01 2.066229e-23
2.817177e+01 2.057692e-23
2.823562e+01 2.049198e-23
2.829962e+01 2.040744e-23
2.836377e+01 2.032333e-23
2.842806e+01 2.023962e-23
2.849249e+01 2.015632e-23
2.855708e+01 2.007343e-23
2.862180e+01 1.999094e-23
2.868668e+01 1.990886e-23
2.875170e+01 1.982718e-23
2.881687e+01 1.974590e-23
2.888219e+01 1.966502e-23
2.894766e+01 1.958454e-23
2.901327e+01 1.950445e-23
2.907903e+01 1.942475e-23
2.914494e+01 1.934545e-23
2.921101e+01 1.926653e-23
2.927722e+01 1.918801e-23
2.934358e+01 1.910986e-23
2.941009e+01 1.903211e-23
2.947675e+01 1.895473e-23
2.954356e+01 1.887774e-23
2.961053e+01 1.880113e-23
2.967765e+01 1.872489e-23
2.974491e+01 1.864903e-23
2.981234e+01 1.857355e-23
2.987991e+01 1.849843e-23
2.994764e+01 1.842369e-23
3.001552e+01 1.834932e-23
3.008355e+01 1.827532e-23
3.015174e+01 1.820168e-23
3.022008e+01 1.812840e-23
3.028858e+01 1.805549e-23
3.035723e+01 1.798294e-23
3.042604e+01 1.791075e-23
3.049501e+01 1.783892e-23
3.056413e+01 1.776745e-23
3.063341e+01 1.769633e-23
3.070284e+01 1.762556e-23
3.077244e+01 1.755515e-23
3.084219e+01 1.748508e-23
3.091209e+01 1.741537e-23
3.098216e+01 1.734600e-23
3.105239e+01 1.727698e-23
3.112277e+01 1.720830e-23
3.119331e+01 1.713996e-23
3.126402e+01 1.707197e-23
3.133488e+01 1.700431e-23
3.140591e+01 1.693700e-23
3.147709e+01 1.687002e-23
3.154844e+01 1.680337e-23
3.161995e+01 1.673706e-23
3.169162e+01 1.667108e-23
3.176346e+01 1.660543e-23
3.183545e+01 1.654012e-23
3.190761e+01 1.647512e-23
3.197994e+01 1.641046e-23
3.205242e+01 1.634612e-23
3.212507e+01 1.628211e-23
3.219789e+01 1.621841e-23
3.227087e+01 1.615504e-23
3.234402e+01 1.609199e-23
3.241733e+01 1.602925e-23
3.249081e+01 1.596683e-23
3.256445e+01 1.590473e-23
3.263827e+01 1.584294e-23
3.271225e+01 1.578146e-23
3.278639e+01 1.572029e-23
3.286071e+01 1.565944e-23
3.293519e+01 1.559889e-23
3.300984e+01 1.553865e-23
3.308467e+01 1.547871e-23
3.315966e+01 1.541908e-23
3.323482e+01 1.535975e-23
3.331015e+01 1.530072e-23
3.338565e+01 1.524200e-23
3.346132e+01 1.518357e-23
3.353717e+01 1.512544e-23
3.361319e+01 1.506761e-23
3.368937e+01 1.501007e-23
3.376574e+01 1.495282e-23
3.384227e+01 1.489587e-23
3.391898e+01 1.483921e-23
3.399586e+01 1.478284e-23
3.407292e+01 1.472675e-23
3.415015e+01 1.467096e-23
3.422756e+01 1.461545e-23
3.430514e+01 1.456022e-23
3.438289e+01 1.450528e-23
3.446083e+01 1.445063e-23
3.453894e+01 1.439625e-23
3.461723e+01 1.434215e-23
3.469569e+01 1.428833e-23
3.477434e+01 1.423479e-23
3.485316e+01 1.418153e-23
3.493216e+01 1.412854e-23
3.501133e+01 1.407582e-23
3.509069e+01 1.402338e-23
3.517023e+01 1.397120e-23
3.524995e+01 1.391930e-23
3.532985e+01 1.386767e-23
3.540993e+01 1.381631e-23
3.549019e+01 1.376521e-23
3.557063e+01 1.371437e-23
3.565126e+01 1.366381e-23
3.573207e+01 1.361350e-23
3.581306e+01 1.356346e-23
3.589424e+01 1.351368e-23
3.597559e+01 1.346415e-23
3.605714e+01 1.341489e-23
3.613887e+01 1.336589e-23
3.622078e+01 1.331714e-23
3.630288e+01 1.326864e-23
3.638517e+01 1.322040e-23
3.646764e+01 1.317241e-23
3.655030e+01 1.312468e-23
3.663314e+01 1.307719e-23
3.671618e+01 1.302996e-23
3.679940e+01 1.298297e-23
3.688281e+01 1.293623e-23
3.696641e+01 1.288974e-23
3.705020e+01 1.284349e-23
3.713418e+01 1.279749e-23
3.721835e+01 1.275173e-23
3.730271e+01 1.270621e-23
3.738726e+01 1.266093e-23
3.747201e+01 1.261590e-23
3.755694e+01 1.257110e-23
3.764207e+01 1.252654e-23
3.772739e+01 1.248221e-23
3.781291e+01 1.243812e-23
3.789862e+01 1.239427e-23
3.798452e+01 1.235065e-23
3.807062e+01 1.230726e-23
3.815691e+01 1.226411e-23
3.824340e+01 1.222118e-23
3.833008e+01 1.217849e-23
3.841696e+01 1.213602e-23
3.850404e+01 1.209378e-23
3.859131e+01 1.205177e-23
3.867879e+01 1.200998e-23
3.876646e+01 1.196842e-23
3.885433e+01 1.192708e-23
3.894240e+01 1.188596e-23
3.903066e+01 1.184507e-23
3.911913e+01 1.180440e-23
3.920780e+01 1.176394e-23
3.929667e+01 1.172370e-23
3.938575e+01 1.168368e-23
3.947502e+01 1.164388e-23
3.956449e+01 1.160429e-23
3.965417e+01 1.156492e-23
3.974405e+01 1.152577e-23
3.983414e+01 1.148682e-23
3.992443e+01 1.144809e-23
4.001492e+01 1.140956e-23
4.010562e+01 1.137125e-23
4.019653e+01 1.133315e-23
4.028764e+01 1.129525e-23
4.037896e+01 1.125756e-23
4.047048e+01 1.122008e-23
4.056222e+01 1.118281e-23
4.065416e+01 1.114573e-23
4.074630e+01 1.110886e-23
4.083866e+01 1.107220e-23
4.093123e+01 1.103573e-23
4.102400e+01 1.099947e-23
4.111699e+01 1.096340e-23
4.121019e+01 1.092754e-23
4.130360e+01 1.089187e-23
4.139722e+01 1.085640e-23
4.149105e+01 1.082113e-23
4.158510e+01 1.078605e-23
4.167935e+01 1.075117e-23
4.177383e+01 1.071647e-23
4.186851e+01 1.068198e-23
4.196341e+01 1.064767e-23
4.205853e+01 1.061355e-23
4.215386e+01 1.057963e-23
4.224941e+01 1.054589e-23
4.234517e+01 1.051235e-23
4.244116e+01 1.047899e-23
4.253735e+01 1.044581e-23
4.263377e+01 1.041283e-23
4.273041e+01 1.038002e-23
4.282726e+01 1.034741e-23
4.292434e+01 1.031497e-23
4.302163e+01 1.028272e-23
4.311915e+01 1.025065e-23
4.321688e+01 1.021876e-23
4.331484e+01 1.018705e-23
4.341302e+01 1.015551e-23
4.351142e+01 1.012416e-23
4.361004e+01 1.009298e-23
4.370889e+01 1.006199e-23
4.380797e+01 1.003116e-23
4.390726e+01 1.000052e-23
4.400678e+01 9.970041e-24
4.410653e+01 9.939740e-24
4.420650e+01 9.909612e-24
4.430671e+01 9.879656e-24
4.440713e+01 9.849870e-24
4.450779e+01 9.820255e-24
4.460867e+01 9.790809e-24
4.470978e+01 9.761532e-24
4.481112e+01 9.732423e-24
4.491270e+01 9.703480e-24
4.501450e+01 9.674704e-24
4.511653e+01 9.646093e-24
4.521879e+01 9.617647e-24
4.532129e+01 9.589365e-24
4.542401e+01 9.561246e-24
4.552697e+01 9.533290e-24
4.563017e+01 9.505495e-24
4.573359e+01 9.477860e-24
4.583726e+01 9.450386e-24
4.594115e+01 9.423072e-24
4.604528e+01 9.395915e-24
4.614965e+01 9.368917e-24
4.625426e+01 9.342076e-24
4.635910e+01 9.315391e-24
4.646418e+01 9.288861e-24
4.656950e+01 9.262486e-24
4.667505e+01 9.236266e-24
4.678085e+01 9.210199e-24
4.688688e+01 9.184284e-24
4.699316e+01 9.158522e-24
4.709968e+01 9.132910e-24
4.720644e+01 9.107449e-24
4.731344e+01 9.082138e-24
4.742068e+01 9.056975e-24
4.752817e+01 9.031961e-24
4.763589e+01 9.007095e-24
4.774387e+01 8.982375e-24
4.785209e+01 8.957801e-24
4.796055e+01 8.933373e-24
4.806926e+01 8.909089e-24
4.817822e+01 8.884950e-24
4.828742e+01 8.860954e-24
4.839687e+01 8.837100e-24
4.850657e+01 8.813388e-24
4.861651e+01 8.789818e-24
4.872671e+01 8.766388e-24
4.883716e+01 8.743098e-24
4.894785e+01 8.719947e-24
4.905880e+01 8.696934e-24
4.917000e+01 8.674059e-24
4.928145e+01 8.651321e-24
4.939315e+01 8.628720e-24
4.950511e+01 8.606255e-24
4.961732e+01 8.583924e-24
4.972978e+01 8.561728e-24
4.984251e+01 8.539666e-24
4.995548e+01 8.517736e-24
5.006871e+01 8.495939e-24
5.018220e+01 8.474274e-24
5.029594e+01 8.452740e-24
5.040995e+01 8.431336e-24
5.052421e+01 8.410062e-24
5.063873e+01 8.388917e-24
5.075351e+01 8.367900e-24
5.086855e+01 8.347012e-24
5.098385e+01 8.326250e-24
5.109941e+01 8.305615e-24
5.121524e+01 8.285106e-24
5.133132e+01 8.264722e-24
5.144767e+01 8.244462e-24
5.156429e+01 8.224327e-24
5.168116e+01 8.204315e-24
5.179831e+01 8.184425e-24
5.191572e+01 8.164658e-24
5.203339e+01 8.145012e-24
5.215133e+01 8.125487e-24
5.226954e+01 8.106082e-24
5.238802e+01 8.086797e-24
5.250676e+01 8.067630e-24
5.262577e+01 8.048582e-24
5.274506e+01 8.029652e-24
5.286461e+01 8.010839e-24
5.298444e+01 7.992142e-24
5.310453e+01 7.973561e-24
5.322490e+01 7.955095e-24
5.334555e+01 7.936745e-24
5.346646e+01 7.918508e-24
5.358765e+01 7.900384e-24
5.370911e+01 7.882374e-24
5.383085e+01 7.864476e-24
5.395287e+01 7.846689e-24
5.407516e+01 7.829014e-24
5.419773e+01 7.811450e-24
5.432058e+01 7.793995e-24
5.444370e+01 7.776649e-24
5.456711e+01 7.759413e-24
5.469079e+01 7.742284e-24
5.481476e+01 7.725263e-24
5.493900e+01 7.708350e-24
5.506353e+01 7.691542e-24
5.518834e+01 7.674841e-24
5.531343e+01 7.658245e-24
5.543881e+01 7.641754e-24
5.556447e+01 7.625367e-24
5.569041e+01 7.609083e-24
5.581664e+01 7.592903e-24
5.594316e+01 7.576825e-24
5.606996e+01 7.560849e-24
5.619705e+01 7.544975e-24
5.632443e+01 7.529201e-24
5.645210e+01 7.513528e-24
5.658006e+01 7.497955e-24
5.670830e+01 7.482481e-24
5.683684e+01 7.467105e-24
5.696567e+01 7.451828e-24
5.709479e+01 7.436648e-24
5.722420e+01 7.421565e-24
5.735391e+01 7.406579e-24
5.748391e+01 7.391689e-24
5.761421e+01 7.376895e-24
5.774480e+01 7.362195e-24
5.787568e+01 7.347589e-24
5.800687e+01 7.333078e-24
5.813835e+01 7.318660e-24
5.827013e+01 7.304335e-24
5.840221e+01 7.290102e-24
5.853458e+01 7.275961e-24
5.866726e+01 7.261911e-24
5.880024e+01 7.247952e-24
5.893352e+01 7.234083e-24
5.906710e+01 7.220305e-24
5.920098e+01 7.206615e-24
5.933517e+01 7.193014e-24
5.946966e+01 7.179501e-24
5.960446e+01 7.166077e-24
5.973956e+01 7.152739e-24
5.987497e+01 7.139488e-24
6.001068e+01 7.126324e-24
6.014670e+01 7.113245e-24
6.028304e+01 7.100251e-24
6.041968e+01 7.087343e-24
6.055663e+01 7.074518e-24
6.069389e+01 7.061778e-24
6.083146e+01 7.049121e-24
6.096934e+01 7.036547e-24
6.110754e+01 7.024055e-24
6.124605e+01 7.011645e-24
6.138487e+01 6.999316e-24
6.152401e+01 6.987069e-24
6.166346e+01 6.974902e-24
6.180323e+01 6.962815e-24
6.194331e+01 6.950807e-24
6.208372e+01 6.938879e-24
6.222444e+01 6.927029e-24
6.236548e+01 6.915258e-24
6.250684e+01 6.903564e-24
6.264852e+01 6.891948e-24
6.279052e+01 6.880408e-24
6.293285e+01 6.868945e-24
6.307549e+01 6.857558e-24
6.321846e+01 6.846246e-24
6.336176e+01 6.835009e-24
6.350538e+01 6.823847e-24
6.364932e+01 6.812759e-24
6.379359e+01 6.801745e-24
6.393819e+01 6.790804e-24
6.408311e+01 6.779936e-24
6.422837e+01 6.769140e-24
6.437395e+01 6.758416e-24
6.451986e+01 6.747764e-24
6.466611e+01 6.737183e-24
6.481268e+01 6.726673e-24
6.495959e+01 6.716232e-24
6.510683e+01 6.705862e-24
6.525440e+01 6.695561e-24
6.540231e+01 6.685330e-24
6.555055e+01 6.675166e-24
6.569913e+01 6.665071e-24
6.584805e+01 6.655044e-24
6.599730e+01 6.645084e-24
6.614690e+01 6.635192e-24
6.629683e+01 6.625365e-24
6.644710e+01 6.615605e-24
6.659771e+01 6.605911e-24
6.674867e+01 6.596282e-24
6.689996e+01 6.586718e-24
6.705160e+01 6.577218e-24
6.720358e+01 6.567783e-24
6.735591e+01 6.558411e-24
6.750858e+01 6.549103e-24
6.766160e+01 6.539858e-24
6.781496e+01 6.530675e-24
6.796867e+01 6.521555e-24
6.812274e+01 6.512497e-24
6.827715e+01 6.503500e-24
6.843191e+01 6.494564e-24
6.858701e+01 6.485689e-24
6.874248e+01 6.476874e-24
6.889829e+01 6.468119e-24
6.905446e+01 6.459424e-24
6.921098e+01 6.450788e-24
6.936786e+01 6.442211e-24
6.952509e+01 6.433692e-24
6.968268e+01 6.425232e-24
6.984063e+01 6.416829e-24
6.999893e+01 6.408484e-24
7.015759e+01 6.400196e-24
7.031661e+01 6.391964e-24
7.047600e+01 6.383789e-24
7.063574e+01 6.375670e-24
7.079585e+01 6.367607e-24
7.095632e+01 6.359599e-24
7.111715e+01 6.351646e-24
7.127835e+01 6.343747e-24
7.143991e+01 6.335903e-24
7.160184e+01 6.328113e-24
7.176413e+01 6.320376e-24
7.192680e+01 6.312692e-24
7.208983e+01 6.305062e-24
7.225323e+01 6.297484e-24
7.241700e+01 6.289958e-24
7.258115e+01 6.282485e-24
7.274566e+01 6.275063e-24
7.291055e+01 6.267692e-24
7.307581e+01 6.260372e-24
7.324145e+01 6.253103e-24
7.340746e+01 6.245884e-24
7.357385e+01 6.238715e-24
7.374062e+01 6.231597e-24
7.390776e+01 6.224527e-24
7.407528e+01 6.217506e-24
7.424318e+01 6.210534e-24
7.441147e+01 6.203611e-24
7.458013e+01 6.196736e-24
7.474918e+01 6.189908e-24
7.491861e+01 6.183128e-24
7.508842e+01 6.176396e-24
7.525862e+01 6.169710e-24
7.542921e+01 6.163071e-24
7.560018e+01 6.156478e-24
7.577154e+01 6.149931e-24
7.594328e+01 6.143430e-24
7.611542e+01 6.136975e-24
7.628795e+01 6.130565e-24
7.646086e+01 6.124199e-24
7.663417e+01 6.117878e-24
7.680787e+01 6.111602e-24
7.698197e+01 6.105369e-24
7.715646e+01 6.099181e-24
7.733135e+01 6.093035e-24
7.750663e+01 6.086933e-24
7.768231e+01 6.080874e-24
7.785839e+01 6.074858e-24
7.803487e+01 6.068884e-24
7.821174e+01 6.062952e-24
7.838902e+01 6.057062e-24
7.856670e+01 6.051213e-24
7.874478e+01 6.045406e-24
7.892327e+01 6.039640e-24
7.910216e+01 6.033914e-24
7.928146e+01 6.028229e-24
7.946116e+01 6.022585e-24
7.964127e+01 6.016980e-24
7.982179e+01 6.011415e-24
8.000272e+01 6.005890e-24
8.018405e+01 6.000404e-24
8.036580e+01 5.994956e-24
8.054796e+01 5.989548e-24
8.073054e+01 5.984178e-24
8.091353e+01 5.978846e-24
8.109693e+01 5.973553e-24
8.128074e+01 5.968297e-24
8.146498e+01 5.963078e-24
8.164963e+01 5.957897e-24
8.183470e+01 5.952753e-24
8.202019e+01 5.947646e-24
8.220610e+01 5.942575e-24
8.239243e+01 5.937541e-24
8.257919e+01 5.932543e-24
8.276637e+01 5.927581e-24
8.295397e+01 5.922654e-24
8.314199e+01 5.917763e-24
8.333045e+01 5.912907e-24
8.351933e+01 5.908086e-24
8.370864e+01 5.903299e-24
8.389838e+01 5.898548e-24
8.408854e+01 5.893830e-24
8.427914e+01 5.889147e-24
8.447017e+01 5.884497e-24
8.466164e+01 5.879882e-24
8.485353e+01 5.875299e-24
8.504587e+01 5.870750e-24
8.523864e+01 5.866234e-24
8.543184e+01 5.861751e-24
8.562548e+01 5.857300e-24
8.581957e+01 5.852882e-24
8.601409e+01 5.848496e-24
8.620905e+01 5.844142e-24
8.640446e+01 5.839820e-24
8.660031e+01 5.835529e-24
8.679660e+01 5.831270e-24
8.699334e+01 5.827042e-24
8.719052e+01 5.822845e-24
8.738815e+01 5.818679e-24
8.758623e+01 5.814543e-24
8.778475e+01 5.810438e-24
8.798373e+01 5.806363e-24
8.818316e+01 5.802318e-24
8.838304e+01 5.798304e-24
8.858337e+01 5.794318e-24
8.878416e+01 5.790362e-24
8.898540e+01 5.786436e-24
8.918710e+01 5.782538e-24
8.938925e+01 5.778670e-24
8.959187e+01 5.774830e-24
8.979494e+01 5.771019e-24
8.999847e+01 5.767237e-24
9.020247e+01 5.763482e-24
9.040692e+01 5.759756e-24
9.061184e+01 5.756057e-24
9.081723e+01 5.752386e-24
9.102308e+01 5.748743e-24
9.122939e+01 5.745127e-24
9.143618e+01 5.741538e-24
9.164343e+01 5.737977e-24
9.185116e+01 5.734442e-24
9.205935e+01 5.730934e-24
9.226802e+01 5.727452e-24
9.247715e+01 5.723997e-24
9.268677e+01 5.720568e-24
9.289686e+01 5.717165e-24
9.310742e+01 5.713788e-24
9.331846e+01 5.710437e-24
9.352998e+01 5.707111e-24
9.374198e+01 5.703811e-24
9.395446e+01 5.700536e-24
9.416742e+01 5.697286e-24
9.438086e+01 5.694061e-24
9.459479e+01 5.690861e-24
9.480921e+01 5.687686e-24
9.502410e+01 5.684535e-24
9.523949e+01 5.681409e-24
9.545536e+01 5.678307e-24
9.567173e+01 5.675229e-24
9.588858e+01 5.672175e-24
9.610593e+01 5.669144e-24
9.632376e+01 5.666138e-24
9.654210e+01 5.663155e-24
9.676092e+01 5.660195e-24
9.698024e+01 5.657259e-24
9.720006e+01 5.654345e-24
9.742038e+01 5.651455e-24
9.764120e+01 5.648588e-24
9.786252e+01 5.645743e-24
9.808434e+01 5.642921e-24
9.830666e+01 5.640121e-24
9.852948e+01 5.637344e-24
9.875282e+01 5.634588e-24
9.897665e+01 5.631855e-24
9.920100e+01 5.629144e-24
9.942585e+01 5.626455e-24
9.965121e+01 5.623787e-24
9.987709e+01 5.621141e-24
1.001035e+02 5.618517e-24
1.003304e+02 5.615914e-24
1.005578e+02 5.613332e-24
1.007857e+02 5.610771e-24
1.010142e+02 5.608231e-24
1.012431e+02 5.605711e-24
1.014726e+02 5.603213e-24
1.017026e+02 5.600735e-24
1.019331e+02 5.598278e-24
1.021642e+02 5.595841e-24
1.023958e+02 5.593425e-24
1.026278e+02 5.591029e-24
1.028605e+02 5.588652e-24
1.030936e+02 5.586296e-24
1.033273e+02 5.583959e-24
1.035615e+02 5.581643e-24
1.037962e+02 5.579345e-24
1.040315e+02 5.577068e-24
1.042673e+02 5.574810e-24
1.045036e+02 5.572571e-24
1.047405e+02 5.570351e-24
1.049779e+02 5.568151e-24
1.052159e+02 5.565969e-24
1.054544e+02 5.563807e-24
1.056934e+02 5.561663e-24
1.059330e+02 5.559538e-24
1.061731e+02 5.557431e-24
1.064137e+02 5.555343e-24
1.066549e+02 5.553274e-24
1.068967e+02 5.551223e-24
1.071390e+02 5.549190e-24
1.073818e+02 5.547175e-24
1.076252e+02 5.545179e-24
1.078692e+02 5.543200e-24
1.081137e+02 5.541239e-24
1.083587e+02 5.539296e-24
1.086043e+02 5.537370e-24
1.088505e+02 5.535462e-24
1.090972e+02 5.533572e-24
1.093445e+02 5.531699e-24
1.095923e+02 5.529844e-24
1.098407e+02 5.528006e-24
1.100897e+02 5.526184e-24
1.103393e+02 5.524381e-24
1.105894e+02 5.522594e-24
1.108400e+02 5.520824e-24
1.110913e+02 5.519070e-24
1.113431e+02 5.517334e-24
1.115954e+02 5.515614e-24
1.118484e+02 5.513911e-24
1.121019e+02 5.512225e-24
1.123560e+02 5.510554e-24
1.126107e+02 5.508901e-24
1.128659e+02 5.507263e-24
1.131218e+02 5.505642e-24
1.133782e+02 5.504037e-24
1.136351e+02 5.502448e-24
1.138927e+02 5.500875e-24
1.141509e+02 5.499318e-24
1.144096e+02 5.497777e-24
1.146689e+02 5.496252e-24
1.149288e+02 5.494742e-24
1.151894e+02 5.493248e-24
1.154504e+02 5.491770e-24
1.157121e+02 5.490307e-24
1.159744e+02 5.488860e-24
1.162373e+02 5.487428e-24
1.165007e+02 5.486011e-24
1.167648e+02 5.484610e-24
1.170295e+02 5.483223e-24
1.172947e+02 5.481852e-24
1.175606e+02 5.480496e-24
1.178271e+02 5.479155e-24
1.180941e+02 5.477829e-24
1.183618e+02 5.476518e-24
1.186301e+02 5.475222e-24
1.188990e+02 5.473940e-24
1.191685e+02 5.472674e-24
1.194386e+02 5.471421e-24
1.197093e+02 5.470184e-24
1.199807e+02 5.468961e-24
1.202526e+02 5.467752e-24
1.205252e+02 5.466558e-24
1.207984e+02 5.465378e-24
1.210722e+02 5.464213e-24
1.213466e+02 5.463062e-24
1.216217e+02 5.461925e-24
1.218973e+02 5.460802e-24
1.221736e+02 5.459694e-24
1.224506e+02 5.458599e-24
1.227281e+02 5.457518e-24
1.230063e+02 5.456452e-24
1.232851e+02 5.455399e-24
1.235645e+02 5.454360e-24
1.238446e+02 5.453335e-24
1.241253e+02 5.452324e-24
1.244067e+02 5.451326e-24
1.246887e+02 5.450342e-24
1.249713e+02 5.449372e-24
1.252546e+02 5.448415e-24
1.255385e+02 5.447472e-24
1.258230e+02 5.446542e-24
1.261082e+02 5.445626e-24
1.263941e+02 5.444723e-24
1.266805e+02 5.443834e-24
1.269677e+02 5.442958e-24
1.272555e+02 5.442095e-24
1.275439e+02 5.441245e-24
1.278330e+02 5.440409e-24
1.281228e+02 5.439585e-24
1.284132e+02 5.438775e-24
1.287043e+02 5.437978e-24
1.289960e+02 5.437194e-24
1.292884e+02 5.436423e-24
1.295814e+02 5.435665e-24
1.298751e+02 5.434920e-24
1.301695e+02 5.434187e-24
1.304646e+02 5.433468e-24
1.307603e+02 5.432761e-24
1.310567e+02 5.432068e-24
1.313537e+02 5.431387e-24
1.316515e+02 5.430718e-24
1.319499e+02 5.430063e-24
1.322489e+02 5.429420e-24
1.325487e+02 5.428789e-24
1.328492e+02 5.428172e-24
1.331503e+02 5.427566e-24
1.334521e+02 5.426974e-24
1.337546e+02 5.426393e-24
1.340577e+02 5.425826e-24
1.343616e+02 5.425270e-24
1.346661e+02 5.424727e-24
1.349714e+02 5.424197e-24
1.352773e+02 5.423679e-24
1.355839e+02 5.423173e-24
1.358913e+02 5.422679e-24
1.361993e+02 5.422198e-24
1.365080e+02 5.421729e-24
1.368174e+02 5.421272e-24
1.371275e+02 5.420828e-24
1.374384e+02 5.420395e-24
1.377499e+02 5.419975e-24
1.380621e+02 5.419567e-24
1.383750e+02 5.419171e-24
1.386887e+02 5.418787e-24
1.390030e+02 5.418415e-24
1.393181e+02 5.418055e-24
1.396339e+02 5.417707e-24
1.399504e+02 5.417371e-24
1.402676e+02 5.417047e-24
1.405856e+02 5.416735e-24
1.409042e+02 5.416435e-24
1.412236e+02 5.416147e-24
1.415437e+02 5.415870e-24
1.418645e+02 5.415606e-24
1.421861e+02 5.415353e-24
1.425084e+02 5.415113e-24
1.428314e+02 5.414884e-24
1.431551e+02 5.414666e-24
1.434796e+02 5.414461e-24
1.438048e+02 5.414267e-24
1.441308e+02 5.414085e-24
1.444575e+02 5.413915e-24
1.447849e+02 5.413757e-24
1.451131e+02 5.413610e-24
1.454420e+02 5.413475e-24
1.457717e+02 5.413352e-24
1.461021e+02 5.413240e-24
1.464332e+02 5.413140e-24
1.467652e+02 5.413051e-24
1.470978e+02 5.412975e-24
1.474312e+02 5.412909e-24
1.477654e+02 5.412856e-24
1.481003e+02 5.412814e-24
1.484360e+02 5.412783e-24
1.487725e+02 5.412764e-24
1.491097e+02 5.412757e-24
1.494477e+02 5.412761e-24
1.497864e+02 5.412777e-24
1.501259e+02 5.412804e-24
1.504662e+02 5.412843e-24
1.508073e+02 5.412893e-24
1.511491e+02 5.412955e-24
1.514917e+02 5.413028e-24
1.518351e+02 5.413112e-24
1.521792e+02 5.413209e-24
1.525242e+02 5.413316e-24
1.528699e+02 5.413435e-24
1.532164e+02 5.413566e-24
1.535637e+02 5.413708e-24
1.539118e+02 5.413861e-24
1.542606e+02 5.414026e-24
1.546103e+02 5.414202e-24
1.549607e+02 5.414390e-24
1.553119e+02 5.414589e-24
1.556640e+02 5.414799e-24
1.560168e+02 5.415021e-24
1.563705e+02 5.415255e-24
1.567249e+02 5.415499e-24
1.570801e+02 5.415755e-24
1.574362e+02 5.416023e-24
1.577930e+02 5.416302e-24
1.581507e+02 5.416592e-24
1.585092e+02 5.416894e-24
1.588684e+02 5.417207e-24
1.592285e+02 5.417531e-24
1.595895e+02 5.417867e-24
1.599512e+02 5.418214e-24
1.603137e+02 5.418573e-24
1.606771e+02 5.418943e-24
1.610413e+02 5.419324e-24
1.614063e+02 5.419717e-24
1.617722e+02 5.420121e-24
1.621389e+02 5.420537e-24
1.625064e+02 5.420964e-24
1.628747e+02 5.421402e-24
1.632439e+02 5.421852e-24
1.636139e+02 5.422313e-24
1.639848e+02 5.422786e-24
1.643565e+02 5.423270e-24
1.647290e+02 5.423765e-24
1.651024e+02 5.424272e-24
1.654766e+02 5.424790e-24
1.658517e+02 5.425320e-24
1.662276e+02 5.425861e-24
1.666044e+02 5.426413e-24
1.669820e+02 5.426977e-24
1.673605e+02 5.427553e-24
1.677399e+02 5.428140e-24
1.681201e+02 5.428738e-24
1.685011e+02 5.429348e-24
1.688831e+02 5.429969e-24
1.692659e+02 5.430602e-24
1.696495e+02 5.431246e-24
1.700341e+02 5.431901e-24
1.704195e+02 5.432569e-24
1.708058e+02 5.433247e-24
1.711929e+02 5.433937e-24
1.715810e+02 5.434639e-24
1.719699e+02 5.435352e-24
1.723596e+02 5.436077e-24
1.727503e+02 5.436813e-24
1.731419e+02 5.437561e-24
1.735343e+02 5.438321e-24
1.739277e+02 5.439092e-24
1.743219e+02 5.439874e-24
1.747170e+02 5.440669e-24
1.751131e+02 5.441474e-24
1.755100e+02 5.442292e-24
1.759078e+02 5.443121e-24
1.763065e+02 5.443961e-24
1.767062e+02 5.444814e-24
1.771067e+02 5.445678e-24
1.775081e+02 5.446553e-24
1.779105e+02 5.447441e-24
1.783137e+02 5.448340e-24
1.787179e+02 5.449251e-24
1.791230e+02 5.450173e-24
1.795290e+02 5.451107e-24
1.799359e+02 5.452053e-24
1.803438e+02 5.453011e-24
1.807526e+02 5.453981e-24
1.811623e+02 5.454962e-24
1.815729e+02 5.455955e-24
1.819844e+02 5.456960e-24
1.823969e+02 5.457977e-24
1.828104e+02 5.459006e-24
1.832247e+02 5.460046e-24
1.836400e+02 5.461099e-24
1.840563e+02 5.462163e-24
1.844735e+02 5.463239e-24
1.848916e+02 5.464328e-24
1.853107e+02 5.465428e-24
1.857307e+02 5.466540e-24
1.861517e+02 5.467664e-24
1.865736e+02 5.468800e-24
1.869965e+02 5.469948e-24
1.874204e+02 5.471108e-24
1.878452e+02 5.472281e-24
1.882710e+02 5.473465e-24
1.886977e+02 5.474661e-24
1.891255e+02 5.475870e-24
1.895541e+02 5.477090e-24
1.899838e+02 5.478323e-24
1.904144e+02 5.479568e-24
1.908460e+02 5.480825e-24
1.912786e+02 5.482095e-24
1.917121e+02 5.483376e-24
1.921467e+02 5.484670e-24
1.925822e+02 5.485976e-24
1.930187e+02 5.487294e-24
1.934562e+02 5.488625e-24
1.938947e+02 5.489968e-24
1.943342e+02 5.491324e-24
1.947747e+02 5.492691e-24
1.952162e+02 5.494071e-24
1.956587e+02 5.495464e-24
1.961022e+02 5.496869e-24
1.965467e+02 5.498286e-24
1.969922e+02 5.499716e-24
1.974387e+02 5.501159e-24
1.978862e+02 5.502614e-24
1.983347e+02 5.504081e-24
1.987843e+02 5.505561e-24
1.992349e+02 5.507054e-24
1.996865e+02 5.508559e-24
2.001391e+02 5.510077e-24
2.005927e+02 5.511608e-24
2.010474e+02 5.513151e-24
2.015031e+02 5.514707e-24
2.019598e+02 5.516276e-24
2.024176e+02 5.517858e-24
2.028764e+02 5.519452e-24
2.033363e+02 5.521059e-24
2.037971e+02 5.522679e-24
2.042591e+02 5.524312e-24
2.047221e+02 5.525958e-24
2.051861e+02 5.527616e-24
2.056512e+02 5.529288e-24
2.061173e+02 5.530972e-24
2.065845e+02 5.532670e-24
2.070528e+02 5.534381e-24
2.075221e+02 5.536104e-24
2.079925e+02 5.537841e-24
2.084639e+02 5.539591e-24
2.089364e+02 5.541354e-24
2.094100e+02 5.543130e-24
2.098847e+02 5.544919e-24
2.103604e+02 5.546722e-24
2.108372e+02 5.548538e-24
2.113151e+02 5.550367e-24
2.117941e+02 5.552209e-24
2.122741e+02 5.554065e-24
2.127553e+02 5.555934e-24
2.132375e+02 5.557816e-24
2.137209e+02 5.559712e-24
2.142053e+02 5.561621e-24
2.146908e+02 5.563544e-24
2.151774e+02 5.565480e-24
2.156652e+02 5.567430e-24
2.161540e+02 5.569394e-24
2.166440e+02 5.571371e-24
2.171350e+02 5.573361e-24
2.176272e+02 5.575365e-24
2.181205e+02 5.577383e-24
2.186149e+02 5.579415e-24
2.191104e+02 5.581461e-24
2.196070e+02 5.583520e-24
2.201048e+02 5.585593e-24
2.206037e+02 5.587680e-24
2.211037e+02 5.589780e-24
2.216049e+02 5.591895e-24
2.221072e+02 5.594024e-24
2.226106e+02 5.596166e-24
2.231152e+02 5.598323e-24
2.236209e+02 5.600494e-24
2.241278e+02 5.602678e-24
2.246358e+02 5.604877e-24
2.251450e+02 5.607090e-24
2.256553e+02 5.609317e-24
2.261668e+02 5.611558e-24
2.266794e+02 5.613814e-24
2.271932e+02 5.616084e-24
2.277082e+02 5.618368e-24
2.282243e+02 5.620667e-24
2.287416e+02 5.622979e-24
2.292601e+02 5.625307e-24
2.297798e+02 5.627648e-24
2.303006e+02 5.630005e-24
2.308226e+02 5.632375e-24
2.313458e+02 5.634761e-24
2.318702e+02 5.637161e-24
2.323957e+02 5.639575e-24
2.329225e+02 5.642004e-24
2.334504e+02 5.644448e-24
2.339796e+02 5.646907e-24
2.345100e+02 5.649380e-24
2.350415e+02 5.651868e-24
2.355743e+02 5.654371e-24
2.361082e+02 5.656889e-24
2.366434e+02 5.659422e-24
2.371798e+02 5.661970e-24
2.377174e+02 5.664532e-24
2.382562e+02 5.667110e-24
2.387962e+02 5.669703e-24
2.393375e+02 5.672311e-24
2.398800e+02 5.674934e-24
2.404237e+02 5.677572e-24
2.409687e+02 5.680226e-24
2.415149e+02 5.682894e-24
2.420623e+02 5.685578e-24
2.426110e+02 5.688278e-24
2.431609e+02 5.690992e-24
2.437120e+02 5.693722e-24
2.442645e+02 5.696468e-24
2.448181e+02 5.699229e-24
2.453730e+02 5.702006e-24
2.459292e+02 5.704798e-24
2.464866e+02 5.707606e-24
2.470453e+02 5.710429e-24
2.476053e+02 5.713268e-24
2.481665e+02 5.716123e-24
2.487290e+02 5.718993e-24
2.492928e+02 5.721880e-24
2.498579e+02 5.724782e-24
2.504242e+02 5.727700e-24
2.509918e+02 5.730634e-24
2.515607e+02 5.733584e-24
2.521309e+02 5.736550e-24
2.527024e+02 5.739532e-24
2.532752e+02 5.742530e-24
2.538493e+02 5.745545e-24
2.544247e+02 5.748575e-24
2.550014e+02 5.751622e-24
2.555794e+02 5.754685e-24
2.561587e+02 5.757764e-24
2.567393e+02 5.760860e-24
2.573212e+02 5.763972e-24
2.579045e+02 5.767100e-24
2.584891e+02 5.770245e-24
2.590750e+02 5.773406e-24
2.596622e+02 5.776584e-24
2.602508e+02 5.779779e-24
2.608407e+02 5.782990e-24
2.614319e+02 5.786218e-24
2.620245e+02 5.789463e-24
2.626184e+02 5.792724e-24
2.632136e+02 5.796002e-24
2.638102e+02 5.799298e-24
2.644082e+02 5.802609e-24
2.650075e+02 5.805938e-24
2.656082e+02 5.809284e-24
2.662102e+02 5.812648e-24
2.668137e+02 5.816028e-24
2.674184e+02 5.819425e-24
2.680246e+02 5.822839e-24
2.686321e+02 5.826271e-24
2.692410e+02 5.829720e-24
2.698512e+02 5.833186e-24
2.704629e+02 5.836670e-24
2.710759e+02 5.840171e-24
2.716904e+02 5.843689e-24
2.723062e+02 5.847225e-24
2.729234e+02 5.850778e-24
2.735421e+02 5.854350e-24
2.741621e+02 5.857938e-24
2.747835e+02 5.861545e-24
2.754063e+02 5.865169e-24
2.760306e+02 5.868811e-24
2.766562e+02 5.872470e-24
2.772833e+02 5.876148e-24
2.779118e+02 5.879843e-24
2.785418e+02 5.883557e-24
2.791731e+02 5.887288e-24
2.798059e+02 5.891038e-24
2.804401e+02 5.894805e-24
2.810758e+02 5.898591e-24
2.817129e+02 5.902395e-24
2.823514e+02 5.906218e-24
2.829914e+02 5.910058e-24
2.836329e+02 5.913917e-24
2.842758e+02 5.917794e-24
2.849201e+02 5.921690e-24
2.855659e+02 5.925604e-24
2.862132e+02 5.929537e-24
2.868619e+02 5.933488e-24
2.875121e+02 5.937459e-24
2.881638e+02 5.941447e-24
2.888170e+02 5.945455e-24
2.894716e+02 5.949481e-24
2.901278e+02 5.953526e-24
2.907854e+02 5.957590e-24
2.914445e+02 5.961673e-24
2.921051e+02 5.965775e-24
2.927672e+02 5.969896e-24
2.934308e+02 5.974036e-24
2.940959e+02 5.978195e-24
2.947625e+02 5.982373e-24
2.954306e+02 5.986571e-24
2.961003e+02 5.990788e-24
2.967714e+02 5.995024e-24
2.974441e+02 5.999280e-24
2.981183e+02 6.003555e-24
2.987940e+02 6.007849e-24
2.994713e+02 6.012164e-24
3.001501e+02 6.016497e-24
3.008304e+02 6.020851e-24
3.015123e+02 6.025224e-24
3.021957e+02 6.029617e-24
3.028807e+02 6.034029e-24
3.035672e+02 6.038462e-24
3.042553e+02 6.042914e-24
3.049449e+02 6.047387e-24
3.056361e+02 6.051879e-24
3.063289e+02 6.056392e-24
3.070232e+02 6.060924e-24
3.077191e+02 6.065477e-24
3.084166e+02 6.070050e-24
3.091157e+02 6.074643e-24
3.098163e+02 6.079257e-24
3.105186e+02 6.083891e-24
3.112224e+02 6.088545e-24
3.119279e+02 6.093220e-24
3.126349e+02 6.097916e-24
3.133435e+02 6.102632e-24
3.140538e+02 6.107369e-24
3.147656e+02 6.112126e-24
3.154791e+02 6.116905e-24
3.161941e+02 6.121704e-24
3.169108e+02 6.126524e-24
3.176292e+02 6.131364e-24
3.183491e+02 6.136226e-24
3.190707e+02 6.141109e-24
3.197939e+02 6.146013e-24
3.205188e+02 6.150938e-24
3.212453e+02 6.155885e-24
3.219734e+02 6.160852e-24
3.227032e+02 6.165841e-24
3.234347e+02 6.170852e-24
3.241678e+02 6.175883e-24
3.249026e+02 6.180937e-24
3.256390e+02 6.186011e-24
3.263771e+02 6.191108e-24
3.271169e+02 6.196226e-24
3.278583e+02 6.201365e-24
3.286015e+02 6.206527e-24
3.293463e+02 6.211710e-24
3.300928e+02 6.216915e-24
3.308410e+02 6.222142e-24
3.315909e+02 6.227391e-24
3.323425e+02 6.232663e-24
3.330958e+02 6.237956e-24
3.338508e+02 6.243271e-24
3.346076e+02 6.248609e-24
3.353660e+02 6.253969e-24
3.361261e+02 6.259351e-24
3.368880e+02 6.264755e-24
3.376516e+02 6.270183e-24
3.384170e+02 6.275632e-24
3.391840e+02 6.281104e-24
3.399529e+02 6.286599e-24
3.407234e+02 6.292116e-24
3.414957e+02 6.297657e-24
3.422697e+02 6.303220e-24
3.430455e+02 6.308805e-24
3.438231e+02 6.314414e-24
3.446024e+02 6.320046e-24
3.453835e+02 6.325701e-24
3.461664e+02 6.331379e-24
3.469510e+02 6.337079e-24
3.477374e+02 6.342804e-24
3.485256e+02 6.348551e-24
3.493156e+02 6.354322e-24
3.501074e+02 6.360116e-24
3.509010e+02 6.365934e-24
3.516963e+02 6.371775e-24
3.524935e+02 6.377639e-24
3.532925e+02 6.383528e-24
3.540933e+02 6.389440e-24
3.548959e+02 6.395376e-24
3.557003e+02 6.401335e-24
3.565065e+02 6.407318e-24
3.573146e+02 6.413326e-24
3.581245e+02 6.419357e-24
3.589363e+02 6.425413e-24
3.597498e+02 6.431492e-24
3.605653e+02 6.437596e-24
3.613825e+02 6.443724e-24
3.622017e+02 6.449876e-24
3.630226e+02 6.456052e-24
3.638455e+02 6.462253e-24
3.646702e+02 6.468479e-24
3.654968e+02 6.474729e-24
3.663252e+02 6.481003e-24
3.671556e+02 6.487303e-24
3.679878e+02 6.493626e-24
3.688219e+02 6.499975e-24
3.696578e+02 6.506349e-24
3.704957e+02 6.512747e-24
3.713355e+02 6.519171e-24
3.721772e+02 6.525619e-24
3.730208e+02 6.532093e-24
3.738663e+02 6.538592e-24
3.747137e+02 6.545115e-24
3.755631e+02 6.551665e-24
3.764143e+02 6.558239e-24
3.772675e+02 6.564839e-24
3.781227e+02 6.571465e-24
3.789797e+02 6.578116e-24
3.798387e+02 6.584793e-24
3.806997e+02 6.591495e-24
3.815626e+02 6.598223e-24
3.824275e+02 6.604977e-24
3.832943e+02 6.611756e-24
3.841631e+02 6.618562e-24
3.850338e+02 6.625394e-24
3.859066e+02 6.632251e-24
3.867813e+02 6.639135e-24
3.876580e+02 6.646045e-24
3.885367e+02 6.652981e-24
3.894173e+02 6.659944e-24
3.903000e+02 6.666932e-24
3.911847e+02 6.673948e-24
3.920714e+02 6.680989e-24
3.929601e+02 6.688058e-24
3.938508e+02 6.695153e-24
3.947435e+02 6.702275e-24
3.956382e+02 6.709423e-24
3.965350e+02 6.716599e-24
3.974338e+02 6.723801e-24
3.983346e+02 6.731030e-24
3.992375e+02 6.738286e-24
4.001424e+02 6.745569e-24
4.010494e+02 6.752880e-24
4.019585e+02 6.760218e-24
4.028696e+02 6.767583e-24
4.037827e+02 6.774975e-24
4.046979e+02 6.782395e-24
4.056153e+02 6.789842e-24
4.065346e+02 6.797317e-24
4.074561e+02 6.804820e-24
4.083797e+02 6.812350e-24
4.093053e+02 6.819908e-24
4.102331e+02 6.827494e-24
4.111629e+02 6.835108e-24
4.120949e+02 6.842749e-24
4.130290e+02 6.850419e-24
4.139651e+02 6.858117e-24
4.149035e+02 6.865844e-24
4.158439e+02 6.873598e-24
4.167865e+02 6.881381e-24
4.177312e+02 6.889192e-24
4.186780e+02 6.897032e-24
4.196270e+02 6.904900e-24
4.205782e+02 6.912797e-24
4.215315e+02 6.920723e-24
4.224869e+02 6.928677e-24
4.234445e+02 6.936660e-24
4.244044e+02 6.944672e-24
4.253663e+02 6.952714e-24
4.263305e+02 6.960784e-24
4.272968e+02 6.968883e-24
4.282653e+02 6.977012e-24
4.292361e+02 6.985170e-24
4.302090e+02 6.993358e-24
4.311841e+02 7.001575e-24
4.321615e+02 7.009821e-24
4.331410e+02 7.018097e-24
4.341228e+02 7.026403e-24
4.351068e+02 7.034739e-24
4.360930e+02 7.043105e-24
4.370815e+02 7.051501e-24
4.380722e+02 7.059927e-24
4.390652e+02 7.068383e-24
4.400604e+02 7.076870e-24
4.410578e+02 7.085387e-24
4.420575e+02 7.093935e-24
4.430595e+02 7.102514e-24
4.440638e+02 7.111123e-24
4.450703e+02 7.119763e-24
4.460791e+02 7.128435e-24
4.470902e+02 7.137138e-24
4.481036e+02 7.145873e-24
4.491193e+02 7.154640e-24
4.501373e+02 7.163438e-24
4.511576e+02 7.172269e-24
4.521802e+02 7.181133e-24
4.532052e+02 7.190029e-24
4.542324e+02 7.198960e-24
4.552620e+02 7.207924e-24
4.562939e+02 7.216922e-24
4.573282e+02 7.225956e-24
4.583648e+02 7.235026e-24
4.594037e+02 7.244133e-24
4.604450e+02 7.253279e-24
4.614887e+02 7.262465e-24
4.625347e+02 7.271693e-24
4.635831e+02 7.280967e-24
4.646339e+02 7.290290e-24
4.656871e+02 7.299667e-24
4.667426e+02 7.309107e-24
4.678005e+02 7.318619e-24
4.688609e+02 7.328219e-24
4.699236e+02 7.337932e-24
4.709888e+02 7.347796e-24
4.720563e+02 7.357875e-24
4.731263e+02 7.368287e-24
4.741987e+02 7.379254e-24
4.752736e+02 7.391260e-24
4.763508e+02 7.405511e-24
4.774306e+02 7.425770e-24
4.785127e+02 7.469326e-24
4.795974e+02 7.734842e-24
4.806844e+02 9.424520e-24
4.817740e+02 7.542672e-24
4.828660e+02 7.482551e-24
4.839605e+02 7.475840e-24
4.850574e+02 7.479349e-24
4.861569e+02 7.486151e-24
4.872588e+02 7.494342e-24
4.883633e+02 7.503227e-24
4.894702e+02 7.512506e-24
4.905797e+02 7.522032e-24
4.916916e+02 7.531725e-24
4.928061e+02 7.541539e-24
4.939232e+02 7.551448e-24
4.950427e+02 7.561432e-24
4.961648e+02 7.571482e-24
4.972894e+02 7.581588e-24
4.984166e+02 7.591746e-24
4.995463e+02 7.601951e-24
5.006786e+02 7.612201e-24
5.018135e+02 7.622493e-24
5.029509e+02 7.632827e-24
5.040909e+02 7.643200e-24
5.052335e+02 7.653612e-24
5.063787e+02 7.664062e-24
5.075265e+02 7.674550e-24
5.086769e+02 7.685075e-24
5.098298e+02 7.695636e-24
5.109855e+02 7.706235e-24
5.121437e+02 7.716870e-24
5.133045e+02 7.727541e-24
5.144680e+02 7.738249e-24
5.156341e+02 7.748992e-24
5.168029e+02 7.759772e-24
5.179743e+02 7.770587e-24
5.191483e+02 7.781439e-24
5.203251e+02 7.792326e-24
5.215045e+02 7.803250e-24
5.226865e+02 7.814209e-24
5.238713e+02 7.825205e-24
5.250587e+02 7.836237e-24
5.262488e+02 7.847304e-24
5.274416e+02 7.858408e-24
5.286372e+02 7.869548e-24
5.298354e+02 7.880725e-24
5.310363e+02 7.891937e-24
5.322400e+02 7.903186e-24
5.334464e+02 7.914472e-24
5.346555e+02 7.925793e-24
5.358674e+02 7.937152e-24
5.370820e+02 7.948547e-24
5.382994e+02 7.959979e-24
5.395195e+02 7.971447e-24
5.407424e+02 7.982952e-24
5.419681e+02 7.994494e-24
5.431966e+02 8.006073e-24
5.444278e+02 8.017689e-24
5.456618e+02 8.029343e-24
5.468986e+02 8.041033e-24
5.481383e+02 8.052761e-24
5.493807e+02 8.064525e-24
5.506259e+02 8.076328e-24
5.518740e+02 8.088168e-24
5.531249e+02 8.100045e-24
5.543787e+02 8.111960e-24
5.556352e+02 8.123913e-24
5.568947e+02 8.135903e-24
5.581569e+02 8.147931e-24
5.594221e+02 8.159998e-24
5.606901e+02 8.172102e-24
5.619610e+02 8.184244e-24
5.632347e+02 8.196425e-24
5.645114e+02 8.208644e-24
5.657909e+02 8.220901e-24
5.670734e+02 8.233196e-24
5.683587e+02 8.245530e-24
5.696470e+02 8.257903e-24
5.709382e+02 8.270314e-24
5.722323e+02 8.282764e-24
5.735294e+02 8.295253e-24
5.748293e+02 8.307781e-24
5.761323e+02 8.320348e-24
5.774382e+02 8.332954e-24
5.787470e+02 8.345599e-24
5.800588e+02 8.358283e-24
5.813736e+02 8.371007e-24
5.826914e+02 8.383769e-24
5.840121e+02 8.396572e-24
5.853359e+02 8.409414e-24
5.866626e+02 8.422296e-24
5.879924e+02 8.435217e-24
5.893252e+02 8.448178e-24
5.906609e+02 8.461179e-24
5.919998e+02 8.474220e-24
5.933416e+02 8.487302e-24
5.946865e+02 8.500423e-24
5.960344e+02 8.513585e-24
5.973854e+02 8.526787e-24
5.987395e+02 8.540029e-24
6.000966e+02 8.553312e-24
6.014568e+02 8.566635e-24
6.028201e+02 8.579999e-24
6.041865e+02 8.593404e-24
6.055560e+02 8.606850e-24
6.069286e+02 8.620336e-24
6.083043e+02 8.633864e-24
6.096831e+02 8.647433e-24
6.110650e+02 8.661043e-24
6.124501e+02 8.674694e-24
6.138383e+02 8.688386e-24
6.152296e+02 8.702120e-24
6.166241e+02 8.715896e-24
6.180218e+02 8.729713e-24
6.194226e+02 8.743572e-24
6.208266e+02 8.757473e-24
6.222338e+02 8.771415e-24
6.236442e+02 8.785400e-24
6.250578e+02 8.799426e-24
6.264746e+02 8.813495e-24
6.278946e+02 8.827606e-24
6.293178e+02 8.841759e-24
6.307442e+02 8.855955e-24
6.321739e+02 8.870193e-24
6.336068e+02 8.884474e-24
6.350430e+02 8.898797e-24
6.364824e+02 8.913163e-24
6.379251e+02 8.927572e-24
6.393710e+02 8.942025e-24
6.408202e+02 8.956520e-24
6.422728e+02 8.971058e-24
6.437286e+02 8.985639e-24
6.451877e+02 9.000264e-24
6.466501e+02 9.014932e-24
6.481158e+02 9.029643e-24
6.495848e+02 9.044399e-24
6.510572e+02 9.059198e-24
6.525329e+02 9.074040e-24
6.540120e+02 9.088927e-24
6.554944e+02 9.103857e-24
6.569802e+02 9.118831e-24
6.584693e+02 9.133850e-24
6.599618e+02 9.148913e-24
6.614577e+02 9.164020e-24
6.629570e+02 9.179171e-24
6.644597e+02 9.194367e-24
6.659658e+02 9.209608e-24
6.674753e+02 9.224893e-24
6.689882e+02 9.240223e-24
6.705046e+02 9.255598e-24
6.720244e+02 9.271018e-24
6.735476e+02 9.286483e-24
6.750743e+02 9.301993e-24
6.766045e+02 9.317548e-24
6.781381e+02 9.333149e-24
6.796752e+02 9.348795e-24
6.812158e+02 9.364487e-24
6.827599e+02 9.380224e-24
6.843074e+02 9.396007e-24
6.858585e+02 9.411835e-24
6.874131e+02 9.427710e-24
6.889712e+02 9.443630e-24
6.905329e+02 9.459597e-24
6.920981e+02 9.475610e-24
6.936668e+02 9.491669e-24
6.952391e+02 9.507775e-24
6.968150e+02 9.523927e-24
6.983944e+02 9.540125e-24
6.999774e+02 9.556371e-24
7.015640e+02 9.572663e-24
7.031542e+02 9.589002e-24
7.047480e+02 9.605387e-24
7.063454e+02 9.621820e-24
7.079465e+02 9.638300e-24
7.095511e+02 9.654827e-24
7.111594e+02 9.671402e-24
7.127714e+02 9.688024e-24
7.143869e+02 9.704694e-24
7.160062e+02 9.721411e-24
7.176291e+02 9.738176e-24
7.192558e+02 9.754989e-24
7.208860e+02 9.771850e-24
7.225200e+02 9.788758e-24
7.241577e+02 9.805715e-24
7.257992e+02 9.822720e-24
7.274443e+02 9.839774e-24
7.290931e+02 9.856876e-24
7.307457e+02 9.874026e-24
7.324021e+02 9.891225e-24
7.340622e+02 9.908473e-24
7.357260e+02 9.925770e-24
7.373936e+02 9.943115e-24
7.390651e+02 9.960510e-24
7.407402e+02 9.977953e-24
7.424193e+02 9.995446e-24
7.441020e+02 1.001299e-23
7.457887e+02 1.003058e-23
7.474791e+02 1.004822e-23
7.491734e+02 1.006591e-23
7.508715e+02 1.008365e-23
7.525734e+02 1.010144e-23
7.542793e+02 1.011928e-23
7.559889e+02 1.013718e-23
7.577025e+02 1.015511e-23
7.594199e+02 1.017311e-23
7.611413e+02 1.019115e-23
7.628665e+02 1.020924e-23
7.645956e+02 1.022738e-23
7.663287e+02 1.024557e-23
7.680657e+02 1.026382e-23
7.698066e+02 1.028211e-23
7.715515e+02 1.030046e-23
7.733003e+02 1.031886e-23
7.750531e+02 1.033730e-23
7.768099e+02 1.035580e-23
7.785707e+02 1.037435e-23
7.803354e+02 1.039295e-23
7.821042e+02 1.041161e-23
7.838769e+02 1.043031e-23
7.856537e+02 1.044907e-23
7.874345e+02 1.046788e-23
7.892193e+02 1.048674e-23
7.910082e+02 1.050566e-23
7.928011e+02 1.052462e-23
7.945981e+02 1.054364e-23
7.963992e+02 1.056271e-23
7.982043e+02 1.058183e-23
8.000136e+02 1.060101e-23
8.018269e+02 1.062024e-23
8.036444e+02 1.063952e-23
8.054660e+02 1.065885e-23
8.072917e+02 1.067824e-23
8.091215e+02 1.069768e-23
8.109555e+02 1.071717e-23
8.127936e+02 1.073672e-23
8.146360e+02 1.075632e-23
8.164824e+02 1.077598e-23
8.183331e+02 1.079569e-23
8.201880e+02 1.081545e-23
8.220471e+02 1.083527e-23
8.239104e+02 1.085514e-23
8.257779e+02 1.087506e-23
8.276496e+02 1.089504e-23
8.295256e+02 1.091507e-23
8.314058e+02 1.093516e-23
8.332903e+02 1.095530e-23
8.351791e+02 1.097550e-23
8.370722e+02 1.099575e-23
8.389695e+02 1.101606e-23
8.408711e+02 1.103642e-23
8.427771e+02 1.105684e-23
8.446874e+02 1.107732e-23
8.466020e+02 1.109784e-23
8.485209e+02 1.111843e-23
8.504442e+02 1.113907e-23
8.523719e+02 1.115976e-23
8.543039e+02 1.118052e-23
8.562403e+02 1.120132e-23
8.581811e+02 1.122219e-23
8.601263e+02 1.124311e-23
8.620759e+02 1.126408e-23
8.640299e+02 1.128512e-23
8.659884e+02 1.130620e-23
8.679512e+02 1.132735e-23
8.699186e+02 1.134855e-23
8.718904e+02 1.136981e-23
8.738666e+02 1.139113e-23
8.758474e+02 1.141251e-23
8.778326e+02 1.143394e-23
8.798224e+02 1.145543e-23
8.818166e+02 1.147697e-23
8.838154e+02 1.149858e-23
8.858187e+02 1.152024e-23
8.878265e+02 1.154196e-23
8.898389e+02 1.156374e-23
8.918558e+02 1.158557e-23
8.938773e+02 1.160747e-23
8.959035e+02 1.162942e-23
8.979341e+02 1.165143e-23
8.999694e+02 1.167350e-23
9.020094e+02 1.169563e-23
9.040539e+02 1.171782e-23
9.061031e+02 1.174007e-23
9.081569e+02 1.176237e-23
9.102153e+02 1.178473e-23
9.122785e+02 1.180716e-23
9.143463e+02 1.182964e-23
9.164188e+02 1.185219e-23
9.184960e+02 1.187479e-23
9.205779e+02 1.189745e-23
9.226645e+02 1.192018e-23
9.247558e+02 1.194296e-23
9.268519e+02 1.196580e-23
9.289528e+02 1.198871e-23
9.310584e+02 1.201167e-23
9.331688e+02 1.203470e-23
9.352839e+02 1.205779e-23
9.374039e+02 1.208093e-23
9.395286e+02 1.210414e-23
9.416582e+02 1.212742e-23
9.437926e+02 1.215075e-23
9.459319e+02 1.217415e-23
9.480760e+02 1.219762e-23
9.502249e+02 1.222115e-23
9.523787e+02 1.224478e-23
9.545374e+02 1.226851e-23
9.567010e+02 1.229250e-23
9.588695e+02 1.231809e-23
9.610429e+02 1.245536e-23
9.632213e+02 1.236484e-23
9.654046e+02 1.238779e-23
9.675928e+02 1.241159e-23
9.697860e+02 1.243559e-23
9.719841e+02 1.245969e-23
9.741873e+02 1.248387e-23
9.763954e+02 1.250812e-23
9.786086e+02 1.253244e-23
9.808267e+02 1.255682e-23
9.830499e+02 1.258127e-23
9.852781e+02 1.260578e-23
9.875114e+02 1.263036e-23
9.897497e+02 1.265500e-23
9.919931e+02 1.267971e-23
9.942416e+02 1.270448e-23
9.964952e+02 1.272932e-23
9.987539e+02 1.275422e-23
1.001018e+03 1.277918e-23
1.003287e+03 1.280421e-23
1.005561e+03 1.282931e-23
1.007840e+03 1.285446e-23
1.010125e+03 1.287969e-23
1.012414e+03 1.290498e-23
1.014709e+03 1.293034e-23
1.017009e+03 1.295576e-23
1.019314e+03 1.298124e-23
1.021624e+03 1.300680e-23
1.023940e+03 1.303241e-23
1.026261e+03 1.305810e-23
1.028587e+03 1.308385e-23
1.030919e+03 1.310967e-23
1.033255e+03 1.313555e-23
1.035597e+03 1.316150e-23
1.037945e+03 1.318752e-23
1.040297e+03 1.321360e-23
1.042655e+03 1.323975e-23
1.045019e+03 1.326597e-23
1.047387e+03 1.329226e-23
1.049761e+03 1.331861e-23
1.052141e+03 1.334503e-23
1.054526e+03 1.337152e-23
1.056916e+03 1.339807e-23
1.059312e+03 1.342470e-23
1.061713e+03 1.345139e-23
1.064119e+03 1.347815e-23
1.066531e+03 1.350498e-23
1.068949e+03 1.353188e-23
1.071371e+03 1.355884e-23
1.073800e+03 1.358588e-23
1.076234e+03 1.361298e-23
1.078673e+03 1.364016e-23
1.081118e+03 1.366740e-23
1.083569e+03 1.369471e-23
1.086025e+03 1.372209e-23
1.088486e+03 1.374954e-23
1.090954e+03 1.377706e-23
1.093427e+03 1.380466e-23
1.095905e+03 1.383232e-23
1.098389e+03 1.386005e-23
1.100879e+03 1.388785e-23
1.103374e+03 1.391572e-23
1.105875e+03 1.394367e-23
1.108381e+03 1.397168e-23
1.110894e+03 1.399977e-23
1.113412e+03 1.402793e-23
1.115935e+03 1.405615e-23
1.118465e+03 1.408445e-23
1.121000e+03 1.411282e-23
1.123541e+03 1.414127e-23
1.126088e+03 1.416978e-23
1.128640e+03 1.419837e-23
1.131198e+03 1.422703e-23
1.133762e+03 1.425576e-23
1.136332e+03 1.428456e-23
1.138908e+03 1.431344e-23
1.141489e+03 1.434239e-23
1.144077e+03 1.437141e-23
1.146670e+03 1.440051e-23
1.149269e+03 1.442968e-23
1.151874e+03 1.445892e-23
1.154485e+03 1.448824e-23
1.157102e+03 1.451763e-23
1.159724e+03 1.454709e-23
1.162353e+03 1.457663e-23
1.164988e+03 1.460624e-23
1.167628e+03 1.463593e-23
1.170275e+03 1.466569e-23
1.172928e+03 1.469552e-23
1.175586e+03 1.472543e-23
1.178251e+03 1.475542e-23
1.180921e+03 1.478548e-23
1.183598e+03 1.481562e-23
1.186281e+03 1.484583e-23
1.188970e+03 1.487612e-23
1.191665e+03 1.490648e-23
1.194366e+03 1.493692e-23
1.197073e+03 1.496744e-23
1.199786e+03 1.499803e-23
1.202506e+03 1.502869e-23
1.205232e+03 1.505944e-23
1.207963e+03 1.509026e-23
1.210701e+03 1.512116e-23
1.213446e+03 1.515213e-23
1.216196e+03 1.518319e-23
1.218953e+03 1.521432e-23
1.221716e+03 1.524552e-23
1.224485e+03 1.527681e-23
1.227260e+03 1.530817e-23
1.230042e+03 1.533961e-23
1.232830e+03 1.537113e-23
1.235625e+03 1.540273e-23
1.238425e+03 1.543441e-23
1.241232e+03 1.546616e-23
1.244046e+03 1.549800e-23
1.246866e+03 1.552991e-23
1.249692e+03 1.556190e-23
1.252524e+03 1.559397e-23
1.255363e+03 1.562613e-23
1.258209e+03 1.565836e-23
1.261061e+03 1.569067e-23
1.263919e+03 1.572306e-23
1.266784e+03 1.575553e-23
1.269655e+03 1.578808e-23
1.272533e+03 1.582071e-23
1.275418e+03 1.585343e-23
1.278309e+03 1.588622e-23
1.281206e+03 1.591910e-23
1.284110e+03 1.595205e-23
1.287021e+03 1.598509e-23
1.289938e+03 1.601821e-23
1.292862e+03 1.605141e-23
1.295792e+03 1.608469e-23
1.298729e+03 1.611806e-23
1.301673e+03 1.615150e-23
1.304623e+03 1.618503e-23
1.307581e+03 1.621865e-23
1.310544e+03 1.625234e-23
1.313515e+03 1.628612e-23
1.316492e+03 1.631998e-23
1.319476e+03 1.635393e-23
1.322467e+03 1.638795e-23
1.325465e+03 1.642207e-23
1.328469e+03 1.645626e-23
1.331480e+03 1.649054e-23
1.334498e+03 1.652491e-23
1.337523e+03 1.655936e-23
1.340555e+03 1.659389e-23
1.343593e+03 1.662851e-23
1.346639e+03 1.666321e-23
1.349691e+03 1.669800e-23
1.352750e+03 1.673287e-23
1.355816e+03 1.676783e-23
1.358890e+03 1.680287e-23
1.361970e+03 1.683800e-23
1.365057e+03 1.687322e-23
1.368151e+03 1.690852e-23
1.371252e+03 1.694391e-23
1.374360e+03 1.697939e-23
1.377475e+03 1.701495e-23
1.380598e+03 1.705060e-23
1.383727e+03 1.708633e-23
1.386863e+03 1.712216e-23
1.390007e+03 1.715807e-23
1.393158e+03 1.719407e-23
1.396315e+03 1.723015e-23
1.399480e+03 1.726633e-23
1.402652e+03 1.730259e-23
1.405832e+03 1.733894e-23
1.409018e+03 1.737538e-23
1.412212e+03 1.741191e-23
1.415413e+03 1.744853e-23
1.418621e+03 1.748524e-23
1.421837e+03 1.752204e-23
1.425059e+03 1.755893e-23
1.428290e+03 1.759590e-23
1.431527e+03 1.763298e-23
1.434772e+03 1.767015e-23
1.438024e+03 1.770749e-23
1.441283e+03 1.782828e-23
1.444550e+03 1.778224e-23
1.447824e+03 1.781967e-23
1.451106e+03 1.785727e-23
1.454395e+03 1.789497e-23
1.457692e+03 1.793276e-23
1.460996e+03 1.797064e-23
1.464307e+03 1.800861e-23
1.467627e+03 1.804668e-23
1.470953e+03 1.808484e-23
1.474287e+03 1.812309e-23
1.477629e+03 1.816144e-23
1.480978e+03 1.819988e-23
1.484335e+03 1.823841e-23
1.487700e+03 1.827703e-23
1.491072e+03 1.831575e-23
1.494451e+03 1.835456e-23
1.497839e+03 1.839347e-23
1.501234e+03 1.843247e-23
1.504637e+03 1.847157e-23
1.508047e+03 1.851075e-23
1.511465e+03 1.855004e-23
1.514891e+03 1.858941e-23
1.518325e+03 1.862889e-23
1.521766e+03 1.866846e-23
1.525216e+03 1.870812e-23
1.528673e+03 1.874788e-23
1.532138e+03 1.878774e-23
1.535611e+03 1.882769e-23
1.539091e+03 1.886774e-23
1.542580e+03 1.890788e-23
1.546076e+03 1.894813e-23
1.549581e+03 1.898847e-23
1.553093e+03 1.902890e-23
1.556613e+03 1.906943e-23
1.560142e+03 1.911007e-23
1.563678e+03 1.915079e-23
1.567222e+03 1.919162e-23
1.570775e+03 1.923254e-23
1.574335e+03 1.927357e-23
1.577903e+03 1.931469e-23
1.581480e+03 1.935591e-23
1.585065e+03 1.939723e-23
1.588658e+03 1.943865e-23
1.592258e+03 1.948017e-23
1.595868e+03 1.952179e-23
1.599485e+03 1.956350e-23
1.603110e+03 1.960532e-23
1.606744e+03 1.964724e-23
1.610386e+03 1.968926e-23
1.614036e+03 1.973138e-23
1.617694e+03 1.977360e-23
1.621361e+03 1.981592e-23
1.625036e+03 1.985835e-23
1.628720e+03 1.990087e-23
1.632411e+03 1.994350e-23
1.636111e+03 1.998623e-23
1.639820e+03 2.002906e-23
1.643537e+03 2.007200e-23
1.647262e+03 2.011503e-23
1.650996e+03 2.015817e-23
1.654738e+03 2.020142e-23
1.658489e+03 2.024476e-23
1.662248e+03 2.028821e-23
1.666016e+03 2.033177e-23
1.669792e+03 2.037543e-23
1.673577e+03 2.041919e-23
1.677370e+03 2.046305e-23
1.681172e+03 2.050703e-23
1.684983e+03 2.055110e-23
1.688802e+03 2.059528e-23
1.692630e+03 2.063957e-23
1.696466e+03 2.068397e-23
1.700312e+03 2.072846e-23
1.704166e+03 2.077307e-23
1.708029e+03 2.081778e-23
1.711900e+03 2.086260e-23
1.715780e+03 2.090752e-23
1.719669e+03 2.095256e-23
1.723567e+03 2.099770e-23
1.727474e+03 2.104294e-23
1.731389e+03 2.108830e-23
1.735314e+03 2.113376e-23
1.739247e+03 2.117933e-23
1.743190e+03 2.122501e-23
1.747141e+03 2.127080e-23
1.751101e+03 2.131669e-23
1.755070e+03 2.136270e-23
1.759048e+03 2.140882e-23
1.763035e+03 2.145504e-23
1.767032e+03 2.150138e-23
1.771037e+03 2.154782e-23
1.775051e+03 2.159438e-23
1.779074e+03 2.164104e-23
1.783107e+03 2.168782e-23
1.787149e+03 2.173471e-23
1.791199e+03 2.178171e-23
1.795259e+03 2.182882e-23
1.799329e+03 2.187604e-23
1.803407e+03 2.192337e-23
1.807495e+03 2.197082e-23
1.811592e+03 2.201838e-23
1.815698e+03 2.206605e-23
1.819813e+03 2.211384e-23
1.823938e+03 2.216174e-23
1.828073e+03 2.220975e-23
1.832216e+03 2.225788e-23
1.836369e+03 2.230612e-23
1.840532e+03 2.235447e-23
1.844703e+03 2.240294e-23
1.848885e+03 2.245152e-23
1.853075e+03 2.250022e-23
1.857276e+03 2.254903e-23
1.861486e+03 2.259796e-23
1.865705e+03 2.264701e-23
1.869934e+03 2.269617e-23
1.874172e+03 2.274545e-23
1.878420e+03 2.279484e-23
1.882678e+03 2.284435e-23
1.886945e+03 2.289398e-23
1.891222e+03 2.294372e-23
1.895509e+03 2.299359e-23
1.899805e+03 2.304357e-23
1.904112e+03 2.309366e-23
1.908428e+03 2.314388e-23
1.912753e+03 2.319422e-23
1.917089e+03 2.324469e-23
1.921434e+03 2.332099e-23
1.925790e+03 2.334595e-23
1.930155e+03 2.339675e-23
1.934530e+03 2.344768e-23
1.938914e+03 2.349873e-23
1.943309e+03 2.354990e-23
1.947714e+03 2.360120e-23
1.952129e+03 2.365261e-23
1.956554e+03 2.370415e-23
1.960988e+03 2.375580e-23
1.965433e+03 2.380758e-23
1.969888e+03 2.385948e-23
1.974353e+03 2.391150e-23
1.978828e+03 2.396365e-23
1.983314e+03 2.401592e-23
1.987809e+03 2.406831e-23
1.992315e+03 2.412082e-23
1.996831e+03 2.417346e-23
2.001357e+03 2.422622e-23
2.005893e+03 2.427911e-23
2.010440e+03 2.433212e-23
2.014997e+03 2.438525e-23
2.019564e+03 2.443851e-23
2.024142e+03 2.449189e-23
2.028730e+03 2.454541e-23
2.033328e+03 2.459904e-23
2.037937e+03 2.465280e-23
2.042556e+03 2.470669e-23
2.047186e+03 2.476071e-23
2.051826e+03 2.481485e-23
2.056477e+03 2.486912e-23
2.061138e+03 2.492352e-23
2.065810e+03 2.497804e-23
2.070492e+03 2.503269e-23
2.075186e+03 2.508747e-23
2.079889e+03 2.514238e-23
2.084604e+03 2.519742e-23
2.089329e+03 2.525259e-23
2.094064e+03 2.530788e-23
2.098811e+03 2.536331e-23
2.103568e+03 2.541887e-23
2.108336e+03 2.547455e-23
2.113115e+03 2.553037e-23
2.117905e+03 2.558632e-23
2.122705e+03 2.564240e-23
2.127517e+03 2.569861e-23
2.132339e+03 2.575495e-23
2.137172e+03 2.581142e-23
2.142017e+03 2.586803e-23
2.146872e+03 2.592477e-23
2.151738e+03 2.598164e-23
2.156615e+03 2.603865e-23
2.161503e+03 2.609578e-23
2.166403e+03 2.615306e-23
2.171313e+03 2.621046e-23
2.176235e+03 2.626800e-23
2.181168e+03 2.632568e-23
2.186111e+03 2.638349e-23
2.191067e+03 2.644143e-23
2.196033e+03 2.649951e-23
2.201011e+03 2.655773e-23
2.206000e+03 2.661608e-23
2.211000e+03 2.667457e-23
2.216011e+03 2.673320e-23
2.221034e+03 2.679196e-23
2.226068e+03 2.685086e-23
2.231114e+03 2.690990e-23
2.236171e+03 2.696907e-23
2.241240e+03 2.702839e-23
2.246320e+03 2.708784e-23
2.251412e+03 2.714743e-23
2.256515e+03 2.720716e-23
2.261630e+03 2.726703e-23
2.266756e+03 2.732704e-23
2.271894e+03 2.738719e-23
2.277043e+03 2.744748e-23
2.282205e+03 2.750791e-23
2.287378e+03 2.756848e-23
2.292562e+03 2.762919e-23
2.297759e+03 2.769005e-23
2.302967e+03 2.775104e-23
2.308187e+03 2.781218e-23
2.313419e+03 2.787346e-23
2.318662e+03 2.793489e-23
2.323918e+03 2.799645e-23
2.329185e+03 2.805817e-23
2.334465e+03 2.812002e-23
2.339756e+03 2.818202e-23
2.345060e+03 2.824416e-23
2.350375e+03 2.830645e-23
2.355702e+03 2.836888e-23
2.361042e+03 2.843146e-23
2.366394e+03 2.849418e-23
2.371758e+03 2.855705e-23
2.377133e+03 2.862007e-23
2.382521e+03 2.868323e-23
2.387922e+03 2.874654e-23
2.393334e+03 2.881000e-23
2.398759e+03 2.887362e-23
2.404196e+03 2.893738e-23
2.409646e+03 2.900126e-23
2.415108e+03 2.906531e-23
2.420582e+03 2.912951e-23
2.426068e+03 2.919386e-23
2.431568e+03 2.925835e-23
2.437079e+03 2.932300e-23
2.442603e+03 2.938780e-23
2.448140e+03 2.945275e-23
2.453689e+03 2.951785e-23
2.459250e+03 2.958310e-23
2.464824e+03 2.964850e-23
2.470411e+03 2.971406e-23
2.476011e+03 2.977976e-23
2.481623e+03 2.984562e-23
2.487248e+03 2.991164e-23
2.492886e+03 2.997780e-23
2.498536e+03 3.004412e-23
2.504200e+03 3.011060e-23
2.509876e+03 3.017722e-23
2.515565e+03 3.024401e-23
2.521267e+03 3.031094e-23
2.526981e+03 3.037803e-23
2.532709e+03 3.044528e-23
2.538450e+03 3.051269e-23
2.544204e+03 3.058025e-23
2.549970e+03 3.064797e-23
2.555750e+03 3.071584e-23
2.561543e+03 3.078387e-23
2.567349e+03 3.085207e-23
2.573169e+03 3.092041e-23
2.579001e+03 3.098892e-23
2.584847e+03 3.105759e-23
2.590706e+03 3.112641e-23
2.596578e+03 3.119540e-23
2.602463e+03 3.126454e-23
2.608362e+03 3.133384e-23
2.614274e+03 3.140331e-23
2.620200e+03 3.147293e-23
2.626139e+03 3.154272e-23
2.632092e+03 3.161267e-23
2.638058e+03 3.168278e-23
2.644037e+03 3.175306e-23
2.650030e+03 3.182349e-23
2.656037e+03 3.189409e-23
2.662057e+03 3.196485e-23
2.668091e+03 3.203578e-23
2.674139e+03 3.210687e-23
2.680200e+03 3.217813e-23
2.686275e+03 3.224955e-23
2.692364e+03 3.232113e-23
2.698467e+03 3.239289e-23
2.704583e+03 3.246480e-23
2.710713e+03 3.253689e-23
2.716858e+03 3.260914e-23
2.723016e+03 3.268156e-23
2.729188e+03 3.275414e-23
2.735374e+03 3.282689e-23
2.741574e+03 3.289982e-23
2.747788e+03 3.297291e-23
2.754017e+03 3.304617e-23
2.760259e+03 3.311959e-23
2.766515e+03 3.319319e-23
2.772786e+03 3.326696e-23
2.779071e+03 3.334090e-23
2.785370e+03 3.341501e-23
2.791684e+03 3.348929e-23
2.798012e+03 3.356374e-23
2.804354e+03 3.363837e-23
2.810710e+03 3.371317e-23
2.817081e+03 3.378814e-23
2.823466e+03 3.386328e-23
2.829866e+03 3.393860e-23
2.836280e+03 3.401409e-23
2.842709e+03 3.408975e-23
2.849153e+03 3.416559e-23
2.855611e+03 3.424161e-23
2.862083e+03 3.431780e-23
2.868571e+03 3.439417e-23
2.875073e+03 3.447071e-23
2.881589e+03 3.454752e-23
2.888121e+03 3.462433e-23
2.894667e+03 3.470140e-23
2.901229e+03 3.477865e-23
2.907805e+03 3.485608e-23
2.914396e+03 3.493369e-23
2.921001e+03 3.501148e-23
2.927622e+03 3.508945e-23
2.934258e+03 3.516759e-23
2.940909e+03 3.524592e-23
2.947575e+03 3.532443e-23
2.954256e+03 3.540312e-23
2.960952e+03 3.548199e-23
2.967664e+03 3.556104e-23
2.974390e+03 3.564028e-23
2.981132e+03 3.571970e-23
2.987890e+03 3.579930e-23
2.994662e+03 3.587908e-23
3.001450e+03 3.595905e-23
3.008253e+03 3.603920e-23
3.015072e+03 3.611954e-23
3.021906e+03 3.620006e-23
3.028755e+03 3.628077e-23
3.035620e+03 3.636167e-23
3.042501e+03 3.644275e-23
3.049397e+03 3.652401e-23
3.056309e+03 3.660547e-23
3.063237e+03 3.668711e-23
3.070180e+03 3.676894e-23
3.077139e+03 3.685096e-23
3.084114e+03 3.693317e-23
3.091104e+03 3.701557e-23
3.098111e+03 3.709815e-23
3.105133e+03 3.718093e-23
3.112171e+03 3.726390e-23
3.119226e+03 3.734706e-23
3.126296e+03 3.743041e-23
3.133382e+03 3.751395e-23
3.140484e+03 3.759768e-23
3.147603e+03 3.768161e-23
3.154737e+03 3.776573e-23
3.161888e+03 3.785004e-23
3.169055e+03 3.793455e-23
3.176238e+03 3.801925e-23
3.183437e+03 3.810415e-23
3.190653e+03 3.818924e-23
3.197885e+03 3.827453e-23
3.205133e+03 3.836001e-23
3.212398e+03 3.844570e-23
3.219680e+03 3.853157e-23
3.226977e+03 3.861765e-23
3.234292e+03 3.870392e-23
3.241623e+03 3.879039e-23
3.248970e+03 3.887706e-23
3.256335e+03 3.896393e-23
3.263716e+03 3.905100e-23
3.271113e+03 3.913827e-23
3.278528e+03 3.922575e-23
3.285959e+03 3.931342e-23
3.293407e+03 3.940129e-23
3.300872e+03 3.948937e-23
3.308354e+03 3.957764e-23
3.315853e+03 3.966612e-23
3.323369e+03 3.975481e-23
3.330902e+03 3.984370e-23
3.338452e+03 3.993279e-23
3.346019e+03 4.002209e-23
3.353603e+03 4.011159e-23
3.361204e+03 4.020130e-23
3.368823e+03 4.029121e-23
3.376459e+03 4.038133e-23
3.384112e+03 4.047166e-23
3.391783e+03 4.056219e-23
3.399471e+03 4.065293e-23
3.407176e+03 4.074388e-23
3.414899e+03 4.083504e-23
3.422639e+03 4.092641e-23
3.430397e+03 4.101799e-23
3.438173e+03 4.110978e-23
3.445966e+03 4.120178e-23
3.453777e+03 4.129399e-23
3.461605e+03 4.138641e-23
3.469451e+03 4.147905e-23
3.477315e+03 4.157190e-23
3.485197e+03 4.166496e-23
3.493097e+03 4.175823e-23
3.501015e+03 4.185172e-23
3.508950e+03 4.194542e-23
3.516904e+03 4.203934e-23
3.524875e+03 4.213347e-23
3.532865e+03 4.222782e-23
3.540873e+03 4.232239e-23
3.548898e+03 4.241717e-23
3.556943e+03 4.251217e-23
3.565005e+03 4.260739e-23
3.573086e+03 4.270283e-23
3.581184e+03 4.279848e-23
3.589302e+03 4.289436e-23
3.597437e+03 4.299045e-23
3.605591e+03 4.308677e-23
3.613764e+03 4.318330e-23
3.621955e+03 4.328006e-23
3.630165e+03 4.337704e-23
3.638393e+03 4.347424e-23
3.646640e+03 4.357167e-23
3.654906e+03 4.366931e-23
3.663190e+03 4.376718e-23
3.671493e+03 4.386528e-23
3.679815e+03 4.396360e-23
3.688156e+03 4.406215e-23
3.696516e+03 4.416092e-23
3.704894e+03 4.425992e-23
3.713292e+03 4.435914e-23
3.721709e+03 4.445860e-23
3.730145e+03 4.455828e-23
3.738599e+03 4.465819e-23
3.747074e+03 4.475833e-23
3.755567e+03 4.485869e-23
3.764079e+03 4.495929e-23
3.772611e+03 4.506012e-23
3.781162e+03 4.516118e-23
3.789733e+03 4.526247e-23
3.798323e+03 4.536399e-23
3.806932e+03 4.546575e-23
3.815561e+03 4.556773e-23
3.824210e+03 4.566996e-23
3.832878e+03 4.577241e-23
3.841566e+03 4.587511e-23
3.850273e+03 4.597803e-23
3.859000e+03 4.608119e-23
3.867747e+03 4.618459e-23
3.876514e+03 4.628822e-23
3.885301e+03 4.639209e-23
3.894107e+03 4.649620e-23
3.902934e+03 4.660055e-23
3.911780e+03 4.670514e-23
3.920647e+03 4.680996e-23
3.929534e+03 4.691503e-23
3.938441e+03 4.702034e-23
3.947368e+03 4.712588e-23
3.956315e+03 4.723167e-23
3.965283e+03 4.733770e-23
3.974271e+03 4.744398e-23
3.983279e+03 4.755050e-23
3.992307e+03 4.765726e-23
4.001356e+03 4.776426e-23
4.010426e+03 4.787151e-23
4.019516e+03 4.797901e-23
4.028627e+03 4.808675e-23
4.037759e+03 4.819474e-23
4.046911e+03 4.830297e-23
4.056084e+03 4.841145e-23
4.065277e+03 4.852018e-23
4.074492e+03 4.862916e-23
4.083727e+03 4.873839e-23
4.092984e+03 4.884787e-23
4.102261e+03 4.895760e-23
4.111559e+03 4.906758e-23
4.120879e+03 4.917781e-23
4.130219e+03 4.928830e-23
4.139581e+03 4.939903e-23
4.148964e+03 4.951002e-23
4.158368e+03 4.962127e-23
4.167794e+03 4.973276e-23
4.177241e+03 4.984452e-23
4.186709e+03 4.995652e-23
4.196199e+03 5.006879e-23
4.205710e+03 5.018131e-23
4.215243e+03 5.029409e-23
4.224797e+03 5.040712e-23
4.234374e+03 5.052042e-23
4.243971e+03 5.063397e-23
4.253591e+03 5.074778e-23
4.263232e+03 5.086186e-23
4.272896e+03 5.097619e-23
4.282581e+03 5.109079e-23
4.292288e+03 5.120564e-23
4.302017e+03 5.132076e-23
4.311768e+03 5.143615e-23
4.321541e+03 5.155179e-23
4.331337e+03 5.166770e-23
4.341154e+03 5.178388e-23
4.350994e+03 5.190032e-23
4.360856e+03 5.201703e-23
4.370741e+03 5.213400e-23
4.380648e+03 5.225124e-23
4.390577e+03 5.236875e-23
4.400529e+03 5.248653e-23
4.410503e+03 5.260457e-23
4.420500e+03 5.272289e-23
4.430520e+03 5.284147e-23
4.440562e+03 5.296033e-23
4.450628e+03 5.307946e-23
4.460716e+03 5.319886e-23
4.470827e+03 5.331853e-23
4.480960e+03 5.343848e-23
4.491117e+03 5.355870e-23
4.501297e+03 5.367920e-23
4.511500e+03 5.379997e-23
4.521726e+03 5.392101e-23
4.531975e+03 5.404234e-23
4.542247e+03 5.416394e-23
4.552543e+03 5.428581e-23
4.562862e+03 5.440797e-23
4.573204e+03 5.453040e-23
4.583570e+03 5.465312e-23
4.593959e+03 5.477611e-23
4.604372e+03 5.489939e-23
4.614809e+03 5.502294e-23
4.625269e+03 5.514678e-23
4.635753e+03 5.527090e-23
4.646260e+03 5.539531e-23
4.656792e+03 5.551999e-23
4.667347e+03 5.564497e-23
4.677926e+03 5.577023e-23
4.688529e+03 5.589577e-23
4.699157e+03 5.602160e-23
4.709808e+03 5.614772e-23
4.720483e+03 5.627412e-23
4.731183e+03 5.640082e-23
4.741907e+03 5.652780e-23
4.752655e+03 5.665508e-23
4.763428e+03 5.678264e-23
4.774225e+03 5.691049e-23
4.785046e+03 5.703864e-23
4.795892e+03 5.716708e-23
4.806763e+03 5.729581e-23
4.817658e+03 5.742484e-23
4.828578e+03 5.755416e-23
4.839523e+03 5.768377e-23
4.850492e+03 5.781368e-23
4.861486e+03 5.794389e-23
4.872506e+03 5.807439e-23
4.883550e+03 5.820519e-23
4.894619e+03 5.833629e-23
4.905713e+03 5.846769e-23
4.916833e+03 5.859939e-23
4.927978e+03 5.873139e-23
4.939148e+03 5.886369e-23
4.950343e+03 5.899629e-23
4.961564e+03 5.912920e-23
4.972810e+03 5.926241e-23
4.984081e+03 5.939592e-23
4.995378e+03 5.952973e-23
