9.0000000e+00	1.7391000e-21
9.0204000e+00	2.1737700e-21
9.0408500e+00	2.9203300e-21
9.0613400e+00	4.5007100e-21
9.0818800e+00	1.0072100e-20
9.1024600e+00	3.7611700e-20
9.1230900e+00	8.4664500e-21
9.1437700e+00	3.6336600e-21
9.1645000e+00	2.4504800e-21
9.1852700e+00	1.8467600e-21
9.2060900e+00	1.4785400e-21
9.2269600e+00	1.2305800e-21
9.2478700e+00	1.0523400e-21
9.2688300e+00	9.1814200e-22
9.2898400e+00	8.1351300e-22
9.3109000e+00	7.2976900e-22
9.3320000e+00	6.6132500e-22
9.3531600e+00	6.0431700e-22
9.3743600e+00	5.5621100e-22
9.3956100e+00	5.1509600e-22
9.4169000e+00	4.7956700e-22
9.4382500e+00	4.4860200e-22
9.4596400e+00	4.2141200e-22
9.4810800e+00	3.9734500e-22
9.5025700e+00	3.7592100e-22
9.5241100e+00	3.5673400e-22
9.5457000e+00	3.3948100e-22
9.5673400e+00	3.2388900e-22
9.5890200e+00	3.0973400e-22
9.6107600e+00	2.9684400e-22
9.6325400e+00	2.8506200e-22
9.6543700e+00	2.7425300e-22
9.6762600e+00	2.6431600e-22
9.6981900e+00	2.5514700e-22
9.7201700e+00	2.4667200e-22
9.7422000e+00	2.3881200e-22
9.7642900e+00	2.3151400e-22
9.7864200e+00	2.2471500e-22
9.8086000e+00	2.1837400e-22
9.8308300e+00	2.1244800e-22
9.8531200e+00	2.0689400e-22
9.8754500e+00	2.0168600e-22
9.8978300e+00	1.9679200e-22
9.9202700e+00	1.9218600e-22
9.9427500e+00	1.8784300e-22
9.9652900e+00	1.8374300e-22
9.9878800e+00	1.7986600e-22
1.0010500e+01	1.7619100e-22
1.0033200e+01	1.7271200e-22
1.0055900e+01	1.6940500e-22
1.0078700e+01	1.6626800e-22
1.0101600e+01	1.6328600e-22
1.0124500e+01	1.6043200e-22
1.0147400e+01	1.5772000e-22
1.0170400e+01	1.5512800e-22
1.0193500e+01	1.5264400e-22
1.0216600e+01	1.5027100e-22
1.0239700e+01	1.4800100e-22
1.0263000e+01	1.4582100e-22
1.0286200e+01	1.4372400e-22
1.0309500e+01	1.4171000e-22
1.0332900e+01	1.3977800e-22
1.0356300e+01	1.3791400e-22
1.0379800e+01	1.3612100e-22
1.0403300e+01	1.3438900e-22
1.0426900e+01	1.3271800e-22
1.0450500e+01	1.3110300e-22
1.0474200e+01	1.2954200e-22
1.0498000e+01	1.2803000e-22
1.0521800e+01	1.2656700e-22
1.0545600e+01	1.2515200e-22
1.0569500e+01	1.2377900e-22
1.0593500e+01	1.2244200e-22
1.0617500e+01	1.2114500e-22
1.0641600e+01	1.1988600e-22
1.0665700e+01	1.1866100e-22
1.0689800e+01	1.1747000e-22
1.0714100e+01	1.1630900e-22
1.0738400e+01	1.1517800e-22
1.0762700e+01	1.1407400e-22
1.0787100e+01	1.1299800e-22
1.0811500e+01	1.1195000e-22
1.0836100e+01	1.1092500e-22
1.0860600e+01	1.0992100e-22
1.0885200e+01	1.0894400e-22
1.0909900e+01	1.0798500e-22
1.0934600e+01	1.0704800e-22
1.0959400e+01	1.0613100e-22
1.0984300e+01	1.0523200e-22
1.1009200e+01	1.0435100e-22
1.1034100e+01	1.0348800e-22
1.1059100e+01	1.0264200e-22
1.1084200e+01	1.0181100e-22
1.1109300e+01	1.0099600e-22
1.1134500e+01	1.0019500e-22
1.1159700e+01	9.9408100e-23
1.1185000e+01	9.8635000e-23
1.1210400e+01	9.7876400e-23
1.1235800e+01	9.7129900e-23
1.1261300e+01	9.6395900e-23
1.1286800e+01	9.5673100e-23
1.1312400e+01	9.4961900e-23
1.1338000e+01	9.4262900e-23
1.1363700e+01	9.3574100e-23
1.1389500e+01	9.2894100e-23
1.1415300e+01	9.2225900e-23
1.1441200e+01	9.1566200e-23
1.1467100e+01	9.0916800e-23
1.1493100e+01	9.0276800e-23
1.1519100e+01	8.9645800e-23
1.1545200e+01	8.9022900e-23
1.1571400e+01	8.8408300e-23
1.1597600e+01	8.7801500e-23
1.1623900e+01	8.7202600e-23
1.1650300e+01	8.6612200e-23
1.1676700e+01	8.6028900e-23
1.1703100e+01	8.5452900e-23
1.1729700e+01	8.4883600e-23
1.1756300e+01	8.4321100e-23
1.1782900e+01	8.3766200e-23
1.1809600e+01	8.3217500e-23
1.1836400e+01	8.2675100e-23
1.1863200e+01	8.2139700e-23
1.1890100e+01	8.1610100e-23
1.1917100e+01	8.1085300e-23
1.1944100e+01	8.0567300e-23
1.1971100e+01	8.0055500e-23
1.1998300e+01	7.9548100e-23
1.2025500e+01	7.9046000e-23
1.2052700e+01	7.8550000e-23
1.2080000e+01	7.8059900e-23
1.2107400e+01	7.7574500e-23
1.2134900e+01	7.7093100e-23
1.2162400e+01	7.6617400e-23
1.2189900e+01	7.6147000e-23
1.2217600e+01	7.5680200e-23
1.2245300e+01	7.5217900e-23
1.2273000e+01	7.4760800e-23
1.2300800e+01	7.4308600e-23
1.2328700e+01	7.3860600e-23
1.2356700e+01	7.3416700e-23
1.2384700e+01	7.2976700e-23
1.2412700e+01	7.2540700e-23
1.2440900e+01	7.2109300e-23
1.2469100e+01	7.1681600e-23
1.2497300e+01	7.1257600e-23
1.2525700e+01	7.0837300e-23
1.2554100e+01	7.0421300e-23
1.2582500e+01	7.0009500e-23
1.2611000e+01	6.9600400e-23
1.2639600e+01	6.9194700e-23
1.2668300e+01	6.8793100e-23
1.2697000e+01	6.8395300e-23
1.2725800e+01	6.8000900e-23
1.2754600e+01	6.7609500e-23
1.2783500e+01	6.7221400e-23
1.2812500e+01	6.6836200e-23
1.2841500e+01	6.6454600e-23
1.2870600e+01	6.6076100e-23
1.2899800e+01	6.5700500e-23
1.2929100e+01	6.5328400e-23
1.2958400e+01	6.4959700e-23
1.2987700e+01	6.4593800e-23
1.3017200e+01	6.4230600e-23
1.3046700e+01	6.3870200e-23
1.3076200e+01	6.3512400e-23
1.3105900e+01	6.3157800e-23
1.3135600e+01	6.2806300e-23
1.3165400e+01	6.2457500e-23
1.3195200e+01	6.2111100e-23
1.3225100e+01	6.1767200e-23
1.3255100e+01	6.1425700e-23
1.3285100e+01	6.1087100e-23
1.3315300e+01	6.0751400e-23
1.3345400e+01	6.0418200e-23
1.3375700e+01	6.0087100e-23
1.3406000e+01	5.9758900e-23
1.3436400e+01	5.9433000e-23
1.3466800e+01	5.9109200e-23
1.3497400e+01	5.8788100e-23
1.3528000e+01	5.8469200e-23
1.3558600e+01	5.8152400e-23
1.3589400e+01	5.7838100e-23
1.3620200e+01	5.7526400e-23
1.3651000e+01	5.7216800e-23
1.3682000e+01	5.6909100e-23
1.3713000e+01	5.6603900e-23
1.3744100e+01	5.6300800e-23
1.3775200e+01	5.5999400e-23
1.3806400e+01	5.5700500e-23
1.3837700e+01	5.5403500e-23
1.3869100e+01	5.5108600e-23
1.3900500e+01	5.4816200e-23
1.3932000e+01	5.4525200e-23
1.3963600e+01	5.4236200e-23
1.3995300e+01	5.3949700e-23
1.4027000e+01	5.3664800e-23
1.4058800e+01	5.3381700e-23
1.4090700e+01	5.3100200e-23
1.4122600e+01	5.2820700e-23
1.4154600e+01	5.2543400e-23
1.4186700e+01	5.2268200e-23
1.4218800e+01	5.1994700e-23
1.4251100e+01	5.1722700e-23
1.4283400e+01	5.1452400e-23
1.4315800e+01	5.1183800e-23
1.4348200e+01	5.0917500e-23
1.4380700e+01	5.0652500e-23
1.4413300e+01	5.0389400e-23
1.4446000e+01	5.0128000e-23
1.4478700e+01	4.9867900e-23
1.4511600e+01	4.9609600e-23
1.4544400e+01	4.9353200e-23
1.4577400e+01	4.9098400e-23
1.4610500e+01	4.8844800e-23
1.4643600e+01	4.8593000e-23
1.4676800e+01	4.8343000e-23
1.4710000e+01	4.8094500e-23
1.4743400e+01	4.7847200e-23
1.4776800e+01	4.7601600e-23
1.4810300e+01	4.7357600e-23
1.4843900e+01	4.7115200e-23
1.4877500e+01	4.6873900e-23
1.4911200e+01	4.6634200e-23
1.4945000e+01	4.6396100e-23
1.4978900e+01	4.6159700e-23
1.5012800e+01	4.5924700e-23
1.5046900e+01	4.5690600e-23
1.5081000e+01	4.5458200e-23
1.5115200e+01	4.5227300e-23
1.5149400e+01	4.4997800e-23
1.5183800e+01	4.4769300e-23
1.5218200e+01	4.4542300e-23
1.5252700e+01	4.4316800e-23
1.5287200e+01	4.4092700e-23
1.5321900e+01	4.3870000e-23
1.5356600e+01	4.3648200e-23
1.5391400e+01	4.3427800e-23
1.5426300e+01	4.3208900e-23
1.5461300e+01	4.2991200e-23
1.5496300e+01	4.2774500e-23
1.5531500e+01	4.2559600e-23
1.5566700e+01	4.2345600e-23
1.5601900e+01	4.2133000e-23
1.5637300e+01	4.1921600e-23
1.5672800e+01	4.1711100e-23
1.5708300e+01	4.1502300e-23
1.5743900e+01	4.1294300e-23
1.5779600e+01	4.1087500e-23
1.5815300e+01	4.0881700e-23
1.5851200e+01	4.0677500e-23
1.5887100e+01	4.0474600e-23
1.5923100e+01	4.0272400e-23
1.5959200e+01	4.0071400e-23
1.5995400e+01	3.9871700e-23
1.6031600e+01	3.9673200e-23
1.6068000e+01	3.9475300e-23
1.6104400e+01	3.9278800e-23
1.6140900e+01	3.9083700e-23
1.6177500e+01	3.8889500e-23
1.6214200e+01	3.8696400e-23
1.6250900e+01	3.8503900e-23
1.6287700e+01	3.8313100e-23
1.6324700e+01	3.8123000e-23
1.6361700e+01	3.7934400e-23
1.6398800e+01	3.7746500e-23
1.6435900e+01	3.7559600e-23
1.6473200e+01	3.7373400e-23
1.6510500e+01	3.7188700e-23
1.6547900e+01	3.7004700e-23
1.6585500e+01	3.6822200e-23
1.6623000e+01	3.6640300e-23
1.6660700e+01	3.6459500e-23
1.6698500e+01	3.6279700e-23
1.6736300e+01	3.6100900e-23
1.6774300e+01	3.5922700e-23
1.6812300e+01	3.5746000e-23
1.6850400e+01	3.5569900e-23
1.6888600e+01	3.5395200e-23
1.6926900e+01	3.5221100e-23
1.6965200e+01	3.5047900e-23
1.7003700e+01	3.4875300e-23
1.7042200e+01	3.4704100e-23
1.7080900e+01	3.4533900e-23
1.7119600e+01	3.4364200e-23
1.7158400e+01	3.4195900e-23
1.7197300e+01	3.4028000e-23
1.7236300e+01	3.3861300e-23
1.7275300e+01	3.3695300e-23
1.7314500e+01	3.3530300e-23
1.7353700e+01	3.3366300e-23
1.7393100e+01	3.3203100e-23
1.7432500e+01	3.3040400e-23
1.7472000e+01	3.2879100e-23
1.7511600e+01	3.2718200e-23
1.7551300e+01	3.2558600e-23
1.7591100e+01	3.2399600e-23
1.7631000e+01	3.2241400e-23
1.7670900e+01	3.2084000e-23
1.7711000e+01	3.1927500e-23
1.7751100e+01	3.1771700e-23
1.7791300e+01	3.1617000e-23
1.7831700e+01	3.1462700e-23
1.7872100e+01	3.1309500e-23
1.7912600e+01	3.1157200e-23
1.7953200e+01	3.1005400e-23
1.7993900e+01	3.0854600e-23
1.8034700e+01	3.0704400e-23
1.8075600e+01	3.0555000e-23
1.8116500e+01	3.0406300e-23
1.8157600e+01	3.0258900e-23
1.8198800e+01	3.0111800e-23
1.8240000e+01	2.9965600e-23
1.8281300e+01	2.9820100e-23
1.8322800e+01	2.9675400e-23
1.8364300e+01	2.9531200e-23
1.8405900e+01	2.9387900e-23
1.8447700e+01	2.9245400e-23
1.8489500e+01	2.9103800e-23
1.8531400e+01	2.8962500e-23
1.8573400e+01	2.8822300e-23
1.8615500e+01	2.8682500e-23
1.8657700e+01	2.8543800e-23
1.8700000e+01	2.8405700e-23
1.8742400e+01	2.8268100e-23
1.8784800e+01	2.8131200e-23
1.8827400e+01	2.7995300e-23
1.8870100e+01	2.7859900e-23
1.8912900e+01	2.7725300e-23
1.8955700e+01	2.7591200e-23
1.8998700e+01	2.7457800e-23
1.9041800e+01	2.7325100e-23
1.9084900e+01	2.7193300e-23
1.9128200e+01	2.7062000e-23
1.9171500e+01	2.6931300e-23
1.9215000e+01	2.6801300e-23
1.9258500e+01	2.6672200e-23
1.9302200e+01	2.6543500e-23
1.9346000e+01	2.6415500e-23
1.9389800e+01	2.6288100e-23
1.9433800e+01	2.6161600e-23
1.9477800e+01	2.6035500e-23
1.9522000e+01	2.5910000e-23
1.9566200e+01	2.5785200e-23
1.9610500e+01	2.5661000e-23
1.9655000e+01	2.5537600e-23
1.9699600e+01	2.5414700e-23
1.9744200e+01	2.5292400e-23
1.9789000e+01	2.5170800e-23
1.9833800e+01	2.5049800e-23
1.9878800e+01	2.4929300e-23
1.9923800e+01	2.4809600e-23
1.9969000e+01	2.4690300e-23
2.0014200e+01	2.4571600e-23
2.0059600e+01	2.4453600e-23
2.0105100e+01	2.4336100e-23
2.0150700e+01	2.4219300e-23
2.0196300e+01	2.4103100e-23
2.0242100e+01	2.3987400e-23
2.0288000e+01	2.3872400e-23
2.0334000e+01	2.3757900e-23
2.0380100e+01	2.3643800e-23
2.0426300e+01	2.3530400e-23
2.0472600e+01	2.3417700e-23
2.0519000e+01	2.3305500e-23
2.0565500e+01	2.3193800e-23
2.0612100e+01	2.3082700e-23
2.0658800e+01	2.2972200e-23
2.0705600e+01	2.2862100e-23
2.0752600e+01	2.2752900e-23
2.0799600e+01	2.2643900e-23
2.0846700e+01	2.2535500e-23
2.0894000e+01	2.2427800e-23
2.0941400e+01	2.2320600e-23
2.0988800e+01	2.2213800e-23
2.1036400e+01	2.2107600e-23
2.1084100e+01	2.2002000e-23
2.1131900e+01	2.1896900e-23
2.1179800e+01	2.1792200e-23
2.1227800e+01	2.1688200e-23
2.1275900e+01	2.1584600e-23
2.1324100e+01	2.1481500e-23
2.1372400e+01	2.1379000e-23
2.1420900e+01	2.1276900e-23
2.1469400e+01	2.1175400e-23
2.1518100e+01	2.1074400e-23
2.1566900e+01	2.0973900e-23
2.1615800e+01	2.0873900e-23
2.1664800e+01	2.0774400e-23
2.1713900e+01	2.0675400e-23
2.1763100e+01	2.0577000e-23
2.1812400e+01	2.0478900e-23
2.1861900e+01	2.0381400e-23
2.1911400e+01	2.0284300e-23
2.1961100e+01	2.0187800e-23
2.2010900e+01	2.0091700e-23
2.2060700e+01	1.9996100e-23
2.2110700e+01	1.9901000e-23
2.2160900e+01	1.9806400e-23
2.2211100e+01	1.9712200e-23
2.2261400e+01	1.9618500e-23
2.2311900e+01	1.9525300e-23
2.2362500e+01	1.9432500e-23
2.2413200e+01	1.9340200e-23
2.2464000e+01	1.9248400e-23
2.2514900e+01	1.9156900e-23
2.2565900e+01	1.9066000e-23
2.2617100e+01	1.8975500e-23
2.2668300e+01	1.8885600e-23
2.2719700e+01	1.8796000e-23
2.2771200e+01	1.8706800e-23
2.2822800e+01	1.8618100e-23
2.2874600e+01	1.8529900e-23
2.2926400e+01	1.8442100e-23
2.2978400e+01	1.8354700e-23
2.3030400e+01	1.8267800e-23
2.3082700e+01	1.8181300e-23
2.3135000e+01	1.8095200e-23
2.3187400e+01	1.8009600e-23
2.3240000e+01	1.7924400e-23
2.3292600e+01	1.7839600e-23
2.3345400e+01	1.7755200e-23
2.3398400e+01	1.7671300e-23
2.3451400e+01	1.7587800e-23
2.3504500e+01	1.7504700e-23
2.3557800e+01	1.7422000e-23
2.3611200e+01	1.7339700e-23
2.3664700e+01	1.7257800e-23
2.3718400e+01	1.7176400e-23
2.3772100e+01	1.7095400e-23
2.3826000e+01	1.7014700e-23
2.3880000e+01	1.6934400e-23
2.3934200e+01	1.6854700e-23
2.3988400e+01	1.6775200e-23
2.4042800e+01	1.6696200e-23
2.4097300e+01	1.6617500e-23
2.4151900e+01	1.6539300e-23
2.4206600e+01	1.6461400e-23
2.4261500e+01	1.6383900e-23
2.4316500e+01	1.6306900e-23
2.4371600e+01	1.6230200e-23
2.4426900e+01	1.6153900e-23
2.4482200e+01	1.6077900e-23
2.4537700e+01	1.6002400e-23
2.4593300e+01	1.5927200e-23
2.4649100e+01	1.5852400e-23
2.4705000e+01	1.5778000e-23
2.4760900e+01	1.5703900e-23
2.4817100e+01	1.5630200e-23
2.4873300e+01	1.5557000e-23
2.4929700e+01	1.5484100e-23
2.4986200e+01	1.5411500e-23
2.5042800e+01	1.5339300e-23
2.5099600e+01	1.5267400e-23
2.5156500e+01	1.5195900e-23
2.5213500e+01	1.5124900e-23
2.5270700e+01	1.5054100e-23
2.5328000e+01	1.4983800e-23
2.5385400e+01	1.4913800e-23
2.5442900e+01	1.4844100e-23
2.5500600e+01	1.4774700e-23
2.5558400e+01	1.4705700e-23
2.5616300e+01	1.4637000e-23
2.5674400e+01	1.4568700e-23
2.5732600e+01	1.4500800e-23
2.5790900e+01	1.4433200e-23
2.5849300e+01	1.4365900e-23
2.5907900e+01	1.4299000e-23
2.5966700e+01	1.4232500e-23
2.6025500e+01	1.4166200e-23
2.6084500e+01	1.4100200e-23
2.6143600e+01	1.4034700e-23
2.6202900e+01	1.3969400e-23
2.6262300e+01	1.3904500e-23
2.6321800e+01	1.3839900e-23
2.6381500e+01	1.3775700e-23
2.6441300e+01	1.3711800e-23
2.6501200e+01	1.3648200e-23
2.6561300e+01	1.3584900e-23
2.6621500e+01	1.3521900e-23
2.6681800e+01	1.3459300e-23
2.6742300e+01	1.3396900e-23
2.6802900e+01	1.3335000e-23
2.6863700e+01	1.3273300e-23
2.6924600e+01	1.3211900e-23
2.6985600e+01	1.3150800e-23
2.7046700e+01	1.3090100e-23
2.7108100e+01	1.3029600e-23
2.7169500e+01	1.2969500e-23
2.7231100e+01	1.2909800e-23
2.7292800e+01	1.2850300e-23
2.7354700e+01	1.2791000e-23
2.7416700e+01	1.2732100e-23
2.7478800e+01	1.2673500e-23
2.7541100e+01	1.2615300e-23
2.7603500e+01	1.2557300e-23
2.7666100e+01	1.2499600e-23
2.7728800e+01	1.2442100e-23
2.7791700e+01	1.2385000e-23
2.7854600e+01	1.2328200e-23
2.7917800e+01	1.2271700e-23
2.7981100e+01	1.2215500e-23
2.8044500e+01	1.2159500e-23
2.8108100e+01	1.2103800e-23
2.8171800e+01	1.2048500e-23
2.8235600e+01	1.1993500e-23
2.8299600e+01	1.1938700e-23
2.8363800e+01	1.1884200e-23
2.8428100e+01	1.1830000e-23
2.8492500e+01	1.1776000e-23
2.8557100e+01	1.1722400e-23
2.8621800e+01	1.1669000e-23
2.8686700e+01	1.1616000e-23
2.8751700e+01	1.1563100e-23
2.8816900e+01	1.1510600e-23
2.8882200e+01	1.1458300e-23
2.8947700e+01	1.1406300e-23
2.9013300e+01	1.1354600e-23
2.9079000e+01	1.1303100e-23
2.9144900e+01	1.1251900e-23
2.9211000e+01	1.1201100e-23
2.9277200e+01	1.1150400e-23
2.9343600e+01	1.1100000e-23
2.9410100e+01	1.1049900e-23
2.9476800e+01	1.1000100e-23
2.9543600e+01	1.0950500e-23
2.9610500e+01	1.0901100e-23
2.9677600e+01	1.0852100e-23
2.9744900e+01	1.0803300e-23
2.9812300e+01	1.0754700e-23
2.9879900e+01	1.0706400e-23
2.9947600e+01	1.0658300e-23
3.0015500e+01	1.0610500e-23
3.0083600e+01	1.0563100e-23
3.0151700e+01	1.0515800e-23
3.0220100e+01	1.0468700e-23
3.0288600e+01	1.0421900e-23
3.0357200e+01	1.0375400e-23
3.0426000e+01	1.0329200e-23
3.0495000e+01	1.0283100e-23
3.0564100e+01	1.0237400e-23
3.0633400e+01	1.0191800e-23
3.0702800e+01	1.0146600e-23
3.0772400e+01	1.0101400e-23
3.0842200e+01	1.0056700e-23
3.0912100e+01	1.0012200e-23
3.0982200e+01	9.9678300e-24
3.1052400e+01	9.9237200e-24
3.1122800e+01	9.8798600e-24
3.1193300e+01	9.8362600e-24
3.1264000e+01	9.7928700e-24
3.1334900e+01	9.7497300e-24
3.1405900e+01	9.7068400e-24
3.1477100e+01	9.6641600e-24
3.1548400e+01	9.6217300e-24
3.1620000e+01	9.5795500e-24
3.1691600e+01	9.5375500e-24
3.1763500e+01	9.4957700e-24
3.1835500e+01	9.4542800e-24
3.1907600e+01	9.4129800e-24
3.1979900e+01	9.3718800e-24
3.2052400e+01	9.3310700e-24
3.2125100e+01	9.2904500e-24
3.2197900e+01	9.2500200e-24
3.2270900e+01	9.2098800e-24
3.2344000e+01	9.1699300e-24
3.2417300e+01	9.1301700e-24
3.2490800e+01	9.0906900e-24
3.2564500e+01	9.0514100e-24
3.2638300e+01	9.0122900e-24
3.2712200e+01	8.9734600e-24
3.2786400e+01	8.9348200e-24
3.2860700e+01	8.8963600e-24
3.2935200e+01	8.8581700e-24
3.3009800e+01	8.8201700e-24
3.3084700e+01	8.7823900e-24
3.3159700e+01	8.7447800e-24
3.3234800e+01	8.7074100e-24
3.3310100e+01	8.6702500e-24
3.3385700e+01	8.6333200e-24
3.3461300e+01	8.5966200e-24
3.3537200e+01	8.5600800e-24
3.3613200e+01	8.5237600e-24
3.3689400e+01	8.4876100e-24
3.3765700e+01	8.4516800e-24
3.3842300e+01	8.4160100e-24
3.3919000e+01	8.3804600e-24
3.3995900e+01	8.3451700e-24
3.4072900e+01	8.3100500e-24
3.4150100e+01	8.2751500e-24
3.4227600e+01	8.2404500e-24
3.4305100e+01	8.2059600e-24
3.4382900e+01	8.1716300e-24
3.4460800e+01	8.1375100e-24
3.4538900e+01	8.1036000e-24
3.4617200e+01	8.0698800e-24
3.4695700e+01	8.0363800e-24
3.4774300e+01	8.0030400e-24
3.4853200e+01	7.9698900e-24
3.4932200e+01	7.9369500e-24
3.5011300e+01	7.9042000e-24
3.5090700e+01	7.8716100e-24
3.5170200e+01	7.8392600e-24
3.5249900e+01	7.8070700e-24
3.5329800e+01	7.7750700e-24
3.5409900e+01	7.7432300e-24
3.5490200e+01	7.7116100e-24
3.5570600e+01	7.6801900e-24
3.5651300e+01	7.6489300e-24
3.5732100e+01	7.6178600e-24
3.5813100e+01	7.5869700e-24
3.5894200e+01	7.5562700e-24
3.5975600e+01	7.5257300e-24
3.6057100e+01	7.4953900e-24
3.6138900e+01	7.4652200e-24
3.6220800e+01	7.4352600e-24
3.6302900e+01	7.4054600e-24
3.6385200e+01	7.3758300e-24
3.6467600e+01	7.3463900e-24
3.6550300e+01	7.3170900e-24
3.6633100e+01	7.2880000e-24
3.6716200e+01	7.2591000e-24
3.6799400e+01	7.2303400e-24
3.6882800e+01	7.2017600e-24
3.6966400e+01	7.1733800e-24
3.7050200e+01	7.1451500e-24
3.7134200e+01	7.1170900e-24
3.7218400e+01	7.0892000e-24
3.7302700e+01	7.0614900e-24
3.7387300e+01	7.0339500e-24
3.7472000e+01	7.0065500e-24
3.7556900e+01	6.9793500e-24
3.7642100e+01	6.9523200e-24
3.7727400e+01	6.9254300e-24
3.7812900e+01	6.8987200e-24
3.7898600e+01	6.8721700e-24
3.7984500e+01	6.8458000e-24
3.8070600e+01	6.8195700e-24
3.8156900e+01	6.7935000e-24
3.8243400e+01	6.7676300e-24
3.8330100e+01	6.7418900e-24
3.8417000e+01	6.7163200e-24
3.8504000e+01	6.6909200e-24
3.8591300e+01	6.6656700e-24
3.8678800e+01	6.6405700e-24
3.8766500e+01	6.6156300e-24
3.8854300e+01	6.5908600e-24
3.8942400e+01	6.5662400e-24
3.9030700e+01	6.5417700e-24
3.9119100e+01	6.5174800e-24
3.9207800e+01	6.4933200e-24
3.9296700e+01	6.4693100e-24
3.9385700e+01	6.4454800e-24
3.9475000e+01	6.4217800e-24
3.9564500e+01	6.3982300e-24
3.9654200e+01	6.3748400e-24
3.9744100e+01	6.3516000e-24
3.9834100e+01	6.3285100e-24
3.9924400e+01	6.3055800e-24
4.0014900e+01	6.2827800e-24
4.0105600e+01	6.2601300e-24
4.0196500e+01	6.2376400e-24
4.0287600e+01	6.2152900e-24
4.0379000e+01	6.1930900e-24
4.0470500e+01	6.1710300e-24
4.0562200e+01	6.1491100e-24
4.0654200e+01	6.1273600e-24
4.0746300e+01	6.1057300e-24
4.0838700e+01	6.0842300e-24
4.0931200e+01	6.0628900e-24
4.1024000e+01	6.0417100e-24
4.1117000e+01	6.0206400e-24
4.1210200e+01	5.9997100e-24
4.1303600e+01	5.9789400e-24
4.1397200e+01	5.9583100e-24
4.1491100e+01	5.9378100e-24
4.1585100e+01	5.9174500e-24
4.1679400e+01	5.8972100e-24
4.1773800e+01	5.8771200e-24
4.1868500e+01	5.8571700e-24
4.1963400e+01	5.8373500e-24
4.2058500e+01	5.8176600e-24
4.2153900e+01	5.7981100e-24
4.2249400e+01	5.7786900e-24
4.2345200e+01	5.7594100e-24
4.2441200e+01	5.7402500e-24
4.2537400e+01	5.7212300e-24
4.2633800e+01	5.7023500e-24
4.2730400e+01	5.6835800e-24
4.2827300e+01	5.6649500e-24
4.2924300e+01	5.6464500e-24
4.3021600e+01	5.6280800e-24
4.3119100e+01	5.6098400e-24
4.3216900e+01	5.5917200e-24
4.3314800e+01	5.5737300e-24
4.3413000e+01	5.5558600e-24
4.3511400e+01	5.5381100e-24
4.3610000e+01	5.5205000e-24
4.3708900e+01	5.5030100e-24
4.3808000e+01	5.4856400e-24
4.3907300e+01	5.4683900e-24
4.4006800e+01	5.4512700e-24
4.4106500e+01	5.4342700e-24
4.4206500e+01	5.4173900e-24
4.4306700e+01	5.4006300e-24
4.4407100e+01	5.3840000e-24
4.4507800e+01	5.3674700e-24
4.4608700e+01	5.3510700e-24
4.4709800e+01	5.3347800e-24
4.4811100e+01	5.3186200e-24
4.4912700e+01	5.3025700e-24
4.5014500e+01	5.2866300e-24
4.5116500e+01	5.2708100e-24
4.5218800e+01	5.2551100e-24
4.5321300e+01	5.2395200e-24
4.5424000e+01	5.2240500e-24
4.5527000e+01	5.2086900e-24
4.5630200e+01	5.1934400e-24
4.5733600e+01	5.1783000e-24
4.5837300e+01	5.1632800e-24
4.5941200e+01	5.1483600e-24
4.6045300e+01	5.1335600e-24
4.6149700e+01	5.1188700e-24
4.6254300e+01	5.1042800e-24
4.6359100e+01	5.0898100e-24
4.6464200e+01	5.0754400e-24
4.6569500e+01	5.0611800e-24
4.6675100e+01	5.0470200e-24
4.6780900e+01	5.0329700e-24
4.6886900e+01	5.0190300e-24
4.6993200e+01	5.0052000e-24
4.7099700e+01	4.9914700e-24
4.7206400e+01	4.9778500e-24
4.7313400e+01	4.9643200e-24
4.7420700e+01	4.9509000e-24
4.7528200e+01	4.9375800e-24
4.7635900e+01	4.9243600e-24
4.7743900e+01	4.9112500e-24
4.7852100e+01	4.8982300e-24
4.7960500e+01	4.8853200e-24
4.8069300e+01	4.8725100e-24
4.8178200e+01	4.8597900e-24
4.8287400e+01	4.8471700e-24
4.8396900e+01	4.8346500e-24
4.8506600e+01	4.8222300e-24
4.8616500e+01	4.8099000e-24
4.8726700e+01	4.7976700e-24
4.8837200e+01	4.7855400e-24
4.8947900e+01	4.7735000e-24
4.9058800e+01	4.7615500e-24
4.9170000e+01	4.7497100e-24
4.9281400e+01	4.7379500e-24
4.9393200e+01	4.7262800e-24
4.9505100e+01	4.7147100e-24
4.9617300e+01	4.7032300e-24
4.9729800e+01	4.6918400e-24
4.9842500e+01	4.6805400e-24
4.9955500e+01	4.6693300e-24
5.0068700e+01	4.6582100e-24
5.0182200e+01	4.6471800e-24
5.0295900e+01	4.6362300e-24
5.0409900e+01	4.6253800e-24
5.0524200e+01	4.6146200e-24
5.0638700e+01	4.6039300e-24
5.0753500e+01	4.5933400e-24
5.0868500e+01	4.5828300e-24
5.0983800e+01	4.5724100e-24
5.1099400e+01	4.5620700e-24
5.1215200e+01	4.5518100e-24
5.1331300e+01	4.5416400e-24
5.1447700e+01	4.5315600e-24
5.1564300e+01	4.5215500e-24
5.1681200e+01	4.5116200e-24
5.1798300e+01	4.5017800e-24
5.1915700e+01	4.4920200e-24
5.2033400e+01	4.4823400e-24
5.2151300e+01	4.4727400e-24
5.2269500e+01	4.4632200e-24
5.2388000e+01	4.4537900e-24
5.2506800e+01	4.4444200e-24
5.2625800e+01	4.4351300e-24
5.2745100e+01	4.4259200e-24
5.2864600e+01	4.4167900e-24
5.2984400e+01	4.4077300e-24
5.3104500e+01	4.3987500e-24
5.3224900e+01	4.3898400e-24
5.3345500e+01	4.3810100e-24
5.3466500e+01	4.3722600e-24
5.3587700e+01	4.3635700e-24
5.3709100e+01	4.3549700e-24
5.3830900e+01	4.3464300e-24
5.3952900e+01	4.3379600e-24
5.4075200e+01	4.3295700e-24
5.4197700e+01	4.3212500e-24
5.4320600e+01	4.3130000e-24
5.4443700e+01	4.3048200e-24
5.4567100e+01	4.2967100e-24
5.4690800e+01	4.2886600e-24
5.4814800e+01	4.2806900e-24
5.4939000e+01	4.2727900e-24
5.5063500e+01	4.2649500e-24
5.5188300e+01	4.2571800e-24
5.5313400e+01	4.2494700e-24
5.5438800e+01	4.2418300e-24
5.5564500e+01	4.2342600e-24
5.5690400e+01	4.2267600e-24
5.5816600e+01	4.2193200e-24
5.5943200e+01	4.2119400e-24
5.6070000e+01	4.2046300e-24
5.6197100e+01	4.1973700e-24
5.6324400e+01	4.1901900e-24
5.6452100e+01	4.1830600e-24
5.6580100e+01	4.1760000e-24
5.6708300e+01	4.1690000e-24
5.6836800e+01	4.1620600e-24
5.6965700e+01	4.1551800e-24
5.7094800e+01	4.1483600e-24
5.7224200e+01	4.1416000e-24
5.7353900e+01	4.1349000e-24
5.7483900e+01	4.1282500e-24
5.7614200e+01	4.1216700e-24
5.7744800e+01	4.1151500e-24
5.7875700e+01	4.1086800e-24
5.8006900e+01	4.1022700e-24
5.8138300e+01	4.0959200e-24
5.8270100e+01	4.0896100e-24
5.8402200e+01	4.0833700e-24
5.8534600e+01	4.0771800e-24
5.8667300e+01	4.0710500e-24
5.8800200e+01	4.0649700e-24
5.8933500e+01	4.0589500e-24
5.9067100e+01	4.0529700e-24
5.9201000e+01	4.0470500e-24
5.9335200e+01	4.0411800e-24
5.9469700e+01	4.0353700e-24
5.9604500e+01	4.0296100e-24
5.9739600e+01	4.0239000e-24
5.9875000e+01	4.0182300e-24
6.0010700e+01	4.0126200e-24
6.0146700e+01	4.0070600e-24
6.0283000e+01	4.0015500e-24
6.0419700e+01	3.9960900e-24
6.0556600e+01	3.9906800e-24
6.0693900e+01	3.9853100e-24
6.0831500e+01	3.9799900e-24
6.0969300e+01	3.9747200e-24
6.1107500e+01	3.9695000e-24
6.1246000e+01	3.9643300e-24
6.1384900e+01	3.9592000e-24
6.1524000e+01	3.9541100e-24
6.1663500e+01	3.9490800e-24
6.1803200e+01	3.9440800e-24
6.1943300e+01	3.9391400e-24
6.2083700e+01	3.9342400e-24
6.2224400e+01	3.9293800e-24
6.2365500e+01	3.9245600e-24
6.2506800e+01	3.9197800e-24
6.2648500e+01	3.9150600e-24
6.2790500e+01	3.9103700e-24
6.2932800e+01	3.9057200e-24
6.3075500e+01	3.9011200e-24
6.3218500e+01	3.8965600e-24
6.3361800e+01	3.8920300e-24
6.3505400e+01	3.8875600e-24
6.3649300e+01	3.8831100e-24
6.3793600e+01	3.8787100e-24
6.3938200e+01	3.8743500e-24
6.4083100e+01	3.8700300e-24
6.4228400e+01	3.8657400e-24
6.4373900e+01	3.8615000e-24
6.4519900e+01	3.8572900e-24
6.4666100e+01	3.8531200e-24
6.4812700e+01	3.8489900e-24
6.4959600e+01	3.8449000e-24
6.5106800e+01	3.8408400e-24
6.5254400e+01	3.8368200e-24
6.5402300e+01	3.8328300e-24
6.5550600e+01	3.8288800e-24
6.5699100e+01	3.8249600e-24
6.5848100e+01	3.8210800e-24
6.5997300e+01	3.8172300e-24
6.6146900e+01	3.8134200e-24
6.6296800e+01	3.8096500e-24
6.6447100e+01	3.8059100e-24
6.6597700e+01	3.8021900e-24
6.6748700e+01	3.7985200e-24
6.6900000e+01	3.7948700e-24
6.7051600e+01	3.7912600e-24
6.7203600e+01	3.7876800e-24
6.7355900e+01	3.7841300e-24
6.7508600e+01	3.7806100e-24
6.7661600e+01	3.7771200e-24
6.7815000e+01	3.7736600e-24
6.7968700e+01	3.7702400e-24
6.8122700e+01	3.7668400e-24
6.8277100e+01	3.7634800e-24
6.8431900e+01	3.7601400e-24
6.8587000e+01	3.7568400e-24
6.8742500e+01	3.7535500e-24
6.8898300e+01	3.7503100e-24
6.9054500e+01	3.7470900e-24
6.9211000e+01	3.7439000e-24
6.9367900e+01	3.7407300e-24
6.9525100e+01	3.7375900e-24
6.9682700e+01	3.7344800e-24
6.9840600e+01	3.7313900e-24
6.9998900e+01	3.7283400e-24
7.0157600e+01	3.7253100e-24
7.0316600e+01	3.7223000e-24
7.0476000e+01	3.7193300e-24
7.0635700e+01	3.7163800e-24
7.0795800e+01	3.7134500e-24
7.0956300e+01	3.7105500e-24
7.1117100e+01	3.7076700e-24
7.1278300e+01	3.7048200e-24
7.1439900e+01	3.7019900e-24
7.1601800e+01	3.6991800e-24
7.1764100e+01	3.6964000e-24
7.1926800e+01	3.6936400e-24
7.2089800e+01	3.6909100e-24
7.2253200e+01	3.6882000e-24
7.2417000e+01	3.6855100e-24
7.2581100e+01	3.6828400e-24
7.2745700e+01	3.6801900e-24
7.2910600e+01	3.6775800e-24
7.3075800e+01	3.6749700e-24
7.3241500e+01	3.6724000e-24
7.3407500e+01	3.6698400e-24
7.3573900e+01	3.6673000e-24
7.3740600e+01	3.6647900e-24
7.3907800e+01	3.6622900e-24
7.4075300e+01	3.6598200e-24
7.4243200e+01	3.6573600e-24
7.4411500e+01	3.6549200e-24
7.4580100e+01	3.6525100e-24
7.4749200e+01	3.6501100e-24
7.4918600e+01	3.6477300e-24
7.5088400e+01	3.6453800e-24
7.5258600e+01	3.6430400e-24
7.5429200e+01	3.6407200e-24
7.5600200e+01	3.6384200e-24
7.5771500e+01	3.6361300e-24
7.5943300e+01	3.6338600e-24
7.6115400e+01	3.6316200e-24
7.6287900e+01	3.6293800e-24
7.6460900e+01	3.6271700e-24
7.6634200e+01	3.6249700e-24
7.6807900e+01	3.6227900e-24
7.6982000e+01	3.6206300e-24
7.7156500e+01	3.6184800e-24
7.7331300e+01	3.6163500e-24
7.7506600e+01	3.6142400e-24
7.7682300e+01	3.6121400e-24
7.7858400e+01	3.6100500e-24
7.8034900e+01	3.6079800e-24
7.8211700e+01	3.6059300e-24
7.8389000e+01	3.6038900e-24
7.8566700e+01	3.6018700e-24
7.8744800e+01	3.5998600e-24
7.8923300e+01	3.5978700e-24
7.9102200e+01	3.5958900e-24
7.9281500e+01	3.5939300e-24
7.9461200e+01	3.5919700e-24
7.9641300e+01	3.5900300e-24
7.9821800e+01	3.5881100e-24
8.0002700e+01	3.5862100e-24
8.0184100e+01	3.5843100e-24
8.0365800e+01	3.5824200e-24
8.0548000e+01	3.5805500e-24
8.0730500e+01	3.5786900e-24
8.0913500e+01	3.5768500e-24
8.1096900e+01	3.5750200e-24
8.1280700e+01	3.5732000e-24
8.1465000e+01	3.5713900e-24
8.1649600e+01	3.5695900e-24
8.1834700e+01	3.5678100e-24
8.2020200e+01	3.5660300e-24
8.2206100e+01	3.5642700e-24
8.2392400e+01	3.5625200e-24
8.2579200e+01	3.5607800e-24
8.2766400e+01	3.5590500e-24
8.2954000e+01	3.5573300e-24
8.3142000e+01	3.5556300e-24
8.3330400e+01	3.5539300e-24
8.3519300e+01	3.5522500e-24
8.3708600e+01	3.5505700e-24
8.3898400e+01	3.5489000e-24
8.4088500e+01	3.5472500e-24
8.4279100e+01	3.5456000e-24
8.4470200e+01	3.5439700e-24
8.4661600e+01	3.5423400e-24
8.4853500e+01	3.5407300e-24
8.5045900e+01	3.5391200e-24
8.5238600e+01	3.5375200e-24
8.5431800e+01	3.5359300e-24
8.5625500e+01	3.5343500e-24
8.5819600e+01	3.5327800e-24
8.6014100e+01	3.5312100e-24
8.6209100e+01	3.5296600e-24
8.6404500e+01	3.5281200e-24
8.6600300e+01	3.5265800e-24
8.6796600e+01	3.5250500e-24
8.6993300e+01	3.5235300e-24
8.7190500e+01	3.5220100e-24
8.7388100e+01	3.5205100e-24
8.7586200e+01	3.5190100e-24
8.7784800e+01	3.5175200e-24
8.7983700e+01	3.5160300e-24
8.8183200e+01	3.5145500e-24
8.8383000e+01	3.5130800e-24
8.8583400e+01	3.5116200e-24
8.8784200e+01	3.5101700e-24
8.8985400e+01	3.5087200e-24
8.9187100e+01	3.5072800e-24
8.9389300e+01	3.5058400e-24
8.9591900e+01	3.5044100e-24
8.9794900e+01	3.5029900e-24
8.9998500e+01	3.5015800e-24
9.0202500e+01	3.5001700e-24
9.0406900e+01	3.4987600e-24
9.0611800e+01	3.4973600e-24
9.0817200e+01	3.4959700e-24
9.1023100e+01	3.4945900e-24
9.1229400e+01	3.4932000e-24
9.1436200e+01	3.4918300e-24
9.1643400e+01	3.4904600e-24
9.1851200e+01	3.4890900e-24
9.2059300e+01	3.4877300e-24
9.2268000e+01	3.4863800e-24
9.2477200e+01	3.4850300e-24
9.2686800e+01	3.4836800e-24
9.2896900e+01	3.4823400e-24
9.3107400e+01	3.4810100e-24
9.3318500e+01	3.4796800e-24
9.3530000e+01	3.4783500e-24
9.3742000e+01	3.4770300e-24
9.3954500e+01	3.4757100e-24
9.4167400e+01	3.4744000e-24
9.4380900e+01	3.4730900e-24
9.4594800e+01	3.4717900e-24
9.4809200e+01	3.4704900e-24
9.5024100e+01	3.4691900e-24
9.5239500e+01	3.4679000e-24
9.5455400e+01	3.4666100e-24
9.5671700e+01	3.4653300e-24
9.5888600e+01	3.4640400e-24
9.6105900e+01	3.4627600e-24
9.6323800e+01	3.4614900e-24
9.6542100e+01	3.4602200e-24
9.6760900e+01	3.4589500e-24
9.6980200e+01	3.4576900e-24
9.7200100e+01	3.4564300e-24
9.7420400e+01	3.4551600e-24
9.7641200e+01	3.4539100e-24
9.7862500e+01	3.4526600e-24
9.8084300e+01	3.4514100e-24
9.8306700e+01	3.4501600e-24
9.8529500e+01	3.4489200e-24
9.8752800e+01	3.4476800e-24
9.8976700e+01	3.4464400e-24
9.9201000e+01	3.4452000e-24
9.9425900e+01	3.4439600e-24
9.9651200e+01	3.4427300e-24
9.9877100e+01	3.4415000e-24
1.0010300e+02	3.4402800e-24
1.0033000e+02	3.4390500e-24
1.0055800e+02	3.4378300e-24
1.0078600e+02	3.4366100e-24
1.0101400e+02	3.4353800e-24
1.0124300e+02	3.4341700e-24
1.0147300e+02	3.4329500e-24
1.0170300e+02	3.4317400e-24
1.0193300e+02	3.4305300e-24
1.0216400e+02	3.4293200e-24
1.0239600e+02	3.4281000e-24
1.0262800e+02	3.4269000e-24
1.0286000e+02	3.4256900e-24
1.0309400e+02	3.4244900e-24
1.0332700e+02	3.4232800e-24
1.0356100e+02	3.4220800e-24
1.0379600e+02	3.4208800e-24
1.0403100e+02	3.4196700e-24
1.0426700e+02	3.4184800e-24
1.0450400e+02	3.4172800e-24
1.0474100e+02	3.4160900e-24
1.0497800e+02	3.4148900e-24
1.0521600e+02	3.4137000e-24
1.0545400e+02	3.4125000e-24
1.0569300e+02	3.4113000e-24
1.0593300e+02	3.4101100e-24
1.0617300e+02	3.4089100e-24
1.0641400e+02	3.4077300e-24
1.0665500e+02	3.4065300e-24
1.0689700e+02	3.4053400e-24
1.0713900e+02	3.4041500e-24
1.0738200e+02	3.4029600e-24
1.0762500e+02	3.4017700e-24
1.0786900e+02	3.4005900e-24
1.0811400e+02	3.3994000e-24
1.0835900e+02	3.3982000e-24
1.0860400e+02	3.3970200e-24
1.0885000e+02	3.3958300e-24
1.0909700e+02	3.3946400e-24
1.0934400e+02	3.3934500e-24
1.0959200e+02	3.3922600e-24
1.0984100e+02	3.3910700e-24
1.1009000e+02	3.3898800e-24
1.1033900e+02	3.3886900e-24
1.1058900e+02	3.3875100e-24
1.1084000e+02	3.3863100e-24
1.1109100e+02	3.3851300e-24
1.1134300e+02	3.3839300e-24
1.1159500e+02	3.3827500e-24
1.1184800e+02	3.3815500e-24
1.1210200e+02	3.3803600e-24
1.1235600e+02	3.3791700e-24
1.1261100e+02	3.3779800e-24
1.1286600e+02	3.3767800e-24
1.1312200e+02	3.3755900e-24
1.1337800e+02	3.3743900e-24
1.1363500e+02	3.3732000e-24
1.1389300e+02	3.3720100e-24
1.1415100e+02	3.3708100e-24
1.1441000e+02	3.3696100e-24
1.1466900e+02	3.3684100e-24
1.1492900e+02	3.3672200e-24
1.1518900e+02	3.3660100e-24
1.1545000e+02	3.3648200e-24
1.1571200e+02	3.3636100e-24
1.1597400e+02	3.3624200e-24
1.1623700e+02	3.3612100e-24
1.1650100e+02	3.3600000e-24
1.1676500e+02	3.3588000e-24
1.1702900e+02	3.3575900e-24
1.1729500e+02	3.3563900e-24
1.1756100e+02	3.3551700e-24
1.1782700e+02	3.3539700e-24
1.1809400e+02	3.3527500e-24
1.1836200e+02	3.3515300e-24
1.1863000e+02	3.3503300e-24
1.1889900e+02	3.3491100e-24
1.1916800e+02	3.3478900e-24
1.1943900e+02	3.3466700e-24
1.1970900e+02	3.3454500e-24
1.1998100e+02	3.3442300e-24
1.2025300e+02	3.3430000e-24
1.2052500e+02	3.3417800e-24
1.2079800e+02	3.3405500e-24
1.2107200e+02	3.3393200e-24
1.2134700e+02	3.3381000e-24
1.2162200e+02	3.3368600e-24
1.2189700e+02	3.3356400e-24
1.2217400e+02	3.3344000e-24
1.2245100e+02	3.3331700e-24
1.2272800e+02	3.3319200e-24
1.2300600e+02	3.3306900e-24
1.2328500e+02	3.3294400e-24
1.2356500e+02	3.3282000e-24
1.2384500e+02	3.3269600e-24
1.2412500e+02	3.3257100e-24
1.2440700e+02	3.3244600e-24
1.2468900e+02	3.3232100e-24
1.2497100e+02	3.3219600e-24
1.2525500e+02	3.3207000e-24
1.2553800e+02	3.3194400e-24
1.2582300e+02	3.3181900e-24
1.2610800e+02	3.3169200e-24
1.2639400e+02	3.3156600e-24
1.2668100e+02	3.3143900e-24
1.2696800e+02	3.3131300e-24
1.2725500e+02	3.3118600e-24
1.2754400e+02	3.3105900e-24
1.2783300e+02	3.3093200e-24
1.2812300e+02	3.3080500e-24
1.2841300e+02	3.3067600e-24
1.2870400e+02	3.3054900e-24
1.2899600e+02	3.3042000e-24
1.2928800e+02	3.3029200e-24
1.2958100e+02	3.3016300e-24
1.2987500e+02	3.3003500e-24
1.3017000e+02	3.2990500e-24
1.3046500e+02	3.2977500e-24
1.3076000e+02	3.2964600e-24
1.3105700e+02	3.2951600e-24
1.3135400e+02	3.2938600e-24
1.3165100e+02	3.2925600e-24
1.3195000e+02	3.2912600e-24
1.3224900e+02	3.2899400e-24
1.3254900e+02	3.2886400e-24
1.3284900e+02	3.2873200e-24
1.3315000e+02	3.2860100e-24
1.3345200e+02	3.2846900e-24
1.3375500e+02	3.2833700e-24
1.3405800e+02	3.2820500e-24
1.3436200e+02	3.2807200e-24
1.3466600e+02	3.2793900e-24
1.3497100e+02	3.2780700e-24
1.3527700e+02	3.2767300e-24
1.3558400e+02	3.2754000e-24
1.3589100e+02	3.2740600e-24
1.3619900e+02	3.2727200e-24
1.3650800e+02	3.2713700e-24
1.3681700e+02	3.2700300e-24
1.3712800e+02	3.2686800e-24
1.3743800e+02	3.2673300e-24
1.3775000e+02	3.2659800e-24
1.3806200e+02	3.2646200e-24
1.3837500e+02	3.2632500e-24
1.3868900e+02	3.2619000e-24
1.3900300e+02	3.2605400e-24
1.3931800e+02	3.2591600e-24
1.3963400e+02	3.2577900e-24
1.3995000e+02	3.2564200e-24
1.4026800e+02	3.2550500e-24
1.4058600e+02	3.2536600e-24
1.4090400e+02	3.2522900e-24
1.4122400e+02	3.2509000e-24
1.4154400e+02	3.2495200e-24
1.4186500e+02	3.2481300e-24
1.4218600e+02	3.2467300e-24
1.4250800e+02	3.2453400e-24
1.4283100e+02	3.2439400e-24
1.4315500e+02	3.2425400e-24
1.4348000e+02	3.2411300e-24
1.4380500e+02	3.2397300e-24
1.4413100e+02	3.2383200e-24
1.4445700e+02	3.2369100e-24
1.4478500e+02	3.2354900e-24
1.4511300e+02	3.2340700e-24
1.4544200e+02	3.2326600e-24
1.4577200e+02	3.2312300e-24
1.4610200e+02	3.2298000e-24
1.4643300e+02	3.2283700e-24
1.4676500e+02	3.2269400e-24
1.4709800e+02	3.2255100e-24
1.4743100e+02	3.2240600e-24
1.4776500e+02	3.2226300e-24
1.4810000e+02	3.2211800e-24
1.4843600e+02	3.2197300e-24
1.4877200e+02	3.2182800e-24
1.4911000e+02	3.2168300e-24
1.4944800e+02	3.2153700e-24
1.4978600e+02	3.2139100e-24
1.5012600e+02	3.2124500e-24
1.5046600e+02	3.2109800e-24
1.5080700e+02	3.2095200e-24
1.5114900e+02	3.2080500e-24
1.5149200e+02	3.2065700e-24
1.5183500e+02	3.2051000e-24
1.5217900e+02	3.2036200e-24
1.5252400e+02	3.2021300e-24
1.5287000e+02	3.2006500e-24
1.5321600e+02	3.1991600e-24
1.5356400e+02	3.1976700e-24
1.5391200e+02	3.1961700e-24
1.5426100e+02	3.1946700e-24
1.5461000e+02	3.1931700e-24
1.5496100e+02	3.1916700e-24
1.5531200e+02	3.1901600e-24
1.5566400e+02	3.1886500e-24
1.5601700e+02	3.1871400e-24
1.5637000e+02	3.1856200e-24
1.5672500e+02	3.1841100e-24
1.5708000e+02	3.1825900e-24
1.5743600e+02	3.1810600e-24
1.5779300e+02	3.1795300e-24
1.5815100e+02	3.1780000e-24
1.5850900e+02	3.1764700e-24
1.5886800e+02	3.1749300e-24
1.5922900e+02	3.1733900e-24
1.5958900e+02	3.1718500e-24
1.5995100e+02	3.1703100e-24
1.6031400e+02	3.1687600e-24
1.6067700e+02	3.1672000e-24
1.6104100e+02	3.1656500e-24
1.6140600e+02	3.1640900e-24
1.6177200e+02	3.1625300e-24
1.6213900e+02	3.1609700e-24
1.6250600e+02	3.1594000e-24
1.6287500e+02	3.1578300e-24
1.6324400e+02	3.1562700e-24
1.6361400e+02	3.1546900e-24
1.6398500e+02	3.1531100e-24
1.6435600e+02	3.1515300e-24
1.6472900e+02	3.1499500e-24
1.6510200e+02	3.1483600e-24
1.6547700e+02	3.1467700e-24
1.6585200e+02	3.1451800e-24
1.6622800e+02	3.1435800e-24
1.6660400e+02	3.1419900e-24
1.6698200e+02	3.1403900e-24
1.6736100e+02	3.1387800e-24
1.6774000e+02	3.1371800e-24
1.6812000e+02	3.1355700e-24
1.6850100e+02	3.1339600e-24
1.6888300e+02	3.1323400e-24
1.6926600e+02	3.1307300e-24
1.6965000e+02	3.1291100e-24
1.7003400e+02	3.1274800e-24
1.7041900e+02	3.1258600e-24
1.7080600e+02	3.1242300e-24
1.7119300e+02	3.1226000e-24
1.7158100e+02	3.1209600e-24
1.7197000e+02	3.1193300e-24
1.7236000e+02	3.1176900e-24
1.7275000e+02	3.1160500e-24
1.7314200e+02	3.1144000e-24
1.7353400e+02	3.1127600e-24
1.7392800e+02	3.1111100e-24
1.7432200e+02	3.1094500e-24
1.7471700e+02	3.1078000e-24
1.7511300e+02	3.1061400e-24
1.7551000e+02	3.1044800e-24
1.7590800e+02	3.1028100e-24
1.7630700e+02	3.1011500e-24
1.7670600e+02	3.0994800e-24
1.7710700e+02	3.0978100e-24
1.7750800e+02	3.0961400e-24
1.7791000e+02	3.0944600e-24
1.7831400e+02	3.0927800e-24
1.7871800e+02	3.0911000e-24
1.7912300e+02	3.0894200e-24
1.7952900e+02	3.0877400e-24
1.7993600e+02	3.0860500e-24
1.8034400e+02	3.0843500e-24
1.8075300e+02	3.0826600e-24
1.8116200e+02	3.0809700e-24
1.8157300e+02	3.0792700e-24
1.8198400e+02	3.0775700e-24
1.8239700e+02	3.0758700e-24
1.8281000e+02	3.0741700e-24
1.8322500e+02	3.0724600e-24
1.8364000e+02	3.0707500e-24
1.8405600e+02	3.0690400e-24
1.8447300e+02	3.0673300e-24
1.8489200e+02	3.0656100e-24
1.8531100e+02	3.0639000e-24
1.8573100e+02	3.0621800e-24
1.8615200e+02	3.0604600e-24
1.8657400e+02	3.0587300e-24
1.8699700e+02	3.0570100e-24
1.8742000e+02	3.0552800e-24
1.8784500e+02	3.0535500e-24
1.8827100e+02	3.0518300e-24
1.8869800e+02	3.0500900e-24
1.8912500e+02	3.0483500e-24
1.8955400e+02	3.0466100e-24
1.8998400e+02	3.0448700e-24
1.9041400e+02	3.0431300e-24
1.9084600e+02	3.0414000e-24
1.9127900e+02	3.0396500e-24
1.9171200e+02	3.0379000e-24
1.9214700e+02	3.0361500e-24
1.9258200e+02	3.0344100e-24
1.9301900e+02	3.0326600e-24
1.9345600e+02	3.0309000e-24
1.9389500e+02	3.0291500e-24
1.9433400e+02	3.0273900e-24
1.9477500e+02	3.0256400e-24
1.9521600e+02	3.0238800e-24
1.9565900e+02	3.0221200e-24
1.9610200e+02	3.0203600e-24
1.9654700e+02	3.0185900e-24
1.9699200e+02	3.0168300e-24
1.9743900e+02	3.0150600e-24
1.9788600e+02	3.0133000e-24
1.9833500e+02	3.0115300e-24
1.9878400e+02	3.0097600e-24
1.9923500e+02	3.0080000e-24
1.9968600e+02	3.0062200e-24
2.0013900e+02	3.0044500e-24
2.0059300e+02	3.0026800e-24
2.0104700e+02	3.0009000e-24
2.0150300e+02	2.9991300e-24
2.0196000e+02	2.9973500e-24
2.0241800e+02	2.9955800e-24
2.0287600e+02	2.9937900e-24
2.0333600e+02	2.9920200e-24
2.0379700e+02	2.9902400e-24
2.0425900e+02	2.9884600e-24
2.0472200e+02	2.9866800e-24
2.0518600e+02	2.9849000e-24
2.0565100e+02	2.9831200e-24
2.0611700e+02	2.9813400e-24
2.0658500e+02	2.9795500e-24
2.0705300e+02	2.9777700e-24
2.0752200e+02	2.9759900e-24
2.0799200e+02	2.9742000e-24
2.0846400e+02	2.9724200e-24
2.0893600e+02	2.9706300e-24
2.0941000e+02	2.9688500e-24
2.0988500e+02	2.9670700e-24
2.1036000e+02	2.9652800e-24
2.1083700e+02	2.9635000e-24
2.1131500e+02	2.9617200e-24
2.1179400e+02	2.9599300e-24
2.1227400e+02	2.9581500e-24
2.1275500e+02	2.9563600e-24
2.1323800e+02	2.9545800e-24
2.1372100e+02	2.9528000e-24
2.1420500e+02	2.9510100e-24
2.1469100e+02	2.9492400e-24
2.1517700e+02	2.9474600e-24
2.1566500e+02	2.9456700e-24
2.1615400e+02	2.9439000e-24
2.1664400e+02	2.9421100e-24
2.1713500e+02	2.9403300e-24
2.1762700e+02	2.9385600e-24
2.1812000e+02	2.9367800e-24
2.1861500e+02	2.9350000e-24
2.1911000e+02	2.9332200e-24
2.1960700e+02	2.9314500e-24
2.2010500e+02	2.9296800e-24
2.2060400e+02	2.9279200e-24
2.2110400e+02	2.9261400e-24
2.2160500e+02	2.9243700e-24
2.2210700e+02	2.9226000e-24
2.2261100e+02	2.9208400e-24
2.2311500e+02	2.9190800e-24
2.2362100e+02	2.9173100e-24
2.2412800e+02	2.9155500e-24
2.2463600e+02	2.9137800e-24
2.2514500e+02	2.9120300e-24
2.2565500e+02	2.9102800e-24
2.2616700e+02	2.9085200e-24
2.2667900e+02	2.9067700e-24
2.2719300e+02	2.9050100e-24
2.2770800e+02	2.9032700e-24
2.2822400e+02	2.9015300e-24
2.2874200e+02	2.8997800e-24
2.2926000e+02	2.8980500e-24
2.2978000e+02	2.8963100e-24
2.3030100e+02	2.8945700e-24
2.3082300e+02	2.8928400e-24
2.3134600e+02	2.8911100e-24
2.3187000e+02	2.8893900e-24
2.3239600e+02	2.8876700e-24
2.3292300e+02	2.8859400e-24
2.3345000e+02	2.8842300e-24
2.3398000e+02	2.8825100e-24
2.3451000e+02	2.8808000e-24
2.3504200e+02	2.8791000e-24
2.3557400e+02	2.8773900e-24
2.3610800e+02	2.8756900e-24
2.3664300e+02	2.8739900e-24
2.3718000e+02	2.8723000e-24
2.3771700e+02	2.8706200e-24
2.3825600e+02	2.8689300e-24
2.3879600e+02	2.8672500e-24
2.3933800e+02	2.8655700e-24
2.3988000e+02	2.8639000e-24
2.4042400e+02	2.8622300e-24
2.4096900e+02	2.8605700e-24
2.4151500e+02	2.8589100e-24
2.4206200e+02	2.8572600e-24
2.4261100e+02	2.8556100e-24
2.4316100e+02	2.8539600e-24
2.4371200e+02	2.8523300e-24
2.4426400e+02	2.8506900e-24
2.4481800e+02	2.8490600e-24
2.4537300e+02	2.8474300e-24
2.4592900e+02	2.8458200e-24
2.4648700e+02	2.8442000e-24
2.4704500e+02	2.8426000e-24
2.4760500e+02	2.8410000e-24
2.4816700e+02	2.8394100e-24
2.4872900e+02	2.8378100e-24
2.4929300e+02	2.8362300e-24
2.4985800e+02	2.8346500e-24
2.5042400e+02	2.8330900e-24
2.5099200e+02	2.8315200e-24
2.5156100e+02	2.8299700e-24
2.5213100e+02	2.8284100e-24
2.5270200e+02	2.8268700e-24
2.5327500e+02	2.8253300e-24
2.5384900e+02	2.8238100e-24
2.5442500e+02	2.8222800e-24
2.5500100e+02	2.8207600e-24
2.5557900e+02	2.8192600e-24
2.5615900e+02	2.8177500e-24
2.5673900e+02	2.8162700e-24
2.5732100e+02	2.8147800e-24
2.5790400e+02	2.8133000e-24
2.5848900e+02	2.8118400e-24
2.5907500e+02	2.8103700e-24
2.5966200e+02	2.8089300e-24
2.6025100e+02	2.8074800e-24
2.6084100e+02	2.8060400e-24
2.6143200e+02	2.8046200e-24
2.6202400e+02	2.8032100e-24
2.6261800e+02	2.8018000e-24
2.6321400e+02	2.8004000e-24
2.6381000e+02	2.7990100e-24
2.6440800e+02	2.7976300e-24
2.6500800e+02	2.7962600e-24
2.6560800e+02	2.7949000e-24
2.6621000e+02	2.7935500e-24
2.6681400e+02	2.7922100e-24
2.6741800e+02	2.7908900e-24
2.6802500e+02	2.7895700e-24
2.6863200e+02	2.7882600e-24
2.6924100e+02	2.7869600e-24
2.6985100e+02	2.7856700e-24
2.7046300e+02	2.7844000e-24
2.7107600e+02	2.7831400e-24
2.7169000e+02	2.7818800e-24
2.7230600e+02	2.7806400e-24
2.7292300e+02	2.7794100e-24
2.7354200e+02	2.7781900e-24
2.7416200e+02	2.7769900e-24
2.7478400e+02	2.7757900e-24
2.7540600e+02	2.7746200e-24
2.7603100e+02	2.7734500e-24
2.7665600e+02	2.7722900e-24
2.7728300e+02	2.7711500e-24
2.7791200e+02	2.7700200e-24
2.7854200e+02	2.7689000e-24
2.7917300e+02	2.7678000e-24
2.7980600e+02	2.7667100e-24
2.8044000e+02	2.7656300e-24
2.8107600e+02	2.7645700e-24
2.8171300e+02	2.7635200e-24
2.8235100e+02	2.7624900e-24
2.8299100e+02	2.7614700e-24
2.8363300e+02	2.7604600e-24
2.8427600e+02	2.7594800e-24
2.8492000e+02	2.7585000e-24
2.8556600e+02	2.7575400e-24
2.8621300e+02	2.7566000e-24
2.8686200e+02	2.7556700e-24
2.8751200e+02	2.7547600e-24
2.8816400e+02	2.7538600e-24
2.8881700e+02	2.7529800e-24
2.8947200e+02	2.7521200e-24
2.9012800e+02	2.7512800e-24
2.9078500e+02	2.7504500e-24
2.9144400e+02	2.7496300e-24
2.9210500e+02	2.7488400e-24
2.9276700e+02	2.7480600e-24
2.9343100e+02	2.7472900e-24
2.9409600e+02	2.7465500e-24
2.9476300e+02	2.7458200e-24
2.9543100e+02	2.7451200e-24
2.9610000e+02	2.7444300e-24
2.9677100e+02	2.7437600e-24
2.9744400e+02	2.7431100e-24
2.9811800e+02	2.7424800e-24
2.9879400e+02	2.7418600e-24
2.9947100e+02	2.7412700e-24
3.0015000e+02	2.7406900e-24
3.0083000e+02	2.7401400e-24
3.0151200e+02	2.7396100e-24
3.0219600e+02	2.7391000e-24
3.0288100e+02	2.7386000e-24
3.0356700e+02	2.7381300e-24
3.0425500e+02	2.7376800e-24
3.0494500e+02	2.7372400e-24
3.0563600e+02	2.7368400e-24
3.0632900e+02	2.7364500e-24
3.0702300e+02	2.7360800e-24
3.0771900e+02	2.7357400e-24
3.0841700e+02	2.7354100e-24
3.0911600e+02	2.7351200e-24
3.0981600e+02	2.7348400e-24
3.1051900e+02	2.7345900e-24
3.1122200e+02	2.7343600e-24
3.1192800e+02	2.7341500e-24
3.1263500e+02	2.7339700e-24
3.1334400e+02	2.7338100e-24
3.1405400e+02	2.7336800e-24
3.1476600e+02	2.7335700e-24
3.1547900e+02	2.7334800e-24
3.1619400e+02	2.7334100e-24
3.1691100e+02	2.7333800e-24
3.1762900e+02	2.7333700e-24
3.1834900e+02	2.7333900e-24
3.1907100e+02	2.7334300e-24
3.1979400e+02	2.7334900e-24
3.2051900e+02	2.7335900e-24
3.2124500e+02	2.7337100e-24
3.2197300e+02	2.7338500e-24
3.2270300e+02	2.7340200e-24
3.2343500e+02	2.7342200e-24
3.2416800e+02	2.7344500e-24
3.2490300e+02	2.7347000e-24
3.2563900e+02	2.7349800e-24
3.2637700e+02	2.7353000e-24
3.2711700e+02	2.7356400e-24
3.2785800e+02	2.7360100e-24
3.2860100e+02	2.7364100e-24
3.2934600e+02	2.7368300e-24
3.3009300e+02	2.7372900e-24
3.3084100e+02	2.7377700e-24
3.3159100e+02	2.7382900e-24
3.3234300e+02	2.7388300e-24
3.3309600e+02	2.7394100e-24
3.3385100e+02	2.7400200e-24
3.3460800e+02	2.7406500e-24
3.3536600e+02	2.7413200e-24
3.3612600e+02	2.7420200e-24
3.3688800e+02	2.7427500e-24
3.3765200e+02	2.7435200e-24
3.3841700e+02	2.7443100e-24
3.3918400e+02	2.7451400e-24
3.3995300e+02	2.7460000e-24
3.4072300e+02	2.7469000e-24
3.4149600e+02	2.7478200e-24
3.4227000e+02	2.7487800e-24
3.4304600e+02	2.7497700e-24
3.4382300e+02	2.7508000e-24
3.4460200e+02	2.7518600e-24
3.4538400e+02	2.7529600e-24
3.4616600e+02	2.7540900e-24
3.4695100e+02	2.7552600e-24
3.4773700e+02	2.7564600e-24
3.4852600e+02	2.7576900e-24
3.4931600e+02	2.7589700e-24
3.5010700e+02	2.7602700e-24
3.5090100e+02	2.7616100e-24
3.5169600e+02	2.7629900e-24
3.5249300e+02	2.7644100e-24
3.5329200e+02	2.7658700e-24
3.5409300e+02	2.7673600e-24
3.5489600e+02	2.7688900e-24
3.5570000e+02	2.7704500e-24
3.5650700e+02	2.7720500e-24
3.5731500e+02	2.7737000e-24
3.5812500e+02	2.7753800e-24
3.5893600e+02	2.7770900e-24
3.5975000e+02	2.7788500e-24
3.6056500e+02	2.7806500e-24
3.6138300e+02	2.7824800e-24
3.6220200e+02	2.7843600e-24
3.6302300e+02	2.7862800e-24
3.6384500e+02	2.7882300e-24
3.6467000e+02	2.7902300e-24
3.6549700e+02	2.7922600e-24
3.6632500e+02	2.7943400e-24
3.6715600e+02	2.7964600e-24
3.6798800e+02	2.7986200e-24
3.6882200e+02	2.8008200e-24
3.6965800e+02	2.8030700e-24
3.7049600e+02	2.8053500e-24
3.7133600e+02	2.8076800e-24
3.7217700e+02	2.8100500e-24
3.7302100e+02	2.8124600e-24
3.7386600e+02	2.8149200e-24
3.7471400e+02	2.8174200e-24
3.7556300e+02	2.8199600e-24
3.7641400e+02	2.8225400e-24
3.7726800e+02	2.8251800e-24
3.7812300e+02	2.8278500e-24
3.7898000e+02	2.8305600e-24
3.7983900e+02	2.8333200e-24
3.8070000e+02	2.8361300e-24
3.8156300e+02	2.8389800e-24
3.8242700e+02	2.8418800e-24
3.8329400e+02	2.8448200e-24
3.8416300e+02	2.8478200e-24
3.8503400e+02	2.8508500e-24
3.8590700e+02	2.8539300e-24
3.8678100e+02	2.8570600e-24
3.8765800e+02	2.8602300e-24
3.8853700e+02	2.8634500e-24
3.8941700e+02	2.8667200e-24
3.9030000e+02	2.8700300e-24
3.9118500e+02	2.8734000e-24
3.9207100e+02	2.8768000e-24
3.9296000e+02	2.8802600e-24
3.9385100e+02	2.8837700e-24
3.9474300e+02	2.8873200e-24
3.9563800e+02	2.8909200e-24
3.9653500e+02	2.8945800e-24
3.9743400e+02	2.8982700e-24
3.9833500e+02	2.9020200e-24
3.9923800e+02	2.9058100e-24
4.0014200e+02	2.9096700e-24
4.0104900e+02	2.9135600e-24
4.0195800e+02	2.9175100e-24
4.0287000e+02	2.9215000e-24
4.0378300e+02	2.9255500e-24
4.0469800e+02	2.9296500e-24
4.0561500e+02	2.9337900e-24
4.0653500e+02	2.9379900e-24
4.0745600e+02	2.9422400e-24
4.0838000e+02	2.9465400e-24
4.0930500e+02	2.9508900e-24
4.1023300e+02	2.9552900e-24
4.1116300e+02	2.9597500e-24
4.1209500e+02	2.9642500e-24
4.1302900e+02	2.9688100e-24
4.1396500e+02	2.9734200e-24
4.1490300e+02	2.9780800e-24
4.1584400e+02	2.9828000e-24
4.1678600e+02	2.9875700e-24
4.1773100e+02	2.9923900e-24
4.1867800e+02	2.9972700e-24
4.1962700e+02	3.0021900e-24
4.2057800e+02	3.0071700e-24
4.2153100e+02	3.0122000e-24
4.2248700e+02	3.0172900e-24
4.2344500e+02	3.0224300e-24
4.2440400e+02	3.0276300e-24
4.2536600e+02	3.0328800e-24
4.2633000e+02	3.0381800e-24
4.2729700e+02	3.0435400e-24
4.2826500e+02	3.0489500e-24
4.2923600e+02	3.0544100e-24
4.3020900e+02	3.0599400e-24
4.3118400e+02	3.0655200e-24
4.3216100e+02	3.0711600e-24
4.3314100e+02	3.0768400e-24
4.3412300e+02	3.0825800e-24
4.3510700e+02	3.0883800e-24
4.3609300e+02	3.0942300e-24
4.3708200e+02	3.1001500e-24
4.3807200e+02	3.1061200e-24
4.3906500e+02	3.1121400e-24
4.4006000e+02	3.1182300e-24
4.4105800e+02	3.1243600e-24
4.4205800e+02	3.1305500e-24
4.4306000e+02	3.1368100e-24
4.4406400e+02	3.1431200e-24
4.4507000e+02	3.1494800e-24
4.4607900e+02	3.1559100e-24
4.4709000e+02	3.1624000e-24
4.4810400e+02	3.1689500e-24
4.4911900e+02	3.1755500e-24
4.5013700e+02	3.1822200e-24
4.5115800e+02	3.1889400e-24
4.5218000e+02	3.1957400e-24
4.5320500e+02	3.2025800e-24
4.5423200e+02	3.2094900e-24
4.5526200e+02	3.2164700e-24
4.5629400e+02	3.2235000e-24
4.5732800e+02	3.2306100e-24
4.5836500e+02	3.2377800e-24
4.5940400e+02	3.2450200e-24
4.6044500e+02	3.2523400e-24
4.6148900e+02	3.2597400e-24
4.6253500e+02	3.2672200e-24
4.6358300e+02	3.2747900e-24
4.6463400e+02	3.2824400e-24
4.6568700e+02	3.2902200e-24
4.6674300e+02	3.2981100e-24
4.6780100e+02	3.3061500e-24
4.6886100e+02	3.3143800e-24
4.6992400e+02	3.3228400e-24
4.7098900e+02	3.3316200e-24
4.7205600e+02	3.3408800e-24
4.7312600e+02	3.3508400e-24
4.7419900e+02	3.3620200e-24
4.7527400e+02	3.3755100e-24
4.7635100e+02	3.3940500e-24
4.7743100e+02	3.4262600e-24
4.7851300e+02	3.5133800e-24
4.7959700e+02	4.1819600e-24
4.8068400e+02	5.1863200e-24
4.8177400e+02	3.8325600e-24
4.8286600e+02	3.4919200e-24
4.8396000e+02	3.4583100e-24
4.8505700e+02	3.4520900e-24
4.8615700e+02	3.4537500e-24
4.8725900e+02	3.4586000e-24
4.8836300e+02	3.4649900e-24
4.8947000e+02	3.4722500e-24
4.9058000e+02	3.4800500e-24
4.9169200e+02	3.4882000e-24
4.9280600e+02	3.4966000e-24
4.9392300e+02	3.5052000e-24
4.9504300e+02	3.5139400e-24
4.9616500e+02	3.5228100e-24
4.9728900e+02	3.5318000e-24
4.9841700e+02	3.5408800e-24
4.9954600e+02	3.5500500e-24
5.0067900e+02	3.5593000e-24
5.0181300e+02	3.5686300e-24
5.0295100e+02	3.5780300e-24
5.0409100e+02	3.5875000e-24
5.0523400e+02	3.5970500e-24
5.0637900e+02	3.6066600e-24
5.0752600e+02	3.6163400e-24
5.0867700e+02	3.6260800e-24
5.0983000e+02	3.6358800e-24
5.1098500e+02	3.6457500e-24
5.1214400e+02	3.6556800e-24
5.1330500e+02	3.6656800e-24
5.1446800e+02	3.6757400e-24
5.1563400e+02	3.6858500e-24
5.1680300e+02	3.6960300e-24
5.1797400e+02	3.7062700e-24
5.1914800e+02	3.7165700e-24
5.2032500e+02	3.7269300e-24
5.2150400e+02	3.7373500e-24
5.2268700e+02	3.7478300e-24
5.2387100e+02	3.7583700e-24
5.2505900e+02	3.7689700e-24
5.2624900e+02	3.7796300e-24
5.2744200e+02	3.7903500e-24
5.2863700e+02	3.8011300e-24
5.2983500e+02	3.8119700e-24
5.3103600e+02	3.8228700e-24
5.3224000e+02	3.8338300e-24
5.3344600e+02	3.8448500e-24
5.3465600e+02	3.8559300e-24
5.3586700e+02	3.8670600e-24
5.3708200e+02	3.8782600e-24
5.3829900e+02	3.8895200e-24
5.3952000e+02	3.9008400e-24
5.4074200e+02	3.9122100e-24
5.4196800e+02	3.9236500e-24
5.4319700e+02	3.9351500e-24
5.4442800e+02	3.9467000e-24
5.4566200e+02	3.9583100e-24
5.4689900e+02	3.9699800e-24
5.4813800e+02	3.9817100e-24
5.4938100e+02	3.9935000e-24
5.5062600e+02	4.0053500e-24
5.5187400e+02	4.0172500e-24
5.5312500e+02	4.0292100e-24
5.5437900e+02	4.0412400e-24
5.5563500e+02	4.0533200e-24
5.5689500e+02	4.0654700e-24
5.5815700e+02	4.0776700e-24
5.5942200e+02	4.0899300e-24
5.6069000e+02	4.1022500e-24
5.6196100e+02	4.1146300e-24
5.6323500e+02	4.1270600e-24
5.6451100e+02	4.1395500e-24
5.6579100e+02	4.1521100e-24
5.6707300e+02	4.1647200e-24
5.6835900e+02	4.1773900e-24
5.6964700e+02	4.1901200e-24
5.7093800e+02	4.2029000e-24
5.7223200e+02	4.2157500e-24
5.7352900e+02	4.2286600e-24
5.7482900e+02	4.2416200e-24
5.7613200e+02	4.2546400e-24
5.7743800e+02	4.2677200e-24
5.7874700e+02	4.2808500e-24
5.8005900e+02	4.2940500e-24
5.8137400e+02	4.3073100e-24
5.8269100e+02	4.3206200e-24
5.8401200e+02	4.3340000e-24
5.8533600e+02	4.3474200e-24
5.8666300e+02	4.3609100e-24
5.8799200e+02	4.3744500e-24
5.8932500e+02	4.3880500e-24
5.9066100e+02	4.4017200e-24
5.9200000e+02	4.4154400e-24
5.9334200e+02	4.4292200e-24
5.9468700e+02	4.4430500e-24
5.9603400e+02	4.4569400e-24
5.9738500e+02	4.4708900e-24
5.9874000e+02	4.4849000e-24
6.0009700e+02	4.4989600e-24
6.0145700e+02	4.5130900e-24
6.0282000e+02	4.5272700e-24
6.0418700e+02	4.5415100e-24
6.0555600e+02	4.5558100e-24
6.0692900e+02	4.5701600e-24
6.0830400e+02	4.5845700e-24
6.0968300e+02	4.5990400e-24
6.1106500e+02	4.6135700e-24
6.1245000e+02	4.6281500e-24
6.1383800e+02	4.6428000e-24
6.1523000e+02	4.6575100e-24
6.1662400e+02	4.6722600e-24
6.1802200e+02	4.6870700e-24
6.1942300e+02	4.7019500e-24
6.2082700e+02	4.7168700e-24
6.2223400e+02	4.7318600e-24
6.2364400e+02	4.7469000e-24
6.2505800e+02	4.7620000e-24
6.2647500e+02	4.7771600e-24
6.2789500e+02	4.7923800e-24
6.2931800e+02	4.8076500e-24
6.3074400e+02	4.8229800e-24
6.3217400e+02	4.8383700e-24
6.3360700e+02	4.8538100e-24
6.3504300e+02	4.8693100e-24
6.3648200e+02	4.8848700e-24
6.3792500e+02	4.9004900e-24
6.3937100e+02	4.9161500e-24
6.4082000e+02	4.9318800e-24
6.4227300e+02	4.9476700e-24
6.4372900e+02	4.9635200e-24
6.4518800e+02	4.9794100e-24
6.4665000e+02	4.9953700e-24
6.4811600e+02	5.0113900e-24
6.4958500e+02	5.0274500e-24
6.5105700e+02	5.0435800e-24
6.5253300e+02	5.0597600e-24
6.5401200e+02	5.0760000e-24
6.5549400e+02	5.0923000e-24
6.5698000e+02	5.1086500e-24
6.5846900e+02	5.1250600e-24
6.5996200e+02	5.1415300e-24
6.6145800e+02	5.1580500e-24
6.6295700e+02	5.1746200e-24
6.6446000e+02	5.1912600e-24
6.6596600e+02	5.2079600e-24
6.6747500e+02	5.2247000e-24
6.6898800e+02	5.2415100e-24
6.7050500e+02	5.2583700e-24
6.7202400e+02	5.2752900e-24
6.7354800e+02	5.2922700e-24
6.7507400e+02	5.3092900e-24
6.7660400e+02	5.3263800e-24
6.7813800e+02	5.3435200e-24
6.7967500e+02	5.3607200e-24
6.8121600e+02	5.3779800e-24
6.8276000e+02	5.3952900e-24
6.8430700e+02	5.4126600e-24
6.8585900e+02	5.4300800e-24
6.8741300e+02	5.4475600e-24
6.8897100e+02	5.4651000e-24
6.9053300e+02	5.4827000e-24
6.9209800e+02	5.5003400e-24
6.9366700e+02	5.5180400e-24
6.9523900e+02	5.5358000e-24
6.9681500e+02	5.5536200e-24
6.9839400e+02	5.5714900e-24
6.9997700e+02	5.5894300e-24
7.0156400e+02	5.6074100e-24
7.0315400e+02	5.6254500e-24
7.0474800e+02	5.6435500e-24
7.0634500e+02	5.6617100e-24
7.0794600e+02	5.6799200e-24
7.0955100e+02	5.6981800e-24
7.1115900e+02	5.7165000e-24
7.1277100e+02	5.7348800e-24
7.1438700e+02	5.7533200e-24
7.1600600e+02	5.7718100e-24
7.1762900e+02	5.7903400e-24
7.1925600e+02	5.8089500e-24
7.2088600e+02	5.8276100e-24
7.2252000e+02	5.8463200e-24
7.2415800e+02	5.8650900e-24
7.2579900e+02	5.8839100e-24
7.2744400e+02	5.9028000e-24
7.2909300e+02	5.9217300e-24
7.3074600e+02	5.9407200e-24
7.3240200e+02	5.9597700e-24
7.3406200e+02	5.9788700e-24
7.3572600e+02	5.9980300e-24
7.3739400e+02	6.0172500e-24
7.3906500e+02	6.0365200e-24
7.4074000e+02	6.0558500e-24
7.4241900e+02	6.0752300e-24
7.4410200e+02	6.0946800e-24
7.4578900e+02	6.1141800e-24
7.4747900e+02	6.1337200e-24
7.4917300e+02	6.1533300e-24
7.5087100e+02	6.1729900e-24
7.5257300e+02	6.1927100e-24
7.5427900e+02	6.2124800e-24
7.5598900e+02	6.2323100e-24
7.5770200e+02	6.2522000e-24
7.5942000e+02	6.2721500e-24
7.6114100e+02	6.2921500e-24
7.6286600e+02	6.3122000e-24
7.6459600e+02	6.3323100e-24
7.6632900e+02	6.3524800e-24
7.6806600e+02	6.3726900e-24
7.6980700e+02	6.3929700e-24
7.7155200e+02	6.4133000e-24
7.7330000e+02	6.4337000e-24
7.7505300e+02	6.4541400e-24
7.7681000e+02	6.4746500e-24
7.7857100e+02	6.4952000e-24
7.8033500e+02	6.5158200e-24
7.8210400e+02	6.5364800e-24
7.8387700e+02	6.5572000e-24
7.8565400e+02	6.5779800e-24
7.8743400e+02	6.5988200e-24
7.8921900e+02	6.6197200e-24
7.9100800e+02	6.6406600e-24
7.9280100e+02	6.6616600e-24
7.9459800e+02	6.6827200e-24
7.9639900e+02	6.7038500e-24
7.9820400e+02	6.7250200e-24
8.0001400e+02	6.7462400e-24
8.0182700e+02	6.7675300e-24
8.0364400e+02	6.7888800e-24
8.0546600e+02	6.8102600e-24
8.0729200e+02	6.8317200e-24
8.0912200e+02	6.8532400e-24
8.1095600e+02	6.8748000e-24
8.1279400e+02	6.8964200e-24
8.1463600e+02	6.9180900e-24
8.1648200e+02	6.9398300e-24
8.1833300e+02	6.9616100e-24
8.2018800e+02	6.9834600e-24
8.2204700e+02	7.0053700e-24
8.2391000e+02	7.0273200e-24
8.2577800e+02	7.0493500e-24
8.2765000e+02	7.0714200e-24
8.2952600e+02	7.0935400e-24
8.3140600e+02	7.1157300e-24
8.3329000e+02	7.1379800e-24
8.3517900e+02	7.1602600e-24
8.3707200e+02	7.1826200e-24
8.3897000e+02	7.2050300e-24
8.4087100e+02	7.2275000e-24
8.4277700e+02	7.2500200e-24
8.4468700e+02	7.2726100e-24
8.4660200e+02	7.2952400e-24
8.4852100e+02	7.3179400e-24
8.5044400e+02	7.3406900e-24
8.5237200e+02	7.3634900e-24
8.5430400e+02	7.3863600e-24
8.5624000e+02	7.4092700e-24
8.5818100e+02	7.4322600e-24
8.6012600e+02	7.4552900e-24
8.6207600e+02	7.4783700e-24
8.6403000e+02	7.5015200e-24
8.6598800e+02	7.5247300e-24
8.6795100e+02	7.5479900e-24
8.6991900e+02	7.5713200e-24
8.7189000e+02	7.5946900e-24
8.7386700e+02	7.6181200e-24
8.7584700e+02	7.6416100e-24
8.7783300e+02	7.6651600e-24
8.7982200e+02	7.6887700e-24
8.8181700e+02	7.7124300e-24
8.8381500e+02	7.7361400e-24
8.8581900e+02	7.7599200e-24
8.8782600e+02	7.7837600e-24
8.8983900e+02	7.8076400e-24
8.9185600e+02	7.8316000e-24
8.9387700e+02	7.8556000e-24
8.9590300e+02	7.8796600e-24
8.9793400e+02	7.9037800e-24
8.9996900e+02	7.9279600e-24
9.0200900e+02	7.9522000e-24
9.0405400e+02	7.9765000e-24
9.0610300e+02	8.0008400e-24
9.0815700e+02	8.0252600e-24
9.1021500e+02	8.0497300e-24
9.1227800e+02	8.0742500e-24
9.1434600e+02	8.0988300e-24
9.1641900e+02	8.1234800e-24
9.1849600e+02	8.1481700e-24
9.2057800e+02	8.1729300e-24
9.2266400e+02	8.1977500e-24
9.2475600e+02	8.2226300e-24
9.2685200e+02	8.2475600e-24
9.2895300e+02	8.2725500e-24
9.3105800e+02	8.2975900e-24
9.3316900e+02	8.3227100e-24
9.3528400e+02	8.3478700e-24
9.3740400e+02	8.3731100e-24
9.3952900e+02	8.3983900e-24
9.4165800e+02	8.4237300e-24
9.4379300e+02	8.4491500e-24
9.4593200e+02	8.4746100e-24
9.4807600e+02	8.5001600e-24
9.5022500e+02	8.5257600e-24
9.5237900e+02	8.5514600e-24
9.5453700e+02	8.5773000e-24
9.5670100e+02	8.6035200e-24
9.5887000e+02	8.6330100e-24
9.6104300e+02	8.6775700e-24
9.6322100e+02	8.6865100e-24
9.6540500e+02	8.7069700e-24
9.6759300e+02	8.7326400e-24
9.6978600e+02	8.7586300e-24
9.7198400e+02	8.7847400e-24
9.7418700e+02	8.8109300e-24
9.7639500e+02	8.8372100e-24
9.7860900e+02	8.8635400e-24
9.8082700e+02	8.8899400e-24
9.8305000e+02	8.9164000e-24
9.8527800e+02	8.9429300e-24
9.8751100e+02	8.9695000e-24
9.8975000e+02	8.9961500e-24
9.9199300e+02	9.0228500e-24
9.9424200e+02	9.0496100e-24
9.9649500e+02	9.0764300e-24
9.9875400e+02	9.1033200e-24
1.0010200e+03	9.1302700e-24
1.0032900e+03	9.1572700e-24
1.0055600e+03	9.1843500e-24
1.0078400e+03	9.2114800e-24
1.0101200e+03	9.2386100e-24
1.0124100e+03	9.2659200e-24
1.0147100e+03	9.2932000e-24
1.0170100e+03	9.3205500e-24
1.0193100e+03	9.3480100e-24
1.0216200e+03	9.3755200e-24
1.0239400e+03	9.4030300e-24
1.0262600e+03	9.4306300e-24
1.0285900e+03	9.4583500e-24
1.0309200e+03	9.4861200e-24
1.0332600e+03	9.5138900e-24
1.0356000e+03	9.5417500e-24
1.0379400e+03	9.5696500e-24
1.0403000e+03	9.5976400e-24
1.0426600e+03	9.6256800e-24
1.0450200e+03	9.6538000e-24
1.0473900e+03	9.6819700e-24
1.0497600e+03	9.7101500e-24
1.0521400e+03	9.7384200e-24
1.0545300e+03	9.7668000e-24
1.0569200e+03	9.7952400e-24
1.0593100e+03	9.8236800e-24
1.0617100e+03	9.8522200e-24
1.0641200e+03	9.8808000e-24
1.0665300e+03	9.9094700e-24
1.0689500e+03	9.9381900e-24
1.0713700e+03	9.9669900e-24
1.0738000e+03	9.9958800e-24
1.0762300e+03	1.0024800e-23
1.0786700e+03	1.0053800e-23
1.0811200e+03	1.0082800e-23
1.0835700e+03	1.0111900e-23
1.0860200e+03	1.0141100e-23
1.0884900e+03	1.0170300e-23
1.0909500e+03	1.0199600e-23
1.0934300e+03	1.0228900e-23
1.0959000e+03	1.0258400e-23
1.0983900e+03	1.0287900e-23
1.1008800e+03	1.0317500e-23
1.1033700e+03	1.0347000e-23
1.1058700e+03	1.0376700e-23
1.1083800e+03	1.0406400e-23
1.1108900e+03	1.0436300e-23
1.1134100e+03	1.0466100e-23
1.1159400e+03	1.0496000e-23
1.1184600e+03	1.0526000e-23
1.1210000e+03	1.0556100e-23
1.1235400e+03	1.0586200e-23
1.1260900e+03	1.0616400e-23
1.1286400e+03	1.0646700e-23
1.1312000e+03	1.0677000e-23
1.1337600e+03	1.0707400e-23
1.1363300e+03	1.0737900e-23
1.1389100e+03	1.0768400e-23
1.1414900e+03	1.0799000e-23
1.1440800e+03	1.0829600e-23
1.1466700e+03	1.0860300e-23
1.1492700e+03	1.0891100e-23
1.1518700e+03	1.0921900e-23
1.1544800e+03	1.0952800e-23
1.1571000e+03	1.0983800e-23
1.1597200e+03	1.1014900e-23
1.1623500e+03	1.1046000e-23
1.1649900e+03	1.1077200e-23
1.1676300e+03	1.1108400e-23
1.1702700e+03	1.1139700e-23
1.1729300e+03	1.1171000e-23
1.1755900e+03	1.1202500e-23
1.1782500e+03	1.1234000e-23
1.1809200e+03	1.1265600e-23
1.1836000e+03	1.1297200e-23
1.1862800e+03	1.1328900e-23
1.1889700e+03	1.1360700e-23
1.1916600e+03	1.1392600e-23
1.1943700e+03	1.1424500e-23
1.1970700e+03	1.1456500e-23
1.1997900e+03	1.1488500e-23
1.2025100e+03	1.1520600e-23
1.2052300e+03	1.1552800e-23
1.2079600e+03	1.1585000e-23
1.2107000e+03	1.1617300e-23
1.2134500e+03	1.1649800e-23
1.2162000e+03	1.1682200e-23
1.2189500e+03	1.1714700e-23
1.2217200e+03	1.1747300e-23
1.2244800e+03	1.1780000e-23
1.2272600e+03	1.1812700e-23
1.2300400e+03	1.1845500e-23
1.2328300e+03	1.1878400e-23
1.2356200e+03	1.1911300e-23
1.2384300e+03	1.1944400e-23
1.2412300e+03	1.1977500e-23
1.2440500e+03	1.2010600e-23
1.2468700e+03	1.2043800e-23
1.2496900e+03	1.2077100e-23
1.2525200e+03	1.2110400e-23
1.2553600e+03	1.2143800e-23
1.2582100e+03	1.2177400e-23
1.2610600e+03	1.2210900e-23
1.2639200e+03	1.2244500e-23
1.2667800e+03	1.2278300e-23
1.2696600e+03	1.2312100e-23
1.2725300e+03	1.2345900e-23
1.2754200e+03	1.2379900e-23
1.2783100e+03	1.2413800e-23
1.2812100e+03	1.2447900e-23
1.2841100e+03	1.2482000e-23
1.2870200e+03	1.2516200e-23
1.2899400e+03	1.2550600e-23
1.2928600e+03	1.2584900e-23
1.2957900e+03	1.2619300e-23
1.2987300e+03	1.2653800e-23
1.3016700e+03	1.2688300e-23
1.3046200e+03	1.2723000e-23
1.3075800e+03	1.2757700e-23
1.3105400e+03	1.2792400e-23
1.3135100e+03	1.2827300e-23
1.3164900e+03	1.2862300e-23
1.3194800e+03	1.2897300e-23
1.3224700e+03	1.2932400e-23
1.3254600e+03	1.2967400e-23
1.3284700e+03	1.3002700e-23
1.3314800e+03	1.3038000e-23
1.3345000e+03	1.3073400e-23
1.3375200e+03	1.3108800e-23
1.3405500e+03	1.3144300e-23
1.3435900e+03	1.3179900e-23
1.3466400e+03	1.3215600e-23
1.3496900e+03	1.3251400e-23
1.3527500e+03	1.3287200e-23
1.3558200e+03	1.3323100e-23
1.3588900e+03	1.3359100e-23
1.3619700e+03	1.3395100e-23
1.3650600e+03	1.3431200e-23
1.3681500e+03	1.3467400e-23
1.3712500e+03	1.3503700e-23
1.3743600e+03	1.3540000e-23
1.3774800e+03	1.3576500e-23
1.3806000e+03	1.3613000e-23
1.3837300e+03	1.3649500e-23
1.3868600e+03	1.3686100e-23
1.3900100e+03	1.3722900e-23
1.3931600e+03	1.3759700e-23
1.3963200e+03	1.3796600e-23
1.3994800e+03	1.3833500e-23
1.4026500e+03	1.3870600e-23
1.4058300e+03	1.3907700e-23
1.4090200e+03	1.3944800e-23
1.4122100e+03	1.3982100e-23
1.4154100e+03	1.4019500e-23
1.4186200e+03	1.4056900e-23
1.4218400e+03	1.4094300e-23
1.4250600e+03	1.4131900e-23
1.4282900e+03	1.4169600e-23
1.4315300e+03	1.4207400e-23
1.4347700e+03	1.4245100e-23
1.4380200e+03	1.4284300e-23
1.4412800e+03	1.4325700e-23
1.4445500e+03	1.4359200e-23
1.4478200e+03	1.4397300e-23
1.4511100e+03	1.4435500e-23
1.4544000e+03	1.4473700e-23
1.4576900e+03	1.4512000e-23
1.4610000e+03	1.4550500e-23
1.4643100e+03	1.4589000e-23
1.4676300e+03	1.4627600e-23
1.4709500e+03	1.4666300e-23
1.4742900e+03	1.4705100e-23
1.4776300e+03	1.4743900e-23
1.4809800e+03	1.4782800e-23
1.4843400e+03	1.4821800e-23
1.4877000e+03	1.4861000e-23
1.4910700e+03	1.4900200e-23
1.4944500e+03	1.4939400e-23
1.4978400e+03	1.4978800e-23
1.5012300e+03	1.5018200e-23
1.5046400e+03	1.5057700e-23
1.5080500e+03	1.5097300e-23
1.5114700e+03	1.5136900e-23
1.5148900e+03	1.5176700e-23
1.5183300e+03	1.5216500e-23
1.5217700e+03	1.5256400e-23
1.5252200e+03	1.5296400e-23
1.5286700e+03	1.5336400e-23
1.5321400e+03	1.5376600e-23
1.5356100e+03	1.5416900e-23
1.5390900e+03	1.5457200e-23
1.5425800e+03	1.5497600e-23
1.5460800e+03	1.5538100e-23
1.5495800e+03	1.5578800e-23
1.5530900e+03	1.5619400e-23
1.5566100e+03	1.5660200e-23
1.5601400e+03	1.5700900e-23
1.5636800e+03	1.5741900e-23
1.5672200e+03	1.5783000e-23
1.5707700e+03	1.5824000e-23
1.5743400e+03	1.5865200e-23
1.5779000e+03	1.5906500e-23
1.5814800e+03	1.5947800e-23
1.5850600e+03	1.5989300e-23
1.5886600e+03	1.6030800e-23
1.5922600e+03	1.6072400e-23
1.5958700e+03	1.6114200e-23
1.5994800e+03	1.6156000e-23
1.6031100e+03	1.6197800e-23
1.6067400e+03	1.6239700e-23
1.6103900e+03	1.6281800e-23
1.6140400e+03	1.6324000e-23
1.6176900e+03	1.6366100e-23
1.6213600e+03	1.6408400e-23
1.6250400e+03	1.6450900e-23
1.6287200e+03	1.6493300e-23
1.6324100e+03	1.6535900e-23
1.6361100e+03	1.6578600e-23
1.6398200e+03	1.6621400e-23
1.6435400e+03	1.6664200e-23
1.6472600e+03	1.6707100e-23
1.6510000e+03	1.6750200e-23
1.6547400e+03	1.6793300e-23
1.6584900e+03	1.6836600e-23
1.6622500e+03	1.6879700e-23
1.6660200e+03	1.6923100e-23
1.6697900e+03	1.6966600e-23
1.6735800e+03	1.7010300e-23
1.6773700e+03	1.7053900e-23
1.6811700e+03	1.7097600e-23
1.6849800e+03	1.7141500e-23
1.6888000e+03	1.7185500e-23
1.6926300e+03	1.7229400e-23
1.6964700e+03	1.7273500e-23
1.7003100e+03	1.7317700e-23
1.7041700e+03	1.7362100e-23
1.7080300e+03	1.7406500e-23
1.7119000e+03	1.7450900e-23
1.7157800e+03	1.7495600e-23
1.7196700e+03	1.7540300e-23
1.7235700e+03	1.7584900e-23
1.7274700e+03	1.7629900e-23
1.7313900e+03	1.7674800e-23
1.7353100e+03	1.7719800e-23
1.7392500e+03	1.7765000e-23
1.7431900e+03	1.7810200e-23
1.7471400e+03	1.7855500e-23
1.7511000e+03	1.7901000e-23
1.7550700e+03	1.7946500e-23
1.7590500e+03	1.7992100e-23
1.7630400e+03	1.8037900e-23
1.7670300e+03	1.8083700e-23
1.7710400e+03	1.8129700e-23
1.7750500e+03	1.8175600e-23
1.7790700e+03	1.8221700e-23
1.7831100e+03	1.8267900e-23
1.7871500e+03	1.8314200e-23
1.7912000e+03	1.8360600e-23
1.7952600e+03	1.8407100e-23
1.7993300e+03	1.8453600e-23
1.8034100e+03	1.8500300e-23
1.8074900e+03	1.8547100e-23
1.8115900e+03	1.8594000e-23
1.8157000e+03	1.8641000e-23
1.8198100e+03	1.8688100e-23
1.8239400e+03	1.8735200e-23
1.8280700e+03	1.8782500e-23
1.8322200e+03	1.8829800e-23
1.8363700e+03	1.8877400e-23
1.8405300e+03	1.8925000e-23
1.8447000e+03	1.8972600e-23
1.8488800e+03	1.9020400e-23
1.8530800e+03	1.9068200e-23
1.8572800e+03	1.9116300e-23
1.8614900e+03	1.9164300e-23
1.8657000e+03	1.9212400e-23
1.8699300e+03	1.9260800e-23
1.8741700e+03	1.9309200e-23
1.8784200e+03	1.9357600e-23
1.8826800e+03	1.9406200e-23
1.8869500e+03	1.9454900e-23
1.8912200e+03	1.9503800e-23
1.8955100e+03	1.9552700e-23
1.8998100e+03	1.9601700e-23
1.9041100e+03	1.9650700e-23
1.9084300e+03	1.9699800e-23
1.9127500e+03	1.9749300e-23
1.9170900e+03	1.9798700e-23
1.9214300e+03	1.9848500e-23
1.9257900e+03	1.9897900e-23
1.9301500e+03	1.9947500e-23
1.9345300e+03	1.9997300e-23
1.9389100e+03	2.0047200e-23
1.9433100e+03	2.0097300e-23
1.9477100e+03	2.0147500e-23
1.9521300e+03	2.0197700e-23
1.9565500e+03	2.0248000e-23
1.9609900e+03	2.0298600e-23
1.9654300e+03	2.0349100e-23
1.9698900e+03	2.0399700e-23
1.9743500e+03	2.0450600e-23
1.9788300e+03	2.0501400e-23
1.9833100e+03	2.0552400e-23
1.9878100e+03	2.0603500e-23
1.9923100e+03	2.0654800e-23
1.9968300e+03	2.0706100e-23
2.0013600e+03	2.0757600e-23
2.0058900e+03	2.0809000e-23
2.0104400e+03	2.0860700e-23
2.0150000e+03	2.0912500e-23
2.0195600e+03	2.0964400e-23
2.0241400e+03	2.1016300e-23
2.0287300e+03	2.1068400e-23
2.0333300e+03	2.1120600e-23
2.0379400e+03	2.1173000e-23
2.0425600e+03	2.1225400e-23
2.0471900e+03	2.1277900e-23
2.0518300e+03	2.1330600e-23
2.0564800e+03	2.1383300e-23
2.0611400e+03	2.1436100e-23
2.0658100e+03	2.1489100e-23
2.0704900e+03	2.1542200e-23
2.0751900e+03	2.1595400e-23
2.0798900e+03	2.1648700e-23
2.0846000e+03	2.1702200e-23
2.0893300e+03	2.1755700e-23
2.0940600e+03	2.1809400e-23
2.0988100e+03	2.1863100e-23
2.1035700e+03	2.1917000e-23
2.1083400e+03	2.1971000e-23
2.1131200e+03	2.2025100e-23
2.1179000e+03	2.2079300e-23
2.1227100e+03	2.2133700e-23
2.1275200e+03	2.2188200e-23
2.1323400e+03	2.2242700e-23
2.1371700e+03	2.2297400e-23
2.1420200e+03	2.2352200e-23
2.1468700e+03	2.2407200e-23
2.1517400e+03	2.2462200e-23
2.1566200e+03	2.2517400e-23
2.1615000e+03	2.2572700e-23
2.1664000e+03	2.2628100e-23
2.1713100e+03	2.2683600e-23
2.1762300e+03	2.2739200e-23
2.1811700e+03	2.2794900e-23
2.1861100e+03	2.2850800e-23
2.1910700e+03	2.2906800e-23
2.1960300e+03	2.2962900e-23
2.2010100e+03	2.3019100e-23
2.2060000e+03	2.3075400e-23
2.2110000e+03	2.3131900e-23
2.2160100e+03	2.3188600e-23
2.2210300e+03	2.3245300e-23
2.2260700e+03	2.3302000e-23
2.2311100e+03	2.3359000e-23
2.2361700e+03	2.3416000e-23
2.2412400e+03	2.3473200e-23
2.2463200e+03	2.3530600e-23
2.2514100e+03	2.3588100e-23
2.2565100e+03	2.3645600e-23
2.2616300e+03	2.3703300e-23
2.2667600e+03	2.3761100e-23
2.2718900e+03	2.3819000e-23
2.2770400e+03	2.3877100e-23
2.2822000e+03	2.3935200e-23
2.2873800e+03	2.3993600e-23
2.2925600e+03	2.4051900e-23
2.2977600e+03	2.4110500e-23
2.3029700e+03	2.4169200e-23
2.3081900e+03	2.4228000e-23
2.3134200e+03	2.4286900e-23
2.3186600e+03	2.4346000e-23
2.3239200e+03	2.4405200e-23
2.3291900e+03	2.4464500e-23
2.3344600e+03	2.4523900e-23
2.3397600e+03	2.4583500e-23
2.3450600e+03	2.4643200e-23
2.3503800e+03	2.4703000e-23
2.3557000e+03	2.4763000e-23
2.3610400e+03	2.4823000e-23
2.3663900e+03	2.4883200e-23
2.3717600e+03	2.4943500e-23
2.3771300e+03	2.5004000e-23
2.3825200e+03	2.5064600e-23
2.3879200e+03	2.5125400e-23
2.3933300e+03	2.5186200e-23
2.3987600e+03	2.5326200e-23
2.4042000e+03	2.5421000e-23
2.4096500e+03	2.5369500e-23
2.4151100e+03	2.5430800e-23
2.4205800e+03	2.5492300e-23
2.4260700e+03	2.5554000e-23
2.4315700e+03	2.5615800e-23
2.4370800e+03	2.5677600e-23
2.4426000e+03	2.5739700e-23
2.4481400e+03	2.5801800e-23
2.4536900e+03	2.5864200e-23
2.4592500e+03	2.5926600e-23
2.4648200e+03	2.5989200e-23
2.4704100e+03	2.6051900e-23
2.4760100e+03	2.6114800e-23
2.4816200e+03	2.6177700e-23
2.4872500e+03	2.6240900e-23
2.4928900e+03	2.6304100e-23
2.4985400e+03	2.6367500e-23
2.5042000e+03	2.6431000e-23
2.5098800e+03	2.6494700e-23
2.5155600e+03	2.6558500e-23
2.5212700e+03	2.6622400e-23
2.5269800e+03	2.6686500e-23
2.5327100e+03	2.6750700e-23
2.5384500e+03	2.6815000e-23
2.5442000e+03	2.6879500e-23
2.5499700e+03	2.6944200e-23
2.5557500e+03	2.7008900e-23
2.5615400e+03	2.7073800e-23
2.5673500e+03	2.7138800e-23
2.5731700e+03	2.7204000e-23
2.5790000e+03	2.7269300e-23
2.5848500e+03	2.7334800e-23
2.5907100e+03	2.7400400e-23
2.5965800e+03	2.7466200e-23
2.6024600e+03	2.7532100e-23
2.6083600e+03	2.7598100e-23
2.6142700e+03	2.7664300e-23
2.6202000e+03	2.7730600e-23
2.6261400e+03	2.7797000e-23
2.6320900e+03	2.7863600e-23
2.6380600e+03	2.7930400e-23
2.6440400e+03	2.7997300e-23
2.6500300e+03	2.8064300e-23
2.6560400e+03	2.8131500e-23
2.6620600e+03	2.8198800e-23
2.6680900e+03	2.8266300e-23
2.6741400e+03	2.8334000e-23
2.6802000e+03	2.8401700e-23
2.6862800e+03	2.8469600e-23
2.6923600e+03	2.8537800e-23
2.6984700e+03	2.8606000e-23
2.7045800e+03	2.8674300e-23
2.7107100e+03	2.8742800e-23
2.7168600e+03	2.8811400e-23
2.7230200e+03	2.8880200e-23
2.7291900e+03	2.8949200e-23
2.7353700e+03	2.9018300e-23
2.7415700e+03	2.9087600e-23
2.7477900e+03	2.9157000e-23
2.7540200e+03	2.9226400e-23
2.7602600e+03	2.9296100e-23
2.7665200e+03	2.9366000e-23
2.7727900e+03	2.9436000e-23
2.7790700e+03	2.9506200e-23
2.7853700e+03	2.9576500e-23
2.7916800e+03	2.9647000e-23
2.7980100e+03	2.9717500e-23
2.8043500e+03	2.9788300e-23
2.8107100e+03	2.9859300e-23
2.8170800e+03	2.9930300e-23
2.8234700e+03	3.0001600e-23
2.8298700e+03	3.0073000e-23
2.8362800e+03	3.0144500e-23
2.8427100e+03	3.0216100e-23
2.8491500e+03	3.0288000e-23
2.8556100e+03	3.0360000e-23
2.8620800e+03	3.0432200e-23
2.8685700e+03	3.0504600e-23
2.8750700e+03	3.0577000e-23
2.8815900e+03	3.0649700e-23
2.8881200e+03	3.0722500e-23
2.8946700e+03	3.0795400e-23
2.9012300e+03	3.0868500e-23
2.9078000e+03	3.0941700e-23
2.9144000e+03	3.1015200e-23
2.9210000e+03	3.1088800e-23
2.9276200e+03	3.1162500e-23
2.9342600e+03	3.1236400e-23
2.9409100e+03	3.1310500e-23
2.9475700e+03	3.1384700e-23
2.9542600e+03	3.1459200e-23
2.9609500e+03	3.1533700e-23
2.9676600e+03	3.1608400e-23
2.9743900e+03	3.1683200e-23
2.9811300e+03	3.1758200e-23
2.9878900e+03	3.1833500e-23
2.9946600e+03	3.1908900e-23
3.0014500e+03	3.1984400e-23
3.0082500e+03	3.2060100e-23
3.0150700e+03	3.2136000e-23
3.0219100e+03	3.2212000e-23
3.0287600e+03	3.2288200e-23
3.0356200e+03	3.2364500e-23
3.0425000e+03	3.2441100e-23
3.0494000e+03	3.2517800e-23
3.0563100e+03	3.2594600e-23
3.0632400e+03	3.2671700e-23
3.0701800e+03	3.2748900e-23
3.0771400e+03	3.2826200e-23
3.0841100e+03	3.2903700e-23
3.0911000e+03	3.2981500e-23
3.0981100e+03	3.3059400e-23
3.1051300e+03	3.3137400e-23
3.1121700e+03	3.3215600e-23
3.1192300e+03	3.3294000e-23
3.1263000e+03	3.3372600e-23
3.1333800e+03	3.3451200e-23
3.1404800e+03	3.3530200e-23
3.1476000e+03	3.3609300e-23
3.1547400e+03	3.3688500e-23
3.1618900e+03	3.3768000e-23
3.1690500e+03	3.3847600e-23
3.1762400e+03	3.3927300e-23
3.1834400e+03	3.4007300e-23
3.1906500e+03	3.4087400e-23
3.1978900e+03	3.4167600e-23
3.2051300e+03	3.4248200e-23
3.2124000e+03	3.4328800e-23
3.2196800e+03	3.4409600e-23
3.2269800e+03	3.4490600e-23
3.2342900e+03	3.4571900e-23
3.2416200e+03	3.4653200e-23
3.2489700e+03	3.4734800e-23
3.2563300e+03	3.4816400e-23
3.2637200e+03	3.4898400e-23
3.2711100e+03	3.4980400e-23
3.2785300e+03	3.5062600e-23
3.2859600e+03	3.5145000e-23
3.2934100e+03	3.5227800e-23
3.3008700e+03	3.5310500e-23
3.3083500e+03	3.5393500e-23
3.3158500e+03	3.5476600e-23
3.3233700e+03	3.5560000e-23
3.3309000e+03	3.5643500e-23
3.3384500e+03	3.5727200e-23
3.3460200e+03	3.5811100e-23
3.3536000e+03	3.5895200e-23
3.3612000e+03	3.5979500e-23
3.3688200e+03	3.6063800e-23
3.3764600e+03	3.6148600e-23
3.3841100e+03	3.6233400e-23
3.3917800e+03	3.6318300e-23
3.3994700e+03	3.6403500e-23
3.4071800e+03	3.6488800e-23
3.4149000e+03	3.6574400e-23
3.4226400e+03	3.6660200e-23
3.4304000e+03	3.6746200e-23
3.4381700e+03	3.6832300e-23
3.4459700e+03	3.6918600e-23
3.4537800e+03	3.7005100e-23
3.4616100e+03	3.7091800e-23
3.4694500e+03	3.7178600e-23
3.4773200e+03	3.7265800e-23
3.4852000e+03	3.7353100e-23
3.4931000e+03	3.7440600e-23
3.5010100e+03	3.7528200e-23
3.5089500e+03	3.7616100e-23
3.5169000e+03	3.7704100e-23
3.5248800e+03	3.7792200e-23
3.5328600e+03	3.7880700e-23
3.5408700e+03	3.7969300e-23
3.5489000e+03	3.8058200e-23
3.5569400e+03	3.8147200e-23
3.5650000e+03	3.8236500e-23
3.5730900e+03	3.8325800e-23
3.5811800e+03	3.8415400e-23
3.5893000e+03	3.8505200e-23
3.5974400e+03	3.8595200e-23
3.6055900e+03	3.8685400e-23
3.6137600e+03	3.8775800e-23
3.6219600e+03	3.8866400e-23
3.6301600e+03	3.8957200e-23
3.6383900e+03	3.9048300e-23
3.6466400e+03	3.9139400e-23
3.6549100e+03	3.9230800e-23
3.6631900e+03	3.9322400e-23
3.6714900e+03	3.9414100e-23
3.6798200e+03	3.9506200e-23
3.6881600e+03	3.9598400e-23
3.6965200e+03	3.9690800e-23
3.7048900e+03	3.9783500e-23
3.7132900e+03	3.9876300e-23
3.7217100e+03	3.9969300e-23
3.7301400e+03	4.0062500e-23
3.7386000e+03	4.0155900e-23
3.7470700e+03	4.0249500e-23
3.7555700e+03	4.0343500e-23
3.7640800e+03	4.0437500e-23
3.7726100e+03	4.0531800e-23
3.7811600e+03	4.0626300e-23
3.7897300e+03	4.0720900e-23
3.7983200e+03	4.0815800e-23
3.8069300e+03	4.0910900e-23
3.8155600e+03	4.1006200e-23
3.8242100e+03	4.1101800e-23
3.8328800e+03	4.1197400e-23
3.8415700e+03	4.1293400e-23
3.8502700e+03	4.1389600e-23
3.8590000e+03	4.1485900e-23
3.8677500e+03	4.1582500e-23
3.8765100e+03	4.1679300e-23
3.8853000e+03	4.1776300e-23
3.8941100e+03	4.1873500e-23
3.9029300e+03	4.1971000e-23
3.9117800e+03	4.2068600e-23
3.9206500e+03	4.2166400e-23
3.9295300e+03	4.2264500e-23
3.9384400e+03	4.2362800e-23
3.9473700e+03	4.2461400e-23
3.9563200e+03	4.2560100e-23
3.9652800e+03	4.2659100e-23
3.9742700e+03	4.2758300e-23
3.9832800e+03	4.2857700e-23
3.9923100e+03	4.2957300e-23
4.0013600e+03	4.3057100e-23
4.0104300e+03	4.3157200e-23
4.0195200e+03	4.3257500e-23
4.0286300e+03	4.3358000e-23
4.0377600e+03	4.3458700e-23
4.0469100e+03	4.3559600e-23
4.0560800e+03	4.3660800e-23
4.0652800e+03	4.3762200e-23
4.0744900e+03	4.3863800e-23
4.0837300e+03	4.3965700e-23
4.0929800e+03	4.4067700e-23
4.1022600e+03	4.4170000e-23
4.1115600e+03	4.4272500e-23
4.1208800e+03	4.4375300e-23
4.1302200e+03	4.4478300e-23
4.1395800e+03	4.4581500e-23
4.1489600e+03	4.4684900e-23
4.1583700e+03	4.4788600e-23
4.1677900e+03	4.4892400e-23
4.1772400e+03	4.4996600e-23
4.1867100e+03	4.5100900e-23
4.1962000e+03	4.5205500e-23
4.2057100e+03	4.5310300e-23
4.2152400e+03	4.5415400e-23
4.2248000e+03	4.5520700e-23
4.2343700e+03	4.5626100e-23
4.2439700e+03	4.5731900e-23
4.2535900e+03	4.5837900e-23
4.2632300e+03	4.5944100e-23
4.2729000e+03	4.6050600e-23
4.2825800e+03	4.6157400e-23
4.2922900e+03	4.6264200e-23
4.3020200e+03	4.6371400e-23
4.3117700e+03	4.6478800e-23
4.3215400e+03	4.6586400e-23
4.3313400e+03	4.6694300e-23
4.3411500e+03	4.6802400e-23
4.3509900e+03	4.6910800e-23
4.3608600e+03	4.7019400e-23
4.3707400e+03	4.7128300e-23
4.3806500e+03	4.7237400e-23
4.3905800e+03	4.7346700e-23
4.4005300e+03	4.7456300e-23
4.4105000e+03	4.7566100e-23
4.4205000e+03	4.7676200e-23
4.4305200e+03	4.7786500e-23
4.4405600e+03	4.7897000e-23
4.4506300e+03	4.8007800e-23
4.4607200e+03	4.8118900e-23
4.4708300e+03	4.8230100e-23
4.4809600e+03	4.8341600e-23
4.4911200e+03	4.8453400e-23
4.5013000e+03	4.8565500e-23
4.5115000e+03	4.8677800e-23
4.5217300e+03	4.8790300e-23
4.5319700e+03	4.8903100e-23
4.5422500e+03	4.9016100e-23
4.5525400e+03	4.9129400e-23
4.5628600e+03	4.9243000e-23
4.5732000e+03	4.9356800e-23
4.5835700e+03	4.9470800e-23
4.5939600e+03	4.9585100e-23
4.6043700e+03	4.9699700e-23
4.6148100e+03	4.9814500e-23
4.6252700e+03	4.9929500e-23
4.6357500e+03	5.0044800e-23
4.6462600e+03	5.0160400e-23
4.6567900e+03	5.0276300e-23
4.6673500e+03	5.0392300e-23
4.6779300e+03	5.0508700e-23
4.6885300e+03	5.0625300e-23
4.6991600e+03	5.0742100e-23
4.7098100e+03	5.0859200e-23
4.7204800e+03	5.0976600e-23
4.7311800e+03	5.1094300e-23
4.7419100e+03	5.1212200e-23
4.7526600e+03	5.1330400e-23
4.7634300e+03	5.1448800e-23
4.7742200e+03	5.1567500e-23
4.7850500e+03	5.1686500e-23
4.7958900e+03	5.1805700e-23
4.8067600e+03	5.1925300e-23
4.8176600e+03	5.2045000e-23
4.8285800e+03	5.2165000e-23
4.8395200e+03	5.2285400e-23
4.8504900e+03	5.2406000e-23
4.8614900e+03	5.2526800e-23
4.8725100e+03	5.2647900e-23
4.8835500e+03	5.2769200e-23
4.8946200e+03	5.2890900e-23
4.9057100e+03	5.3012800e-23
4.9168300e+03	5.3135100e-23
4.9279800e+03	5.3257500e-23
4.9391500e+03	5.3380200e-23
4.9503400e+03	5.3503200e-23
4.9615600e+03	5.3626400e-23
4.9728100e+03	5.3750000e-23
4.9840800e+03	5.3873900e-23
4.9953800e+03	5.3998000e-23
5.0067000e+03	5.4122300e-23
5.0180500e+03	5.4247100e-23
5.0294200e+03	5.4372000e-23
5.0408200e+03	5.4497200e-23
5.0522500e+03	5.4622700e-23
5.0637000e+03	5.4748500e-23
5.0751800e+03	5.4874600e-23
5.0866800e+03	5.5000900e-23
5.0982100e+03	5.5127500e-23
5.1097700e+03	5.5254400e-23
5.1213500e+03	5.5381600e-23
5.1329600e+03	5.5509100e-23
5.1445900e+03	5.5636800e-23
5.1562500e+03	5.5765000e-23
5.1679400e+03	5.5893300e-23
5.1796500e+03	5.6021900e-23
5.1914000e+03	5.6150800e-23
5.2031600e+03	5.6280000e-23
5.2149600e+03	5.6409400e-23
5.2267800e+03	5.6539200e-23
5.2386200e+03	5.6669200e-23
5.2505000e+03	5.6799600e-23
5.2624000e+03	5.6930200e-23
5.2743300e+03	5.7061300e-23
5.2862800e+03	5.7192500e-23
5.2982600e+03	5.7323900e-23
5.3102700e+03	5.7455700e-23
5.3223100e+03	5.7587900e-23
5.3343700e+03	5.7720300e-23
5.3464600e+03	5.7853000e-23
5.3585800e+03	5.7986000e-23
5.3707300e+03	5.8119300e-23
5.3829000e+03	5.8252900e-23
5.3951000e+03	5.8386800e-23
5.4073300e+03	5.8521100e-23
5.4195900e+03	5.8655500e-23
5.4318700e+03	5.8790300e-23
5.4441900e+03	5.8925400e-23
5.4565300e+03	5.9060800e-23
5.4688900e+03	5.9196500e-23
5.4812900e+03	5.9332500e-23
5.4937100e+03	5.9468700e-23
5.5061700e+03	5.9605400e-23
5.5186500e+03	5.9742300e-23
5.5311600e+03	5.9879500e-23
5.5436900e+03	6.0017100e-23
5.5562600e+03	6.0155000e-23
5.5688500e+03	6.0293100e-23
5.5814700e+03	6.0431600e-23
5.5941300e+03	6.0570300e-23
5.6068100e+03	6.0709400e-23
5.6195100e+03	6.0848800e-23
5.6322500e+03	6.0988500e-23
5.6450200e+03	6.1128500e-23
5.6578100e+03	6.1268800e-23
5.6706400e+03	6.1409500e-23
5.6834900e+03	6.1550400e-23
5.6963700e+03	6.1691800e-23
5.7092800e+03	6.1833300e-23
5.7222300e+03	6.1975200e-23
5.7352000e+03	6.2117400e-23
5.7482000e+03	6.2259900e-23
5.7612300e+03	6.2402900e-23
5.7742800e+03	6.2546000e-23
5.7873700e+03	6.2689500e-23
5.8004900e+03	6.2833300e-23
5.8136400e+03	6.2977400e-23
5.8268100e+03	6.3122000e-23
5.8400200e+03	6.3266800e-23
5.8532600e+03	6.3411800e-23
5.8665300e+03	6.3557300e-23
5.8798200e+03	6.3703100e-23
5.8931500e+03	6.3849200e-23
5.9065100e+03	6.3995600e-23
5.9199000e+03	6.4142400e-23
5.9333200e+03	6.4289400e-23
5.9467600e+03	6.4436900e-23
5.9602400e+03	6.4584500e-23
5.9737500e+03	6.4732700e-23
5.9872900e+03	6.4881100e-23
6.0008600e+03	6.5029800e-23
6.0144700e+03	6.5178900e-23
6.0281000e+03	6.5328200e-23
6.0417600e+03	6.5478000e-23
6.0554600e+03	6.5628100e-23
6.0691800e+03	6.5778400e-23
6.0829400e+03	6.5929300e-23
6.0967300e+03	6.6080300e-23
6.1105500e+03	6.6231700e-23
6.1244000e+03	6.6383500e-23
6.1382800e+03	6.6535700e-23
6.1521900e+03	6.6688100e-23
6.1661400e+03	6.6841000e-23
6.1801100e+03	6.6994100e-23
6.1941200e+03	6.7147500e-23
6.2081600e+03	6.7301400e-23
6.2222300e+03	6.7455500e-23
6.2363400e+03	6.7610000e-23
6.2504700e+03	6.7764900e-23
6.2646400e+03	6.7920100e-23
6.2788400e+03	6.8075700e-23
6.2930700e+03	6.8231500e-23
6.3073400e+03	6.8387900e-23
6.3216300e+03	6.8544400e-23
6.3359600e+03	6.8701400e-23
6.3503200e+03	6.8858600e-23
6.3647200e+03	6.9016300e-23
6.3791400e+03	6.9174300e-23
6.3936000e+03	6.9332600e-23
6.4080900e+03	6.9491400e-23
6.4226200e+03	6.9650500e-23
6.4371800e+03	6.9809800e-23
6.4517700e+03	6.9969700e-23
6.4663900e+03	7.0129900e-23
6.4810500e+03	7.0290400e-23
6.4957400e+03	7.0451200e-23
6.5104600e+03	7.0612400e-23
6.5252200e+03	7.0774000e-23
6.5400100e+03	7.0936100e-23
6.5548300e+03	7.1098400e-23
6.5696900e+03	7.1261100e-23
6.5845800e+03	7.1424100e-23
6.5995100e+03	7.1587500e-23
6.6144700e+03	7.1751400e-23
6.6294600e+03	7.1915600e-23
6.6444800e+03	7.2080000e-23
6.6595500e+03	7.2244800e-23
6.6746400e+03	7.2410100e-23
6.6897700e+03	7.2575800e-23
6.7049300e+03	7.2741800e-23
6.7201300e+03	7.2908200e-23
6.7353600e+03	7.3074900e-23
6.7506300e+03	7.3242100e-23
6.7659300e+03	7.3409600e-23
6.7812700e+03	7.3577500e-23
6.7966400e+03	7.3745700e-23
6.8120400e+03	7.3914400e-23
6.8274800e+03	7.4083400e-23
6.8429600e+03	7.4252800e-23
6.8584700e+03	7.4422500e-23
6.8740100e+03	7.4592700e-23
6.8896000e+03	7.4763200e-23
6.9052100e+03	7.4934200e-23
6.9208600e+03	7.5105500e-23
6.9365500e+03	7.5277200e-23
6.9522700e+03	7.5449200e-23
6.9680300e+03	7.5621700e-23
6.9838300e+03	7.5794500e-23
6.9996600e+03	7.5967800e-23
7.0155200e+03	7.6141400e-23
7.0314200e+03	7.6315400e-23
7.0473600e+03	7.6489900e-23
7.0633300e+03	7.6664700e-23
7.0793400e+03	7.6839900e-23
7.0953900e+03	7.7015500e-23
7.1114700e+03	7.7191500e-23
7.1275900e+03	7.7367900e-23
7.1437500e+03	7.7544700e-23
7.1599400e+03	7.7721800e-23
7.1761700e+03	7.7899400e-23
7.1924400e+03	7.8077400e-23
7.2087400e+03	7.8255700e-23
7.2250800e+03	7.8434500e-23
7.2414500e+03	7.8613700e-23
7.2578700e+03	7.8793200e-23
7.2743200e+03	7.8973200e-23
7.2908100e+03	7.9153600e-23
7.3073300e+03	7.9334400e-23
7.3239000e+03	7.9515600e-23
7.3405000e+03	7.9697200e-23
7.3571400e+03	7.9879200e-23
7.3738100e+03	8.0061700e-23
7.3905300e+03	8.0244500e-23
7.4072800e+03	8.0427700e-23
7.4240700e+03	8.0611400e-23
7.4408900e+03	8.0795500e-23
7.4577600e+03	8.0980000e-23
7.4746600e+03	8.1164900e-23
7.4916100e+03	8.1350200e-23
7.5085900e+03	8.1536000e-23
7.5256100e+03	8.1722100e-23
7.5426600e+03	8.1908700e-23
7.5597600e+03	8.2095700e-23
7.5769000e+03	8.2283100e-23
7.5940700e+03	8.2470900e-23
7.6112800e+03	8.2659100e-23
7.6285400e+03	8.2847800e-23
7.6458300e+03	8.3037000e-23
7.6631600e+03	8.3226500e-23
7.6805300e+03	8.3416400e-23
7.6979400e+03	8.3606800e-23
7.7153800e+03	8.3797700e-23
7.7328700e+03	8.3989000e-23
7.7504000e+03	8.4180700e-23
7.7679700e+03	8.4372700e-23
7.7855700e+03	8.4565200e-23
7.8032200e+03	8.4758200e-23
7.8209100e+03	8.4951600e-23
7.8386400e+03	8.5145500e-23
7.8564000e+03	8.5339800e-23
7.8742100e+03	8.5534400e-23
7.8920600e+03	8.5729600e-23
7.9099500e+03	8.5925300e-23
7.9278800e+03	8.6121300e-23
7.9458500e+03	8.6317800e-23
7.9638600e+03	8.6514700e-23
7.9819100e+03	8.6712100e-23
8.0000000e+03	8.6909800e-23
