1.0000000e+01	5.1291800e-21
1.0023100e+01	5.0821800e-21
1.0046200e+01	5.0356100e-21
1.0069300e+01	4.9894700e-21
1.0092600e+01	4.9437500e-21
1.0115800e+01	4.8984600e-21
1.0139200e+01	4.8535800e-21
1.0162500e+01	4.8091200e-21
1.0186000e+01	4.7650600e-21
1.0209500e+01	4.7214100e-21
1.0233000e+01	4.6781600e-21
1.0256600e+01	4.6353100e-21
1.0280300e+01	4.5928500e-21
1.0304000e+01	4.5507800e-21
1.0327700e+01	4.5091000e-21
1.0351500e+01	4.4678000e-21
1.0375400e+01	4.4268900e-21
1.0399300e+01	4.3863400e-21
1.0423300e+01	4.3461800e-21
1.0447400e+01	4.3063800e-21
1.0471400e+01	4.2669400e-21
1.0495600e+01	4.2278700e-21
1.0519800e+01	4.1891600e-21
1.0544100e+01	4.1508000e-21
1.0568400e+01	4.1128000e-21
1.0592700e+01	4.0751400e-21
1.0617200e+01	4.0378300e-21
1.0641700e+01	4.0008700e-21
1.0666200e+01	3.9642400e-21
1.0690800e+01	3.9279500e-21
1.0715400e+01	3.8920000e-21
1.0740100e+01	3.8563700e-21
1.0764900e+01	3.8210700e-21
1.0789700e+01	3.7861000e-21
1.0814600e+01	3.7514500e-21
1.0839600e+01	3.7171100e-21
1.0864600e+01	3.6830900e-21
1.0889600e+01	3.6493900e-21
1.0914700e+01	3.6159900e-21
1.0939900e+01	3.5829000e-21
1.0965100e+01	3.5501100e-21
1.0990400e+01	3.5176300e-21
1.1015700e+01	3.4854400e-21
1.1041200e+01	3.4535500e-21
1.1066600e+01	3.4219500e-21
1.1092100e+01	3.3906500e-21
1.1117700e+01	3.3596300e-21
1.1143300e+01	3.3288900e-21
1.1169000e+01	3.2984400e-21
1.1194800e+01	3.2682600e-21
1.1220600e+01	3.2383700e-21
1.1246500e+01	3.2087500e-21
1.1272400e+01	3.1794000e-21
1.1298400e+01	3.1503200e-21
1.1324500e+01	3.1215100e-21
1.1350600e+01	3.0929600e-21
1.1376800e+01	3.0646700e-21
1.1403000e+01	3.0366500e-21
1.1429300e+01	3.0088800e-21
1.1455600e+01	2.9813600e-21
1.1482100e+01	2.9541000e-21
1.1508500e+01	2.9270900e-21
1.1535100e+01	2.9003300e-21
1.1561700e+01	2.8738100e-21
1.1588300e+01	2.8475400e-21
1.1615100e+01	2.8215100e-21
1.1641800e+01	2.7957100e-21
1.1668700e+01	2.7701600e-21
1.1695600e+01	2.7448400e-21
1.1722600e+01	2.7197500e-21
1.1749600e+01	2.6948900e-21
1.1776700e+01	2.6702600e-21
1.1803900e+01	2.6458500e-21
1.1831100e+01	2.6216700e-21
1.1858400e+01	2.5977200e-21
1.1885700e+01	2.5739800e-21
1.1913100e+01	2.5504600e-21
1.1940600e+01	2.5271500e-21
1.1968100e+01	2.5040600e-21
1.1995700e+01	2.4811900e-21
1.2023400e+01	2.4585200e-21
1.2051100e+01	2.4360600e-21
1.2078900e+01	2.4138100e-21
1.2106800e+01	2.3917600e-21
1.2134700e+01	2.3699100e-21
1.2162700e+01	2.3482600e-21
1.2190700e+01	2.3268200e-21
1.2218800e+01	2.3055700e-21
1.2247000e+01	2.2845100e-21
1.2275200e+01	2.2636500e-21
1.2303500e+01	2.2429800e-21
1.2331900e+01	2.2225000e-21
1.2360300e+01	2.2022100e-21
1.2388800e+01	2.1821000e-21
1.2417400e+01	2.1621800e-21
1.2446100e+01	2.1424400e-21
1.2474800e+01	2.1228800e-21
1.2503500e+01	2.1035100e-21
1.2532400e+01	2.0843100e-21
1.2561300e+01	2.0652800e-21
1.2590200e+01	2.0464400e-21
1.2619300e+01	2.0277600e-21
1.2648400e+01	2.0092600e-21
1.2677500e+01	1.9909200e-21
1.2706800e+01	1.9727600e-21
1.2736100e+01	1.9547600e-21
1.2765400e+01	1.9369200e-21
1.2794900e+01	1.9192600e-21
1.2824400e+01	1.9017500e-21
1.2853900e+01	1.8844000e-21
1.2883600e+01	1.8672200e-21
1.2913300e+01	1.8501900e-21
1.2943100e+01	1.8333100e-21
1.2972900e+01	1.8166000e-21
1.3002800e+01	1.8000300e-21
1.3032800e+01	1.7836200e-21
1.3062900e+01	1.7673600e-21
1.3093000e+01	1.7512500e-21
1.3123200e+01	1.7352900e-21
1.3153400e+01	1.7194700e-21
1.3183800e+01	1.7038000e-21
1.3214200e+01	1.6882700e-21
1.3244700e+01	1.6728900e-21
1.3275200e+01	1.6576400e-21
1.3305800e+01	1.6425400e-21
1.3336500e+01	1.6275800e-21
1.3367200e+01	1.6127500e-21
1.3398100e+01	1.5980600e-21
1.3429000e+01	1.5835100e-21
1.3459900e+01	1.5690900e-21
1.3491000e+01	1.5548000e-21
1.3522100e+01	1.5406400e-21
1.3553300e+01	1.5266200e-21
1.3584500e+01	1.5127200e-21
1.3615800e+01	1.4989500e-21
1.3647200e+01	1.4853100e-21
1.3678700e+01	1.4717900e-21
1.3710300e+01	1.4584000e-21
1.3741900e+01	1.4451300e-21
1.3773600e+01	1.4319800e-21
1.3805300e+01	1.4189600e-21
1.3837200e+01	1.4060500e-21
1.3869100e+01	1.3932700e-21
1.3901100e+01	1.3806000e-21
1.3933100e+01	1.3680500e-21
1.3965200e+01	1.3556100e-21
1.3997400e+01	1.3432900e-21
1.4029700e+01	1.3310800e-21
1.4062100e+01	1.3189900e-21
1.4094500e+01	1.3070000e-21
1.4127000e+01	1.2951300e-21
1.4159600e+01	1.2833700e-21
1.4192200e+01	1.2717200e-21
1.4225000e+01	1.2601700e-21
1.4257800e+01	1.2487400e-21
1.4290600e+01	1.2374000e-21
1.4323600e+01	1.2261800e-21
1.4356600e+01	1.2150500e-21
1.4389700e+01	1.2040300e-21
1.4422900e+01	1.1931200e-21
1.4456200e+01	1.1823000e-21
1.4489500e+01	1.1715900e-21
1.4522900e+01	1.1609700e-21
1.4556400e+01	1.1504600e-21
1.4590000e+01	1.1400400e-21
1.4623600e+01	1.1297200e-21
1.4657300e+01	1.1195000e-21
1.4691100e+01	1.1093700e-21
1.4725000e+01	1.0993400e-21
1.4759000e+01	1.0894000e-21
1.4793000e+01	1.0795600e-21
1.4827100e+01	1.0698100e-21
1.4861300e+01	1.0601500e-21
1.4895600e+01	1.0505800e-21
1.4929900e+01	1.0411100e-21
1.4964400e+01	1.0317200e-21
1.4998900e+01	1.0224300e-21
1.5033500e+01	1.0132300e-21
1.5068100e+01	1.0041100e-21
1.5102900e+01	9.9508400e-22
1.5137700e+01	9.8614600e-22
1.5172600e+01	9.7729600e-22
1.5207600e+01	9.6853400e-22
1.5242700e+01	9.5985900e-22
1.5277800e+01	9.5127100e-22
1.5313100e+01	9.4277000e-22
1.5348400e+01	9.3435700e-22
1.5383800e+01	9.2603100e-22
1.5419200e+01	9.1779300e-22
1.5454800e+01	9.0964200e-22
1.5490400e+01	9.0158000e-22
1.5526100e+01	8.9360700e-22
1.5561900e+01	8.8572400e-22
1.5597800e+01	8.7793300e-22
1.5633800e+01	8.7023400e-22
1.5669900e+01	8.6262900e-22
1.5706000e+01	8.5512100e-22
1.5742200e+01	8.4771200e-22
1.5778500e+01	8.4040600e-22
1.5814900e+01	8.3320700e-22
1.5851400e+01	8.2611900e-22
1.5887900e+01	8.1914900e-22
1.5924600e+01	8.1230300e-22
1.5961300e+01	8.0559300e-22
1.5998100e+01	7.9902700e-22
1.6035000e+01	7.9262100e-22
1.6072000e+01	7.8639300e-22
1.6109000e+01	7.8036600e-22
1.6146200e+01	7.7456700e-22
1.6183400e+01	7.6903600e-22
1.6220700e+01	7.6382000e-22
1.6258100e+01	7.5898700e-22
1.6295600e+01	7.5462400e-22
1.6333200e+01	7.5085400e-22
1.6370900e+01	7.4784900e-22
1.6408600e+01	7.4585700e-22
1.6446400e+01	7.4524300e-22
1.6484400e+01	7.4656900e-22
1.6522400e+01	7.5072500e-22
1.6560500e+01	7.5919400e-22
1.6598700e+01	7.7458000e-22
1.6636900e+01	8.0179600e-22
1.6675300e+01	8.5096500e-22
1.6713800e+01	9.4569200e-22
1.6752300e+01	1.1522000e-21
1.6790900e+01	1.7314400e-21
1.6829700e+01	5.4626600e-21
1.6868500e+01	3.8779700e-21
1.6907400e+01	1.5435000e-21
1.6946400e+01	1.0643200e-21
1.6985400e+01	8.7649400e-22
1.7024600e+01	7.8208100e-22
1.7063900e+01	7.2697200e-22
1.7103200e+01	6.9118400e-22
1.7142700e+01	6.6594900e-22
1.7182200e+01	6.4695100e-22
1.7221800e+01	6.3186800e-22
1.7261500e+01	6.1937000e-22
1.7301300e+01	6.0864900e-22
1.7341200e+01	5.9919400e-22
1.7381200e+01	5.9066800e-22
1.7421300e+01	5.8284300e-22
1.7461500e+01	5.7556000e-22
1.7501700e+01	5.6870300e-22
1.7542100e+01	5.6219100e-22
1.7582500e+01	5.5596000e-22
1.7623100e+01	5.4996500e-22
1.7663700e+01	5.4416900e-22
1.7704500e+01	5.3854300e-22
1.7745300e+01	5.3306700e-22
1.7786200e+01	5.2772200e-22
1.7827200e+01	5.2249300e-22
1.7868300e+01	5.1737000e-22
1.7909500e+01	5.1234300e-22
1.7950800e+01	5.0740300e-22
1.7992200e+01	5.0254500e-22
1.8033700e+01	4.9776200e-22
1.8075300e+01	4.9305000e-22
1.8117000e+01	4.8840500e-22
1.8158800e+01	4.8382300e-22
1.8200600e+01	4.7930100e-22
1.8242600e+01	4.7483700e-22
1.8284700e+01	4.7042700e-22
1.8326800e+01	4.6607100e-22
1.8369100e+01	4.6176600e-22
1.8411500e+01	4.5751000e-22
1.8453900e+01	4.5330200e-22
1.8496500e+01	4.4914200e-22
1.8539100e+01	4.4502600e-22
1.8581900e+01	4.4095500e-22
1.8624700e+01	4.3692700e-22
1.8667700e+01	4.3294200e-22
1.8710700e+01	4.2899800e-22
1.8753900e+01	4.2509500e-22
1.8797100e+01	4.2123100e-22
1.8840500e+01	4.1740700e-22
1.8883900e+01	4.1362200e-22
1.8927500e+01	4.0987400e-22
1.8971100e+01	4.0616300e-22
1.9014900e+01	4.0249000e-22
1.9058700e+01	3.9885200e-22
1.9102700e+01	3.9525000e-22
1.9146700e+01	3.9168300e-22
1.9190900e+01	3.8815100e-22
1.9235100e+01	3.8465300e-22
1.9279500e+01	3.8118900e-22
1.9323900e+01	3.7775800e-22
1.9368500e+01	3.7436000e-22
1.9413200e+01	3.7099500e-22
1.9457900e+01	3.6766100e-22
1.9502800e+01	3.6436000e-22
1.9547800e+01	3.6109000e-22
1.9592800e+01	3.5785000e-22
1.9638000e+01	3.5464200e-22
1.9683300e+01	3.5146400e-22
1.9728700e+01	3.4831600e-22
1.9774200e+01	3.4519700e-22
1.9819800e+01	3.4210800e-22
1.9865500e+01	3.3904800e-22
1.9911300e+01	3.3601700e-22
1.9957200e+01	3.3301400e-22
2.0003200e+01	3.3003900e-22
2.0049400e+01	3.2709200e-22
2.0095600e+01	3.2417200e-22
2.0141900e+01	3.2128000e-22
2.0188400e+01	3.1841500e-22
2.0234900e+01	3.1557700e-22
2.0281600e+01	3.1276400e-22
2.0328400e+01	3.0997900e-22
2.0375300e+01	3.0721900e-22
2.0422200e+01	3.0448400e-22
2.0469300e+01	3.0177600e-22
2.0516500e+01	2.9909200e-22
2.0563800e+01	2.9643300e-22
2.0611300e+01	2.9379900e-22
2.0658800e+01	2.9118900e-22
2.0706400e+01	2.8860400e-22
2.0754200e+01	2.8604200e-22
2.0802000e+01	2.8350500e-22
2.0850000e+01	2.8099000e-22
2.0898100e+01	2.7849900e-22
2.0946300e+01	2.7603100e-22
2.0994600e+01	2.7358600e-22
2.1043000e+01	2.7116300e-22
2.1091500e+01	2.6876300e-22
2.1140200e+01	2.6638500e-22
2.1188900e+01	2.6402900e-22
2.1237800e+01	2.6169500e-22
2.1286800e+01	2.5938200e-22
2.1335800e+01	2.5709100e-22
2.1385000e+01	2.5482100e-22
2.1434400e+01	2.5257100e-22
2.1483800e+01	2.5034300e-22
2.1533300e+01	2.4813500e-22
2.1583000e+01	2.4594700e-22
2.1632700e+01	2.4378000e-22
2.1682600e+01	2.4163200e-22
2.1732600e+01	2.3950400e-22
2.1782800e+01	2.3739600e-22
2.1833000e+01	2.3530800e-22
2.1883300e+01	2.3323800e-22
2.1933800e+01	2.3118800e-22
2.1984400e+01	2.2915600e-22
2.2035100e+01	2.2714300e-22
2.2085900e+01	2.2514900e-22
2.2136800e+01	2.2317300e-22
2.2187900e+01	2.2121500e-22
2.2239000e+01	2.1927600e-22
2.2290300e+01	2.1735400e-22
2.2341700e+01	2.1545000e-22
2.2393200e+01	2.1356300e-22
2.2444900e+01	2.1169300e-22
2.2496600e+01	2.0984100e-22
2.2548500e+01	2.0800600e-22
2.2600500e+01	2.0618800e-22
2.2652600e+01	2.0438600e-22
2.2704900e+01	2.0260100e-22
2.2757200e+01	2.0083300e-22
2.2809700e+01	1.9908000e-22
2.2862300e+01	1.9734400e-22
2.2915000e+01	1.9562400e-22
2.2967900e+01	1.9392000e-22
2.3020800e+01	1.9223100e-22
2.3073900e+01	1.9055700e-22
2.3127100e+01	1.8890000e-22
2.3180400e+01	1.8725700e-22
2.3233900e+01	1.8562900e-22
2.3287500e+01	1.8401700e-22
2.3341200e+01	1.8241900e-22
2.3395000e+01	1.8083600e-22
2.3448900e+01	1.7926700e-22
2.3503000e+01	1.7771300e-22
2.3557200e+01	1.7617300e-22
2.3611500e+01	1.7464700e-22
2.3666000e+01	1.7313500e-22
2.3720600e+01	1.7163700e-22
2.3775300e+01	1.7015300e-22
2.3830100e+01	1.6868200e-22
2.3885000e+01	1.6722500e-22
2.3940100e+01	1.6578100e-22
2.3995300e+01	1.6435100e-22
2.4050700e+01	1.6293400e-22
2.4106100e+01	1.6152900e-22
2.4161700e+01	1.6013800e-22
2.4217400e+01	1.5875900e-22
2.4273300e+01	1.5739300e-22
2.4329200e+01	1.5604000e-22
2.4385400e+01	1.5469800e-22
2.4441600e+01	1.5337000e-22
2.4497900e+01	1.5205300e-22
2.4554400e+01	1.5074800e-22
2.4611100e+01	1.4945600e-22
2.4667800e+01	1.4817500e-22
2.4724700e+01	1.4690600e-22
2.4781700e+01	1.4564900e-22
2.4838900e+01	1.4440300e-22
2.4896100e+01	1.4316900e-22
2.4953600e+01	1.4194500e-22
2.5011100e+01	1.4073400e-22
2.5068800e+01	1.3953300e-22
2.5126600e+01	1.3834300e-22
2.5184500e+01	1.3716400e-22
2.5242600e+01	1.3599600e-22
2.5300800e+01	1.3483900e-22
2.5359200e+01	1.3369200e-22
2.5417600e+01	1.3255600e-22
2.5476200e+01	1.3143000e-22
2.5535000e+01	1.3031400e-22
2.5593900e+01	1.2920900e-22
2.5652900e+01	1.2811400e-22
2.5712100e+01	1.2702900e-22
2.5771300e+01	1.2595400e-22
2.5830800e+01	1.2488800e-22
2.5890300e+01	1.2383300e-22
2.5950000e+01	1.2278700e-22
2.6009900e+01	1.2175000e-22
2.6069900e+01	1.2072300e-22
2.6130000e+01	1.1970600e-22
2.6190200e+01	1.1869800e-22
2.6250600e+01	1.1769900e-22
2.6311200e+01	1.1670900e-22
2.6371800e+01	1.1572800e-22
2.6432600e+01	1.1475700e-22
2.6493600e+01	1.1379400e-22
2.6554700e+01	1.1284000e-22
2.6615900e+01	1.1189500e-22
2.6677300e+01	1.1095800e-22
2.6738800e+01	1.1003000e-22
2.6800500e+01	1.0911000e-22
2.6862300e+01	1.0819900e-22
2.6924200e+01	1.0729600e-22
2.6986300e+01	1.0640200e-22
2.7048600e+01	1.0551500e-22
2.7110900e+01	1.0463700e-22
2.7173400e+01	1.0376700e-22
2.7236100e+01	1.0290400e-22
2.7298900e+01	1.0205000e-22
2.7361900e+01	1.0120300e-22
2.7425000e+01	1.0036500e-22
2.7488200e+01	9.9533400e-23
2.7551600e+01	9.8709800e-23
2.7615100e+01	9.7893800e-23
2.7678800e+01	9.7085200e-23
2.7742600e+01	9.6284000e-23
2.7806600e+01	9.5490100e-23
2.7870700e+01	9.4703500e-23
2.7935000e+01	9.3924100e-23
2.7999400e+01	9.3151700e-23
2.8064000e+01	9.2386500e-23
2.8128700e+01	9.1628200e-23
2.8193600e+01	9.0876900e-23
2.8258600e+01	9.0132400e-23
2.8323700e+01	8.9394800e-23
2.8389100e+01	8.8663800e-23
2.8454500e+01	8.7939600e-23
2.8520100e+01	8.7221900e-23
2.8585900e+01	8.6510800e-23
2.8651800e+01	8.5806200e-23
2.8717900e+01	8.5108100e-23
2.8784100e+01	8.4416300e-23
2.8850500e+01	8.3730800e-23
2.8917000e+01	8.3051600e-23
2.8983700e+01	8.2378600e-23
2.9050600e+01	8.1711700e-23
2.9117500e+01	8.1050900e-23
2.9184700e+01	8.0396100e-23
2.9252000e+01	7.9747300e-23
2.9319400e+01	7.9104400e-23
2.9387100e+01	7.8467400e-23
2.9454800e+01	7.7836200e-23
2.9522700e+01	7.7210800e-23
2.9590800e+01	7.6591000e-23
2.9659100e+01	7.5977000e-23
2.9727500e+01	7.5368500e-23
2.9796000e+01	7.4765500e-23
2.9864700e+01	7.4168100e-23
2.9933600e+01	7.3576100e-23
3.0002600e+01	7.2989400e-23
3.0071800e+01	7.2408200e-23
3.0141100e+01	7.1832200e-23
3.0210600e+01	7.1261500e-23
3.0280300e+01	7.0696000e-23
3.0350100e+01	7.0135600e-23
3.0420100e+01	6.9580300e-23
3.0490300e+01	6.9030100e-23
3.0560600e+01	6.8484900e-23
3.0631100e+01	6.7944600e-23
3.0701700e+01	6.7409300e-23
3.0772500e+01	6.6878800e-23
3.0843500e+01	6.6353200e-23
3.0914600e+01	6.5832400e-23
3.0985900e+01	6.5316200e-23
3.1057300e+01	6.4804800e-23
3.1128900e+01	6.4298100e-23
3.1200700e+01	6.3795900e-23
3.1272700e+01	6.3298300e-23
3.1344800e+01	6.2805200e-23
3.1417100e+01	6.2316600e-23
3.1489500e+01	6.1832500e-23
3.1562100e+01	6.1352700e-23
3.1634900e+01	6.0877400e-23
3.1707900e+01	6.0406300e-23
3.1781000e+01	5.9939500e-23
3.1854300e+01	5.9476900e-23
3.1927700e+01	5.9018600e-23
3.2001400e+01	5.8564400e-23
3.2075200e+01	5.8114300e-23
3.2149100e+01	5.7668300e-23
3.2223300e+01	5.7226400e-23
3.2297600e+01	5.6788400e-23
3.2372000e+01	5.6354500e-23
3.2446700e+01	5.5924500e-23
3.2521500e+01	5.5498300e-23
3.2596500e+01	5.5076100e-23
3.2671700e+01	5.4657600e-23
3.2747000e+01	5.4243000e-23
3.2822500e+01	5.3832100e-23
3.2898200e+01	5.3424900e-23
3.2974100e+01	5.3021500e-23
3.3050100e+01	5.2621700e-23
3.3126300e+01	5.2225500e-23
3.3202700e+01	5.1832800e-23
3.3279300e+01	5.1443800e-23
3.3356000e+01	5.1058200e-23
3.3433000e+01	5.0676200e-23
3.3510000e+01	5.0297600e-23
3.3587300e+01	4.9922400e-23
3.3664800e+01	4.9550600e-23
3.3742400e+01	4.9182200e-23
3.3820200e+01	4.8817100e-23
3.3898200e+01	4.8455300e-23
3.3976400e+01	4.8096800e-23
3.4054700e+01	4.7741500e-23
3.4133300e+01	4.7389500e-23
3.4212000e+01	4.7040600e-23
3.4290900e+01	4.6694800e-23
3.4369900e+01	4.6352200e-23
3.4449200e+01	4.6012600e-23
3.4528600e+01	4.5676200e-23
3.4608300e+01	4.5342700e-23
3.4688100e+01	4.5012300e-23
3.4768100e+01	4.4684900e-23
3.4848200e+01	4.4360300e-23
3.4928600e+01	4.4038800e-23
3.5009100e+01	4.3720100e-23
3.5089900e+01	4.3404300e-23
3.5170800e+01	4.3091300e-23
3.5251900e+01	4.2781200e-23
3.5333200e+01	4.2473800e-23
3.5414700e+01	4.2169200e-23
3.5496300e+01	4.1867300e-23
3.5578200e+01	4.1568200e-23
3.5660200e+01	4.1271700e-23
3.5742500e+01	4.0978000e-23
3.5824900e+01	4.0686800e-23
3.5907500e+01	4.0398300e-23
3.5990300e+01	4.0112300e-23
3.6073300e+01	3.9829000e-23
3.6156500e+01	3.9548100e-23
3.6239800e+01	3.9269800e-23
3.6323400e+01	3.8994000e-23
3.6407200e+01	3.8720700e-23
3.6491100e+01	3.8449800e-23
3.6575300e+01	3.8181300e-23
3.6659600e+01	3.7915200e-23
3.6744200e+01	3.7651600e-23
3.6828900e+01	3.7390200e-23
3.6913800e+01	3.7131300e-23
3.6999000e+01	3.6874600e-23
3.7084300e+01	3.6620200e-23
3.7169800e+01	3.6368200e-23
3.7255500e+01	3.6118300e-23
3.7341400e+01	3.5870700e-23
3.7427500e+01	3.5625300e-23
3.7513800e+01	3.5382100e-23
3.7600300e+01	3.5141100e-23
3.7687000e+01	3.4902200e-23
3.7773900e+01	3.4665500e-23
3.7861100e+01	3.4430900e-23
3.7948400e+01	3.4198300e-23
3.8035900e+01	3.3967900e-23
3.8123600e+01	3.3739500e-23
3.8211500e+01	3.3513100e-23
3.8299600e+01	3.3288700e-23
3.8387900e+01	3.3066400e-23
3.8476500e+01	3.2846000e-23
3.8565200e+01	3.2627500e-23
3.8654100e+01	3.2411100e-23
3.8743300e+01	3.2196500e-23
3.8832600e+01	3.1983900e-23
3.8922100e+01	3.1773100e-23
3.9011900e+01	3.1564200e-23
3.9101900e+01	3.1357200e-23
3.9192000e+01	3.1152000e-23
3.9282400e+01	3.0948600e-23
3.9373000e+01	3.0747000e-23
3.9463800e+01	3.0547300e-23
3.9554800e+01	3.0349200e-23
3.9646000e+01	3.0153000e-23
3.9737400e+01	2.9958500e-23
3.9829100e+01	2.9765700e-23
3.9920900e+01	2.9574600e-23
4.0013000e+01	2.9385200e-23
4.0105200e+01	2.9197400e-23
4.0197700e+01	2.9011400e-23
4.0290400e+01	2.8826900e-23
4.0383300e+01	2.8644100e-23
4.0476400e+01	2.8463000e-23
4.0569800e+01	2.8283400e-23
4.0663300e+01	2.8105400e-23
4.0757100e+01	2.7929000e-23
4.0851100e+01	2.7754100e-23
4.0945300e+01	2.7580700e-23
4.1039700e+01	2.7408900e-23
4.1134400e+01	2.7238600e-23
4.1229200e+01	2.7069800e-23
4.1324300e+01	2.6902500e-23
4.1419600e+01	2.6736700e-23
4.1515100e+01	2.6572300e-23
4.1610800e+01	2.6409400e-23
4.1706800e+01	2.6247900e-23
4.1803000e+01	2.6087800e-23
4.1899400e+01	2.5929100e-23
4.1996000e+01	2.5771800e-23
4.2092800e+01	2.5615900e-23
4.2189900e+01	2.5461400e-23
4.2287200e+01	2.5308200e-23
4.2384700e+01	2.5156300e-23
4.2482400e+01	2.5005800e-23
4.2580400e+01	2.4856600e-23
4.2678600e+01	2.4708700e-23
4.2777000e+01	2.4562100e-23
4.2875700e+01	2.4416800e-23
4.2974500e+01	2.4272700e-23
4.3073600e+01	2.4129900e-23
4.3173000e+01	2.3988400e-23
4.3272500e+01	2.3848000e-23
4.3372300e+01	2.3709000e-23
4.3472300e+01	2.3571100e-23
4.3572600e+01	2.3434400e-23
4.3673000e+01	2.3298900e-23
4.3773700e+01	2.3164600e-23
4.3874700e+01	2.3031500e-23
4.3975900e+01	2.2899500e-23
4.4077300e+01	2.2768700e-23
4.4178900e+01	2.2639000e-23
4.4280800e+01	2.2510400e-23
4.4382900e+01	2.2382900e-23
4.4485300e+01	2.2256600e-23
4.4587800e+01	2.2131400e-23
4.4690700e+01	2.2007200e-23
4.4793700e+01	2.1884100e-23
4.4897000e+01	2.1762100e-23
4.5000500e+01	2.1641100e-23
4.5104300e+01	2.1521200e-23
4.5208300e+01	2.1402300e-23
4.5312600e+01	2.1284500e-23
4.5417100e+01	2.1167700e-23
4.5521800e+01	2.1051800e-23
4.5626800e+01	2.0937000e-23
4.5732000e+01	2.0823200e-23
4.5837400e+01	2.0710400e-23
4.5943100e+01	2.0598500e-23
4.6049100e+01	2.0487600e-23
4.6155300e+01	2.0377600e-23
4.6261700e+01	2.0268600e-23
4.6368400e+01	2.0160600e-23
4.6475300e+01	2.0053500e-23
4.6582500e+01	1.9947200e-23
4.6689900e+01	1.9842000e-23
4.6797600e+01	1.9737600e-23
4.6905500e+01	1.9634100e-23
4.7013700e+01	1.9531500e-23
4.7122100e+01	1.9429800e-23
4.7230700e+01	1.9328900e-23
4.7339700e+01	1.9228900e-23
4.7448800e+01	1.9129800e-23
4.7558200e+01	1.9031600e-23
4.7667900e+01	1.8934100e-23
4.7777800e+01	1.8837500e-23
4.7888000e+01	1.8741800e-23
4.7998400e+01	1.8646800e-23
4.8109100e+01	1.8552700e-23
4.8220100e+01	1.8459400e-23
4.8331300e+01	1.8366900e-23
4.8442700e+01	1.8275200e-23
4.8554400e+01	1.8184200e-23
4.8666400e+01	1.8094000e-23
4.8778600e+01	1.8004600e-23
4.8891100e+01	1.7916000e-23
4.9003800e+01	1.7828100e-23
4.9116800e+01	1.7741000e-23
4.9230100e+01	1.7654600e-23
4.9343600e+01	1.7569000e-23
4.9457400e+01	1.7484100e-23
4.9571500e+01	1.7399900e-23
4.9685800e+01	1.7316400e-23
4.9800400e+01	1.7233700e-23
4.9915200e+01	1.7151600e-23
5.0030300e+01	1.7070300e-23
5.0145700e+01	1.6989600e-23
5.0261300e+01	1.6909600e-23
5.0377200e+01	1.6830300e-23
5.0493400e+01	1.6751700e-23
5.0609800e+01	1.6673800e-23
5.0726500e+01	1.6596500e-23
5.0843500e+01	1.6519900e-23
5.0960700e+01	1.6443900e-23
5.1078300e+01	1.6368600e-23
5.1196000e+01	1.6293900e-23
5.1314100e+01	1.6219800e-23
5.1432400e+01	1.6146400e-23
5.1551000e+01	1.6073600e-23
5.1669900e+01	1.6001400e-23
5.1789100e+01	1.5929900e-23
5.1908500e+01	1.5858900e-23
5.2028200e+01	1.5788500e-23
5.2148200e+01	1.5718800e-23
5.2268400e+01	1.5649600e-23
5.2389000e+01	1.5581000e-23
5.2509800e+01	1.5513000e-23
5.2630900e+01	1.5445600e-23
5.2752200e+01	1.5378800e-23
5.2873900e+01	1.5312500e-23
5.2995800e+01	1.5246800e-23
5.3118000e+01	1.5181600e-23
5.3240500e+01	1.5117000e-23
5.3363300e+01	1.5052900e-23
5.3486300e+01	1.4989400e-23
5.3609700e+01	1.4926400e-23
5.3733300e+01	1.4864000e-23
5.3857200e+01	1.4802100e-23
5.3981400e+01	1.4740700e-23
5.4105900e+01	1.4679800e-23
5.4230600e+01	1.4619500e-23
5.4355700e+01	1.4559600e-23
5.4481000e+01	1.4500300e-23
5.4606700e+01	1.4441500e-23
5.4732600e+01	1.4383200e-23
5.4858800e+01	1.4325300e-23
5.4985300e+01	1.4268000e-23
5.5112100e+01	1.4211100e-23
5.5239200e+01	1.4154800e-23
5.5366600e+01	1.4098900e-23
5.5494300e+01	1.4043400e-23
5.5622200e+01	1.3988500e-23
5.5750500e+01	1.3934000e-23
5.5879100e+01	1.3880000e-23
5.6007900e+01	1.3826400e-23
5.6137100e+01	1.3773300e-23
5.6266500e+01	1.3720700e-23
5.6396300e+01	1.3668500e-23
5.6526300e+01	1.3616700e-23
5.6656700e+01	1.3565400e-23
5.6787300e+01	1.3514500e-23
5.6918300e+01	1.3464100e-23
5.7049500e+01	1.3414000e-23
5.7181100e+01	1.3364500e-23
5.7312900e+01	1.3315300e-23
5.7445100e+01	1.3266500e-23
5.7577600e+01	1.3218200e-23
5.7710400e+01	1.3170300e-23
5.7843400e+01	1.3122700e-23
5.7976800e+01	1.3075600e-23
5.8110500e+01	1.3028900e-23
5.8244500e+01	1.2982600e-23
5.8378800e+01	1.2936700e-23
5.8513500e+01	1.2891200e-23
5.8648400e+01	1.2846100e-23
5.8783600e+01	1.2801300e-23
5.8919200e+01	1.2757000e-23
5.9055100e+01	1.2713000e-23
5.9191200e+01	1.2669400e-23
5.9327700e+01	1.2626100e-23
5.9464500e+01	1.2583300e-23
5.9601700e+01	1.2540800e-23
5.9739100e+01	1.2498700e-23
5.9876900e+01	1.2456900e-23
6.0014900e+01	1.2415500e-23
6.0153300e+01	1.2374500e-23
6.0292100e+01	1.2333800e-23
6.0431100e+01	1.2293400e-23
6.0570400e+01	1.2253400e-23
6.0710100e+01	1.2213800e-23
6.0850100e+01	1.2174500e-23
6.0990400e+01	1.2135500e-23
6.1131100e+01	1.2096900e-23
6.1272100e+01	1.2058600e-23
6.1413300e+01	1.2020600e-23
6.1555000e+01	1.1983000e-23
6.1696900e+01	1.1945700e-23
6.1839200e+01	1.1908700e-23
6.1981800e+01	1.1872000e-23
6.2124700e+01	1.1835700e-23
6.2268000e+01	1.1799700e-23
6.2411600e+01	1.1764000e-23
6.2555500e+01	1.1728600e-23
6.2699700e+01	1.1693500e-23
6.2844300e+01	1.1658700e-23
6.2989200e+01	1.1624200e-23
6.3134500e+01	1.1590100e-23
6.3280100e+01	1.1556200e-23
6.3426000e+01	1.1522600e-23
6.3572300e+01	1.1489300e-23
6.3718900e+01	1.1456400e-23
6.3865800e+01	1.1423700e-23
6.4013100e+01	1.1391300e-23
6.4160700e+01	1.1359100e-23
6.4308700e+01	1.1327300e-23
6.4457000e+01	1.1295800e-23
6.4605600e+01	1.1264500e-23
6.4754600e+01	1.1233500e-23
6.4903900e+01	1.1202800e-23
6.5053600e+01	1.1172300e-23
6.5203600e+01	1.1142200e-23
6.5353900e+01	1.1112300e-23
6.5504600e+01	1.1082600e-23
6.5655700e+01	1.1053300e-23
6.5807100e+01	1.1024200e-23
6.5958900e+01	1.0995300e-23
6.6111000e+01	1.0966700e-23
6.6263400e+01	1.0938400e-23
6.6416200e+01	1.0910300e-23
6.6569400e+01	1.0882500e-23
6.6722900e+01	1.0855000e-23
6.6876700e+01	1.0827700e-23
6.7031000e+01	1.0800600e-23
6.7185500e+01	1.0773800e-23
6.7340500e+01	1.0747200e-23
6.7495800e+01	1.0720900e-23
6.7651400e+01	1.0694800e-23
6.7807400e+01	1.0669000e-23
6.7963800e+01	1.0643400e-23
6.8120500e+01	1.0618000e-23
6.8277600e+01	1.0592900e-23
6.8435000e+01	1.0568000e-23
6.8592800e+01	1.0543300e-23
6.8751000e+01	1.0518800e-23
6.8909600e+01	1.0494600e-23
6.9068500e+01	1.0470600e-23
6.9227700e+01	1.0446900e-23
6.9387400e+01	1.0423300e-23
6.9547400e+01	1.0400000e-23
6.9707800e+01	1.0376900e-23
6.9868500e+01	1.0354100e-23
7.0029600e+01	1.0331400e-23
7.0191100e+01	1.0308900e-23
7.0353000e+01	1.0286700e-23
7.0515200e+01	1.0264700e-23
7.0677800e+01	1.0242900e-23
7.0840800e+01	1.0221300e-23
7.1004200e+01	1.0199900e-23
7.1167900e+01	1.0178700e-23
7.1332000e+01	1.0157700e-23
7.1496500e+01	1.0136900e-23
7.1661400e+01	1.0116400e-23
7.1826600e+01	1.0096000e-23
7.1992300e+01	1.0075800e-23
7.2158300e+01	1.0055800e-23
7.2324700e+01	1.0036000e-23
7.2491400e+01	1.0016400e-23
7.2658600e+01	9.9970500e-24
7.2826200e+01	9.9778500e-24
7.2994100e+01	9.9588400e-24
7.3162400e+01	9.9400200e-24
7.3331100e+01	9.9213900e-24
7.3500200e+01	9.9029400e-24
7.3669700e+01	9.8846900e-24
7.3839600e+01	9.8666100e-24
7.4009900e+01	9.8487200e-24
7.4180600e+01	9.8310100e-24
7.4351600e+01	9.8134800e-24
7.4523100e+01	9.7961400e-24
7.4694900e+01	9.7789700e-24
7.4867200e+01	9.7619800e-24
7.5039800e+01	9.7451600e-24
7.5212900e+01	9.7285200e-24
7.5386300e+01	9.7120500e-24
7.5560100e+01	9.6957600e-24
7.5734400e+01	9.6796400e-24
7.5909000e+01	9.6636800e-24
7.6084100e+01	9.6479000e-24
7.6259500e+01	9.6322900e-24
7.6435400e+01	9.6168400e-24
7.6611600e+01	9.6015600e-24
7.6788300e+01	9.5864400e-24
7.6965400e+01	9.5714800e-24
7.7142900e+01	9.5566900e-24
7.7320800e+01	9.5420700e-24
7.7499100e+01	9.5276000e-24
7.7677800e+01	9.5132900e-24
7.7856900e+01	9.4991400e-24
7.8036400e+01	9.4851400e-24
7.8216400e+01	9.4713100e-24
7.8396800e+01	9.4576300e-24
7.8577500e+01	9.4441000e-24
7.8758700e+01	9.4307300e-24
7.8940400e+01	9.4175100e-24
7.9122400e+01	9.4044400e-24
7.9304900e+01	9.3915200e-24
7.9487700e+01	9.3787500e-24
7.9671000e+01	9.3661300e-24
7.9854800e+01	9.3536600e-24
8.0038900e+01	9.3413300e-24
8.0223500e+01	9.3291500e-24
8.0408500e+01	9.3171200e-24
8.0593900e+01	9.3052300e-24
8.0779700e+01	9.2934800e-24
8.0966000e+01	9.2818700e-24
8.1152700e+01	9.2704100e-24
8.1339900e+01	9.2590900e-24
8.1527400e+01	9.2479000e-24
8.1715400e+01	9.2368600e-24
8.1903900e+01	9.2259500e-24
8.2092700e+01	9.2151800e-24
8.2282000e+01	9.2045500e-24
8.2471800e+01	9.1940500e-24
8.2662000e+01	9.1836800e-24
8.2852600e+01	9.1734500e-24
8.3043700e+01	9.1633600e-24
8.3235200e+01	9.1533900e-24
8.3427100e+01	9.1435600e-24
8.3619500e+01	9.1338500e-24
8.3812300e+01	9.1242800e-24
8.4005600e+01	9.1148300e-24
8.4199300e+01	9.1055200e-24
8.4393500e+01	9.0963300e-24
8.4588100e+01	9.0872700e-24
8.4783100e+01	9.0783300e-24
8.4978600e+01	9.0695200e-24
8.5174600e+01	9.0608300e-24
8.5371000e+01	9.0522700e-24
8.5567900e+01	9.0438300e-24
8.5765200e+01	9.0355100e-24
8.5963000e+01	9.0273200e-24
8.6161200e+01	9.0192400e-24
8.6359900e+01	9.0112900e-24
8.6559000e+01	9.0034500e-24
8.6758600e+01	8.9957400e-24
8.6958700e+01	8.9881400e-24
8.7159200e+01	8.9806600e-24
8.7360200e+01	8.9732900e-24
8.7561700e+01	8.9660500e-24
8.7763600e+01	8.9589100e-24
8.7966000e+01	8.9519000e-24
8.8168800e+01	8.9449900e-24
8.8372200e+01	8.9382000e-24
8.8575900e+01	8.9315300e-24
8.8780200e+01	8.9249600e-24
8.8984900e+01	8.9185100e-24
8.9190100e+01	8.9121700e-24
8.9395800e+01	8.9059400e-24
8.9601900e+01	8.8998100e-24
8.9808600e+01	8.8938000e-24
9.0015700e+01	8.8879000e-24
9.0223200e+01	8.8821000e-24
9.0431300e+01	8.8764100e-24
9.0639800e+01	8.8708300e-24
9.0848900e+01	8.8653600e-24
9.1058300e+01	8.8599900e-24
9.1268300e+01	8.8547200e-24
9.1478800e+01	8.8495600e-24
9.1689700e+01	8.8445100e-24
9.1901200e+01	8.8395600e-24
9.2113100e+01	8.8347100e-24
9.2325500e+01	8.8299600e-24
9.2538400e+01	8.8253200e-24
9.2751800e+01	8.8207700e-24
9.2965700e+01	8.8163300e-24
9.3180100e+01	8.8119900e-24
9.3395000e+01	8.8077500e-24
9.3610300e+01	8.8036000e-24
9.3826200e+01	8.7995600e-24
9.4042600e+01	8.7956100e-24
9.4259400e+01	8.7917600e-24
9.4476800e+01	8.7880100e-24
9.4694600e+01	8.7843600e-24
9.4913000e+01	8.7808000e-24
9.5131900e+01	8.7773400e-24
9.5351300e+01	8.7739700e-24
9.5571100e+01	8.7707000e-24
9.5791500e+01	8.7675200e-24
9.6012400e+01	8.7644400e-24
9.6233800e+01	8.7614500e-24
9.6455700e+01	8.7585500e-24
9.6678200e+01	8.7557500e-24
9.6901100e+01	8.7530400e-24
9.7124600e+01	8.7504200e-24
9.7348500e+01	8.7478900e-24
9.7573000e+01	8.7454500e-24
9.7798000e+01	8.7431000e-24
9.8023600e+01	8.7408500e-24
9.8249600e+01	8.7386800e-24
9.8476200e+01	8.7366000e-24
9.8703200e+01	8.7346100e-24
9.8930900e+01	8.7327100e-24
9.9159000e+01	8.7308900e-24
9.9387700e+01	8.7291700e-24
9.9616800e+01	8.7275300e-24
9.9846600e+01	8.7259800e-24
1.0007700e+02	8.7245100e-24
1.0030800e+02	8.7231300e-24
1.0053900e+02	8.7218300e-24
1.0077100e+02	8.7206300e-24
1.0100300e+02	8.7195000e-24
1.0123600e+02	8.7184600e-24
1.0146900e+02	8.7175100e-24
1.0170300e+02	8.7166300e-24
1.0193800e+02	8.7158500e-24
1.0217300e+02	8.7151400e-24
1.0240900e+02	8.7145200e-24
1.0264500e+02	8.7139800e-24
1.0288200e+02	8.7135200e-24
1.0311900e+02	8.7131400e-24
1.0335700e+02	8.7128500e-24
1.0359500e+02	8.7126300e-24
1.0383400e+02	8.7125000e-24
1.0407300e+02	8.7124400e-24
1.0431300e+02	8.7124700e-24
1.0455400e+02	8.7125800e-24
1.0479500e+02	8.7127600e-24
1.0503700e+02	8.7130300e-24
1.0527900e+02	8.7133700e-24
1.0552200e+02	8.7137900e-24
1.0576500e+02	8.7142900e-24
1.0600900e+02	8.7148700e-24
1.0625300e+02	8.7155200e-24
1.0649800e+02	8.7162500e-24
1.0674400e+02	8.7170600e-24
1.0699000e+02	8.7179500e-24
1.0723700e+02	8.7189100e-24
1.0748400e+02	8.7199500e-24
1.0773200e+02	8.7210600e-24
1.0798000e+02	8.7222500e-24
1.0822900e+02	8.7235200e-24
1.0847900e+02	8.7248600e-24
1.0872900e+02	8.7262700e-24
1.0898000e+02	8.7277600e-24
1.0923100e+02	8.7293200e-24
1.0948300e+02	8.7309600e-24
1.0973500e+02	8.7326700e-24
1.0998800e+02	8.7344500e-24
1.1024200e+02	8.7363100e-24
1.1049600e+02	8.7382400e-24
1.1075100e+02	8.7402400e-24
1.1100700e+02	8.7423100e-24
1.1126200e+02	8.7444600e-24
1.1151900e+02	8.7466800e-24
1.1177600e+02	8.7489700e-24
1.1203400e+02	8.7513300e-24
1.1229200e+02	8.7537600e-24
1.1255100e+02	8.7562700e-24
1.1281100e+02	8.7588400e-24
1.1307100e+02	8.7614900e-24
1.1333200e+02	8.7642000e-24
1.1359300e+02	8.7669900e-24
1.1385500e+02	8.7698400e-24
1.1411800e+02	8.7727700e-24
1.1438100e+02	8.7757600e-24
1.1464400e+02	8.7788200e-24
1.1490900e+02	8.7819600e-24
1.1517400e+02	8.7851600e-24
1.1543900e+02	8.7884300e-24
1.1570600e+02	8.7917700e-24
1.1597200e+02	8.7951700e-24
1.1624000e+02	8.7986500e-24
1.1650800e+02	8.8021900e-24
1.1677700e+02	8.8058000e-24
1.1704600e+02	8.8094800e-24
1.1731600e+02	8.8132200e-24
1.1758600e+02	8.8170300e-24
1.1785700e+02	8.8209100e-24
1.1812900e+02	8.8248500e-24
1.1840200e+02	8.8288700e-24
1.1867500e+02	8.8329400e-24
1.1894800e+02	8.8370900e-24
1.1922300e+02	8.8413000e-24
1.1949800e+02	8.8455700e-24
1.1977300e+02	8.8499200e-24
1.2004900e+02	8.8543200e-24
1.2032600e+02	8.8588000e-24
1.2060400e+02	8.8633300e-24
1.2088200e+02	8.8679400e-24
1.2116100e+02	8.8726100e-24
1.2144000e+02	8.8773400e-24
1.2172000e+02	8.8821400e-24
1.2200100e+02	8.8870000e-24
1.2228200e+02	8.8919200e-24
1.2256400e+02	8.8969100e-24
1.2284700e+02	8.9019700e-24
1.2313000e+02	8.9070800e-24
1.2341400e+02	8.9122700e-24
1.2369800e+02	8.9175100e-24
1.2398400e+02	8.9228200e-24
1.2427000e+02	8.9281900e-24
1.2455600e+02	8.9336300e-24
1.2484300e+02	8.9391200e-24
1.2513100e+02	8.9446900e-24
1.2542000e+02	8.9503100e-24
1.2570900e+02	8.9560000e-24
1.2599900e+02	8.9617500e-24
1.2628900e+02	8.9675600e-24
1.2658100e+02	8.9734300e-24
1.2687300e+02	8.9793700e-24
1.2716500e+02	8.9853600e-24
1.2745800e+02	8.9914200e-24
1.2775200e+02	8.9975500e-24
1.2804700e+02	9.0037300e-24
1.2834200e+02	9.0099800e-24
1.2863800e+02	9.0162800e-24
1.2893500e+02	9.0226500e-24
1.2923200e+02	9.0290800e-24
1.2953000e+02	9.0355700e-24
1.2982900e+02	9.0421200e-24
1.3012800e+02	9.0487400e-24
1.3042800e+02	9.0554100e-24
1.3072900e+02	9.0621400e-24
1.3103100e+02	9.0689400e-24
1.3133300e+02	9.0758000e-24
1.3163600e+02	9.0827100e-24
1.3193900e+02	9.0896900e-24
1.3224300e+02	9.0967300e-24
1.3254800e+02	9.1038200e-24
1.3285400e+02	9.1109800e-24
1.3316000e+02	9.1182000e-24
1.3346700e+02	9.1254800e-24
1.3377500e+02	9.1328200e-24
1.3408400e+02	9.1402100e-24
1.3439300e+02	9.1476700e-24
1.3470300e+02	9.1551900e-24
1.3501300e+02	9.1627700e-24
1.3532500e+02	9.1704000e-24
1.3563700e+02	9.1781000e-24
1.3595000e+02	9.1858500e-24
1.3626300e+02	9.1936700e-24
1.3657700e+02	9.2015400e-24
1.3689200e+02	9.2094800e-24
1.3720800e+02	9.2174700e-24
1.3752400e+02	9.2255200e-24
1.3784100e+02	9.2336300e-24
1.3815900e+02	9.2418000e-24
1.3847800e+02	9.2500300e-24
1.3879700e+02	9.2583200e-24
1.3911700e+02	9.2666600e-24
1.3943800e+02	9.2750700e-24
1.3976000e+02	9.2835300e-24
1.4008200e+02	9.2920600e-24
1.4040500e+02	9.3006400e-24
1.4072900e+02	9.3092800e-24
1.4105300e+02	9.3179700e-24
1.4137900e+02	9.3267300e-24
1.4170500e+02	9.3355500e-24
1.4203100e+02	9.3444200e-24
1.4235900e+02	9.3533500e-24
1.4268700e+02	9.3623400e-24
1.4301600e+02	9.3713900e-24
1.4334600e+02	9.3805000e-24
1.4367700e+02	9.3896600e-24
1.4400800e+02	9.3988800e-24
1.4434000e+02	9.4081600e-24
1.4467300e+02	9.4175000e-24
1.4500600e+02	9.4269000e-24
1.4534100e+02	9.4363500e-24
1.4567600e+02	9.4458700e-24
1.4601200e+02	9.4554400e-24
1.4634900e+02	9.4650700e-24
1.4668600e+02	9.4747500e-24
1.4702400e+02	9.4845000e-24
1.4736300e+02	9.4943000e-24
1.4770300e+02	9.5041600e-24
1.4804400e+02	9.5140800e-24
1.4838500e+02	9.5240500e-24
1.4872700e+02	9.5340800e-24
1.4907000e+02	9.5441800e-24
1.4941400e+02	9.5543200e-24
1.4975900e+02	9.5645300e-24
1.5010400e+02	9.5747900e-24
1.5045000e+02	9.5851100e-24
1.5079700e+02	9.5954900e-24
1.5114500e+02	9.6059300e-24
1.5149300e+02	9.6164200e-24
1.5184300e+02	9.6269800e-24
1.5219300e+02	9.6375800e-24
1.5254400e+02	9.6482500e-24
1.5289600e+02	9.6589800e-24
1.5324800e+02	9.6697600e-24
1.5360100e+02	9.6806000e-24
1.5395600e+02	9.6914900e-24
1.5431100e+02	9.7024500e-24
1.5466700e+02	9.7134600e-24
1.5502300e+02	9.7245300e-24
1.5538100e+02	9.7356600e-24
1.5573900e+02	9.7468400e-24
1.5609800e+02	9.7580800e-24
1.5645800e+02	9.7693800e-24
1.5681900e+02	9.7807400e-24
1.5718100e+02	9.7921500e-24
1.5754300e+02	9.8036200e-24
1.5790600e+02	9.8151500e-24
1.5827000e+02	9.8267400e-24
1.5863500e+02	9.8383800e-24
1.5900100e+02	9.8500900e-24
1.5936800e+02	9.8618500e-24
1.5973500e+02	9.8736600e-24
1.6010400e+02	9.8855400e-24
1.6047300e+02	9.8974700e-24
1.6084300e+02	9.9094600e-24
1.6121400e+02	9.9215000e-24
1.6158600e+02	9.9336100e-24
1.6195800e+02	9.9457700e-24
1.6233200e+02	9.9579900e-24
1.6270600e+02	9.9702700e-24
1.6308100e+02	9.9826000e-24
1.6345700e+02	9.9950000e-24
1.6383400e+02	1.0007400e-23
1.6421200e+02	1.0020000e-23
1.6459100e+02	1.0032500e-23
1.6497000e+02	1.0045100e-23
1.6535100e+02	1.0057800e-23
1.6573200e+02	1.0070600e-23
1.6611400e+02	1.0083400e-23
1.6649700e+02	1.0096200e-23
1.6688100e+02	1.0109100e-23
1.6726600e+02	1.0122100e-23
1.6765200e+02	1.0135100e-23
1.6803800e+02	1.0148200e-23
1.6842600e+02	1.0161400e-23
1.6881400e+02	1.0174600e-23
1.6920400e+02	1.0187800e-23
1.6959400e+02	1.0201100e-23
1.6998500e+02	1.0214500e-23
1.7037700e+02	1.0227900e-23
1.7077000e+02	1.0241400e-23
1.7116300e+02	1.0255000e-23
1.7155800e+02	1.0268600e-23
1.7195400e+02	1.0282300e-23
1.7235000e+02	1.0296000e-23
1.7274800e+02	1.0309800e-23
1.7314600e+02	1.0323600e-23
1.7354500e+02	1.0337500e-23
1.7394600e+02	1.0351500e-23
1.7434700e+02	1.0365500e-23
1.7474900e+02	1.0379600e-23
1.7515200e+02	1.0393700e-23
1.7555600e+02	1.0407900e-23
1.7596000e+02	1.0422100e-23
1.7636600e+02	1.0436400e-23
1.7677300e+02	1.0450800e-23
1.7718100e+02	1.0465200e-23
1.7758900e+02	1.0479700e-23
1.7799900e+02	1.0494300e-23
1.7840900e+02	1.0508900e-23
1.7882100e+02	1.0523500e-23
1.7923300e+02	1.0538300e-23
1.7964600e+02	1.0553000e-23
1.8006100e+02	1.0567900e-23
1.8047600e+02	1.0582800e-23
1.8089200e+02	1.0597700e-23
1.8130900e+02	1.0612700e-23
1.8172700e+02	1.0627800e-23
1.8214600e+02	1.0643000e-23
1.8256600e+02	1.0658200e-23
1.8298700e+02	1.0673400e-23
1.8340900e+02	1.0688700e-23
1.8383200e+02	1.0704100e-23
1.8425600e+02	1.0719500e-23
1.8468100e+02	1.0735000e-23
1.8510700e+02	1.0750600e-23
1.8553400e+02	1.0766200e-23
1.8596200e+02	1.0781800e-23
1.8639000e+02	1.0797600e-23
1.8682000e+02	1.0813400e-23
1.8725100e+02	1.0829200e-23
1.8768300e+02	1.0845100e-23
1.8811600e+02	1.0861100e-23
1.8854900e+02	1.0877100e-23
1.8898400e+02	1.0893200e-23
1.8942000e+02	1.0909400e-23
1.8985700e+02	1.0925600e-23
1.9029500e+02	1.0941800e-23
1.9073300e+02	1.0958200e-23
1.9117300e+02	1.0974600e-23
1.9161400e+02	1.0991000e-23
1.9205600e+02	1.1007500e-23
1.9249900e+02	1.1024100e-23
1.9294300e+02	1.1040700e-23
1.9338800e+02	1.1057400e-23
1.9383400e+02	1.1074200e-23
1.9428100e+02	1.1091000e-23
1.9472900e+02	1.1107900e-23
1.9517800e+02	1.1124800e-23
1.9562800e+02	1.1141800e-23
1.9607900e+02	1.1158900e-23
1.9653100e+02	1.1176000e-23
1.9698400e+02	1.1193200e-23
1.9743800e+02	1.1210400e-23
1.9789400e+02	1.1227700e-23
1.9835000e+02	1.1245100e-23
1.9880800e+02	1.1262500e-23
1.9926600e+02	1.1280000e-23
1.9972500e+02	1.1297600e-23
2.0018600e+02	1.1315200e-23
2.0064800e+02	1.1332900e-23
2.0111000e+02	1.1350600e-23
2.0157400e+02	1.1368400e-23
2.0203900e+02	1.1386300e-23
2.0250500e+02	1.1404200e-23
2.0297200e+02	1.1422200e-23
2.0344000e+02	1.1440200e-23
2.0390900e+02	1.1458300e-23
2.0437900e+02	1.1476500e-23
2.0485100e+02	1.1494700e-23
2.0532300e+02	1.1513000e-23
2.0579600e+02	1.1531400e-23
2.0627100e+02	1.1549800e-23
2.0674700e+02	1.1568300e-23
2.0722300e+02	1.1586900e-23
2.0770100e+02	1.1605500e-23
2.0818000e+02	1.1624100e-23
2.0866000e+02	1.1642900e-23
2.0914100e+02	1.1661700e-23
2.0962400e+02	1.1680600e-23
2.1010700e+02	1.1699500e-23
2.1059200e+02	1.1718500e-23
2.1107700e+02	1.1737500e-23
2.1156400e+02	1.1756600e-23
2.1205200e+02	1.1775800e-23
2.1254100e+02	1.1795100e-23
2.1303100e+02	1.1814400e-23
2.1352200e+02	1.1833800e-23
2.1401500e+02	1.1853200e-23
2.1450800e+02	1.1872700e-23
2.1500300e+02	1.1892300e-23
2.1549900e+02	1.1911900e-23
2.1599600e+02	1.1931600e-23
2.1649400e+02	1.1951400e-23
2.1699300e+02	1.1971200e-23
2.1749300e+02	1.1991100e-23
2.1799500e+02	1.2011000e-23
2.1849800e+02	1.2031100e-23
2.1900100e+02	1.2051100e-23
2.1950600e+02	1.2071300e-23
2.2001300e+02	1.2091500e-23
2.2052000e+02	1.2111800e-23
2.2102800e+02	1.2132100e-23
2.2153800e+02	1.2152600e-23
2.2204900e+02	1.2173000e-23
2.2256100e+02	1.2193600e-23
2.2307400e+02	1.2214200e-23
2.2358900e+02	1.2234900e-23
2.2410400e+02	1.2255600e-23
2.2462100e+02	1.2276400e-23
2.2513900e+02	1.2297300e-23
2.2565800e+02	1.2318200e-23
2.2617900e+02	1.2339200e-23
2.2670000e+02	1.2360300e-23
2.2722300e+02	1.2381400e-23
2.2774700e+02	1.2402600e-23
2.2827200e+02	1.2423900e-23
2.2879800e+02	1.2445300e-23
2.2932600e+02	1.2466700e-23
2.2985500e+02	1.2488100e-23
2.3038500e+02	1.2509700e-23
2.3091600e+02	1.2531300e-23
2.3144900e+02	1.2553000e-23
2.3198200e+02	1.2574700e-23
2.3251700e+02	1.2596500e-23
2.3305400e+02	1.2618400e-23
2.3359100e+02	1.2640300e-23
2.3413000e+02	1.2662300e-23
2.3467000e+02	1.2684400e-23
2.3521100e+02	1.2706600e-23
2.3575300e+02	1.2728800e-23
2.3629700e+02	1.2751100e-23
2.3684200e+02	1.2773400e-23
2.3738800e+02	1.2795800e-23
2.3793500e+02	1.2818300e-23
2.3848400e+02	1.2840900e-23
2.3903400e+02	1.2863500e-23
2.3958500e+02	1.2886200e-23
2.4013800e+02	1.2909000e-23
2.4069100e+02	1.2931800e-23
2.4124600e+02	1.2954700e-23
2.4180300e+02	1.2977700e-23
2.4236000e+02	1.3000800e-23
2.4291900e+02	1.3023900e-23
2.4347900e+02	1.3047100e-23
2.4404100e+02	1.3070300e-23
2.4460400e+02	1.3093600e-23
2.4516800e+02	1.3117000e-23
2.4573300e+02	1.3140500e-23
2.4630000e+02	1.3164000e-23
2.4686800e+02	1.3187600e-23
2.4743700e+02	1.3211300e-23
2.4800700e+02	1.3235000e-23
2.4857900e+02	1.3258900e-23
2.4915300e+02	1.3282700e-23
2.4972700e+02	1.3306700e-23
2.5030300e+02	1.3330700e-23
2.5088000e+02	1.3354800e-23
2.5145900e+02	1.3379000e-23
2.5203900e+02	1.3403300e-23
2.5262000e+02	1.3427600e-23
2.5320200e+02	1.3452000e-23
2.5378600e+02	1.3476400e-23
2.5437200e+02	1.3500900e-23
2.5495800e+02	1.3525500e-23
2.5554600e+02	1.3550200e-23
2.5613500e+02	1.3575000e-23
2.5672600e+02	1.3599800e-23
2.5731800e+02	1.3624700e-23
2.5791100e+02	1.3649700e-23
2.5850600e+02	1.3674700e-23
2.5910200e+02	1.3699800e-23
2.5970000e+02	1.3725000e-23
2.6029900e+02	1.3750200e-23
2.6089900e+02	1.3775600e-23
2.6150000e+02	1.3801000e-23
2.6210300e+02	1.3826500e-23
2.6270800e+02	1.3852000e-23
2.6331400e+02	1.3877600e-23
2.6392100e+02	1.3903300e-23
2.6453000e+02	1.3929100e-23
2.6514000e+02	1.3955000e-23
2.6575100e+02	1.3980900e-23
2.6636400e+02	1.4006900e-23
2.6697800e+02	1.4032900e-23
2.6759400e+02	1.4059100e-23
2.6821100e+02	1.4085300e-23
2.6882900e+02	1.4111600e-23
2.6944900e+02	1.4138000e-23
2.7007100e+02	1.4164400e-23
2.7069300e+02	1.4190900e-23
2.7131800e+02	1.4217500e-23
2.7194300e+02	1.4244200e-23
2.7257000e+02	1.4271000e-23
2.7319900e+02	1.4297800e-23
2.7382900e+02	1.4324700e-23
2.7446000e+02	1.4351700e-23
2.7509300e+02	1.4378700e-23
2.7572800e+02	1.4405800e-23
2.7636300e+02	1.4433100e-23
2.7700100e+02	1.4460300e-23
2.7763900e+02	1.4487700e-23
2.7828000e+02	1.4515100e-23
2.7892100e+02	1.4542600e-23
2.7956500e+02	1.4570200e-23
2.8020900e+02	1.4597900e-23
2.8085500e+02	1.4625700e-23
2.8150300e+02	1.4653500e-23
2.8215200e+02	1.4681400e-23
2.8280300e+02	1.4709400e-23
2.8345500e+02	1.4737400e-23
2.8410900e+02	1.4765600e-23
2.8476400e+02	1.4793800e-23
2.8542100e+02	1.4822100e-23
2.8607900e+02	1.4850400e-23
2.8673800e+02	1.4878900e-23
2.8740000e+02	1.4907400e-23
2.8806200e+02	1.4936000e-23
2.8872700e+02	1.4964700e-23
2.8939200e+02	1.4993500e-23
2.9006000e+02	1.5022300e-23
2.9072900e+02	1.5051300e-23
2.9139900e+02	1.5080300e-23
2.9207100e+02	1.5109400e-23
2.9274500e+02	1.5138500e-23
2.9342000e+02	1.5167800e-23
2.9409600e+02	1.5197100e-23
2.9477400e+02	1.5226500e-23
2.9545400e+02	1.5256000e-23
2.9613600e+02	1.5285600e-23
2.9681800e+02	1.5315200e-23
2.9750300e+02	1.5345000e-23
2.9818900e+02	1.5374800e-23
2.9887700e+02	1.5404700e-23
2.9956600e+02	1.5434700e-23
3.0025700e+02	1.5464700e-23
3.0094900e+02	1.5494900e-23
3.0164300e+02	1.5525100e-23
3.0233900e+02	1.5555400e-23
3.0303600e+02	1.5585800e-23
3.0373500e+02	1.5616300e-23
3.0443500e+02	1.5646800e-23
3.0513700e+02	1.5677400e-23
3.0584100e+02	1.5708200e-23
3.0654600e+02	1.5739000e-23
3.0725300e+02	1.5769900e-23
3.0796100e+02	1.5800800e-23
3.0867100e+02	1.5831900e-23
3.0938300e+02	1.5863000e-23
3.1009700e+02	1.5894200e-23
3.1081200e+02	1.5925600e-23
3.1152900e+02	1.5956900e-23
3.1224700e+02	1.5988400e-23
3.1296700e+02	1.6020000e-23
3.1368900e+02	1.6051600e-23
3.1441200e+02	1.6083400e-23
3.1513700e+02	1.6115200e-23
3.1586400e+02	1.6147100e-23
3.1659200e+02	1.6179100e-23
3.1732200e+02	1.6211100e-23
3.1805400e+02	1.6243300e-23
3.1878700e+02	1.6275500e-23
3.1952300e+02	1.6307900e-23
3.2025900e+02	1.6340300e-23
3.2099800e+02	1.6372800e-23
3.2173800e+02	1.6405400e-23
3.2248000e+02	1.6438100e-23
3.2322400e+02	1.6470800e-23
3.2396900e+02	1.6503700e-23
3.2471600e+02	1.6536600e-23
3.2546500e+02	1.6569600e-23
3.2621500e+02	1.6602800e-23
3.2696800e+02	1.6636000e-23
3.2772200e+02	1.6669200e-23
3.2847700e+02	1.6702600e-23
3.2923500e+02	1.6736100e-23
3.2999400e+02	1.6769600e-23
3.3075500e+02	1.6803300e-23
3.3151800e+02	1.6837000e-23
3.3228200e+02	1.6870800e-23
3.3304900e+02	1.6904800e-23
3.3381700e+02	1.6938800e-23
3.3458600e+02	1.6972800e-23
3.3535800e+02	1.7007000e-23
3.3613100e+02	1.7041300e-23
3.3690600e+02	1.7075700e-23
3.3768300e+02	1.7110100e-23
3.3846200e+02	1.7144600e-23
3.3924200e+02	1.7179300e-23
3.4002500e+02	1.7214000e-23
3.4080900e+02	1.7248800e-23
3.4159500e+02	1.7283700e-23
3.4238200e+02	1.7318700e-23
3.4317200e+02	1.7353800e-23
3.4396300e+02	1.7389000e-23
3.4475700e+02	1.7424300e-23
3.4555200e+02	1.7459600e-23
3.4634800e+02	1.7495100e-23
3.4714700e+02	1.7530600e-23
3.4794800e+02	1.7566300e-23
3.4875000e+02	1.7602000e-23
3.4955400e+02	1.7637800e-23
3.5036000e+02	1.7673700e-23
3.5116800e+02	1.7709800e-23
3.5197800e+02	1.7745900e-23
3.5279000e+02	1.7782100e-23
3.5360300e+02	1.7818400e-23
3.5441900e+02	1.7854700e-23
3.5523600e+02	1.7891200e-23
3.5605500e+02	1.7927800e-23
3.5687600e+02	1.7964500e-23
3.5769900e+02	1.8001300e-23
3.5852400e+02	1.8038100e-23
3.5935100e+02	1.8075100e-23
3.6017900e+02	1.8112100e-23
3.6101000e+02	1.8149300e-23
3.6184200e+02	1.8186500e-23
3.6267700e+02	1.8223900e-23
3.6351300e+02	1.8261300e-23
3.6435100e+02	1.8298800e-23
3.6519200e+02	1.8336500e-23
3.6603400e+02	1.8374200e-23
3.6687800e+02	1.8412000e-23
3.6772400e+02	1.8449900e-23
3.6857200e+02	1.8488000e-23
3.6942200e+02	1.8526100e-23
3.7027400e+02	1.8564300e-23
3.7112800e+02	1.8602600e-23
3.7198300e+02	1.8641000e-23
3.7284100e+02	1.8679500e-23
3.7370100e+02	1.8718100e-23
3.7456300e+02	1.8756800e-23
3.7542600e+02	1.8795600e-23
3.7629200e+02	1.8834600e-23
3.7716000e+02	1.8873600e-23
3.7803000e+02	1.8912700e-23
3.7890100e+02	1.8951900e-23
3.7977500e+02	1.8991200e-23
3.8065100e+02	1.9030600e-23
3.8152900e+02	1.9070100e-23
3.8240800e+02	1.9109700e-23
3.8329000e+02	1.9149400e-23
3.8417400e+02	1.9189200e-23
3.8506000e+02	1.9229100e-23
3.8594800e+02	1.9269100e-23
3.8683800e+02	1.9309200e-23
3.8773000e+02	1.9349500e-23
3.8862400e+02	1.9389800e-23
3.8952000e+02	1.9430200e-23
3.9041900e+02	1.9470700e-23
3.9131900e+02	1.9511300e-23
3.9222100e+02	1.9552100e-23
3.9312600e+02	1.9592900e-23
3.9403200e+02	1.9633800e-23
3.9494100e+02	1.9674900e-23
3.9585200e+02	1.9716000e-23
3.9676500e+02	1.9757300e-23
3.9767900e+02	1.9798600e-23
3.9859700e+02	1.9840100e-23
3.9951600e+02	1.9881600e-23
4.0043700e+02	1.9923300e-23
4.0136000e+02	1.9965100e-23
4.0228600e+02	2.0006900e-23
4.0321400e+02	2.0048900e-23
4.0414300e+02	2.0091000e-23
4.0507500e+02	2.0133200e-23
4.0600900e+02	2.0175500e-23
4.0694600e+02	2.0217900e-23
4.0788400e+02	2.0260400e-23
4.0882500e+02	2.0303000e-23
4.0976700e+02	2.0345800e-23
4.1071200e+02	2.0388600e-23
4.1166000e+02	2.0431500e-23
4.1260900e+02	2.0474600e-23
4.1356000e+02	2.0517700e-23
4.1451400e+02	2.0561000e-23
4.1547000e+02	2.0604400e-23
4.1642800e+02	2.0647900e-23
4.1738800e+02	2.0691500e-23
4.1835100e+02	2.0735200e-23
4.1931500e+02	2.0779000e-23
4.2028200e+02	2.0822900e-23
4.2125200e+02	2.0867000e-23
4.2222300e+02	2.0911100e-23
4.2319700e+02	2.0955400e-23
4.2417300e+02	2.0999800e-23
4.2515100e+02	2.1044300e-23
4.2613100e+02	2.1088900e-23
4.2711400e+02	2.1133600e-23
4.2809900e+02	2.1178500e-23
4.2908600e+02	2.1223400e-23
4.3007500e+02	2.1268600e-23
4.3106700e+02	2.1313900e-23
4.3206100e+02	2.1359300e-23
4.3305700e+02	2.1405100e-23
4.3405600e+02	2.1451200e-23
4.3505700e+02	2.1498200e-23
4.3606000e+02	2.1548000e-23
4.3706600e+02	2.1615800e-23
4.3807400e+02	1.0782300e-22
4.3908400e+02	2.1705700e-23
4.4009600e+02	2.1731400e-23
4.4111100e+02	2.1773800e-23
4.4212900e+02	2.1818900e-23
4.4314800e+02	2.1864800e-23
4.4417000e+02	2.1911100e-23
4.4519400e+02	2.1957600e-23
4.4622100e+02	2.2004300e-23
4.4725000e+02	2.2051200e-23
4.4828100e+02	2.2098200e-23
4.4931500e+02	2.2145400e-23
4.5035100e+02	2.2192700e-23
4.5139000e+02	2.2240100e-23
4.5243000e+02	2.2287600e-23
4.5347400e+02	2.2335200e-23
4.5451900e+02	2.2383000e-23
4.5556800e+02	2.2430900e-23
4.5661800e+02	2.2478900e-23
4.5767100e+02	2.2527000e-23
4.5872700e+02	2.2575300e-23
4.5978400e+02	2.2623700e-23
4.6084500e+02	2.2672200e-23
4.6190700e+02	2.2720800e-23
4.6297200e+02	2.2769500e-23
4.6404000e+02	2.2818400e-23
4.6511000e+02	2.2867300e-23
4.6618300e+02	2.2916400e-23
4.6725800e+02	2.2965600e-23
4.6833500e+02	2.3015000e-23
4.6941500e+02	2.3064400e-23
4.7049800e+02	2.3114000e-23
4.7158300e+02	2.3163700e-23
4.7267000e+02	2.3213500e-23
4.7376000e+02	2.3263500e-23
4.7485300e+02	2.3313600e-23
4.7594800e+02	2.3363800e-23
4.7704500e+02	2.3414100e-23
4.7814500e+02	2.3464500e-23
4.7924800e+02	2.3515100e-23
4.8035300e+02	2.3565800e-23
4.8146100e+02	2.3616600e-23
4.8257100e+02	2.3667500e-23
4.8368400e+02	2.3718600e-23
4.8479900e+02	2.3769800e-23
4.8591700e+02	2.3821100e-23
4.8703800e+02	2.3872500e-23
4.8816100e+02	2.3924100e-23
4.8928600e+02	2.3975800e-23
4.9041500e+02	2.4027600e-23
4.9154600e+02	2.4079500e-23
4.9267900e+02	2.4131600e-23
4.9381500e+02	2.4183800e-23
4.9495400e+02	2.4236100e-23
4.9609500e+02	2.4288600e-23
4.9723900e+02	2.4341100e-23
4.9838600e+02	2.4393800e-23
4.9953500e+02	2.4446700e-23
5.0068700e+02	2.4499600e-23
5.0184200e+02	2.4552700e-23
5.0299900e+02	2.4606000e-23
5.0415900e+02	2.4659300e-23
5.0532200e+02	2.4712800e-23
5.0648700e+02	2.4766400e-23
5.0765500e+02	2.4820200e-23
5.0882500e+02	2.4874000e-23
5.0999900e+02	2.4928000e-23
5.1117500e+02	2.4982200e-23
5.1235400e+02	2.5036400e-23
5.1353500e+02	2.5090800e-23
5.1471900e+02	2.5145400e-23
5.1590600e+02	2.5200000e-23
5.1709600e+02	2.5254800e-23
5.1828800e+02	2.5309800e-23
5.1948400e+02	2.5364800e-23
5.2068200e+02	2.5420000e-23
5.2188200e+02	2.5475400e-23
5.2308600e+02	2.5530800e-23
5.2429200e+02	2.5586400e-23
5.2550100e+02	2.5642200e-23
5.2671300e+02	2.5698000e-23
5.2792700e+02	2.5754100e-23
5.2914500e+02	2.5810200e-23
5.3036500e+02	2.5866500e-23
5.3158800e+02	2.5922900e-23
5.3281400e+02	2.5979400e-23
5.3404300e+02	2.6036100e-23
5.3527400e+02	2.6093000e-23
5.3650800e+02	2.6149900e-23
5.3774600e+02	2.6207000e-23
5.3898600e+02	2.6264300e-23
5.4022900e+02	2.6321600e-23
5.4147400e+02	2.6379200e-23
5.4272300e+02	2.6436800e-23
5.4397400e+02	2.6494600e-23
5.4522900e+02	2.6552500e-23
5.4648600e+02	2.6610600e-23
5.4774600e+02	2.6668800e-23
5.4901000e+02	2.6727200e-23
5.5027600e+02	2.6785700e-23
5.5154400e+02	2.6844300e-23
5.5281600e+02	2.6903100e-23
5.5409100e+02	2.6962000e-23
5.5536900e+02	2.7021100e-23
5.5665000e+02	2.7080300e-23
5.5793300e+02	2.7139600e-23
5.5922000e+02	2.7199100e-23
5.6050900e+02	2.7258700e-23
5.6180200e+02	2.7318500e-23
5.6309700e+02	2.7378400e-23
5.6439600e+02	2.7438500e-23
5.6569700e+02	2.7498700e-23
5.6700200e+02	2.7559100e-23
5.6830900e+02	2.7619600e-23
5.6962000e+02	2.7680200e-23
5.7093300e+02	2.7741000e-23
5.7225000e+02	2.7802000e-23
5.7357000e+02	2.7863000e-23
5.7489200e+02	2.7924300e-23
5.7621800e+02	2.7985600e-23
5.7754700e+02	2.8047200e-23
5.7887900e+02	2.8108800e-23
5.8021400e+02	2.8170700e-23
5.8155200e+02	2.8232600e-23
5.8289300e+02	2.8294800e-23
5.8423700e+02	2.8357000e-23
5.8558400e+02	2.8419400e-23
5.8693400e+02	2.8482000e-23
5.8828800e+02	2.8544700e-23
5.8964400e+02	2.8607600e-23
5.9100400e+02	2.8670600e-23
5.9236700e+02	2.8733800e-23
5.9373300e+02	2.8797100e-23
5.9510200e+02	2.8860600e-23
5.9647400e+02	2.8924200e-23
5.9785000e+02	2.8988000e-23
5.9922900e+02	2.9051900e-23
6.0061000e+02	2.9116000e-23
6.0199500e+02	2.9180200e-23
6.0338400e+02	2.9244600e-23
6.0477500e+02	2.9309200e-23
6.0617000e+02	2.9373900e-23
6.0756700e+02	2.9438700e-23
6.0896900e+02	2.9503700e-23
6.1037300e+02	2.9568900e-23
6.1178000e+02	2.9634200e-23
6.1319100e+02	2.9699700e-23
6.1460500e+02	2.9765300e-23
6.1602200e+02	2.9831100e-23
6.1744300e+02	2.9897000e-23
6.1886700e+02	2.9963200e-23
6.2029400e+02	3.0029400e-23
6.2172400e+02	3.0095800e-23
6.2315800e+02	3.0162400e-23
6.2459500e+02	3.0229100e-23
6.2603500e+02	3.0296000e-23
6.2747900e+02	3.0363100e-23
6.2892600e+02	3.0430300e-23
6.3037600e+02	3.0497700e-23
6.3183000e+02	3.0565200e-23
6.3328700e+02	3.0632900e-23
6.3474700e+02	3.0700800e-23
6.3621100e+02	3.0768800e-23
6.3767800e+02	3.0837000e-23
6.3914900e+02	3.0905300e-23
6.4062300e+02	3.0973900e-23
6.4210000e+02	3.1042500e-23
6.4358000e+02	3.1111400e-23
6.4506500e+02	3.1180400e-23
6.4655200e+02	3.1249500e-23
6.4804300e+02	3.1318900e-23
6.4953700e+02	3.1388400e-23
6.5103500e+02	3.1458000e-23
6.5253700e+02	3.1527800e-23
6.5404100e+02	3.1597800e-23
6.5555000e+02	3.1668000e-23
6.5706100e+02	3.1738300e-23
6.5857600e+02	3.1808800e-23
6.6009500e+02	3.1879500e-23
6.6161700e+02	3.1950300e-23
6.6314300e+02	3.2021300e-23
6.6467200e+02	3.2092500e-23
6.6620500e+02	3.2163800e-23
6.6774100e+02	3.2235300e-23
6.6928100e+02	3.2307000e-23
6.7082400e+02	3.2378800e-23
6.7237100e+02	3.2450800e-23
6.7392200e+02	3.2523000e-23
6.7547600e+02	3.2595400e-23
6.7703400e+02	3.2667900e-23
6.7859500e+02	3.2740600e-23
6.8016000e+02	3.2813500e-23
6.8172800e+02	3.2886500e-23
6.8330000e+02	3.2959800e-23
6.8487600e+02	3.3033100e-23
6.8645500e+02	3.3106700e-23
6.8803800e+02	3.3180500e-23
6.8962500e+02	3.3254400e-23
6.9121500e+02	3.3328500e-23
6.9280900e+02	3.3402700e-23
6.9440700e+02	3.3477200e-23
6.9600800e+02	3.3551800e-23
6.9761300e+02	3.3626600e-23
6.9922200e+02	3.3701600e-23
7.0083400e+02	3.3776700e-23
7.0245000e+02	3.3852100e-23
7.0407000e+02	3.3927600e-23
7.0569400e+02	3.4003300e-23
7.0732100e+02	3.4079100e-23
7.0895200e+02	3.4155200e-23
7.1058700e+02	3.4231400e-23
7.1222600e+02	3.4307800e-23
7.1386800e+02	3.4384400e-23
7.1551400e+02	3.4461200e-23
7.1716400e+02	3.4538100e-23
7.1881800e+02	3.4615200e-23
7.2047500e+02	3.4692600e-23
7.2213700e+02	3.4770100e-23
7.2380200e+02	3.4847700e-23
7.2547100e+02	3.4925600e-23
7.2714400e+02	3.5003700e-23
7.2882100e+02	3.5081900e-23
7.3050200e+02	3.5160300e-23
7.3218600e+02	3.5238900e-23
7.3387500e+02	3.5317700e-23
7.3556700e+02	3.5396700e-23
7.3726300e+02	3.5475800e-23
7.3896300e+02	3.5555200e-23
7.4066700e+02	3.5634700e-23
7.4237500e+02	3.5714500e-23
7.4408700e+02	3.5794400e-23
7.4580300e+02	3.5874500e-23
7.4752300e+02	3.5954800e-23
7.4924700e+02	3.6035200e-23
7.5097500e+02	3.6115900e-23
7.5270600e+02	3.6196800e-23
7.5444200e+02	3.6277800e-23
7.5618200e+02	3.6359100e-23
7.5792600e+02	3.6440500e-23
7.5967300e+02	3.6522100e-23
7.6142500e+02	3.6604000e-23
7.6318100e+02	3.6686000e-23
7.6494100e+02	3.6768200e-23
7.6670500e+02	3.6850600e-23
7.6847300e+02	3.6933200e-23
7.7024500e+02	3.7016000e-23
7.7202100e+02	3.7098900e-23
7.7380100e+02	3.7182100e-23
7.7558600e+02	3.7265500e-23
7.7737400e+02	3.7349100e-23
7.7916700e+02	3.7432800e-23
7.8096400e+02	3.7516800e-23
7.8276500e+02	3.7601000e-23
7.8457000e+02	3.7685300e-23
7.8637900e+02	3.7769900e-23
7.8819200e+02	3.7854700e-23
7.9001000e+02	3.7939600e-23
7.9183200e+02	3.8024800e-23
7.9365800e+02	3.8110100e-23
7.9548800e+02	3.8195700e-23
7.9732200e+02	3.8281500e-23
7.9916100e+02	3.8367400e-23
8.0100400e+02	3.8453600e-23
8.0285100e+02	3.8540000e-23
8.0470200e+02	3.8626500e-23
8.0655800e+02	3.8713300e-23
8.0841800e+02	3.8800300e-23
8.1028200e+02	3.8887500e-23
8.1215100e+02	3.8974900e-23
8.1402300e+02	3.9062500e-23
8.1590100e+02	3.9150300e-23
8.1778200e+02	3.9238300e-23
8.1966800e+02	3.9326500e-23
8.2155800e+02	3.9414900e-23
8.2345200e+02	3.9503500e-23
8.2535100e+02	3.9592400e-23
8.2725500e+02	3.9681400e-23
8.2916200e+02	3.9770700e-23
8.3107400e+02	3.9860200e-23
8.3299100e+02	3.9949800e-23
8.3491200e+02	4.0039700e-23
8.3683700e+02	4.0129800e-23
8.3876700e+02	4.0220100e-23
8.4070100e+02	4.0310700e-23
8.4264000e+02	4.0401400e-23
8.4458300e+02	4.0492400e-23
8.4653000e+02	4.0583500e-23
8.4848200e+02	4.0674900e-23
8.5043900e+02	4.0766500e-23
8.5240000e+02	4.0858400e-23
8.5436600e+02	4.0950500e-23
8.5633600e+02	4.1043200e-23
8.5831100e+02	4.1152200e-23
8.6029000e+02	4.1229300e-23
8.6227400e+02	4.1320800e-23
8.6426200e+02	4.1413800e-23
8.6625500e+02	4.1507000e-23
8.6825300e+02	4.1600500e-23
8.7025500e+02	4.1694300e-23
8.7226200e+02	4.1788300e-23
8.7427300e+02	4.1882500e-23
8.7628900e+02	4.1976900e-23
8.7831000e+02	4.2071500e-23
8.8033600e+02	4.2166400e-23
8.8236600e+02	4.2261500e-23
8.8440000e+02	4.2356800e-23
8.8644000e+02	4.2452300e-23
8.8848400e+02	4.2548100e-23
8.9053300e+02	4.2644100e-23
8.9258600e+02	4.2740300e-23
8.9464500e+02	4.2836700e-23
8.9670800e+02	4.2933400e-23
8.9877500e+02	4.3030300e-23
9.0084800e+02	4.3127400e-23
9.0292500e+02	4.3224700e-23
9.0500800e+02	4.3322300e-23
9.0709500e+02	4.3420100e-23
9.0918600e+02	4.3518100e-23
9.1128300e+02	4.3616400e-23
9.1338400e+02	4.3714900e-23
9.1549100e+02	4.3813600e-23
9.1760200e+02	4.3912500e-23
9.1971800e+02	4.4011700e-23
9.2183900e+02	4.4111100e-23
9.2396400e+02	4.4210800e-23
9.2609500e+02	4.4310600e-23
9.2823100e+02	4.4410700e-23
9.3037100e+02	4.4511100e-23
9.3251700e+02	4.4611700e-23
9.3466700e+02	4.4712500e-23
9.3682200e+02	4.4813500e-23
9.3898300e+02	4.4914800e-23
9.4114800e+02	4.5016400e-23
9.4331800e+02	4.5118100e-23
9.4549400e+02	4.5220100e-23
9.4767400e+02	4.5322400e-23
9.4985900e+02	4.5424800e-23
9.5205000e+02	4.5527600e-23
9.5424500e+02	4.5630500e-23
9.5644500e+02	4.5733700e-23
9.5865100e+02	4.5837200e-23
9.6086200e+02	4.5940800e-23
9.6307700e+02	4.6044800e-23
9.6529800e+02	4.6148900e-23
9.6752400e+02	4.6253300e-23
9.6975500e+02	4.6358000e-23
9.7199200e+02	4.6462900e-23
9.7423300e+02	4.6568000e-23
9.7648000e+02	4.6673400e-23
9.7873100e+02	4.6779100e-23
9.8098800e+02	4.6885000e-23
9.8325100e+02	4.6991100e-23
9.8551800e+02	4.7097500e-23
9.8779100e+02	4.7204100e-23
9.9006800e+02	4.7311000e-23
9.9235200e+02	4.7418100e-23
9.9464000e+02	4.7525500e-23
9.9693400e+02	4.7633100e-23
9.9923300e+02	4.7741000e-23
1.0015400e+03	4.7849100e-23
1.0038500e+03	4.7957500e-23
1.0061600e+03	4.8066100e-23
1.0084800e+03	4.8175000e-23
1.0108100e+03	4.8284200e-23
1.0131400e+03	4.8393600e-23
1.0154700e+03	4.8503200e-23
1.0178200e+03	4.8613100e-23
1.0201600e+03	4.8723300e-23
1.0225200e+03	4.8833700e-23
1.0248700e+03	4.8944400e-23
1.0272400e+03	4.9055400e-23
1.0296100e+03	4.9166600e-23
1.0319800e+03	4.9278000e-23
1.0343600e+03	4.9389700e-23
1.0367400e+03	4.9501700e-23
1.0391400e+03	4.9613900e-23
1.0415300e+03	4.9726500e-23
1.0439300e+03	4.9839200e-23
1.0463400e+03	4.9952200e-23
1.0487500e+03	5.0065500e-23
1.0511700e+03	5.0179100e-23
1.0536000e+03	5.0292900e-23
1.0560300e+03	5.0407000e-23
1.0584600e+03	5.0521400e-23
1.0609000e+03	5.0636000e-23
1.0633500e+03	5.0750900e-23
1.0658000e+03	5.0866000e-23
1.0682600e+03	5.0981400e-23
1.0707200e+03	5.1097100e-23
1.0731900e+03	5.1213100e-23
1.0756700e+03	5.1329300e-23
1.0781500e+03	5.1445800e-23
1.0806300e+03	5.1562600e-23
1.0831200e+03	5.1679600e-23
1.0856200e+03	5.1797000e-23
1.0881300e+03	5.1914600e-23
1.0906300e+03	5.2032400e-23
1.0931500e+03	5.2150600e-23
1.0956700e+03	5.2269000e-23
1.0982000e+03	5.2387700e-23
1.1007300e+03	5.2506600e-23
1.1032700e+03	5.2625900e-23
1.1058100e+03	5.2745400e-23
1.1083600e+03	5.2865200e-23
1.1109200e+03	5.2985300e-23
1.1134800e+03	5.3105700e-23
1.1160500e+03	5.3226300e-23
1.1186200e+03	5.3347200e-23
1.1212000e+03	5.3468400e-23
1.1237900e+03	5.3589900e-23
1.1263800e+03	5.3711700e-23
1.1289700e+03	5.3833700e-23
1.1315800e+03	5.3956100e-23
1.1341900e+03	5.4078700e-23
1.1368000e+03	5.4201600e-23
1.1394200e+03	5.4324800e-23
1.1420500e+03	5.4448300e-23
1.1446900e+03	5.4572100e-23
1.1473300e+03	5.4696100e-23
1.1499700e+03	5.4820500e-23
1.1526200e+03	5.4945100e-23
1.1552800e+03	5.5070000e-23
1.1579400e+03	5.5195200e-23
1.1606200e+03	5.5320700e-23
1.1632900e+03	5.5446500e-23
1.1659700e+03	5.5572600e-23
1.1686600e+03	5.5699000e-23
1.1713600e+03	5.5825700e-23
1.1740600e+03	5.5952700e-23
1.1767700e+03	5.6079900e-23
1.1794800e+03	5.6207500e-23
1.1822000e+03	5.6335400e-23
1.1849300e+03	5.6463500e-23
1.1876600e+03	5.6592000e-23
1.1904000e+03	5.6720700e-23
1.1931400e+03	5.6849800e-23
1.1958900e+03	5.6979200e-23
1.1986500e+03	5.7108800e-23
1.2014200e+03	5.7238800e-23
1.2041900e+03	5.7369000e-23
1.2069600e+03	5.7499600e-23
1.2097500e+03	5.7630500e-23
1.2125400e+03	5.7761600e-23
1.2153300e+03	5.7893100e-23
1.2181300e+03	5.8024900e-23
1.2209400e+03	5.8157000e-23
1.2237600e+03	5.8289400e-23
1.2265800e+03	5.8422100e-23
1.2294100e+03	5.8555100e-23
1.2322400e+03	5.8688500e-23
1.2350900e+03	5.8822100e-23
1.2379300e+03	5.8956200e-23
1.2407900e+03	5.9140800e-23
1.2436500e+03	5.9225100e-23
1.2465200e+03	5.9359800e-23
1.2493900e+03	5.9494900e-23
1.2522700e+03	5.9630400e-23
1.2551600e+03	5.9766200e-23
1.2580600e+03	5.9902400e-23
1.2609600e+03	6.0038800e-23
1.2638600e+03	6.0175600e-23
1.2667800e+03	6.0312700e-23
1.2697000e+03	6.0450100e-23
1.2726300e+03	6.0587800e-23
1.2755600e+03	6.0725900e-23
1.2785000e+03	6.0864200e-23
1.2814500e+03	6.1002900e-23
1.2844100e+03	6.1141900e-23
1.2873700e+03	6.1281300e-23
1.2903400e+03	6.1420900e-23
1.2933100e+03	6.1560900e-23
1.2963000e+03	6.1701200e-23
1.2992900e+03	6.1841800e-23
1.3022800e+03	6.1982800e-23
1.3052800e+03	6.2124100e-23
1.3082900e+03	6.2265700e-23
1.3113100e+03	6.2407600e-23
1.3143400e+03	6.2549900e-23
1.3173700e+03	6.2692500e-23
1.3204000e+03	6.2835500e-23
1.3234500e+03	6.2978700e-23
1.3265000e+03	6.3122300e-23
1.3295600e+03	6.3266300e-23
1.3326300e+03	6.3410500e-23
1.3357000e+03	6.3555100e-23
1.3387800e+03	6.3700100e-23
1.3418700e+03	6.3845300e-23
1.3449600e+03	6.3991000e-23
1.3480600e+03	6.4136900e-23
1.3511700e+03	6.4283200e-23
1.3542900e+03	6.4429800e-23
1.3574100e+03	6.4576800e-23
1.3605400e+03	6.4724100e-23
1.3636800e+03	6.4871800e-23
1.3668200e+03	6.5019700e-23
1.3699700e+03	6.5168100e-23
1.3731300e+03	6.5316800e-23
1.3763000e+03	6.5465800e-23
1.3794700e+03	6.5615200e-23
1.3826500e+03	6.5764900e-23
1.3858400e+03	6.5915000e-23
1.3890400e+03	6.6065400e-23
1.3922400e+03	6.6216100e-23
1.3954500e+03	6.6367300e-23
1.3986700e+03	6.6518700e-23
1.4019000e+03	6.6670500e-23
1.4051300e+03	6.6822700e-23
1.4083700e+03	6.6975200e-23
1.4116200e+03	6.7128100e-23
1.4148700e+03	6.7281300e-23
1.4181300e+03	6.7434900e-23
1.4214000e+03	6.7588900e-23
1.4246800e+03	6.7743200e-23
1.4279700e+03	6.7897800e-23
1.4312600e+03	6.8052800e-23
1.4345600e+03	6.8208200e-23
1.4378700e+03	6.8364000e-23
1.4411800e+03	6.8520000e-23
1.4445100e+03	6.8676500e-23
1.4478400e+03	6.8833300e-23
1.4511800e+03	6.8990500e-23
1.4545200e+03	6.9148100e-23
1.4578800e+03	6.9306000e-23
1.4612400e+03	6.9464300e-23
1.4646100e+03	6.9622900e-23
1.4679900e+03	6.9781900e-23
1.4713700e+03	6.9941300e-23
1.4747700e+03	7.0101100e-23
1.4781700e+03	7.0261200e-23
1.4815700e+03	7.0421700e-23
1.4849900e+03	7.0582600e-23
1.4884200e+03	7.0743800e-23
1.4918500e+03	7.0905400e-23
1.4952900e+03	7.1067400e-23
1.4987400e+03	7.1229800e-23
1.5021900e+03	7.1392500e-23
1.5056600e+03	7.1555700e-23
1.5091300e+03	7.1719200e-23
1.5126100e+03	7.1883000e-23
1.5161000e+03	7.2047300e-23
1.5195900e+03	7.2211900e-23
1.5231000e+03	7.2377000e-23
1.5266100e+03	7.2542400e-23
1.5301300e+03	7.2708100e-23
1.5336600e+03	7.2874300e-23
1.5371900e+03	7.3040900e-23
1.5407400e+03	7.3207800e-23
1.5442900e+03	7.3375100e-23
1.5478500e+03	7.3542900e-23
1.5514200e+03	7.3711000e-23
1.5550000e+03	7.3879500e-23
1.5585900e+03	7.4048300e-23
1.5621800e+03	7.4217600e-23
1.5657800e+03	7.4387300e-23
1.5693900e+03	7.4557400e-23
1.5730100e+03	7.4727900e-23
1.5766400e+03	7.4903200e-23
1.5802800e+03	7.5070000e-23
1.5839200e+03	7.5241600e-23
1.5875700e+03	7.5413600e-23
1.5912300e+03	7.5586000e-23
1.5949000e+03	7.5758900e-23
1.5985800e+03	7.5932100e-23
1.6022700e+03	7.6105800e-23
1.6059600e+03	7.6279800e-23
1.6096700e+03	7.6454200e-23
1.6133800e+03	7.6629100e-23
1.6171000e+03	7.6804400e-23
1.6208300e+03	7.6980000e-23
1.6245600e+03	7.7156100e-23
1.6283100e+03	7.7332600e-23
1.6320700e+03	7.7509400e-23
1.6358300e+03	7.7686700e-23
1.6396000e+03	7.7864400e-23
1.6433800e+03	7.8042600e-23
1.6471700e+03	7.8221100e-23
1.6509700e+03	7.8400000e-23
1.6547800e+03	7.8579400e-23
1.6585900e+03	7.8759200e-23
1.6624200e+03	7.8939400e-23
1.6662500e+03	7.9120000e-23
1.6700900e+03	7.9301000e-23
1.6739500e+03	7.9482400e-23
1.6778100e+03	7.9664300e-23
1.6816700e+03	7.9846600e-23
1.6855500e+03	8.0029300e-23
1.6894400e+03	8.0212400e-23
1.6933400e+03	8.0396000e-23
1.6972400e+03	8.0580000e-23
1.7011500e+03	8.0764400e-23
1.7050800e+03	8.0949200e-23
1.7090100e+03	8.1134500e-23
1.7129500e+03	8.1320200e-23
1.7169000e+03	8.1506300e-23
1.7208600e+03	8.1692800e-23
1.7248300e+03	8.1879800e-23
1.7288000e+03	8.2067200e-23
1.7327900e+03	8.2255100e-23
1.7367900e+03	8.2443400e-23
1.7407900e+03	8.2632100e-23
1.7448100e+03	8.2821300e-23
1.7488300e+03	8.3010800e-23
1.7528600e+03	8.3200900e-23
1.7569000e+03	8.3391400e-23
1.7609600e+03	8.3582300e-23
1.7650200e+03	8.3773600e-23
1.7690900e+03	8.3965400e-23
1.7731700e+03	8.4157700e-23
1.7772600e+03	8.4350400e-23
1.7813500e+03	8.4543500e-23
1.7854600e+03	8.4737100e-23
1.7895800e+03	8.4931100e-23
1.7937100e+03	8.5125600e-23
1.7978400e+03	8.5320500e-23
1.8019900e+03	8.5515900e-23
1.8061400e+03	8.5711700e-23
1.8103100e+03	8.5908000e-23
1.8144800e+03	8.6104800e-23
1.8186700e+03	8.6302000e-23
1.8228600e+03	8.6499600e-23
1.8270600e+03	8.6697700e-23
1.8312800e+03	8.6896300e-23
1.8355000e+03	8.7095300e-23
1.8397300e+03	8.7294800e-23
1.8439800e+03	8.7494800e-23
1.8482300e+03	8.7695200e-23
1.8524900e+03	8.7896100e-23
1.8567600e+03	8.8097400e-23
1.8610400e+03	8.8299200e-23
1.8653400e+03	8.8501500e-23
1.8696400e+03	8.8704200e-23
1.8739500e+03	8.8907400e-23
1.8782700e+03	8.9111100e-23
1.8826000e+03	8.9315300e-23
1.8869400e+03	8.9519900e-23
1.8912900e+03	8.9725000e-23
1.8956500e+03	8.9930600e-23
1.9000300e+03	9.0136800e-23
1.9044100e+03	9.0343200e-23
1.9088000e+03	9.0550100e-23
1.9132000e+03	9.0757600e-23
1.9176100e+03	9.0965600e-23
1.9220300e+03	9.1174000e-23
1.9264700e+03	9.1383000e-23
1.9309100e+03	9.1592400e-23
1.9353600e+03	9.1802300e-23
1.9398300e+03	9.2012600e-23
1.9443000e+03	9.2223500e-23
1.9487800e+03	9.2434900e-23
1.9532800e+03	9.2646700e-23
1.9577800e+03	9.2859000e-23
1.9622900e+03	9.3071900e-23
1.9668200e+03	9.3285200e-23
1.9713600e+03	9.3499000e-23
1.9759000e+03	9.3713300e-23
1.9804600e+03	9.3928100e-23
1.9850200e+03	9.4143400e-23
1.9896000e+03	9.4359200e-23
1.9941900e+03	9.4575500e-23
1.9987900e+03	9.4792300e-23
2.0034000e+03	9.5009500e-23
2.0080200e+03	9.5227300e-23
2.0126500e+03	9.5445600e-23
2.0172900e+03	9.5664500e-23
2.0219400e+03	9.5883800e-23
2.0266000e+03	9.6103600e-23
2.0312800e+03	9.6323900e-23
2.0359600e+03	9.6544700e-23
2.0406600e+03	9.6766100e-23
2.0453600e+03	9.6988000e-23
2.0500800e+03	9.7210300e-23
2.0548100e+03	9.7433200e-23
2.0595400e+03	9.7656600e-23
2.0642900e+03	9.7880500e-23
2.0690500e+03	9.8105000e-23
2.0738300e+03	9.8329900e-23
2.0786100e+03	9.8555400e-23
2.0834000e+03	9.8781400e-23
2.0882100e+03	9.9007900e-23
2.0930200e+03	9.9235000e-23
2.0978500e+03	9.9462500e-23
2.1026900e+03	9.9690600e-23
2.1075300e+03	9.9919200e-23
2.1123900e+03	1.0014800e-22
2.1172700e+03	1.0037800e-22
2.1221500e+03	1.0060800e-22
2.1270400e+03	1.0083900e-22
2.1319500e+03	1.0107000e-22
2.1368600e+03	1.0130200e-22
2.1417900e+03	1.0153400e-22
2.1467300e+03	1.0176700e-22
2.1516800e+03	1.0200100e-22
2.1566400e+03	1.0223500e-22
2.1616100e+03	1.0246900e-22
2.1666000e+03	1.0270400e-22
2.1716000e+03	1.0294000e-22
2.1766000e+03	1.0317600e-22
2.1816200e+03	1.0341300e-22
2.1866500e+03	1.0365000e-22
2.1917000e+03	1.0388800e-22
2.1967500e+03	1.0412600e-22
2.2018200e+03	1.0436500e-22
2.2068900e+03	1.0460400e-22
2.2119800e+03	1.0484400e-22
2.2170800e+03	1.0508500e-22
2.2222000e+03	1.0532600e-22
2.2273200e+03	1.0556800e-22
2.2324600e+03	1.0581000e-22
2.2376000e+03	1.0605300e-22
2.2427600e+03	1.0629600e-22
2.2479400e+03	1.0654000e-22
2.2531200e+03	1.0678400e-22
2.2583200e+03	1.0702900e-22
2.2635200e+03	1.0727500e-22
2.2687400e+03	1.0752100e-22
2.2739700e+03	1.0776800e-22
2.2792200e+03	1.0801500e-22
2.2844700e+03	1.0826300e-22
2.2897400e+03	1.0851100e-22
2.2950200e+03	1.0876000e-22
2.3003100e+03	1.0901000e-22
2.3056200e+03	1.0926000e-22
2.3109400e+03	1.0951100e-22
2.3162700e+03	1.0976200e-22
2.3216100e+03	1.1001400e-22
2.3269600e+03	1.1026700e-22
2.3323300e+03	1.1052000e-22
2.3377000e+03	1.1077300e-22
2.3431000e+03	1.1102800e-22
2.3485000e+03	1.1128200e-22
2.3539100e+03	1.1153800e-22
2.3593400e+03	1.1179400e-22
2.3647800e+03	1.1205000e-22
2.3702400e+03	1.1230800e-22
2.3757000e+03	1.1256500e-22
2.3811800e+03	1.1282400e-22
2.3866700e+03	1.1308300e-22
2.3921700e+03	1.1334200e-22
2.3976900e+03	1.1360200e-22
2.4032200e+03	1.1386300e-22
2.4087600e+03	1.1412500e-22
2.4143200e+03	1.1438700e-22
2.4198800e+03	1.1464900e-22
2.4254600e+03	1.1491200e-22
2.4310600e+03	1.1517600e-22
2.4366600e+03	1.1544100e-22
2.4422800e+03	1.1570600e-22
2.4479100e+03	1.1597100e-22
2.4535600e+03	1.1623700e-22
2.4592200e+03	1.1650400e-22
2.4648900e+03	1.1677200e-22
2.4705700e+03	1.1704000e-22
2.4762700e+03	1.1730900e-22
2.4819800e+03	1.1757800e-22
2.4877000e+03	1.1784800e-22
2.4934400e+03	1.1811900e-22
2.4991900e+03	1.1839000e-22
2.5049500e+03	1.1866200e-22
2.5107300e+03	1.1893400e-22
2.5165200e+03	1.1920700e-22
2.5223200e+03	1.1948100e-22
2.5281400e+03	1.1975500e-22
2.5339700e+03	1.2003000e-22
2.5398100e+03	1.2030600e-22
2.5456700e+03	1.2058200e-22
2.5515400e+03	1.2085900e-22
2.5574200e+03	1.2113700e-22
2.5633200e+03	1.2141500e-22
2.5692300e+03	1.2169400e-22
2.5751600e+03	1.2197300e-22
2.5810900e+03	1.2225300e-22
2.5870500e+03	1.2253400e-22
2.5930100e+03	1.2281500e-22
2.5989900e+03	1.2309700e-22
2.6049900e+03	1.2338000e-22
2.6109900e+03	1.2366300e-22
2.6170100e+03	1.2394700e-22
2.6230500e+03	1.2423200e-22
2.6291000e+03	1.2451700e-22
2.6351600e+03	1.2480300e-22
2.6412400e+03	1.2509000e-22
2.6473300e+03	1.2537700e-22
2.6534300e+03	1.2566500e-22
2.6595500e+03	1.2595400e-22
2.6656800e+03	1.2624300e-22
2.6718300e+03	1.2653300e-22
2.6779900e+03	1.2682400e-22
2.6841700e+03	1.2711500e-22
2.6903600e+03	1.2740700e-22
2.6965600e+03	1.2770000e-22
2.7027800e+03	1.2799300e-22
2.7090100e+03	1.2828700e-22
2.7152600e+03	1.2858200e-22
2.7215200e+03	1.2887700e-22
2.7278000e+03	1.2917400e-22
2.7340900e+03	1.2947000e-22
2.7403900e+03	1.2976800e-22
2.7467100e+03	1.3006600e-22
2.7530400e+03	1.3036500e-22
2.7593900e+03	1.3066400e-22
2.7657600e+03	1.3096400e-22
2.7721300e+03	1.3126500e-22
2.7785300e+03	1.3156700e-22
2.7849300e+03	1.3186900e-22
2.7913600e+03	1.3217200e-22
2.7977900e+03	1.3247600e-22
2.8042400e+03	1.3278000e-22
2.8107100e+03	1.3308500e-22
2.8171900e+03	1.3339100e-22
2.8236900e+03	1.3369700e-22
2.8302000e+03	1.3400500e-22
2.8367300e+03	1.3431300e-22
2.8432700e+03	1.3462100e-22
2.8498300e+03	1.3493000e-22
2.8564000e+03	1.3524000e-22
2.8629800e+03	1.3555100e-22
2.8695900e+03	1.3586300e-22
2.8762000e+03	1.3617500e-22
2.8828400e+03	1.3648800e-22
2.8894800e+03	1.3680100e-22
2.8961500e+03	1.3711600e-22
2.9028300e+03	1.3743100e-22
2.9095200e+03	1.3774700e-22
2.9162300e+03	1.3806300e-22
2.9229500e+03	1.3838100e-22
2.9296900e+03	1.3869900e-22
2.9364500e+03	1.3901700e-22
2.9432200e+03	1.3933700e-22
2.9500100e+03	1.3965700e-22
2.9568100e+03	1.3997800e-22
2.9636300e+03	1.4030000e-22
2.9704600e+03	1.4062200e-22
2.9773100e+03	1.4094500e-22
2.9841800e+03	1.4126900e-22
2.9910600e+03	1.4159400e-22
2.9979600e+03	1.4191900e-22
3.0048700e+03	1.4224600e-22
3.0118000e+03	1.4257200e-22
3.0187500e+03	1.4290000e-22
3.0257100e+03	1.4322900e-22
3.0326800e+03	1.4355800e-22
3.0396800e+03	1.4388800e-22
3.0466900e+03	1.4421900e-22
3.0537100e+03	1.4455000e-22
3.0607600e+03	1.4488200e-22
3.0678100e+03	1.4521500e-22
3.0748900e+03	1.4554900e-22
3.0819800e+03	1.4588400e-22
3.0890900e+03	1.4621900e-22
3.0962100e+03	1.4655500e-22
3.1033500e+03	1.4689200e-22
3.1105100e+03	1.4723000e-22
3.1176800e+03	1.4756800e-22
3.1248700e+03	1.4790700e-22
3.1320700e+03	1.4824700e-22
3.1393000e+03	1.4858800e-22
3.1465400e+03	1.4893000e-22
3.1537900e+03	1.4927200e-22
3.1610600e+03	1.4961500e-22
3.1683500e+03	1.4995900e-22
3.1756600e+03	1.5030400e-22
3.1829800e+03	1.5064900e-22
3.1903200e+03	1.5099600e-22
3.1976800e+03	1.5134300e-22
3.2050500e+03	1.5169100e-22
3.2124400e+03	1.5204000e-22
3.2198500e+03	1.5238900e-22
3.2272800e+03	1.5274000e-22
3.2347200e+03	1.5309100e-22
3.2421800e+03	1.5344300e-22
3.2496600e+03	1.5379500e-22
3.2571500e+03	1.5414900e-22
3.2646600e+03	1.5450300e-22
3.2721900e+03	1.5485900e-22
3.2797300e+03	1.5521500e-22
3.2873000e+03	1.5557200e-22
3.2948800e+03	1.5592900e-22
3.3024800e+03	1.5628800e-22
3.3100900e+03	1.5664700e-22
3.3177200e+03	1.5700700e-22
3.3253700e+03	1.5736800e-22
3.3330400e+03	1.5773000e-22
3.3407300e+03	1.5809300e-22
3.3484300e+03	1.5845600e-22
3.3561500e+03	1.5882100e-22
3.3638900e+03	1.5918600e-22
3.3716500e+03	1.5955200e-22
3.3794300e+03	1.5991900e-22
3.3872200e+03	1.6028700e-22
3.3950300e+03	1.6065500e-22
3.4028600e+03	1.6102500e-22
3.4107100e+03	1.6139500e-22
3.4185700e+03	1.6176600e-22
3.4264500e+03	1.6213800e-22
3.4343600e+03	1.6251100e-22
3.4422800e+03	1.6288500e-22
3.4502100e+03	1.6325900e-22
3.4581700e+03	1.6363500e-22
3.4661400e+03	1.6401100e-22
3.4741400e+03	1.6438800e-22
3.4821500e+03	1.6476600e-22
3.4901800e+03	1.6514500e-22
3.4982300e+03	1.6552500e-22
3.5062900e+03	1.6590600e-22
3.5143800e+03	1.6628700e-22
3.5224800e+03	1.6667000e-22
3.5306100e+03	1.6705300e-22
3.5387500e+03	1.6743700e-22
3.5469100e+03	1.6782200e-22
3.5550900e+03	1.6820800e-22
3.5632900e+03	1.6859500e-22
3.5715000e+03	1.6898300e-22
3.5797400e+03	1.6937200e-22
3.5879900e+03	1.6976100e-22
3.5962700e+03	1.7015200e-22
3.6045600e+03	1.7054300e-22
3.6128700e+03	1.7093500e-22
3.6212000e+03	1.7132800e-22
3.6295500e+03	1.7172200e-22
3.6379200e+03	1.7211700e-22
3.6463100e+03	1.7251300e-22
3.6547200e+03	1.7291000e-22
3.6631500e+03	1.7330800e-22
3.6716000e+03	1.7370600e-22
3.6800600e+03	1.7410600e-22
3.6885500e+03	1.7450700e-22
3.6970600e+03	1.7490800e-22
3.7055800e+03	1.7531000e-22
3.7141300e+03	1.7571400e-22
3.7226900e+03	1.7611800e-22
3.7312800e+03	1.7652300e-22
3.7398800e+03	1.7692900e-22
3.7485000e+03	1.7733600e-22
3.7571500e+03	1.7774400e-22
3.7658100e+03	1.7815300e-22
3.7745000e+03	1.7856300e-22
3.7832000e+03	1.7897300e-22
3.7919200e+03	1.7938500e-22
3.8006700e+03	1.7979800e-22
3.8094300e+03	1.8021100e-22
3.8182200e+03	1.8062600e-22
3.8270200e+03	1.8104100e-22
3.8358500e+03	1.8145800e-22
3.8446900e+03	1.8187500e-22
3.8535600e+03	1.8229400e-22
3.8624400e+03	1.8271300e-22
3.8713500e+03	1.8313300e-22
3.8802800e+03	1.8355500e-22
3.8892300e+03	1.8397700e-22
3.8982000e+03	1.8440000e-22
3.9071800e+03	1.8482500e-22
3.9161900e+03	1.8525000e-22
3.9252300e+03	1.8567600e-22
3.9342800e+03	1.8610300e-22
3.9433500e+03	1.8653100e-22
3.9524400e+03	1.8696100e-22
3.9615600e+03	1.8739100e-22
3.9706900e+03	1.8782200e-22
3.9798500e+03	1.8825400e-22
3.9890300e+03	1.8868700e-22
3.9982300e+03	1.8912100e-22
4.0074500e+03	1.8955600e-22
4.0166900e+03	1.8999300e-22
4.0259500e+03	1.9043000e-22
4.0352300e+03	1.9086800e-22
4.0445400e+03	1.9130700e-22
4.0538700e+03	1.9174700e-22
4.0632100e+03	1.9218800e-22
4.0725800e+03	1.9263100e-22
4.0819700e+03	1.9307400e-22
4.0913900e+03	1.9351800e-22
4.1008200e+03	1.9396300e-22
4.1102800e+03	1.9441000e-22
4.1197600e+03	1.9485700e-22
4.1292600e+03	1.9530500e-22
4.1387800e+03	1.9575500e-22
4.1483200e+03	1.9620500e-22
4.1578900e+03	1.9665700e-22
4.1674800e+03	1.9710900e-22
4.1770900e+03	1.9756300e-22
4.1867200e+03	1.9801700e-22
4.1963800e+03	1.9847300e-22
4.2060500e+03	1.9893000e-22
4.2157500e+03	1.9938800e-22
4.2254700e+03	1.9984600e-22
4.2352200e+03	2.0030600e-22
4.2449800e+03	2.0076700e-22
4.2547700e+03	2.0122900e-22
4.2645800e+03	2.0169200e-22
4.2744200e+03	2.0215600e-22
4.2842700e+03	2.0262200e-22
4.2941500e+03	2.0308800e-22
4.3040600e+03	2.0355500e-22
4.3139800e+03	2.0402400e-22
4.3239300e+03	2.0449300e-22
4.3339000e+03	2.0496400e-22
4.3438900e+03	2.0543600e-22
4.3539100e+03	2.0590800e-22
4.3639500e+03	2.0638200e-22
4.3740200e+03	2.0685700e-22
4.3841000e+03	2.0733300e-22
4.3942100e+03	2.0781000e-22
4.4043400e+03	2.0828900e-22
4.4145000e+03	2.0876800e-22
4.4246800e+03	2.0924800e-22
4.4348800e+03	2.0973000e-22
4.4451100e+03	2.1021300e-22
4.4553600e+03	2.1069700e-22
4.4656400e+03	2.1118100e-22
4.4759300e+03	2.1166700e-22
4.4862600e+03	2.1215500e-22
4.4966000e+03	2.1264300e-22
4.5069700e+03	2.1313200e-22
4.5173600e+03	2.1362300e-22
4.5277800e+03	2.1411500e-22
4.5382200e+03	2.1460700e-22
4.5486900e+03	2.1510100e-22
4.5591800e+03	2.1559600e-22
4.5696900e+03	2.1609300e-22
4.5802300e+03	2.1659000e-22
4.5907900e+03	2.1708800e-22
4.6013800e+03	2.1758800e-22
4.6119900e+03	2.1808900e-22
4.6226200e+03	2.1859100e-22
4.6332800e+03	2.1909400e-22
4.6439700e+03	2.1959800e-22
4.6546700e+03	2.2010400e-22
4.6654100e+03	2.2061000e-22
4.6761700e+03	2.2111800e-22
4.6869500e+03	2.2162700e-22
4.6977600e+03	2.2213700e-22
4.7085900e+03	2.2264900e-22
4.7194500e+03	2.2316100e-22
4.7303300e+03	2.2367500e-22
4.7412400e+03	2.2419000e-22
4.7521700e+03	2.2470600e-22
4.7631300e+03	2.2522300e-22
4.7741200e+03	2.2574100e-22
4.7851300e+03	2.2626100e-22
4.7961600e+03	2.2678200e-22
4.8072200e+03	2.2730400e-22
4.8183100e+03	2.2782700e-22
4.8294200e+03	2.2835200e-22
4.8405500e+03	2.2887700e-22
4.8517200e+03	2.2940400e-22
4.8629000e+03	2.2993200e-22
4.8741200e+03	2.3046100e-22
4.8853600e+03	2.3099200e-22
4.8966200e+03	2.3152400e-22
4.9079100e+03	2.3205700e-22
4.9192300e+03	2.3259100e-22
4.9305800e+03	2.3312600e-22
4.9419500e+03	2.3366300e-22
4.9533400e+03	2.3420100e-22
4.9647600e+03	2.3474000e-22
4.9762100e+03	2.3528000e-22
4.9876900e+03	2.3582200e-22
4.9991900e+03	2.3636500e-22
5.0107200e+03	2.3690900e-22
5.0222700e+03	2.3745500e-22
5.0338500e+03	2.3800100e-22
5.0454600e+03	2.3854900e-22
5.0571000e+03	2.3909800e-22
5.0687600e+03	2.3964900e-22
5.0804500e+03	2.4020000e-22
5.0921600e+03	2.4075300e-22
5.1039100e+03	2.4130800e-22
5.1156800e+03	2.4186300e-22
5.1274700e+03	2.4242000e-22
5.1393000e+03	2.4297800e-22
5.1511500e+03	2.4353800e-22
5.1630300e+03	2.4409800e-22
5.1749300e+03	2.4466000e-22
5.1868700e+03	2.4522300e-22
5.1988300e+03	2.4578800e-22
5.2108100e+03	2.4635400e-22
5.2228300e+03	2.4692100e-22
5.2348700e+03	2.4749000e-22
5.2469500e+03	2.4805900e-22
5.2590500e+03	2.4863100e-22
5.2711700e+03	2.4920300e-22
5.2833300e+03	2.4977700e-22
5.2955100e+03	2.5035200e-22
5.3077200e+03	2.5092800e-22
5.3199600e+03	2.5150600e-22
5.3322300e+03	2.5208500e-22
5.3445300e+03	2.5266500e-22
5.3568500e+03	2.5324700e-22
5.3692000e+03	2.5383000e-22
5.3815900e+03	2.5441500e-22
5.3940000e+03	2.5500000e-22
5.4064300e+03	2.5558800e-22
5.4189000e+03	2.5617600e-22
5.4314000e+03	2.5676600e-22
5.4439200e+03	2.5735700e-22
5.4564800e+03	2.5795000e-22
5.4690600e+03	2.5854400e-22
5.4816700e+03	2.5913900e-22
5.4943100e+03	2.5973600e-22
5.5069800e+03	2.6033400e-22
5.5196800e+03	2.6093300e-22
5.5324100e+03	2.6153400e-22
5.5451700e+03	2.6213600e-22
5.5579500e+03	2.6274000e-22
5.5707700e+03	2.6334500e-22
5.5836200e+03	2.6395100e-22
5.5964900e+03	2.6455900e-22
5.6094000e+03	2.6516800e-22
5.6223300e+03	2.6577900e-22
5.6353000e+03	2.6639100e-22
5.6482900e+03	2.6700400e-22
5.6613200e+03	2.6761900e-22
5.6743700e+03	2.6823500e-22
5.6874600e+03	2.6885300e-22
5.7005700e+03	2.6947200e-22
5.7137200e+03	2.7009200e-22
5.7269000e+03	2.7071400e-22
5.7401000e+03	2.7133800e-22
5.7533400e+03	2.7196200e-22
5.7666100e+03	2.7258900e-22
5.7799000e+03	2.7321600e-22
5.7932300e+03	2.7384600e-22
5.8065900e+03	2.7447600e-22
5.8199800e+03	2.7510800e-22
5.8334000e+03	2.7574200e-22
5.8468500e+03	2.7637700e-22
5.8603400e+03	2.7701300e-22
5.8738500e+03	2.7765100e-22
5.8874000e+03	2.7829000e-22
5.9009700e+03	2.7893100e-22
5.9145800e+03	2.7957400e-22
5.9282200e+03	2.8021700e-22
5.9418900e+03	2.8086300e-22
5.9555900e+03	2.8150900e-22
5.9693300e+03	2.8215800e-22
5.9830900e+03	2.8280800e-22
5.9968900e+03	2.8345900e-22
6.0107200e+03	2.8411200e-22
6.0245800e+03	2.8476600e-22
6.0384700e+03	2.8542200e-22
6.0524000e+03	2.8607900e-22
6.0663500e+03	2.8673800e-22
6.0803400e+03	2.8739800e-22
6.0943600e+03	2.8806000e-22
6.1084200e+03	2.8872300e-22
6.1225000e+03	2.8938800e-22
6.1366200e+03	2.9005500e-22
6.1507700e+03	2.9072300e-22
6.1649600e+03	2.9139200e-22
6.1791700e+03	2.9206300e-22
6.1934200e+03	2.9273600e-22
6.2077000e+03	2.9341000e-22
6.2220200e+03	2.9408600e-22
6.2363700e+03	2.9476300e-22
6.2507500e+03	2.9544200e-22
6.2651600e+03	2.9612300e-22
6.2796100e+03	2.9680400e-22
6.2940900e+03	2.9748800e-22
6.3086000e+03	2.9817300e-22
6.3231500e+03	2.9886000e-22
6.3377300e+03	2.9954800e-22
6.3523500e+03	3.0023800e-22
6.3670000e+03	3.0092900e-22
6.3816800e+03	3.0162300e-22
6.3964000e+03	3.0231700e-22
6.4111500e+03	3.0301400e-22
6.4259300e+03	3.0371100e-22
6.4407500e+03	3.0441100e-22
6.4556000e+03	3.0511200e-22
6.4704900e+03	3.0581500e-22
6.4854100e+03	3.0651900e-22
6.5003600e+03	3.0722500e-22
6.5153500e+03	3.0793300e-22
6.5303800e+03	3.0864200e-22
6.5454400e+03	3.0935300e-22
6.5605300e+03	3.1006500e-22
6.5756600e+03	3.1077900e-22
6.5908200e+03	3.1149500e-22
6.6060200e+03	3.1221300e-22
6.6212600e+03	3.1293200e-22
6.6365200e+03	3.1365200e-22
6.6518300e+03	3.1437500e-22
6.6671700e+03	3.1509900e-22
6.6825400e+03	3.1582500e-22
6.6979500e+03	3.1655200e-22
6.7134000e+03	3.1728100e-22
6.7288800e+03	3.1801200e-22
6.7443900e+03	3.1874500e-22
6.7599500e+03	3.1947900e-22
6.7755400e+03	3.2021500e-22
6.7911600e+03	3.2095200e-22
6.8068200e+03	3.2169100e-22
6.8225200e+03	3.2243200e-22
6.8382500e+03	3.2317500e-22
6.8540200e+03	3.2391900e-22
6.8698200e+03	3.2466600e-22
6.8856700e+03	3.2541300e-22
6.9015400e+03	3.2616300e-22
6.9174600e+03	3.2691400e-22
6.9334100e+03	3.2766700e-22
6.9494000e+03	3.2842200e-22
6.9654300e+03	3.2917800e-22
6.9814900e+03	3.2993700e-22
6.9975900e+03	3.3069700e-22
7.0137200e+03	3.3145800e-22
7.0299000e+03	3.3222200e-22
7.0461100e+03	3.3298700e-22
7.0623600e+03	3.3375400e-22
7.0786400e+03	3.3452300e-22
7.0949700e+03	3.3529300e-22
7.1113300e+03	3.3606600e-22
7.1277300e+03	3.3684000e-22
7.1441600e+03	3.3761600e-22
7.1606400e+03	3.3839400e-22
7.1771500e+03	3.3917300e-22
7.1937000e+03	3.3995400e-22
7.2102900e+03	3.4073700e-22
7.2269200e+03	3.4152200e-22
7.2435800e+03	3.4230900e-22
7.2602800e+03	3.4309800e-22
7.2770300e+03	3.4388800e-22
7.2938100e+03	3.4468000e-22
7.3106300e+03	3.4547400e-22
7.3274900e+03	3.4627000e-22
7.3443800e+03	3.4706700e-22
7.3613200e+03	3.4786700e-22
7.3782900e+03	3.4866800e-22
7.3953100e+03	3.4947200e-22
7.4123600e+03	3.5027700e-22
7.4294600e+03	3.5108300e-22
7.4465900e+03	3.5189200e-22
7.4637600e+03	3.5270300e-22
7.4809700e+03	3.5351500e-22
7.4982200e+03	3.5433000e-22
7.5155100e+03	3.5514600e-22
7.5328400e+03	3.5596400e-22
7.5502200e+03	3.5678400e-22
7.5676300e+03	3.5760600e-22
7.5850800e+03	3.5843000e-22
7.6025700e+03	3.5925500e-22
7.6201000e+03	3.6008300e-22
7.6376700e+03	3.6091300e-22
7.6552800e+03	3.6174400e-22
7.6729400e+03	3.6257700e-22
7.6906300e+03	3.6341300e-22
7.7083700e+03	3.6425000e-22
7.7261400e+03	3.6508900e-22
7.7439600e+03	3.6593000e-22
7.7618200e+03	3.6677300e-22
7.7797100e+03	3.6761800e-22
7.7976500e+03	3.6846500e-22
7.8156400e+03	3.6931400e-22
7.8336600e+03	3.7016400e-22
7.8517200e+03	3.7101700e-22
7.8698300e+03	3.7187200e-22
7.8879800e+03	3.7272900e-22
7.9061700e+03	3.7358700e-22
7.9244000e+03	3.7444800e-22
7.9426700e+03	3.7531100e-22
7.9609900e+03	3.7617500e-22
7.9793500e+03	3.7704200e-22
7.9977500e+03	3.7791100e-22
8.0161900e+03	3.7878100e-22
8.0346800e+03	3.7965400e-22
8.0532000e+03	3.8052900e-22
8.0717700e+03	3.8140500e-22
8.0903900e+03	3.8228400e-22
8.1090400e+03	3.8316500e-22
8.1277400e+03	3.8404700e-22
8.1464900e+03	3.8493200e-22
8.1652700e+03	3.8581900e-22
8.1841000e+03	3.8670800e-22
8.2029700e+03	3.8759900e-22
8.2218900e+03	3.8849200e-22
8.2408500e+03	3.8938700e-22
8.2598500e+03	3.9028400e-22
8.2789000e+03	3.9118300e-22
8.2979900e+03	3.9208400e-22
8.3171300e+03	3.9298800e-22
8.3363100e+03	3.9389300e-22
8.3555300e+03	3.9480000e-22
8.3748000e+03	3.9571000e-22
8.3941100e+03	3.9662200e-22
8.4134700e+03	3.9753600e-22
8.4328700e+03	3.9845100e-22
8.4523100e+03	3.9936900e-22
8.4718100e+03	4.0029000e-22
8.4913400e+03	4.0121200e-22
8.5109200e+03	4.0213600e-22
8.5305500e+03	4.0306300e-22
8.5502200e+03	4.0399100e-22
8.5699400e+03	4.0492200e-22
8.5897000e+03	4.0585500e-22
8.6095100e+03	4.0679000e-22
8.6293600e+03	4.0772700e-22
8.6492600e+03	4.0866700e-22
8.6692100e+03	4.0960800e-22
8.6892000e+03	4.1055200e-22
8.7092300e+03	4.1149800e-22
8.7293200e+03	4.1244600e-22
8.7494500e+03	4.1339600e-22
8.7696200e+03	4.1434900e-22
8.7898500e+03	4.1530300e-22
8.8101200e+03	4.1626000e-22
8.8304300e+03	4.1721900e-22
8.8508000e+03	4.1818100e-22
8.8712100e+03	4.1914400e-22
8.8916600e+03	4.2011000e-22
8.9121700e+03	4.2107800e-22
8.9327200e+03	4.2204800e-22
8.9533200e+03	4.2302100e-22
8.9739600e+03	4.2399500e-22
8.9946600e+03	4.2497200e-22
9.0154000e+03	4.2595100e-22
9.0361900e+03	4.2693300e-22
9.0570300e+03	4.2791600e-22
9.0779100e+03	4.2890200e-22
9.0988500e+03	4.2989100e-22
9.1198300e+03	4.3088100e-22
9.1408600e+03	4.3187400e-22
9.1619400e+03	4.3286900e-22
9.1830700e+03	4.3386600e-22
9.2042400e+03	4.3486600e-22
9.2254700e+03	4.3586800e-22
9.2467400e+03	4.3687200e-22
9.2680600e+03	4.3787900e-22
9.2894400e+03	4.3888800e-22
9.3108600e+03	4.3989900e-22
9.3323300e+03	4.4091300e-22
9.3538500e+03	4.4192900e-22
9.3754200e+03	4.4294700e-22
9.3970400e+03	4.4396800e-22
9.4187100e+03	4.4499100e-22
9.4404300e+03	4.4601600e-22
9.4622000e+03	4.4704400e-22
9.4840200e+03	4.4807400e-22
9.5058900e+03	4.4910600e-22
9.5278100e+03	4.5014100e-22
9.5497800e+03	4.5117800e-22
9.5718000e+03	4.5221800e-22
9.5938700e+03	4.5326000e-22
9.6160000e+03	4.5430400e-22
9.6381700e+03	4.5535100e-22
9.6604000e+03	4.5640000e-22
9.6826700e+03	4.5745200e-22
9.7050000e+03	4.5850600e-22
9.7273800e+03	4.5956300e-22
9.7498100e+03	4.6062100e-22
9.7723000e+03	4.6168300e-22
9.7948300e+03	4.6274700e-22
9.8174200e+03	4.6381300e-22
9.8400600e+03	4.6488200e-22
9.8627500e+03	4.6595300e-22
9.8854900e+03	4.6702700e-22
9.9082900e+03	4.6810300e-22
9.9311400e+03	4.6918100e-22
9.9540400e+03	4.7026300e-22
9.9769900e+03	4.7134600e-22
1.0000000e+04	4.7243200e-22
