1.0000000e+01	3.1982300e-21
1.0023100e+01	3.1688500e-21
1.0046200e+01	3.1397400e-21
1.0069300e+01	3.1109000e-21
1.0092600e+01	3.0823300e-21
1.0115800e+01	3.0540200e-21
1.0139200e+01	3.0259700e-21
1.0162500e+01	2.9981800e-21
1.0186000e+01	2.9706500e-21
1.0209500e+01	2.9433700e-21
1.0233000e+01	2.9163400e-21
1.0256600e+01	2.8895600e-21
1.0280300e+01	2.8630300e-21
1.0304000e+01	2.8367500e-21
1.0327700e+01	2.8107100e-21
1.0351500e+01	2.7849100e-21
1.0375400e+01	2.7593400e-21
1.0399300e+01	2.7340100e-21
1.0423300e+01	2.7089200e-21
1.0447400e+01	2.6840600e-21
1.0471400e+01	2.6594200e-21
1.0495600e+01	2.6350200e-21
1.0519800e+01	2.6108400e-21
1.0544100e+01	2.5868800e-21
1.0568400e+01	2.5631400e-21
1.0592700e+01	2.5396200e-21
1.0617200e+01	2.5163200e-21
1.0641700e+01	2.4932400e-21
1.0666200e+01	2.4703600e-21
1.0690800e+01	2.4477000e-21
1.0715400e+01	2.4252500e-21
1.0740100e+01	2.4030000e-21
1.0764900e+01	2.3809600e-21
1.0789700e+01	2.3591200e-21
1.0814600e+01	2.3374800e-21
1.0839600e+01	2.3160400e-21
1.0864600e+01	2.2948000e-21
1.0889600e+01	2.2737600e-21
1.0914700e+01	2.2529100e-21
1.0939900e+01	2.2322500e-21
1.0965100e+01	2.2117800e-21
1.0990400e+01	2.1915000e-21
1.1015700e+01	2.1714000e-21
1.1041200e+01	2.1514900e-21
1.1066600e+01	2.1317700e-21
1.1092100e+01	2.1122300e-21
1.1117700e+01	2.0928600e-21
1.1143300e+01	2.0736800e-21
1.1169000e+01	2.0546700e-21
1.1194800e+01	2.0358300e-21
1.1220600e+01	2.0171700e-21
1.1246500e+01	1.9986900e-21
1.1272400e+01	1.9803700e-21
1.1298400e+01	1.9622200e-21
1.1324500e+01	1.9442300e-21
1.1350600e+01	1.9264200e-21
1.1376800e+01	1.9087600e-21
1.1403000e+01	1.8912700e-21
1.1429300e+01	1.8739400e-21
1.1455600e+01	1.8567700e-21
1.1482100e+01	1.8397600e-21
1.1508500e+01	1.8229100e-21
1.1535100e+01	1.8062100e-21
1.1561700e+01	1.7896600e-21
1.1588300e+01	1.7732700e-21
1.1615100e+01	1.7570200e-21
1.1641800e+01	1.7409300e-21
1.1668700e+01	1.7249800e-21
1.1695600e+01	1.7091800e-21
1.1722600e+01	1.6935300e-21
1.1749600e+01	1.6780200e-21
1.1776700e+01	1.6626500e-21
1.1803900e+01	1.6474300e-21
1.1831100e+01	1.6323400e-21
1.1858400e+01	1.6173900e-21
1.1885700e+01	1.6025800e-21
1.1913100e+01	1.5879100e-21
1.1940600e+01	1.5733700e-21
1.1968100e+01	1.5589700e-21
1.1995700e+01	1.5447000e-21
1.2023400e+01	1.5305600e-21
1.2051100e+01	1.5165500e-21
1.2078900e+01	1.5026700e-21
1.2106800e+01	1.4889100e-21
1.2134700e+01	1.4752900e-21
1.2162700e+01	1.4617800e-21
1.2190700e+01	1.4484100e-21
1.2218800e+01	1.4351500e-21
1.2247000e+01	1.4220200e-21
1.2275200e+01	1.4090100e-21
1.2303500e+01	1.3961200e-21
1.2331900e+01	1.3833500e-21
1.2360300e+01	1.3706900e-21
1.2388800e+01	1.3581500e-21
1.2417400e+01	1.3457300e-21
1.2446100e+01	1.3334200e-21
1.2474800e+01	1.3212200e-21
1.2503500e+01	1.3091400e-21
1.2532400e+01	1.2971700e-21
1.2561300e+01	1.2853000e-21
1.2590200e+01	1.2735500e-21
1.2619300e+01	1.2619100e-21
1.2648400e+01	1.2503700e-21
1.2677500e+01	1.2389400e-21
1.2706800e+01	1.2276100e-21
1.2736100e+01	1.2163900e-21
1.2765400e+01	1.2052700e-21
1.2794900e+01	1.1942600e-21
1.2824400e+01	1.1833400e-21
1.2853900e+01	1.1725300e-21
1.2883600e+01	1.1618200e-21
1.2913300e+01	1.1512000e-21
1.2943100e+01	1.1406800e-21
1.2972900e+01	1.1302600e-21
1.3002800e+01	1.1199400e-21
1.3032800e+01	1.1097100e-21
1.3062900e+01	1.0995700e-21
1.3093000e+01	1.0895300e-21
1.3123200e+01	1.0795800e-21
1.3153400e+01	1.0697300e-21
1.3183800e+01	1.0599600e-21
1.3214200e+01	1.0502800e-21
1.3244700e+01	1.0407000e-21
1.3275200e+01	1.0312000e-21
1.3305800e+01	1.0217900e-21
1.3336500e+01	1.0124700e-21
1.3367200e+01	1.0032300e-21
1.3398100e+01	9.9407700e-22
1.3429000e+01	9.8501000e-22
1.3459900e+01	9.7602600e-22
1.3491000e+01	9.6712600e-22
1.3522100e+01	9.5830800e-22
1.3553300e+01	9.4957200e-22
1.3584500e+01	9.4091600e-22
1.3615800e+01	9.3234100e-22
1.3647200e+01	9.2384500e-22
1.3678700e+01	9.1542800e-22
1.3710300e+01	9.0708900e-22
1.3741900e+01	8.9882800e-22
1.3773600e+01	8.9064300e-22
1.3805300e+01	8.8253400e-22
1.3837200e+01	8.7450100e-22
1.3869100e+01	8.6654200e-22
1.3901100e+01	8.5865800e-22
1.3933100e+01	8.5084700e-22
1.3965200e+01	8.4310900e-22
1.3997400e+01	8.3544300e-22
1.4029700e+01	8.2784800e-22
1.4062100e+01	8.2032500e-22
1.4094500e+01	8.1287200e-22
1.4127000e+01	8.0548900e-22
1.4159600e+01	7.9817500e-22
1.4192200e+01	7.9092900e-22
1.4225000e+01	7.8375200e-22
1.4257800e+01	7.7664300e-22
1.4290600e+01	7.6960000e-22
1.4323600e+01	7.6262500e-22
1.4356600e+01	7.5571500e-22
1.4389700e+01	7.4887000e-22
1.4422900e+01	7.4209100e-22
1.4456200e+01	7.3537600e-22
1.4489500e+01	7.2872600e-22
1.4522900e+01	7.2213900e-22
1.4556400e+01	7.1561500e-22
1.4590000e+01	7.0915500e-22
1.4623600e+01	7.0275600e-22
1.4657300e+01	6.9642000e-22
1.4691100e+01	6.9014500e-22
1.4725000e+01	6.8393200e-22
1.4759000e+01	6.7778000e-22
1.4793000e+01	6.7168900e-22
1.4827100e+01	6.6565800e-22
1.4861300e+01	6.5968700e-22
1.4895600e+01	6.5377700e-22
1.4929900e+01	6.4792600e-22
1.4964400e+01	6.4213500e-22
1.4998900e+01	6.3640400e-22
1.5033500e+01	6.3073200e-22
1.5068100e+01	6.2512000e-22
1.5102900e+01	6.1956700e-22
1.5137700e+01	6.1407500e-22
1.5172600e+01	6.0864200e-22
1.5207600e+01	6.0327000e-22
1.5242700e+01	5.9795800e-22
1.5277800e+01	5.9270800e-22
1.5313100e+01	5.8751900e-22
1.5348400e+01	5.8239300e-22
1.5383800e+01	5.7733000e-22
1.5419200e+01	5.7233100e-22
1.5454800e+01	5.6739900e-22
1.5490400e+01	5.6253300e-22
1.5526100e+01	5.5773600e-22
1.5561900e+01	5.5301000e-22
1.5597800e+01	5.4835800e-22
1.5633800e+01	5.4378200e-22
1.5669900e+01	5.3928600e-22
1.5706000e+01	5.3487400e-22
1.5742200e+01	5.3055100e-22
1.5778500e+01	5.2632300e-22
1.5814900e+01	5.2219600e-22
1.5851400e+01	5.1818000e-22
1.5887900e+01	5.1428300e-22
1.5924600e+01	5.1051900e-22
1.5961300e+01	5.0690200e-22
1.5998100e+01	5.0345000e-22
1.6035000e+01	5.0018700e-22
1.6072000e+01	4.9713900e-22
1.6109000e+01	4.9434300e-22
1.6146200e+01	4.9184300e-22
1.6183400e+01	4.8969700e-22
1.6220700e+01	4.8798000e-22
1.6258100e+01	4.8679100e-22
1.6295600e+01	4.8626300e-22
1.6333200e+01	4.8657500e-22
1.6370900e+01	4.8797700e-22
1.6408600e+01	4.9082500e-22
1.6446400e+01	4.9563600e-22
1.6484400e+01	5.0318000e-22
1.6522400e+01	5.1465600e-22
1.6560500e+01	5.3199300e-22
1.6598700e+01	5.5845900e-22
1.6636900e+01	5.9995400e-22
1.6675300e+01	6.6804400e-22
1.6713800e+01	7.8832400e-22
1.6752300e+01	1.0293600e-21
1.6790900e+01	1.6536900e-21
1.6829700e+01	5.4389500e-21
1.6868500e+01	3.8451000e-21
1.6907400e+01	1.4605100e-21
1.6946400e+01	9.4231300e-22
1.6985400e+01	7.2649800e-22
1.7024600e+01	6.1279100e-22
1.7063900e+01	5.4458900e-22
1.7103200e+01	4.9997400e-22
1.7142700e+01	4.6883100e-22
1.7182200e+01	4.4593800e-22
1.7221800e+01	4.2837200e-22
1.7261500e+01	4.1439500e-22
1.7301300e+01	4.0292300e-22
1.7341200e+01	3.9325200e-22
1.7381200e+01	3.8491000e-22
1.7421300e+01	3.7757200e-22
1.7461500e+01	3.7100600e-22
1.7501700e+01	3.6504600e-22
1.7542100e+01	3.5956900e-22
1.7582500e+01	3.5448400e-22
1.7623100e+01	3.4971900e-22
1.7663700e+01	3.4522000e-22
1.7704500e+01	3.4094600e-22
1.7745300e+01	3.3686300e-22
1.7786200e+01	3.3294300e-22
1.7827200e+01	3.2916600e-22
1.7868300e+01	3.2551300e-22
1.7909500e+01	3.2197100e-22
1.7950800e+01	3.1852700e-22
1.7992200e+01	3.1517100e-22
1.8033700e+01	3.1189500e-22
1.8075300e+01	3.0869200e-22
1.8117000e+01	3.0555500e-22
1.8158800e+01	3.0248000e-22
1.8200600e+01	2.9946200e-22
1.8242600e+01	2.9649700e-22
1.8284700e+01	2.9358200e-22
1.8326800e+01	2.9071300e-22
1.8369100e+01	2.8788900e-22
1.8411500e+01	2.8510700e-22
1.8453900e+01	2.8236400e-22
1.8496500e+01	2.7966000e-22
1.8539100e+01	2.7699300e-22
1.8581900e+01	2.7436000e-22
1.8624700e+01	2.7176100e-22
1.8667700e+01	2.6919500e-22
1.8710700e+01	2.6666000e-22
1.8753900e+01	2.6415600e-22
1.8797100e+01	2.6168100e-22
1.8840500e+01	2.5923500e-22
1.8883900e+01	2.5681700e-22
1.8927500e+01	2.5442700e-22
1.8971100e+01	2.5206300e-22
1.9014900e+01	2.4972500e-22
1.9058700e+01	2.4741300e-22
1.9102700e+01	2.4512500e-22
1.9146700e+01	2.4286200e-22
1.9190900e+01	2.4062300e-22
1.9235100e+01	2.3840700e-22
1.9279500e+01	2.3621500e-22
1.9323900e+01	2.3404500e-22
1.9368500e+01	2.3189700e-22
1.9413200e+01	2.2977100e-22
1.9457900e+01	2.2766700e-22
1.9502800e+01	2.2558400e-22
1.9547800e+01	2.2352300e-22
1.9592800e+01	2.2148100e-22
1.9638000e+01	2.1946000e-22
1.9683300e+01	2.1746000e-22
1.9728700e+01	2.1547800e-22
1.9774200e+01	2.1351700e-22
1.9819800e+01	2.1157500e-22
1.9865500e+01	2.0965100e-22
1.9911300e+01	2.0774700e-22
1.9957200e+01	2.0586100e-22
2.0003200e+01	2.0399300e-22
2.0049400e+01	2.0214400e-22
2.0095600e+01	2.0031200e-22
2.0141900e+01	1.9849800e-22
2.0188400e+01	1.9670100e-22
2.0234900e+01	1.9492200e-22
2.0281600e+01	1.9316000e-22
2.0328400e+01	1.9141400e-22
2.0375300e+01	1.8968500e-22
2.0422200e+01	1.8797300e-22
2.0469300e+01	1.8627700e-22
2.0516500e+01	1.8459700e-22
2.0563800e+01	1.8293400e-22
2.0611300e+01	1.8128600e-22
2.0658800e+01	1.7965300e-22
2.0706400e+01	1.7803600e-22
2.0754200e+01	1.7643500e-22
2.0802000e+01	1.7484800e-22
2.0850000e+01	1.7327700e-22
2.0898100e+01	1.7172000e-22
2.0946300e+01	1.7017800e-22
2.0994600e+01	1.6865100e-22
2.1043000e+01	1.6713800e-22
2.1091500e+01	1.6563900e-22
2.1140200e+01	1.6415400e-22
2.1188900e+01	1.6268300e-22
2.1237800e+01	1.6122600e-22
2.1286800e+01	1.5978300e-22
2.1335800e+01	1.5835300e-22
2.1385000e+01	1.5693700e-22
2.1434400e+01	1.5553400e-22
2.1483800e+01	1.5414400e-22
2.1533300e+01	1.5276700e-22
2.1583000e+01	1.5140300e-22
2.1632700e+01	1.5005200e-22
2.1682600e+01	1.4871300e-22
2.1732600e+01	1.4738700e-22
2.1782800e+01	1.4607300e-22
2.1833000e+01	1.4477200e-22
2.1883300e+01	1.4348300e-22
2.1933800e+01	1.4220600e-22
2.1984400e+01	1.4094000e-22
2.2035100e+01	1.3968700e-22
2.2085900e+01	1.3844500e-22
2.2136800e+01	1.3721500e-22
2.2187900e+01	1.3599600e-22
2.2239000e+01	1.3478900e-22
2.2290300e+01	1.3359300e-22
2.2341700e+01	1.3240800e-22
2.2393200e+01	1.3123400e-22
2.2444900e+01	1.3007200e-22
2.2496600e+01	1.2892000e-22
2.2548500e+01	1.2777800e-22
2.2600500e+01	1.2664800e-22
2.2652600e+01	1.2552800e-22
2.2704900e+01	1.2441800e-22
2.2757200e+01	1.2331900e-22
2.2809700e+01	1.2222900e-22
2.2862300e+01	1.2115100e-22
2.2915000e+01	1.2008200e-22
2.2967900e+01	1.1902300e-22
2.3020800e+01	1.1797400e-22
2.3073900e+01	1.1693400e-22
2.3127100e+01	1.1590500e-22
2.3180400e+01	1.1488500e-22
2.3233900e+01	1.1387400e-22
2.3287500e+01	1.1287300e-22
2.3341200e+01	1.1188200e-22
2.3395000e+01	1.1089900e-22
2.3448900e+01	1.0992600e-22
2.3503000e+01	1.0896200e-22
2.3557200e+01	1.0800600e-22
2.3611500e+01	1.0706000e-22
2.3666000e+01	1.0612200e-22
2.3720600e+01	1.0519400e-22
2.3775300e+01	1.0427300e-22
2.3830100e+01	1.0336200e-22
2.3885000e+01	1.0245900e-22
2.3940100e+01	1.0156400e-22
2.3995300e+01	1.0067800e-22
2.4050700e+01	9.9799900e-23
2.4106100e+01	9.8930000e-23
2.4161700e+01	9.8068300e-23
2.4217400e+01	9.7214700e-23
2.4273300e+01	9.6368900e-23
2.4329200e+01	9.5531100e-23
2.4385400e+01	9.4701100e-23
2.4441600e+01	9.3878900e-23
2.4497900e+01	9.3064300e-23
2.4554400e+01	9.2257400e-23
2.4611100e+01	9.1458000e-23
2.4667800e+01	9.0666000e-23
2.4724700e+01	8.9881500e-23
2.4781700e+01	8.9104300e-23
2.4838900e+01	8.8334300e-23
2.4896100e+01	8.7571600e-23
2.4953600e+01	8.6815900e-23
2.5011100e+01	8.6067400e-23
2.5068800e+01	8.5325800e-23
2.5126600e+01	8.4591200e-23
2.5184500e+01	8.3863500e-23
2.5242600e+01	8.3142600e-23
2.5300800e+01	8.2428400e-23
2.5359200e+01	8.1720900e-23
2.5417600e+01	8.1020100e-23
2.5476200e+01	8.0325800e-23
2.5535000e+01	7.9638000e-23
2.5593900e+01	7.8956700e-23
2.5652900e+01	7.8281700e-23
2.5712100e+01	7.7613100e-23
2.5771300e+01	7.6950800e-23
2.5830800e+01	7.6294700e-23
2.5890300e+01	7.5644700e-23
2.5950000e+01	7.5000900e-23
2.6009900e+01	7.4363000e-23
2.6069900e+01	7.3731200e-23
2.6130000e+01	7.3105300e-23
2.6190200e+01	7.2485300e-23
2.6250600e+01	7.1871200e-23
2.6311200e+01	7.1262800e-23
2.6371800e+01	7.0660100e-23
2.6432600e+01	7.0063100e-23
2.6493600e+01	6.9471800e-23
2.6554700e+01	6.8886000e-23
2.6615900e+01	6.8305700e-23
2.6677300e+01	6.7730900e-23
2.6738800e+01	6.7161500e-23
2.6800500e+01	6.6597500e-23
2.6862300e+01	6.6038800e-23
2.6924200e+01	6.5485400e-23
2.6986300e+01	6.4937200e-23
2.7048600e+01	6.4394200e-23
2.7110900e+01	6.3856300e-23
2.7173400e+01	6.3323500e-23
2.7236100e+01	6.2795800e-23
2.7298900e+01	6.2273000e-23
2.7361900e+01	6.1755200e-23
2.7425000e+01	6.1242300e-23
2.7488200e+01	6.0734300e-23
2.7551600e+01	6.0231000e-23
2.7615100e+01	5.9732600e-23
2.7678800e+01	5.9238900e-23
2.7742600e+01	5.8749800e-23
2.7806600e+01	5.8265400e-23
2.7870700e+01	5.7785600e-23
2.7935000e+01	5.7310400e-23
2.7999400e+01	5.6839700e-23
2.8064000e+01	5.6373500e-23
2.8128700e+01	5.5911700e-23
2.8193600e+01	5.5454300e-23
2.8258600e+01	5.5001300e-23
2.8323700e+01	5.4552500e-23
2.8389100e+01	5.4108100e-23
2.8454500e+01	5.3667900e-23
2.8520100e+01	5.3231900e-23
2.8585900e+01	5.2800100e-23
2.8651800e+01	5.2372400e-23
2.8717900e+01	5.1948800e-23
2.8784100e+01	5.1529300e-23
2.8850500e+01	5.1113800e-23
2.8917000e+01	5.0702200e-23
2.8983700e+01	5.0294600e-23
2.9050600e+01	4.9890900e-23
2.9117500e+01	4.9491100e-23
2.9184700e+01	4.9095200e-23
2.9252000e+01	4.8703000e-23
2.9319400e+01	4.8314600e-23
2.9387100e+01	4.7929900e-23
2.9454800e+01	4.7549000e-23
2.9522700e+01	4.7171700e-23
2.9590800e+01	4.6798100e-23
2.9659100e+01	4.6428100e-23
2.9727500e+01	4.6061600e-23
2.9796000e+01	4.5698700e-23
2.9864700e+01	4.5339300e-23
2.9933600e+01	4.4983400e-23
3.0002600e+01	4.4630900e-23
3.0071800e+01	4.4281800e-23
3.0141100e+01	4.3936100e-23
3.0210600e+01	4.3593800e-23
3.0280300e+01	4.3254800e-23
3.0350100e+01	4.2919100e-23
3.0420100e+01	4.2586700e-23
3.0490300e+01	4.2257500e-23
3.0560600e+01	4.1931500e-23
3.0631100e+01	4.1608700e-23
3.0701700e+01	4.1289000e-23
3.0772500e+01	4.0972500e-23
3.0843500e+01	4.0659000e-23
3.0914600e+01	4.0348600e-23
3.0985900e+01	4.0041300e-23
3.1057300e+01	3.9736900e-23
3.1128900e+01	3.9435600e-23
3.1200700e+01	3.9137200e-23
3.1272700e+01	3.8841700e-23
3.1344800e+01	3.8549200e-23
3.1417100e+01	3.8259500e-23
3.1489500e+01	3.7972700e-23
3.1562100e+01	3.7688700e-23
3.1634900e+01	3.7407500e-23
3.1707900e+01	3.7129100e-23
3.1781000e+01	3.6853400e-23
3.1854300e+01	3.6580500e-23
3.1927700e+01	3.6310200e-23
3.2001400e+01	3.6042700e-23
3.2075200e+01	3.5777800e-23
3.2149100e+01	3.5515500e-23
3.2223300e+01	3.5255900e-23
3.2297600e+01	3.4998800e-23
3.2372000e+01	3.4744300e-23
3.2446700e+01	3.4492300e-23
3.2521500e+01	3.4242800e-23
3.2596500e+01	3.3995800e-23
3.2671700e+01	3.3751300e-23
3.2747000e+01	3.3509300e-23
3.2822500e+01	3.3269600e-23
3.2898200e+01	3.3032400e-23
3.2974100e+01	3.2797600e-23
3.3050100e+01	3.2565100e-23
3.3126300e+01	3.2334900e-23
3.3202700e+01	3.2107100e-23
3.3279300e+01	3.1881600e-23
3.3356000e+01	3.1658300e-23
3.3433000e+01	3.1437300e-23
3.3510000e+01	3.1218500e-23
3.3587300e+01	3.1002000e-23
3.3664800e+01	3.0787600e-23
3.3742400e+01	3.0575400e-23
3.3820200e+01	3.0365400e-23
3.3898200e+01	3.0157500e-23
3.3976400e+01	2.9951800e-23
3.4054700e+01	2.9748100e-23
3.4133300e+01	2.9546500e-23
3.4212000e+01	2.9346900e-23
3.4290900e+01	2.9149500e-23
3.4369900e+01	2.8954000e-23
3.4449200e+01	2.8760500e-23
3.4528600e+01	2.8569000e-23
3.4608300e+01	2.8379500e-23
3.4688100e+01	2.8191900e-23
3.4768100e+01	2.8006300e-23
3.4848200e+01	2.7822600e-23
3.4928600e+01	2.7640800e-23
3.5009100e+01	2.7460800e-23
3.5089900e+01	2.7282700e-23
3.5170800e+01	2.7106500e-23
3.5251900e+01	2.6932100e-23
3.5333200e+01	2.6759500e-23
3.5414700e+01	2.6588700e-23
3.5496300e+01	2.6419700e-23
3.5578200e+01	2.6252400e-23
3.5660200e+01	2.6086900e-23
3.5742500e+01	2.5923100e-23
3.5824900e+01	2.5761000e-23
3.5907500e+01	2.5600600e-23
3.5990300e+01	2.5441900e-23
3.6073300e+01	2.5284900e-23
3.6156500e+01	2.5129500e-23
3.6239800e+01	2.4975800e-23
3.6323400e+01	2.4823700e-23
3.6407200e+01	2.4673100e-23
3.6491100e+01	2.4524200e-23
3.6575300e+01	2.4376800e-23
3.6659600e+01	2.4231100e-23
3.6744200e+01	2.4086800e-23
3.6828900e+01	2.3944100e-23
3.6913800e+01	2.3802900e-23
3.6999000e+01	2.3663200e-23
3.7084300e+01	2.3525000e-23
3.7169800e+01	2.3388200e-23
3.7255500e+01	2.3252900e-23
3.7341400e+01	2.3119100e-23
3.7427500e+01	2.2986700e-23
3.7513800e+01	2.2855700e-23
3.7600300e+01	2.2726200e-23
3.7687000e+01	2.2598000e-23
3.7773900e+01	2.2471200e-23
3.7861100e+01	2.2345700e-23
3.7948400e+01	2.2221600e-23
3.8035900e+01	2.2098900e-23
3.8123600e+01	2.1977500e-23
3.8211500e+01	2.1857300e-23
3.8299600e+01	2.1738500e-23
3.8387900e+01	2.1621000e-23
3.8476500e+01	2.1504800e-23
3.8565200e+01	2.1389800e-23
3.8654100e+01	2.1276100e-23
3.8743300e+01	2.1163600e-23
3.8832600e+01	2.1052300e-23
3.8922100e+01	2.0942300e-23
3.9011900e+01	2.0833400e-23
3.9101900e+01	2.0725700e-23
3.9192000e+01	2.0619300e-23
3.9282400e+01	2.0514000e-23
3.9373000e+01	2.0409800e-23
3.9463800e+01	2.0306800e-23
3.9554800e+01	2.0204900e-23
3.9646000e+01	2.0104200e-23
3.9737400e+01	2.0004500e-23
3.9829100e+01	1.9906000e-23
3.9920900e+01	1.9808500e-23
4.0013000e+01	1.9712200e-23
4.0105200e+01	1.9616800e-23
4.0197700e+01	1.9522600e-23
4.0290400e+01	1.9429400e-23
4.0383300e+01	1.9337200e-23
4.0476400e+01	1.9246100e-23
4.0569800e+01	1.9155900e-23
4.0663300e+01	1.9066800e-23
4.0757100e+01	1.8978600e-23
4.0851100e+01	1.8891500e-23
4.0945300e+01	1.8805300e-23
4.1039700e+01	1.8720100e-23
4.1134400e+01	1.8635800e-23
4.1229200e+01	1.8552500e-23
4.1324300e+01	1.8470100e-23
4.1419600e+01	1.8388600e-23
4.1515100e+01	1.8308100e-23
4.1610800e+01	1.8228400e-23
4.1706800e+01	1.8149700e-23
4.1803000e+01	1.8071800e-23
4.1899400e+01	1.7994800e-23
4.1996000e+01	1.7918700e-23
4.2092800e+01	1.7843400e-23
4.2189900e+01	1.7769000e-23
4.2287200e+01	1.7695500e-23
4.2384700e+01	1.7622700e-23
4.2482400e+01	1.7550800e-23
4.2580400e+01	1.7479700e-23
4.2678600e+01	1.7409400e-23
4.2777000e+01	1.7339900e-23
4.2875700e+01	1.7271200e-23
4.2974500e+01	1.7203200e-23
4.3073600e+01	1.7136100e-23
4.3173000e+01	1.7069600e-23
4.3272500e+01	1.7004000e-23
4.3372300e+01	1.6939100e-23
4.3472300e+01	1.6874900e-23
4.3572600e+01	1.6811500e-23
4.3673000e+01	1.6748800e-23
4.3773700e+01	1.6686800e-23
4.3874700e+01	1.6625500e-23
4.3975900e+01	1.6564900e-23
4.4077300e+01	1.6505000e-23
4.4178900e+01	1.6445700e-23
4.4280800e+01	1.6387200e-23
4.4382900e+01	1.6329300e-23
4.4485300e+01	1.6272100e-23
4.4587800e+01	1.6215500e-23
4.4690700e+01	1.6159600e-23
4.4793700e+01	1.6104300e-23
4.4897000e+01	1.6049700e-23
4.5000500e+01	1.5995700e-23
4.5104300e+01	1.5942300e-23
4.5208300e+01	1.5889500e-23
4.5312600e+01	1.5837300e-23
4.5417100e+01	1.5785700e-23
4.5521800e+01	1.5734700e-23
4.5626800e+01	1.5684300e-23
4.5732000e+01	1.5634400e-23
4.5837400e+01	1.5585100e-23
4.5943100e+01	1.5536400e-23
4.6049100e+01	1.5488300e-23
4.6155300e+01	1.5440700e-23
4.6261700e+01	1.5393600e-23
4.6368400e+01	1.5347100e-23
4.6475300e+01	1.5301100e-23
4.6582500e+01	1.5255600e-23
4.6689900e+01	1.5210700e-23
4.6797600e+01	1.5166300e-23
4.6905500e+01	1.5122300e-23
4.7013700e+01	1.5078900e-23
4.7122100e+01	1.5036000e-23
4.7230700e+01	1.4993600e-23
4.7339700e+01	1.4951600e-23
4.7448800e+01	1.4910100e-23
4.7558200e+01	1.4869100e-23
4.7667900e+01	1.4828600e-23
4.7777800e+01	1.4788600e-23
4.7888000e+01	1.4748900e-23
4.7998400e+01	1.4709800e-23
4.8109100e+01	1.4671100e-23
4.8220100e+01	1.4632800e-23
4.8331300e+01	1.4595000e-23
4.8442700e+01	1.4557600e-23
4.8554400e+01	1.4520600e-23
4.8666400e+01	1.4484000e-23
4.8778600e+01	1.4447900e-23
4.8891100e+01	1.4412100e-23
4.9003800e+01	1.4376800e-23
4.9116800e+01	1.4341900e-23
4.9230100e+01	1.4307300e-23
4.9343600e+01	1.4273200e-23
4.9457400e+01	1.4239400e-23
4.9571500e+01	1.4206100e-23
4.9685800e+01	1.4173100e-23
4.9800400e+01	1.4140400e-23
4.9915200e+01	1.4108200e-23
5.0030300e+01	1.4076300e-23
5.0145700e+01	1.4044700e-23
5.0261300e+01	1.4013600e-23
5.0377200e+01	1.3982700e-23
5.0493400e+01	1.3952300e-23
5.0609800e+01	1.3922100e-23
5.0726500e+01	1.3892300e-23
5.0843500e+01	1.3862800e-23
5.0960700e+01	1.3833700e-23
5.1078300e+01	1.3804900e-23
5.1196000e+01	1.3776400e-23
5.1314100e+01	1.3748200e-23
5.1432400e+01	1.3720400e-23
5.1551000e+01	1.3692800e-23
5.1669900e+01	1.3665600e-23
5.1789100e+01	1.3638600e-23
5.1908500e+01	1.3612000e-23
5.2028200e+01	1.3585600e-23
5.2148200e+01	1.3559600e-23
5.2268400e+01	1.3533800e-23
5.2389000e+01	1.3508300e-23
5.2509800e+01	1.3483100e-23
5.2630900e+01	1.3458200e-23
5.2752200e+01	1.3433500e-23
5.2873900e+01	1.3409100e-23
5.2995800e+01	1.3385000e-23
5.3118000e+01	1.3361200e-23
5.3240500e+01	1.3337600e-23
5.3363300e+01	1.3314300e-23
5.3486300e+01	1.3291200e-23
5.3609700e+01	1.3268400e-23
5.3733300e+01	1.3245800e-23
5.3857200e+01	1.3223400e-23
5.3981400e+01	1.3201400e-23
5.4105900e+01	1.3179500e-23
5.4230600e+01	1.3157900e-23
5.4355700e+01	1.3136500e-23
5.4481000e+01	1.3115400e-23
5.4606700e+01	1.3094400e-23
5.4732600e+01	1.3073700e-23
5.4858800e+01	1.3053300e-23
5.4985300e+01	1.3033000e-23
5.5112100e+01	1.3013000e-23
5.5239200e+01	1.2993100e-23
5.5366600e+01	1.2973500e-23
5.5494300e+01	1.2954100e-23
5.5622200e+01	1.2934900e-23
5.5750500e+01	1.2915900e-23
5.5879100e+01	1.2897100e-23
5.6007900e+01	1.2878500e-23
5.6137100e+01	1.2860100e-23
5.6266500e+01	1.2841900e-23
5.6396300e+01	1.2823900e-23
5.6526300e+01	1.2806100e-23
5.6656700e+01	1.2788400e-23
5.6787300e+01	1.2771000e-23
5.6918300e+01	1.2753700e-23
5.7049500e+01	1.2736600e-23
5.7181100e+01	1.2719700e-23
5.7312900e+01	1.2702900e-23
5.7445100e+01	1.2686400e-23
5.7577600e+01	1.2670000e-23
5.7710400e+01	1.2653700e-23
5.7843400e+01	1.2637700e-23
5.7976800e+01	1.2621800e-23
5.8110500e+01	1.2606000e-23
5.8244500e+01	1.2590500e-23
5.8378800e+01	1.2575000e-23
5.8513500e+01	1.2559800e-23
5.8648400e+01	1.2544700e-23
5.8783600e+01	1.2529700e-23
5.8919200e+01	1.2514900e-23
5.9055100e+01	1.2500300e-23
5.9191200e+01	1.2485800e-23
5.9327700e+01	1.2471400e-23
5.9464500e+01	1.2457200e-23
5.9601700e+01	1.2443100e-23
5.9739100e+01	1.2429200e-23
5.9876900e+01	1.2415400e-23
6.0014900e+01	1.2401700e-23
6.0153300e+01	1.2388200e-23
6.0292100e+01	1.2374800e-23
6.0431100e+01	1.2361600e-23
6.0570400e+01	1.2348500e-23
6.0710100e+01	1.2335500e-23
6.0850100e+01	1.2322600e-23
6.0990400e+01	1.2309900e-23
6.1131100e+01	1.2297200e-23
6.1272100e+01	1.2284800e-23
6.1413300e+01	1.2272400e-23
6.1555000e+01	1.2260100e-23
6.1696900e+01	1.2248000e-23
6.1839200e+01	1.2236000e-23
6.1981800e+01	1.2224100e-23
6.2124700e+01	1.2212300e-23
6.2268000e+01	1.2200600e-23
6.2411600e+01	1.2189000e-23
6.2555500e+01	1.2177600e-23
6.2699700e+01	1.2166200e-23
6.2844300e+01	1.2155000e-23
6.2989200e+01	1.2143900e-23
6.3134500e+01	1.2132900e-23
6.3280100e+01	1.2121900e-23
6.3426000e+01	1.2111100e-23
6.3572300e+01	1.2100400e-23
6.3718900e+01	1.2089800e-23
6.3865800e+01	1.2079300e-23
6.4013100e+01	1.2068800e-23
6.4160700e+01	1.2058500e-23
6.4308700e+01	1.2048300e-23
6.4457000e+01	1.2038100e-23
6.4605600e+01	1.2028100e-23
6.4754600e+01	1.2018100e-23
6.4903900e+01	1.2008300e-23
6.5053600e+01	1.1998500e-23
6.5203600e+01	1.1988800e-23
6.5353900e+01	1.1979200e-23
6.5504600e+01	1.1969700e-23
6.5655700e+01	1.1960300e-23
6.5807100e+01	1.1951000e-23
6.5958900e+01	1.1941700e-23
6.6111000e+01	1.1932600e-23
6.6263400e+01	1.1923500e-23
6.6416200e+01	1.1914500e-23
6.6569400e+01	1.1905500e-23
6.6722900e+01	1.1896700e-23
6.6876700e+01	1.1887900e-23
6.7031000e+01	1.1879200e-23
6.7185500e+01	1.1870600e-23
6.7340500e+01	1.1862100e-23
6.7495800e+01	1.1853600e-23
6.7651400e+01	1.1845200e-23
6.7807400e+01	1.1836900e-23
6.7963800e+01	1.1828700e-23
6.8120500e+01	1.1820500e-23
6.8277600e+01	1.1812400e-23
6.8435000e+01	1.1804400e-23
6.8592800e+01	1.1796400e-23
6.8751000e+01	1.1788500e-23
6.8909600e+01	1.1780700e-23
6.9068500e+01	1.1772900e-23
6.9227700e+01	1.1765200e-23
6.9387400e+01	1.1757600e-23
6.9547400e+01	1.1750000e-23
6.9707800e+01	1.1742500e-23
6.9868500e+01	1.1735100e-23
7.0029600e+01	1.1727700e-23
7.0191100e+01	1.1720400e-23
7.0353000e+01	1.1713100e-23
7.0515200e+01	1.1705900e-23
7.0677800e+01	1.1698800e-23
7.0840800e+01	1.1691700e-23
7.1004200e+01	1.1684700e-23
7.1167900e+01	1.1677700e-23
7.1332000e+01	1.1670800e-23
7.1496500e+01	1.1664000e-23
7.1661400e+01	1.1657200e-23
7.1826600e+01	1.1650400e-23
7.1992300e+01	1.1643800e-23
7.2158300e+01	1.1637100e-23
7.2324700e+01	1.1630600e-23
7.2491400e+01	1.1624000e-23
7.2658600e+01	1.1617600e-23
7.2826200e+01	1.1611100e-23
7.2994100e+01	1.1604800e-23
7.3162400e+01	1.1598500e-23
7.3331100e+01	1.1592200e-23
7.3500200e+01	1.1586000e-23
7.3669700e+01	1.1579800e-23
7.3839600e+01	1.1573700e-23
7.4009900e+01	1.1567600e-23
7.4180600e+01	1.1561600e-23
7.4351600e+01	1.1555600e-23
7.4523100e+01	1.1549700e-23
7.4694900e+01	1.1543800e-23
7.4867200e+01	1.1538000e-23
7.5039800e+01	1.1532200e-23
7.5212900e+01	1.1526400e-23
7.5386300e+01	1.1520700e-23
7.5560100e+01	1.1515100e-23
7.5734400e+01	1.1509400e-23
7.5909000e+01	1.1503900e-23
7.6084100e+01	1.1498300e-23
7.6259500e+01	1.1492800e-23
7.6435400e+01	1.1487400e-23
7.6611600e+01	1.1482000e-23
7.6788300e+01	1.1476600e-23
7.6965400e+01	1.1471300e-23
7.7142900e+01	1.1466000e-23
7.7320800e+01	1.1460700e-23
7.7499100e+01	1.1455500e-23
7.7677800e+01	1.1450400e-23
7.7856900e+01	1.1445200e-23
7.8036400e+01	1.1440100e-23
7.8216400e+01	1.1435100e-23
7.8396800e+01	1.1430000e-23
7.8577500e+01	1.1425100e-23
7.8758700e+01	1.1420100e-23
7.8940400e+01	1.1415200e-23
7.9122400e+01	1.1410300e-23
7.9304900e+01	1.1405500e-23
7.9487700e+01	1.1400700e-23
7.9671000e+01	1.1395900e-23
7.9854800e+01	1.1391200e-23
8.0038900e+01	1.1386500e-23
8.0223500e+01	1.1381800e-23
8.0408500e+01	1.1377100e-23
8.0593900e+01	1.1372500e-23
8.0779700e+01	1.1368000e-23
8.0966000e+01	1.1363400e-23
8.1152700e+01	1.1358900e-23
8.1339900e+01	1.1354400e-23
8.1527400e+01	1.1350000e-23
8.1715400e+01	1.1345600e-23
8.1903900e+01	1.1341200e-23
8.2092700e+01	1.1336900e-23
8.2282000e+01	1.1332500e-23
8.2471800e+01	1.1328200e-23
8.2662000e+01	1.1324000e-23
8.2852600e+01	1.1319700e-23
8.3043700e+01	1.1315500e-23
8.3235200e+01	1.1311400e-23
8.3427100e+01	1.1307200e-23
8.3619500e+01	1.1303100e-23
8.3812300e+01	1.1299000e-23
8.4005600e+01	1.1294900e-23
8.4199300e+01	1.1290900e-23
8.4393500e+01	1.1286900e-23
8.4588100e+01	1.1282900e-23
8.4783100e+01	1.1279000e-23
8.4978600e+01	1.1275000e-23
8.5174600e+01	1.1271100e-23
8.5371000e+01	1.1267200e-23
8.5567900e+01	1.1263400e-23
8.5765200e+01	1.1259600e-23
8.5963000e+01	1.1255800e-23
8.6161200e+01	1.1252000e-23
8.6359900e+01	1.1248200e-23
8.6559000e+01	1.1244500e-23
8.6758600e+01	1.1240800e-23
8.6958700e+01	1.1237100e-23
8.7159200e+01	1.1233500e-23
8.7360200e+01	1.1229900e-23
8.7561700e+01	1.1226300e-23
8.7763600e+01	1.1222700e-23
8.7966000e+01	1.1219100e-23
8.8168800e+01	1.1215600e-23
8.8372200e+01	1.1212100e-23
8.8575900e+01	1.1208600e-23
8.8780200e+01	1.1205100e-23
8.8984900e+01	1.1201700e-23
8.9190100e+01	1.1198200e-23
8.9395800e+01	1.1194800e-23
8.9601900e+01	1.1191400e-23
8.9808600e+01	1.1188100e-23
9.0015700e+01	1.1184700e-23
9.0223200e+01	1.1181400e-23
9.0431300e+01	1.1178100e-23
9.0639800e+01	1.1174900e-23
9.0848900e+01	1.1171600e-23
9.1058300e+01	1.1168400e-23
9.1268300e+01	1.1165200e-23
9.1478800e+01	1.1162000e-23
9.1689700e+01	1.1158800e-23
9.1901200e+01	1.1155600e-23
9.2113100e+01	1.1152500e-23
9.2325500e+01	1.1149400e-23
9.2538400e+01	1.1146300e-23
9.2751800e+01	1.1143200e-23
9.2965700e+01	1.1140100e-23
9.3180100e+01	1.1137100e-23
9.3395000e+01	1.1134100e-23
9.3610300e+01	1.1131100e-23
9.3826200e+01	1.1128100e-23
9.4042600e+01	1.1125100e-23
9.4259400e+01	1.1122200e-23
9.4476800e+01	1.1119200e-23
9.4694600e+01	1.1116300e-23
9.4913000e+01	1.1113400e-23
9.5131900e+01	1.1110600e-23
9.5351300e+01	1.1107700e-23
9.5571100e+01	1.1104900e-23
9.5791500e+01	1.1102000e-23
9.6012400e+01	1.1099200e-23
9.6233800e+01	1.1096400e-23
9.6455700e+01	1.1093700e-23
9.6678200e+01	1.1090900e-23
9.6901100e+01	1.1088200e-23
9.7124600e+01	1.1085400e-23
9.7348500e+01	1.1082700e-23
9.7573000e+01	1.1080000e-23
9.7798000e+01	1.1077300e-23
9.8023600e+01	1.1074700e-23
9.8249600e+01	1.1072000e-23
9.8476200e+01	1.1069400e-23
9.8703200e+01	1.1066800e-23
9.8930900e+01	1.1064200e-23
9.9159000e+01	1.1061600e-23
9.9387700e+01	1.1059000e-23
9.9616800e+01	1.1056500e-23
9.9846600e+01	1.1053900e-23
1.0007700e+02	1.1051400e-23
1.0030800e+02	1.1048900e-23
1.0053900e+02	1.1046400e-23
1.0077100e+02	1.1043900e-23
1.0100300e+02	1.1041500e-23
1.0123600e+02	1.1039000e-23
1.0146900e+02	1.1036600e-23
1.0170300e+02	1.1034100e-23
1.0193800e+02	1.1031700e-23
1.0217300e+02	1.1029300e-23
1.0240900e+02	1.1026900e-23
1.0264500e+02	1.1024600e-23
1.0288200e+02	1.1022200e-23
1.0311900e+02	1.1019900e-23
1.0335700e+02	1.1017500e-23
1.0359500e+02	1.1015200e-23
1.0383400e+02	1.1012900e-23
1.0407300e+02	1.1010600e-23
1.0431300e+02	1.1008400e-23
1.0455400e+02	1.1006100e-23
1.0479500e+02	1.1003800e-23
1.0503700e+02	1.1001600e-23
1.0527900e+02	1.0999400e-23
1.0552200e+02	1.0997200e-23
1.0576500e+02	1.0995000e-23
1.0600900e+02	1.0992800e-23
1.0625300e+02	1.0990600e-23
1.0649800e+02	1.0988400e-23
1.0674400e+02	1.0986300e-23
1.0699000e+02	1.0984200e-23
1.0723700e+02	1.0982000e-23
1.0748400e+02	1.0979900e-23
1.0773200e+02	1.0977800e-23
1.0798000e+02	1.0975700e-23
1.0822900e+02	1.0973600e-23
1.0847900e+02	1.0971600e-23
1.0872900e+02	1.0969500e-23
1.0898000e+02	1.0967500e-23
1.0923100e+02	1.0965400e-23
1.0948300e+02	1.0963400e-23
1.0973500e+02	1.0961400e-23
1.0998800e+02	1.0959400e-23
1.1024200e+02	1.0957400e-23
1.1049600e+02	1.0955500e-23
1.1075100e+02	1.0953500e-23
1.1100700e+02	1.0951500e-23
1.1126200e+02	1.0949600e-23
1.1151900e+02	1.0947700e-23
1.1177600e+02	1.0945700e-23
1.1203400e+02	1.0943800e-23
1.1229200e+02	1.0941900e-23
1.1255100e+02	1.0940000e-23
1.1281100e+02	1.0938200e-23
1.1307100e+02	1.0936300e-23
1.1333200e+02	1.0934400e-23
1.1359300e+02	1.0932600e-23
1.1385500e+02	1.0930800e-23
1.1411800e+02	1.0928900e-23
1.1438100e+02	1.0927100e-23
1.1464400e+02	1.0925300e-23
1.1490900e+02	1.0923500e-23
1.1517400e+02	1.0921700e-23
1.1543900e+02	1.0919900e-23
1.1570600e+02	1.0918200e-23
1.1597200e+02	1.0916400e-23
1.1624000e+02	1.0914700e-23
1.1650800e+02	1.0912900e-23
1.1677700e+02	1.0911200e-23
1.1704600e+02	1.0909500e-23
1.1731600e+02	1.0907800e-23
1.1758600e+02	1.0906100e-23
1.1785700e+02	1.0904400e-23
1.1812900e+02	1.0902700e-23
1.1840200e+02	1.0901100e-23
1.1867500e+02	1.0899400e-23
1.1894800e+02	1.0897700e-23
1.1922300e+02	1.0896100e-23
1.1949800e+02	1.0894500e-23
1.1977300e+02	1.0892800e-23
1.2004900e+02	1.0891200e-23
1.2032600e+02	1.0889600e-23
1.2060400e+02	1.0888000e-23
1.2088200e+02	1.0886400e-23
1.2116100e+02	1.0884900e-23
1.2144000e+02	1.0883300e-23
1.2172000e+02	1.0881700e-23
1.2200100e+02	1.0880200e-23
1.2228200e+02	1.0878600e-23
1.2256400e+02	1.0877100e-23
1.2284700e+02	1.0875600e-23
1.2313000e+02	1.0874100e-23
1.2341400e+02	1.0872600e-23
1.2369800e+02	1.0871100e-23
1.2398400e+02	1.0869600e-23
1.2427000e+02	1.0868100e-23
1.2455600e+02	1.0866600e-23
1.2484300e+02	1.0865100e-23
1.2513100e+02	1.0863700e-23
1.2542000e+02	1.0862200e-23
1.2570900e+02	1.0860800e-23
1.2599900e+02	1.0859400e-23
1.2628900e+02	1.0858000e-23
1.2658100e+02	1.0856500e-23
1.2687300e+02	1.0855100e-23
1.2716500e+02	1.0853700e-23
1.2745800e+02	1.0852300e-23
1.2775200e+02	1.0851000e-23
1.2804700e+02	1.0849600e-23
1.2834200e+02	1.0848200e-23
1.2863800e+02	1.0846900e-23
1.2893500e+02	1.0845500e-23
1.2923200e+02	1.0844200e-23
1.2953000e+02	1.0842800e-23
1.2982900e+02	1.0841500e-23
1.3012800e+02	1.0840200e-23
1.3042800e+02	1.0838900e-23
1.3072900e+02	1.0837600e-23
1.3103100e+02	1.0836300e-23
1.3133300e+02	1.0835000e-23
1.3163600e+02	1.0833700e-23
1.3193900e+02	1.0832400e-23
1.3224300e+02	1.0831200e-23
1.3254800e+02	1.0829900e-23
1.3285400e+02	1.0828700e-23
1.3316000e+02	1.0827400e-23
1.3346700e+02	1.0826200e-23
1.3377500e+02	1.0825000e-23
1.3408400e+02	1.0823800e-23
1.3439300e+02	1.0822500e-23
1.3470300e+02	1.0821300e-23
1.3501300e+02	1.0820100e-23
1.3532500e+02	1.0819000e-23
1.3563700e+02	1.0817800e-23
1.3595000e+02	1.0816600e-23
1.3626300e+02	1.0815400e-23
1.3657700e+02	1.0814300e-23
1.3689200e+02	1.0813100e-23
1.3720800e+02	1.0812000e-23
1.3752400e+02	1.0810800e-23
1.3784100e+02	1.0809700e-23
1.3815900e+02	1.0808600e-23
1.3847800e+02	1.0807500e-23
1.3879700e+02	1.0806400e-23
1.3911700e+02	1.0805300e-23
1.3943800e+02	1.0804200e-23
1.3976000e+02	1.0803100e-23
1.4008200e+02	1.0802000e-23
1.4040500e+02	1.0800900e-23
1.4072900e+02	1.0799900e-23
1.4105300e+02	1.0798800e-23
1.4137900e+02	1.0797700e-23
1.4170500e+02	1.0796700e-23
1.4203100e+02	1.0795700e-23
1.4235900e+02	1.0794600e-23
1.4268700e+02	1.0793600e-23
1.4301600e+02	1.0792600e-23
1.4334600e+02	1.0791600e-23
1.4367700e+02	1.0790600e-23
1.4400800e+02	1.0789600e-23
1.4434000e+02	1.0788600e-23
1.4467300e+02	1.0787600e-23
1.4500600e+02	1.0786600e-23
1.4534100e+02	1.0785600e-23
1.4567600e+02	1.0784700e-23
1.4601200e+02	1.0783700e-23
1.4634900e+02	1.0782800e-23
1.4668600e+02	1.0781800e-23
1.4702400e+02	1.0780900e-23
1.4736300e+02	1.0780000e-23
1.4770300e+02	1.0779000e-23
1.4804400e+02	1.0778100e-23
1.4838500e+02	1.0777200e-23
1.4872700e+02	1.0776300e-23
1.4907000e+02	1.0775400e-23
1.4941400e+02	1.0774500e-23
1.4975900e+02	1.0773600e-23
1.5010400e+02	1.0772800e-23
1.5045000e+02	1.0771900e-23
1.5079700e+02	1.0771000e-23
1.5114500e+02	1.0770200e-23
1.5149300e+02	1.0769300e-23
1.5184300e+02	1.0768500e-23
1.5219300e+02	1.0767700e-23
1.5254400e+02	1.0766800e-23
1.5289600e+02	1.0766000e-23
1.5324800e+02	1.0765200e-23
1.5360100e+02	1.0764400e-23
1.5395600e+02	1.0763600e-23
1.5431100e+02	1.0762800e-23
1.5466700e+02	1.0762000e-23
1.5502300e+02	1.0761200e-23
1.5538100e+02	1.0760400e-23
1.5573900e+02	1.0759600e-23
1.5609800e+02	1.0758900e-23
1.5645800e+02	1.0758100e-23
1.5681900e+02	1.0757400e-23
1.5718100e+02	1.0756600e-23
1.5754300e+02	1.0755900e-23
1.5790600e+02	1.0755100e-23
1.5827000e+02	1.0754400e-23
1.5863500e+02	1.0753700e-23
1.5900100e+02	1.0753000e-23
1.5936800e+02	1.0752300e-23
1.5973500e+02	1.0751600e-23
1.6010400e+02	1.0750900e-23
1.6047300e+02	1.0750200e-23
1.6084300e+02	1.0749500e-23
1.6121400e+02	1.0748800e-23
1.6158600e+02	1.0748100e-23
1.6195800e+02	1.0747500e-23
1.6233200e+02	1.0746800e-23
1.6270600e+02	1.0746200e-23
1.6308100e+02	1.0745500e-23
1.6345700e+02	1.0744900e-23
1.6383400e+02	1.0744300e-23
1.6421200e+02	1.0743600e-23
1.6459100e+02	1.0743000e-23
1.6497000e+02	1.0742400e-23
1.6535100e+02	1.0741800e-23
1.6573200e+02	1.0741200e-23
1.6611400e+02	1.0740600e-23
1.6649700e+02	1.0740000e-23
1.6688100e+02	1.0739400e-23
1.6726600e+02	1.0738800e-23
1.6765200e+02	1.0738300e-23
1.6803800e+02	1.0737700e-23
1.6842600e+02	1.0737100e-23
1.6881400e+02	1.0736600e-23
1.6920400e+02	1.0736000e-23
1.6959400e+02	1.0735500e-23
1.6998500e+02	1.0735000e-23
1.7037700e+02	1.0734400e-23
1.7077000e+02	1.0733900e-23
1.7116300e+02	1.0733400e-23
1.7155800e+02	1.0732900e-23
1.7195400e+02	1.0732400e-23
1.7235000e+02	1.0731900e-23
1.7274800e+02	1.0731400e-23
1.7314600e+02	1.0730900e-23
1.7354500e+02	1.0730400e-23
1.7394600e+02	1.0730000e-23
1.7434700e+02	1.0729500e-23
1.7474900e+02	1.0729100e-23
1.7515200e+02	1.0728600e-23
1.7555600e+02	1.0728200e-23
1.7596000e+02	1.0727700e-23
1.7636600e+02	1.0727300e-23
1.7677300e+02	1.0726800e-23
1.7718100e+02	1.0726400e-23
1.7758900e+02	1.0726000e-23
1.7799900e+02	1.0725600e-23
1.7840900e+02	1.0725200e-23
1.7882100e+02	1.0724800e-23
1.7923300e+02	1.0724400e-23
1.7964600e+02	1.0724000e-23
1.8006100e+02	1.0723600e-23
1.8047600e+02	1.0723300e-23
1.8089200e+02	1.0722900e-23
1.8130900e+02	1.0722500e-23
1.8172700e+02	1.0722200e-23
1.8214600e+02	1.0721800e-23
1.8256600e+02	1.0721500e-23
1.8298700e+02	1.0721200e-23
1.8340900e+02	1.0720800e-23
1.8383200e+02	1.0720500e-23
1.8425600e+02	1.0720200e-23
1.8468100e+02	1.0719900e-23
1.8510700e+02	1.0719600e-23
1.8553400e+02	1.0719300e-23
1.8596200e+02	1.0719000e-23
1.8639000e+02	1.0718700e-23
1.8682000e+02	1.0718400e-23
1.8725100e+02	1.0718200e-23
1.8768300e+02	1.0717900e-23
1.8811600e+02	1.0717600e-23
1.8854900e+02	1.0717400e-23
1.8898400e+02	1.0717100e-23
1.8942000e+02	1.0716900e-23
1.8985700e+02	1.0716700e-23
1.9029500e+02	1.0716400e-23
1.9073300e+02	1.0716200e-23
1.9117300e+02	1.0716000e-23
1.9161400e+02	1.0715800e-23
1.9205600e+02	1.0715600e-23
1.9249900e+02	1.0715400e-23
1.9294300e+02	1.0715200e-23
1.9338800e+02	1.0715000e-23
1.9383400e+02	1.0714800e-23
1.9428100e+02	1.0714700e-23
1.9472900e+02	1.0714500e-23
1.9517800e+02	1.0714300e-23
1.9562800e+02	1.0714200e-23
1.9607900e+02	1.0714000e-23
1.9653100e+02	1.0713900e-23
1.9698400e+02	1.0713800e-23
1.9743800e+02	1.0713600e-23
1.9789400e+02	1.0713500e-23
1.9835000e+02	1.0713400e-23
1.9880800e+02	1.0713300e-23
1.9926600e+02	1.0713200e-23
1.9972500e+02	1.0713100e-23
2.0018600e+02	1.0713000e-23
2.0064800e+02	1.0712900e-23
2.0111000e+02	1.0712800e-23
2.0157400e+02	1.0712800e-23
2.0203900e+02	1.0712700e-23
2.0250500e+02	1.0712600e-23
2.0297200e+02	1.0712600e-23
2.0344000e+02	1.0712600e-23
2.0390900e+02	1.0712500e-23
2.0437900e+02	1.0712500e-23
2.0485100e+02	1.0712500e-23
2.0532300e+02	1.0712400e-23
2.0579600e+02	1.0712400e-23
2.0627100e+02	1.0712400e-23
2.0674700e+02	1.0712400e-23
2.0722300e+02	1.0712400e-23
2.0770100e+02	1.0712400e-23
2.0818000e+02	1.0712500e-23
2.0866000e+02	1.0712500e-23
2.0914100e+02	1.0712500e-23
2.0962400e+02	1.0712600e-23
2.1010700e+02	1.0712600e-23
2.1059200e+02	1.0712700e-23
2.1107700e+02	1.0712700e-23
2.1156400e+02	1.0712800e-23
2.1205200e+02	1.0712900e-23
2.1254100e+02	1.0713000e-23
2.1303100e+02	1.0713100e-23
2.1352200e+02	1.0713100e-23
2.1401500e+02	1.0713200e-23
2.1450800e+02	1.0713400e-23
2.1500300e+02	1.0713500e-23
2.1549900e+02	1.0713600e-23
2.1599600e+02	1.0713700e-23
2.1649400e+02	1.0713900e-23
2.1699300e+02	1.0714000e-23
2.1749300e+02	1.0714100e-23
2.1799500e+02	1.0714300e-23
2.1849800e+02	1.0714500e-23
2.1900100e+02	1.0714600e-23
2.1950600e+02	1.0714800e-23
2.2001300e+02	1.0715000e-23
2.2052000e+02	1.0715200e-23
2.2102800e+02	1.0715400e-23
2.2153800e+02	1.0715600e-23
2.2204900e+02	1.0715800e-23
2.2256100e+02	1.0716000e-23
2.2307400e+02	1.0716200e-23
2.2358900e+02	1.0716500e-23
2.2410400e+02	1.0716700e-23
2.2462100e+02	1.0717000e-23
2.2513900e+02	1.0717200e-23
2.2565800e+02	1.0717500e-23
2.2617900e+02	1.0717700e-23
2.2670000e+02	1.0718000e-23
2.2722300e+02	1.0718300e-23
2.2774700e+02	1.0718600e-23
2.2827200e+02	1.0718900e-23
2.2879800e+02	1.0719200e-23
2.2932600e+02	1.0719500e-23
2.2985500e+02	1.0719800e-23
2.3038500e+02	1.0720100e-23
2.3091600e+02	1.0720400e-23
2.3144900e+02	1.0720800e-23
2.3198200e+02	1.0721100e-23
2.3251700e+02	1.0721500e-23
2.3305400e+02	1.0721800e-23
2.3359100e+02	1.0722200e-23
2.3413000e+02	1.0722600e-23
2.3467000e+02	1.0723000e-23
2.3521100e+02	1.0723400e-23
2.3575300e+02	1.0723700e-23
2.3629700e+02	1.0724100e-23
2.3684200e+02	1.0724600e-23
2.3738800e+02	1.0725000e-23
2.3793500e+02	1.0725400e-23
2.3848400e+02	1.0725800e-23
2.3903400e+02	1.0726300e-23
2.3958500e+02	1.0726700e-23
2.4013800e+02	1.0727200e-23
2.4069100e+02	1.0727600e-23
2.4124600e+02	1.0728100e-23
2.4180300e+02	1.0728600e-23
2.4236000e+02	1.0729100e-23
2.4291900e+02	1.0729600e-23
2.4347900e+02	1.0730100e-23
2.4404100e+02	1.0730600e-23
2.4460400e+02	1.0731100e-23
2.4516800e+02	1.0731600e-23
2.4573300e+02	1.0732100e-23
2.4630000e+02	1.0732700e-23
2.4686800e+02	1.0733200e-23
2.4743700e+02	1.0733800e-23
2.4800700e+02	1.0734300e-23
2.4857900e+02	1.0734900e-23
2.4915300e+02	1.0735500e-23
2.4972700e+02	1.0736100e-23
2.5030300e+02	1.0736700e-23
2.5088000e+02	1.0737300e-23
2.5145900e+02	1.0737900e-23
2.5203900e+02	1.0738500e-23
2.5262000e+02	1.0739100e-23
2.5320200e+02	1.0739800e-23
2.5378600e+02	1.0740400e-23
2.5437200e+02	1.0741000e-23
2.5495800e+02	1.0741700e-23
2.5554600e+02	1.0742400e-23
2.5613500e+02	1.0743000e-23
2.5672600e+02	1.0743700e-23
2.5731800e+02	1.0744400e-23
2.5791100e+02	1.0745100e-23
2.5850600e+02	1.0745800e-23
2.5910200e+02	1.0746500e-23
2.5970000e+02	1.0747200e-23
2.6029900e+02	1.0748000e-23
2.6089900e+02	1.0748700e-23
2.6150000e+02	1.0749500e-23
2.6210300e+02	1.0750200e-23
2.6270800e+02	1.0751000e-23
2.6331400e+02	1.0751700e-23
2.6392100e+02	1.0752500e-23
2.6453000e+02	1.0753300e-23
2.6514000e+02	1.0754100e-23
2.6575100e+02	1.0754900e-23
2.6636400e+02	1.0755700e-23
2.6697800e+02	1.0756500e-23
2.6759400e+02	1.0757400e-23
2.6821100e+02	1.0758200e-23
2.6882900e+02	1.0759100e-23
2.6944900e+02	1.0759900e-23
2.7007100e+02	1.0760800e-23
2.7069300e+02	1.0761600e-23
2.7131800e+02	1.0762500e-23
2.7194300e+02	1.0763400e-23
2.7257000e+02	1.0764300e-23
2.7319900e+02	1.0765200e-23
2.7382900e+02	1.0766100e-23
2.7446000e+02	1.0767100e-23
2.7509300e+02	1.0768000e-23
2.7572800e+02	1.0768900e-23
2.7636300e+02	1.0769900e-23
2.7700100e+02	1.0770800e-23
2.7763900e+02	1.0771800e-23
2.7828000e+02	1.0772800e-23
2.7892100e+02	1.0773800e-23
2.7956500e+02	1.0774800e-23
2.8020900e+02	1.0775800e-23
2.8085500e+02	1.0776800e-23
2.8150300e+02	1.0777800e-23
2.8215200e+02	1.0778800e-23
2.8280300e+02	1.0779900e-23
2.8345500e+02	1.0780900e-23
2.8410900e+02	1.0782000e-23
2.8476400e+02	1.0783100e-23
2.8542100e+02	1.0784100e-23
2.8607900e+02	1.0785200e-23
2.8673800e+02	1.0786300e-23
2.8740000e+02	1.0787400e-23
2.8806200e+02	1.0788500e-23
2.8872700e+02	1.0789700e-23
2.8939200e+02	1.0790800e-23
2.9006000e+02	1.0791900e-23
2.9072900e+02	1.0793100e-23
2.9139900e+02	1.0794300e-23
2.9207100e+02	1.0795400e-23
2.9274500e+02	1.0796600e-23
2.9342000e+02	1.0797800e-23
2.9409600e+02	1.0799000e-23
2.9477400e+02	1.0800200e-23
2.9545400e+02	1.0801400e-23
2.9613600e+02	1.0802700e-23
2.9681800e+02	1.0803900e-23
2.9750300e+02	1.0805200e-23
2.9818900e+02	1.0806400e-23
2.9887700e+02	1.0807700e-23
2.9956600e+02	1.0809000e-23
3.0025700e+02	1.0810200e-23
3.0094900e+02	1.0811500e-23
3.0164300e+02	1.0812900e-23
3.0233900e+02	1.0814200e-23
3.0303600e+02	1.0815500e-23
3.0373500e+02	1.0816800e-23
3.0443500e+02	1.0818200e-23
3.0513700e+02	1.0819500e-23
3.0584100e+02	1.0820900e-23
3.0654600e+02	1.0822300e-23
3.0725300e+02	1.0823700e-23
3.0796100e+02	1.0825100e-23
3.0867100e+02	1.0826500e-23
3.0938300e+02	1.0827900e-23
3.1009700e+02	1.0829300e-23
3.1081200e+02	1.0830800e-23
3.1152900e+02	1.0832200e-23
3.1224700e+02	1.0833700e-23
3.1296700e+02	1.0835200e-23
3.1368900e+02	1.0836700e-23
3.1441200e+02	1.0838100e-23
3.1513700e+02	1.0839700e-23
3.1586400e+02	1.0841200e-23
3.1659200e+02	1.0842700e-23
3.1732200e+02	1.0844200e-23
3.1805400e+02	1.0845800e-23
3.1878700e+02	1.0847300e-23
3.1952300e+02	1.0848900e-23
3.2025900e+02	1.0850500e-23
3.2099800e+02	1.0852100e-23
3.2173800e+02	1.0853700e-23
3.2248000e+02	1.0855300e-23
3.2322400e+02	1.0856900e-23
3.2396900e+02	1.0858500e-23
3.2471600e+02	1.0860200e-23
3.2546500e+02	1.0861900e-23
3.2621500e+02	1.0863500e-23
3.2696800e+02	1.0865200e-23
3.2772200e+02	1.0866900e-23
3.2847700e+02	1.0868600e-23
3.2923500e+02	1.0870300e-23
3.2999400e+02	1.0872000e-23
3.3075500e+02	1.0873800e-23
3.3151800e+02	1.0875500e-23
3.3228200e+02	1.0877300e-23
3.3304900e+02	1.0879000e-23
3.3381700e+02	1.0880800e-23
3.3458600e+02	1.0882600e-23
3.3535800e+02	1.0884400e-23
3.3613100e+02	1.0886200e-23
3.3690600e+02	1.0888100e-23
3.3768300e+02	1.0889900e-23
3.3846200e+02	1.0891800e-23
3.3924200e+02	1.0893600e-23
3.4002500e+02	1.0895500e-23
3.4080900e+02	1.0897400e-23
3.4159500e+02	1.0899300e-23
3.4238200e+02	1.0901200e-23
3.4317200e+02	1.0903100e-23
3.4396300e+02	1.0905100e-23
3.4475700e+02	1.0907000e-23
3.4555200e+02	1.0909000e-23
3.4634800e+02	1.0910900e-23
3.4714700e+02	1.0912900e-23
3.4794800e+02	1.0914900e-23
3.4875000e+02	1.0916900e-23
3.4955400e+02	1.0919000e-23
3.5036000e+02	1.0921000e-23
3.5116800e+02	1.0923000e-23
3.5197800e+02	1.0925100e-23
3.5279000e+02	1.0927200e-23
3.5360300e+02	1.0929300e-23
3.5441900e+02	1.0931400e-23
3.5523600e+02	1.0933500e-23
3.5605500e+02	1.0935600e-23
3.5687600e+02	1.0937700e-23
3.5769900e+02	1.0939900e-23
3.5852400e+02	1.0942000e-23
3.5935100e+02	1.0944200e-23
3.6017900e+02	1.0946400e-23
3.6101000e+02	1.0948600e-23
3.6184200e+02	1.0950800e-23
3.6267700e+02	1.0953000e-23
3.6351300e+02	1.0955300e-23
3.6435100e+02	1.0957500e-23
3.6519200e+02	1.0959800e-23
3.6603400e+02	1.0962100e-23
3.6687800e+02	1.0964400e-23
3.6772400e+02	1.0966700e-23
3.6857200e+02	1.0969000e-23
3.6942200e+02	1.0971300e-23
3.7027400e+02	1.0973700e-23
3.7112800e+02	1.0976000e-23
3.7198300e+02	1.0978400e-23
3.7284100e+02	1.0980800e-23
3.7370100e+02	1.0983200e-23
3.7456300e+02	1.0985600e-23
3.7542600e+02	1.0988000e-23
3.7629200e+02	1.0990500e-23
3.7716000e+02	1.0992900e-23
3.7803000e+02	1.0995400e-23
3.7890100e+02	1.0997900e-23
3.7977500e+02	1.1000400e-23
3.8065100e+02	1.1002900e-23
3.8152900e+02	1.1005400e-23
3.8240800e+02	1.1008000e-23
3.8329000e+02	1.1010500e-23
3.8417400e+02	1.1013100e-23
3.8506000e+02	1.1015700e-23
3.8594800e+02	1.1018300e-23
3.8683800e+02	1.1020900e-23
3.8773000e+02	1.1023500e-23
3.8862400e+02	1.1026200e-23
3.8952000e+02	1.1028800e-23
3.9041900e+02	1.1031500e-23
3.9131900e+02	1.1034200e-23
3.9222100e+02	1.1036900e-23
3.9312600e+02	1.1039600e-23
3.9403200e+02	1.1042400e-23
3.9494100e+02	1.1045100e-23
3.9585200e+02	1.1047900e-23
3.9676500e+02	1.1050700e-23
3.9767900e+02	1.1053400e-23
3.9859700e+02	1.1056300e-23
3.9951600e+02	1.1059100e-23
4.0043700e+02	1.1061900e-23
4.0136000e+02	1.1064800e-23
4.0228600e+02	1.1067600e-23
4.0321400e+02	1.1070500e-23
4.0414300e+02	1.1073400e-23
4.0507500e+02	1.1076300e-23
4.0600900e+02	1.1079300e-23
4.0694600e+02	1.1082200e-23
4.0788400e+02	1.1085200e-23
4.0882500e+02	1.1088200e-23
4.0976700e+02	1.1091200e-23
4.1071200e+02	1.1094200e-23
4.1166000e+02	1.1097200e-23
4.1260900e+02	1.1100300e-23
4.1356000e+02	1.1103300e-23
4.1451400e+02	1.1106400e-23
4.1547000e+02	1.1109500e-23
4.1642800e+02	1.1112600e-23
4.1738800e+02	1.1115800e-23
4.1835100e+02	1.1118900e-23
4.1931500e+02	1.1122100e-23
4.2028200e+02	1.1125300e-23
4.2125200e+02	1.1128500e-23
4.2222300e+02	1.1131700e-23
4.2319700e+02	1.1135000e-23
4.2417300e+02	1.1138300e-23
4.2515100e+02	1.1141600e-23
4.2613100e+02	1.1144900e-23
4.2711400e+02	1.1148300e-23
4.2809900e+02	1.1151700e-23
4.2908600e+02	1.1155100e-23
4.3007500e+02	1.1158700e-23
4.3106700e+02	1.1162300e-23
4.3206100e+02	1.1166100e-23
4.3305700e+02	1.1170200e-23
4.3405600e+02	1.1174900e-23
4.3505700e+02	1.1181000e-23
4.3606000e+02	1.1192300e-23
4.3706600e+02	1.1238100e-23
4.3807400e+02	1.0622100e-22
4.3908400e+02	1.1241500e-23
4.4009600e+02	1.1205300e-23
4.4111100e+02	1.1201400e-23
4.4212900e+02	1.1202400e-23
4.4314800e+02	1.1204800e-23
4.4417000e+02	1.1207700e-23
4.4519400e+02	1.1210900e-23
4.4622100e+02	1.1214300e-23
4.4725000e+02	1.1217800e-23
4.4828100e+02	1.1221300e-23
4.4931500e+02	1.1224900e-23
4.5035100e+02	1.1228500e-23
4.5139000e+02	1.1232200e-23
4.5243000e+02	1.1235900e-23
4.5347400e+02	1.1239600e-23
4.5451900e+02	1.1243300e-23
4.5556800e+02	1.1247100e-23
4.5661800e+02	1.1250900e-23
4.5767100e+02	1.1254700e-23
4.5872700e+02	1.1258500e-23
4.5978400e+02	1.1262400e-23
4.6084500e+02	1.1266300e-23
4.6190700e+02	1.1270200e-23
4.6297200e+02	1.1274100e-23
4.6404000e+02	1.1278000e-23
4.6511000e+02	1.1282000e-23
4.6618300e+02	1.1285900e-23
4.6725800e+02	1.1289900e-23
4.6833500e+02	1.1293900e-23
4.6941500e+02	1.1298000e-23
4.7049800e+02	1.1302000e-23
4.7158300e+02	1.1306100e-23
4.7267000e+02	1.1310200e-23
4.7376000e+02	1.1314300e-23
4.7485300e+02	1.1318500e-23
4.7594800e+02	1.1322600e-23
4.7704500e+02	1.1326800e-23
4.7814500e+02	1.1331000e-23
4.7924800e+02	1.1335200e-23
4.8035300e+02	1.1339400e-23
4.8146100e+02	1.1343700e-23
4.8257100e+02	1.1348000e-23
4.8368400e+02	1.1352300e-23
4.8479900e+02	1.1356600e-23
4.8591700e+02	1.1360900e-23
4.8703800e+02	1.1365300e-23
4.8816100e+02	1.1369700e-23
4.8928600e+02	1.1374100e-23
4.9041500e+02	1.1378500e-23
4.9154600e+02	1.1382900e-23
4.9267900e+02	1.1387400e-23
4.9381500e+02	1.1391900e-23
4.9495400e+02	1.1396400e-23
4.9609500e+02	1.1400900e-23
4.9723900e+02	1.1405500e-23
4.9838600e+02	1.1410100e-23
4.9953500e+02	1.1414600e-23
5.0068700e+02	1.1419300e-23
5.0184200e+02	1.1423900e-23
5.0299900e+02	1.1428600e-23
5.0415900e+02	1.1433200e-23
5.0532200e+02	1.1437900e-23
5.0648700e+02	1.1442700e-23
5.0765500e+02	1.1447400e-23
5.0882500e+02	1.1452200e-23
5.0999900e+02	1.1457000e-23
5.1117500e+02	1.1461800e-23
5.1235400e+02	1.1466600e-23
5.1353500e+02	1.1471500e-23
5.1471900e+02	1.1476400e-23
5.1590600e+02	1.1481300e-23
5.1709600e+02	1.1486200e-23
5.1828800e+02	1.1491200e-23
5.1948400e+02	1.1496100e-23
5.2068200e+02	1.1501100e-23
5.2188200e+02	1.1506100e-23
5.2308600e+02	1.1511200e-23
5.2429200e+02	1.1516300e-23
5.2550100e+02	1.1521300e-23
5.2671300e+02	1.1526500e-23
5.2792700e+02	1.1531600e-23
5.2914500e+02	1.1536700e-23
5.3036500e+02	1.1541900e-23
5.3158800e+02	1.1547100e-23
5.3281400e+02	1.1552400e-23
5.3404300e+02	1.1557600e-23
5.3527400e+02	1.1562900e-23
5.3650800e+02	1.1568200e-23
5.3774600e+02	1.1573500e-23
5.3898600e+02	1.1578900e-23
5.4022900e+02	1.1584300e-23
5.4147400e+02	1.1589700e-23
5.4272300e+02	1.1595100e-23
5.4397400e+02	1.1600500e-23
5.4522900e+02	1.1606000e-23
5.4648600e+02	1.1611500e-23
5.4774600e+02	1.1617000e-23
5.4901000e+02	1.1622600e-23
5.5027600e+02	1.1628200e-23
5.5154400e+02	1.1633800e-23
5.5281600e+02	1.1639400e-23
5.5409100e+02	1.1645000e-23
5.5536900e+02	1.1650700e-23
5.5665000e+02	1.1656400e-23
5.5793300e+02	1.1662100e-23
5.5922000e+02	1.1667900e-23
5.6050900e+02	1.1673700e-23
5.6180200e+02	1.1679500e-23
5.6309700e+02	1.1685300e-23
5.6439600e+02	1.1691100e-23
5.6569700e+02	1.1697000e-23
5.6700200e+02	1.1702900e-23
5.6830900e+02	1.1708900e-23
5.6962000e+02	1.1714800e-23
5.7093300e+02	1.1720800e-23
5.7225000e+02	1.1726800e-23
5.7357000e+02	1.1732900e-23
5.7489200e+02	1.1738900e-23
5.7621800e+02	1.1745000e-23
5.7754700e+02	1.1751100e-23
5.7887900e+02	1.1757300e-23
5.8021400e+02	1.1763400e-23
5.8155200e+02	1.1769700e-23
5.8289300e+02	1.1775900e-23
5.8423700e+02	1.1782100e-23
5.8558400e+02	1.1788400e-23
5.8693400e+02	1.1794700e-23
5.8828800e+02	1.1801100e-23
5.8964400e+02	1.1807400e-23
5.9100400e+02	1.1813800e-23
5.9236700e+02	1.1820200e-23
5.9373300e+02	1.1826700e-23
5.9510200e+02	1.1833200e-23
5.9647400e+02	1.1839700e-23
5.9785000e+02	1.1846200e-23
5.9922900e+02	1.1852800e-23
6.0061000e+02	1.1859400e-23
6.0199500e+02	1.1866000e-23
6.0338400e+02	1.1872600e-23
6.0477500e+02	1.1879300e-23
6.0617000e+02	1.1886000e-23
6.0756700e+02	1.1892700e-23
6.0896900e+02	1.1899500e-23
6.1037300e+02	1.1906300e-23
6.1178000e+02	1.1913100e-23
6.1319100e+02	1.1920000e-23
6.1460500e+02	1.1926900e-23
6.1602200e+02	1.1933800e-23
6.1744300e+02	1.1940700e-23
6.1886700e+02	1.1947700e-23
6.2029400e+02	1.1954700e-23
6.2172400e+02	1.1961700e-23
6.2315800e+02	1.1968800e-23
6.2459500e+02	1.1975900e-23
6.2603500e+02	1.1983000e-23
6.2747900e+02	1.1990100e-23
6.2892600e+02	1.1997300e-23
6.3037600e+02	1.2004500e-23
6.3183000e+02	1.2011800e-23
6.3328700e+02	1.2019000e-23
6.3474700e+02	1.2026300e-23
6.3621100e+02	1.2033700e-23
6.3767800e+02	1.2041000e-23
6.3914900e+02	1.2048400e-23
6.4062300e+02	1.2055900e-23
6.4210000e+02	1.2063300e-23
6.4358000e+02	1.2070800e-23
6.4506500e+02	1.2078400e-23
6.4655200e+02	1.2085900e-23
6.4804300e+02	1.2093500e-23
6.4953700e+02	1.2101100e-23
6.5103500e+02	1.2108800e-23
6.5253700e+02	1.2116400e-23
6.5404100e+02	1.2124200e-23
6.5555000e+02	1.2131900e-23
6.5706100e+02	1.2139700e-23
6.5857600e+02	1.2147500e-23
6.6009500e+02	1.2155300e-23
6.6161700e+02	1.2163200e-23
6.6314300e+02	1.2171100e-23
6.6467200e+02	1.2179100e-23
6.6620500e+02	1.2187100e-23
6.6774100e+02	1.2195100e-23
6.6928100e+02	1.2203100e-23
6.7082400e+02	1.2211200e-23
6.7237100e+02	1.2219300e-23
6.7392200e+02	1.2227400e-23
6.7547600e+02	1.2235600e-23
6.7703400e+02	1.2243800e-23
6.7859500e+02	1.2252100e-23
6.8016000e+02	1.2260400e-23
6.8172800e+02	1.2268700e-23
6.8330000e+02	1.2277000e-23
6.8487600e+02	1.2285400e-23
6.8645500e+02	1.2293800e-23
6.8803800e+02	1.2302300e-23
6.8962500e+02	1.2310800e-23
6.9121500e+02	1.2319300e-23
6.9280900e+02	1.2327800e-23
6.9440700e+02	1.2336400e-23
6.9600800e+02	1.2345100e-23
6.9761300e+02	1.2353700e-23
6.9922200e+02	1.2362400e-23
7.0083400e+02	1.2371100e-23
7.0245000e+02	1.2379900e-23
7.0407000e+02	1.2388700e-23
7.0569400e+02	1.2397600e-23
7.0732100e+02	1.2406400e-23
7.0895200e+02	1.2415300e-23
7.1058700e+02	1.2424300e-23
7.1222600e+02	1.2433300e-23
7.1386800e+02	1.2442300e-23
7.1551400e+02	1.2451400e-23
7.1716400e+02	1.2460400e-23
7.1881800e+02	1.2469600e-23
7.2047500e+02	1.2478700e-23
7.2213700e+02	1.2488000e-23
7.2380200e+02	1.2497200e-23
7.2547100e+02	1.2506500e-23
7.2714400e+02	1.2515800e-23
7.2882100e+02	1.2525100e-23
7.3050200e+02	1.2534500e-23
7.3218600e+02	1.2544000e-23
7.3387500e+02	1.2553400e-23
7.3556700e+02	1.2562900e-23
7.3726300e+02	1.2572500e-23
7.3896300e+02	1.2582100e-23
7.4066700e+02	1.2591700e-23
7.4237500e+02	1.2601300e-23
7.4408700e+02	1.2611000e-23
7.4580300e+02	1.2620800e-23
7.4752300e+02	1.2630500e-23
7.4924700e+02	1.2640400e-23
7.5097500e+02	1.2650200e-23
7.5270600e+02	1.2660100e-23
7.5444200e+02	1.2670000e-23
7.5618200e+02	1.2680000e-23
7.5792600e+02	1.2690000e-23
7.5967300e+02	1.2700100e-23
7.6142500e+02	1.2710200e-23
7.6318100e+02	1.2720300e-23
7.6494100e+02	1.2730500e-23
7.6670500e+02	1.2740700e-23
7.6847300e+02	1.2750900e-23
7.7024500e+02	1.2761200e-23
7.7202100e+02	1.2771500e-23
7.7380100e+02	1.2781900e-23
7.7558600e+02	1.2792300e-23
7.7737400e+02	1.2802800e-23
7.7916700e+02	1.2813300e-23
7.8096400e+02	1.2823800e-23
7.8276500e+02	1.2834400e-23
7.8457000e+02	1.2845000e-23
7.8637900e+02	1.2855600e-23
7.8819200e+02	1.2866300e-23
7.9001000e+02	1.2877100e-23
7.9183200e+02	1.2887900e-23
7.9365800e+02	1.2898700e-23
7.9548800e+02	1.2909600e-23
7.9732200e+02	1.2920500e-23
7.9916100e+02	1.2931400e-23
8.0100400e+02	1.2942400e-23
8.0285100e+02	1.2953500e-23
8.0470200e+02	1.2964500e-23
8.0655800e+02	1.2975700e-23
8.0841800e+02	1.2986800e-23
8.1028200e+02	1.2998000e-23
8.1215100e+02	1.3009300e-23
8.1402300e+02	1.3020600e-23
8.1590100e+02	1.3031900e-23
8.1778200e+02	1.3043300e-23
8.1966800e+02	1.3054700e-23
8.2155800e+02	1.3066200e-23
8.2345200e+02	1.3077700e-23
8.2535100e+02	1.3089300e-23
8.2725500e+02	1.3100900e-23
8.2916200e+02	1.3112500e-23
8.3107400e+02	1.3124200e-23
8.3299100e+02	1.3136000e-23
8.3491200e+02	1.3147800e-23
8.3683700e+02	1.3159600e-23
8.3876700e+02	1.3171500e-23
8.4070100e+02	1.3183400e-23
8.4264000e+02	1.3195400e-23
8.4458300e+02	1.3207400e-23
8.4653000e+02	1.3219500e-23
8.4848200e+02	1.3231600e-23
8.5043900e+02	1.3243800e-23
8.5240000e+02	1.3256100e-23
8.5436600e+02	1.3268700e-23
8.5633600e+02	1.3282300e-23
8.5831100e+02	1.3345800e-23
8.6029000e+02	1.3310100e-23
8.6227400e+02	1.3318400e-23
8.6426200e+02	1.3330300e-23
8.6625500e+02	1.3342700e-23
8.6825300e+02	1.3355200e-23
8.7025500e+02	1.3367700e-23
8.7226200e+02	1.3380400e-23
8.7427300e+02	1.3393100e-23
8.7628900e+02	1.3405800e-23
8.7831000e+02	1.3418600e-23
8.8033600e+02	1.3431400e-23
8.8236600e+02	1.3444300e-23
8.8440000e+02	1.3457300e-23
8.8644000e+02	1.3470300e-23
8.8848400e+02	1.3483300e-23
8.9053300e+02	1.3496400e-23
8.9258600e+02	1.3509600e-23
8.9464500e+02	1.3522700e-23
8.9670800e+02	1.3536000e-23
8.9877500e+02	1.3549300e-23
9.0084800e+02	1.3562600e-23
9.0292500e+02	1.3576000e-23
9.0500800e+02	1.3589400e-23
9.0709500e+02	1.3602900e-23
9.0918600e+02	1.3616500e-23
9.1128300e+02	1.3630000e-23
9.1338400e+02	1.3643700e-23
9.1549100e+02	1.3657400e-23
9.1760200e+02	1.3671100e-23
9.1971800e+02	1.3684900e-23
9.2183900e+02	1.3698700e-23
9.2396400e+02	1.3712600e-23
9.2609500e+02	1.3726600e-23
9.2823100e+02	1.3740500e-23
9.3037100e+02	1.3754600e-23
9.3251700e+02	1.3768700e-23
9.3466700e+02	1.3782800e-23
9.3682200e+02	1.3797000e-23
9.3898300e+02	1.3811300e-23
9.4114800e+02	1.3825600e-23
9.4331800e+02	1.3839900e-23
9.4549400e+02	1.3854300e-23
9.4767400e+02	1.3868800e-23
9.4985900e+02	1.3883300e-23
9.5205000e+02	1.3897900e-23
9.5424500e+02	1.3912500e-23
9.5644500e+02	1.3927200e-23
9.5865100e+02	1.3941900e-23
9.6086200e+02	1.3956700e-23
9.6307700e+02	1.3971500e-23
9.6529800e+02	1.3986400e-23
9.6752400e+02	1.4001300e-23
9.6975500e+02	1.4016300e-23
9.7199200e+02	1.4031300e-23
9.7423300e+02	1.4046400e-23
9.7648000e+02	1.4061600e-23
9.7873100e+02	1.4076800e-23
9.8098800e+02	1.4092100e-23
9.8325100e+02	1.4107400e-23
9.8551800e+02	1.4122800e-23
9.8779100e+02	1.4138200e-23
9.9006800e+02	1.4153700e-23
9.9235200e+02	1.4169200e-23
9.9464000e+02	1.4184800e-23
9.9693400e+02	1.4200500e-23
9.9923300e+02	1.4216200e-23
1.0015400e+03	1.4231900e-23
1.0038500e+03	1.4247700e-23
1.0061600e+03	1.4263600e-23
1.0084800e+03	1.4279500e-23
1.0108100e+03	1.4295500e-23
1.0131400e+03	1.4311600e-23
1.0154700e+03	1.4327700e-23
1.0178200e+03	1.4343800e-23
1.0201600e+03	1.4360000e-23
1.0225200e+03	1.4376300e-23
1.0248700e+03	1.4392600e-23
1.0272400e+03	1.4409000e-23
1.0296100e+03	1.4425500e-23
1.0319800e+03	1.4442000e-23
1.0343600e+03	1.4458500e-23
1.0367400e+03	1.4475200e-23
1.0391400e+03	1.4491800e-23
1.0415300e+03	1.4508600e-23
1.0439300e+03	1.4525400e-23
1.0463400e+03	1.4542200e-23
1.0487500e+03	1.4559100e-23
1.0511700e+03	1.4576100e-23
1.0536000e+03	1.4593100e-23
1.0560300e+03	1.4610200e-23
1.0584600e+03	1.4627400e-23
1.0609000e+03	1.4644600e-23
1.0633500e+03	1.4661900e-23
1.0658000e+03	1.4679200e-23
1.0682600e+03	1.4696600e-23
1.0707200e+03	1.4714000e-23
1.0731900e+03	1.4731600e-23
1.0756700e+03	1.4749100e-23
1.0781500e+03	1.4766800e-23
1.0806300e+03	1.4784500e-23
1.0831200e+03	1.4802200e-23
1.0856200e+03	1.4820000e-23
1.0881300e+03	1.4837900e-23
1.0906300e+03	1.4855900e-23
1.0931500e+03	1.4873900e-23
1.0956700e+03	1.4891900e-23
1.0982000e+03	1.4910000e-23
1.1007300e+03	1.4928200e-23
1.1032700e+03	1.4946500e-23
1.1058100e+03	1.4964800e-23
1.1083600e+03	1.4983200e-23
1.1109200e+03	1.5001600e-23
1.1134800e+03	1.5020100e-23
1.1160500e+03	1.5038700e-23
1.1186200e+03	1.5057300e-23
1.1212000e+03	1.5076000e-23
1.1237900e+03	1.5094800e-23
1.1263800e+03	1.5113600e-23
1.1289700e+03	1.5132500e-23
1.1315800e+03	1.5151400e-23
1.1341900e+03	1.5170400e-23
1.1368000e+03	1.5189500e-23
1.1394200e+03	1.5208700e-23
1.1420500e+03	1.5227900e-23
1.1446900e+03	1.5247100e-23
1.1473300e+03	1.5266500e-23
1.1499700e+03	1.5285900e-23
1.1526200e+03	1.5305400e-23
1.1552800e+03	1.5324900e-23
1.1579400e+03	1.5344500e-23
1.1606200e+03	1.5364200e-23
1.1632900e+03	1.5383900e-23
1.1659700e+03	1.5403700e-23
1.1686600e+03	1.5423600e-23
1.1713600e+03	1.5443500e-23
1.1740600e+03	1.5463500e-23
1.1767700e+03	1.5483600e-23
1.1794800e+03	1.5503700e-23
1.1822000e+03	1.5523900e-23
1.1849300e+03	1.5544200e-23
1.1876600e+03	1.5564500e-23
1.1904000e+03	1.5584900e-23
1.1931400e+03	1.5605400e-23
1.1958900e+03	1.5625900e-23
1.1986500e+03	1.5646500e-23
1.2014200e+03	1.5667200e-23
1.2041900e+03	1.5688000e-23
1.2069600e+03	1.5708800e-23
1.2097500e+03	1.5729700e-23
1.2125400e+03	1.5750600e-23
1.2153300e+03	1.5771700e-23
1.2181300e+03	1.5792800e-23
1.2209400e+03	1.5813900e-23
1.2237600e+03	1.5835200e-23
1.2265800e+03	1.5856500e-23
1.2294100e+03	1.5877900e-23
1.2322400e+03	1.5899400e-23
1.2350900e+03	1.5921000e-23
1.2379300e+03	1.5943100e-23
1.2407900e+03	1.6150300e-23
1.2436500e+03	1.5986700e-23
1.2465200e+03	1.6007800e-23
1.2493900e+03	1.6029500e-23
1.2522700e+03	1.6051400e-23
1.2551600e+03	1.6073400e-23
1.2580600e+03	1.6095500e-23
1.2609600e+03	1.6117600e-23
1.2638600e+03	1.6139800e-23
1.2667800e+03	1.6162100e-23
1.2697000e+03	1.6184500e-23
1.2726300e+03	1.6207000e-23
1.2755600e+03	1.6229500e-23
1.2785000e+03	1.6252100e-23
1.2814500e+03	1.6274700e-23
1.2844100e+03	1.6297500e-23
1.2873700e+03	1.6320300e-23
1.2903400e+03	1.6343200e-23
1.2933100e+03	1.6366200e-23
1.2963000e+03	1.6389200e-23
1.2992900e+03	1.6412300e-23
1.3022800e+03	1.6435500e-23
1.3052800e+03	1.6458800e-23
1.3082900e+03	1.6482100e-23
1.3113100e+03	1.6505500e-23
1.3143400e+03	1.6529000e-23
1.3173700e+03	1.6552500e-23
1.3204000e+03	1.6576200e-23
1.3234500e+03	1.6599900e-23
1.3265000e+03	1.6623700e-23
1.3295600e+03	1.6647600e-23
1.3326300e+03	1.6671500e-23
1.3357000e+03	1.6695500e-23
1.3387800e+03	1.6719600e-23
1.3418700e+03	1.6743800e-23
1.3449600e+03	1.6768000e-23
1.3480600e+03	1.6792400e-23
1.3511700e+03	1.6816800e-23
1.3542900e+03	1.6841200e-23
1.3574100e+03	1.6865800e-23
1.3605400e+03	1.6890400e-23
1.3636800e+03	1.6915200e-23
1.3668200e+03	1.6940000e-23
1.3699700e+03	1.6964800e-23
1.3731300e+03	1.6989800e-23
1.3763000e+03	1.7014800e-23
1.3794700e+03	1.7039900e-23
1.3826500e+03	1.7065100e-23
1.3858400e+03	1.7090400e-23
1.3890400e+03	1.7115700e-23
1.3922400e+03	1.7141200e-23
1.3954500e+03	1.7166700e-23
1.3986700e+03	1.7192300e-23
1.4019000e+03	1.7217900e-23
1.4051300e+03	1.7243700e-23
1.4083700e+03	1.7269500e-23
1.4116200e+03	1.7295400e-23
1.4148700e+03	1.7321400e-23
1.4181300e+03	1.7347500e-23
1.4214000e+03	1.7373600e-23
1.4246800e+03	1.7399900e-23
1.4279700e+03	1.7426200e-23
1.4312600e+03	1.7452600e-23
1.4345600e+03	1.7479100e-23
1.4378700e+03	1.7505600e-23
1.4411800e+03	1.7532300e-23
1.4445100e+03	1.7559000e-23
1.4478400e+03	1.7585800e-23
1.4511800e+03	1.7612700e-23
1.4545200e+03	1.7639700e-23
1.4578800e+03	1.7666800e-23
1.4612400e+03	1.7693900e-23
1.4646100e+03	1.7721200e-23
1.4679900e+03	1.7748500e-23
1.4713700e+03	1.7775900e-23
1.4747700e+03	1.7803400e-23
1.4781700e+03	1.7830900e-23
1.4815700e+03	1.7858600e-23
1.4849900e+03	1.7886300e-23
1.4884200e+03	1.7914200e-23
1.4918500e+03	1.7942100e-23
1.4952900e+03	1.7970100e-23
1.4987400e+03	1.7998200e-23
1.5021900e+03	1.8026300e-23
1.5056600e+03	1.8054600e-23
1.5091300e+03	1.8082900e-23
1.5126100e+03	1.8111400e-23
1.5161000e+03	1.8139900e-23
1.5195900e+03	1.8168500e-23
1.5231000e+03	1.8197200e-23
1.5266100e+03	1.8225900e-23
1.5301300e+03	1.8254800e-23
1.5336600e+03	1.8283800e-23
1.5371900e+03	1.8312800e-23
1.5407400e+03	1.8341900e-23
1.5442900e+03	1.8371200e-23
1.5478500e+03	1.8400500e-23
1.5514200e+03	1.8429900e-23
1.5550000e+03	1.8459300e-23
1.5585900e+03	1.8488900e-23
1.5621800e+03	1.8518600e-23
1.5657800e+03	1.8548400e-23
1.5693900e+03	1.8578300e-23
1.5730100e+03	1.8608600e-23
1.5766400e+03	1.8656200e-23
1.5802800e+03	1.8668500e-23
1.5839200e+03	1.8698500e-23
1.5875700e+03	1.8728800e-23
1.5912300e+03	1.8759100e-23
1.5949000e+03	1.8789600e-23
1.5985800e+03	1.8820200e-23
1.6022700e+03	1.8850800e-23
1.6059600e+03	1.8881600e-23
1.6096700e+03	1.8912400e-23
1.6133800e+03	1.8943400e-23
1.6171000e+03	1.8974400e-23
1.6208300e+03	1.9005500e-23
1.6245600e+03	1.9036700e-23
1.6283100e+03	1.9068000e-23
1.6320700e+03	1.9099400e-23
1.6358300e+03	1.9130900e-23
1.6396000e+03	1.9162500e-23
1.6433800e+03	1.9194200e-23
1.6471700e+03	1.9226000e-23
1.6509700e+03	1.9257900e-23
1.6547800e+03	1.9289800e-23
1.6585900e+03	1.9321900e-23
1.6624200e+03	1.9354000e-23
1.6662500e+03	1.9386300e-23
1.6700900e+03	1.9418600e-23
1.6739500e+03	1.9451100e-23
1.6778100e+03	1.9483600e-23
1.6816700e+03	1.9516300e-23
1.6855500e+03	1.9549000e-23
1.6894400e+03	1.9581800e-23
1.6933400e+03	1.9614700e-23
1.6972400e+03	1.9647800e-23
1.7011500e+03	1.9680900e-23
1.7050800e+03	1.9714100e-23
1.7090100e+03	1.9747400e-23
1.7129500e+03	1.9780800e-23
1.7169000e+03	1.9814300e-23
1.7208600e+03	1.9847900e-23
1.7248300e+03	1.9881600e-23
1.7288000e+03	1.9915400e-23
1.7327900e+03	1.9949300e-23
1.7367900e+03	1.9983300e-23
1.7407900e+03	2.0017400e-23
1.7448100e+03	2.0051600e-23
1.7488300e+03	2.0085900e-23
1.7528600e+03	2.0120300e-23
1.7569000e+03	2.0154800e-23
1.7609600e+03	2.0189400e-23
1.7650200e+03	2.0224100e-23
1.7690900e+03	2.0258900e-23
1.7731700e+03	2.0293800e-23
1.7772600e+03	2.0328800e-23
1.7813500e+03	2.0364000e-23
1.7854600e+03	2.0399200e-23
1.7895800e+03	2.0434500e-23
1.7937100e+03	2.0469900e-23
1.7978400e+03	2.0505400e-23
1.8019900e+03	2.0541000e-23
1.8061400e+03	2.0576700e-23
1.8103100e+03	2.0612500e-23
1.8144800e+03	2.0648500e-23
1.8186700e+03	2.0684500e-23
1.8228600e+03	2.0720600e-23
1.8270600e+03	2.0756900e-23
1.8312800e+03	2.0793200e-23
1.8355000e+03	2.0829600e-23
1.8397300e+03	2.0866200e-23
1.8439800e+03	2.0902800e-23
1.8482300e+03	2.0939600e-23
1.8524900e+03	2.0976500e-23
1.8567600e+03	2.1013400e-23
1.8610400e+03	2.1050500e-23
1.8653400e+03	2.1087700e-23
1.8696400e+03	2.1125000e-23
1.8739500e+03	2.1162400e-23
1.8782700e+03	2.1199900e-23
1.8826000e+03	2.1237500e-23
1.8869400e+03	2.1275200e-23
1.8912900e+03	2.1313100e-23
1.8956500e+03	2.1351200e-23
1.9000300e+03	2.1389900e-23
1.9044100e+03	2.1427200e-23
1.9088000e+03	2.1465400e-23
1.9132000e+03	2.1503700e-23
1.9176100e+03	2.1542200e-23
1.9220300e+03	2.1580800e-23
1.9264700e+03	2.1619500e-23
1.9309100e+03	2.1658300e-23
1.9353600e+03	2.1697200e-23
1.9398300e+03	2.1736200e-23
1.9443000e+03	2.1775300e-23
1.9487800e+03	2.1814500e-23
1.9532800e+03	2.1853900e-23
1.9577800e+03	2.1893400e-23
1.9622900e+03	2.1932900e-23
1.9668200e+03	2.1972600e-23
1.9713600e+03	2.2012400e-23
1.9759000e+03	2.2052300e-23
1.9804600e+03	2.2092300e-23
1.9850200e+03	2.2132400e-23
1.9896000e+03	2.2172700e-23
1.9941900e+03	2.2213000e-23
1.9987900e+03	2.2253500e-23
2.0034000e+03	2.2294100e-23
2.0080200e+03	2.2334800e-23
2.0126500e+03	2.2375600e-23
2.0172900e+03	2.2416500e-23
2.0219400e+03	2.2457500e-23
2.0266000e+03	2.2498700e-23
2.0312800e+03	2.2540000e-23
2.0359600e+03	2.2581300e-23
2.0406600e+03	2.2622800e-23
2.0453600e+03	2.2664400e-23
2.0500800e+03	2.2706200e-23
2.0548100e+03	2.2748000e-23
2.0595400e+03	2.2790000e-23
2.0642900e+03	2.2832000e-23
2.0690500e+03	2.2874200e-23
2.0738300e+03	2.2916500e-23
2.0786100e+03	2.2959000e-23
2.0834000e+03	2.3001500e-23
2.0882100e+03	2.3044200e-23
2.0930200e+03	2.3086900e-23
2.0978500e+03	2.3129800e-23
2.1026900e+03	2.3172800e-23
2.1075300e+03	2.3216000e-23
2.1123900e+03	2.3259200e-23
2.1172700e+03	2.3302600e-23
2.1221500e+03	2.3346100e-23
2.1270400e+03	2.3389700e-23
2.1319500e+03	2.3433400e-23
2.1368600e+03	2.3477300e-23
2.1417900e+03	2.3521200e-23
2.1467300e+03	2.3565300e-23
2.1516800e+03	2.3609500e-23
2.1566400e+03	2.3653900e-23
2.1616100e+03	2.3698300e-23
2.1666000e+03	2.3742900e-23
2.1716000e+03	2.3787600e-23
2.1766000e+03	2.3832400e-23
2.1816200e+03	2.3877400e-23
2.1866500e+03	2.3922400e-23
2.1917000e+03	2.3967600e-23
2.1967500e+03	2.4012900e-23
2.2018200e+03	2.4058400e-23
2.2068900e+03	2.4103900e-23
2.2119800e+03	2.4149600e-23
2.2170800e+03	2.4195400e-23
2.2222000e+03	2.4241400e-23
2.2273200e+03	2.4287400e-23
2.2324600e+03	2.4333600e-23
2.2376000e+03	2.4379900e-23
2.2427600e+03	2.4426400e-23
2.2479400e+03	2.4472900e-23
2.2531200e+03	2.4519600e-23
2.2583200e+03	2.4567200e-23
2.2635200e+03	2.4613400e-23
2.2687400e+03	2.4660400e-23
2.2739700e+03	2.4707600e-23
2.2792200e+03	2.4754900e-23
2.2844700e+03	2.4802400e-23
2.2897400e+03	2.4850000e-23
2.2950200e+03	2.4897700e-23
2.3003100e+03	2.4945500e-23
2.3056200e+03	2.4993500e-23
2.3109400e+03	2.5041600e-23
2.3162700e+03	2.5089800e-23
2.3216100e+03	2.5138100e-23
2.3269600e+03	2.5186600e-23
2.3323300e+03	2.5235200e-23
2.3377000e+03	2.5284000e-23
2.3431000e+03	2.5332800e-23
2.3485000e+03	2.5381900e-23
2.3539100e+03	2.5431000e-23
2.3593400e+03	2.5480300e-23
2.3647800e+03	2.5529700e-23
2.3702400e+03	2.5579200e-23
2.3757000e+03	2.5628900e-23
2.3811800e+03	2.5678700e-23
2.3866700e+03	2.5728600e-23
2.3921700e+03	2.5778700e-23
2.3976900e+03	2.5828900e-23
2.4032200e+03	2.5879200e-23
2.4087600e+03	2.5929700e-23
2.4143200e+03	2.5980300e-23
2.4198800e+03	2.6031000e-23
2.4254600e+03	2.6081900e-23
2.4310600e+03	2.6132900e-23
2.4366600e+03	2.6184000e-23
2.4422800e+03	2.6235300e-23
2.4479100e+03	2.6286700e-23
2.4535600e+03	2.6338300e-23
2.4592200e+03	2.6389900e-23
2.4648900e+03	2.6441800e-23
2.4705700e+03	2.6493700e-23
2.4762700e+03	2.6545800e-23
2.4819800e+03	2.6598100e-23
2.4877000e+03	2.6650500e-23
2.4934400e+03	2.6703000e-23
2.4991900e+03	2.6755600e-23
2.5049500e+03	2.6808400e-23
2.5107300e+03	2.6861300e-23
2.5165200e+03	2.6914400e-23
2.5223200e+03	2.6967600e-23
2.5281400e+03	2.7021000e-23
2.5339700e+03	2.7074500e-23
2.5398100e+03	2.7128100e-23
2.5456700e+03	2.7181900e-23
2.5515400e+03	2.7235800e-23
2.5574200e+03	2.7289900e-23
2.5633200e+03	2.7344100e-23
2.5692300e+03	2.7398400e-23
2.5751600e+03	2.7452900e-23
2.5810900e+03	2.7507500e-23
2.5870500e+03	2.7562300e-23
2.5930100e+03	2.7617200e-23
2.5989900e+03	2.7672300e-23
2.6049900e+03	2.7727500e-23
2.6109900e+03	2.7782900e-23
2.6170100e+03	2.7838400e-23
2.6230500e+03	2.7894000e-23
2.6291000e+03	2.7949800e-23
2.6351600e+03	2.8005700e-23
2.6412400e+03	2.8061800e-23
2.6473300e+03	2.8118000e-23
2.6534300e+03	2.8174400e-23
2.6595500e+03	2.8230900e-23
2.6656800e+03	2.8287600e-23
2.6718300e+03	2.8344400e-23
2.6779900e+03	2.8401400e-23
2.6841700e+03	2.8458500e-23
2.6903600e+03	2.8515700e-23
2.6965600e+03	2.8573200e-23
2.7027800e+03	2.8630700e-23
2.7090100e+03	2.8688400e-23
2.7152600e+03	2.8746300e-23
2.7215200e+03	2.8804300e-23
2.7278000e+03	2.8862400e-23
2.7340900e+03	2.8920800e-23
2.7403900e+03	2.8979200e-23
2.7467100e+03	2.9037800e-23
2.7530400e+03	2.9096600e-23
2.7593900e+03	2.9155500e-23
2.7657600e+03	2.9214600e-23
2.7721300e+03	2.9273800e-23
2.7785300e+03	2.9333200e-23
2.7849300e+03	2.9392700e-23
2.7913600e+03	2.9452400e-23
2.7977900e+03	2.9512200e-23
2.8042400e+03	2.9572200e-23
2.8107100e+03	2.9632400e-23
2.8171900e+03	2.9692700e-23
2.8236900e+03	2.9753200e-23
2.8302000e+03	2.9813800e-23
2.8367300e+03	2.9874500e-23
2.8432700e+03	2.9935500e-23
2.8498300e+03	2.9996600e-23
2.8564000e+03	3.0057800e-23
2.8629800e+03	3.0119200e-23
2.8695900e+03	3.0180800e-23
2.8762000e+03	3.0242500e-23
2.8828400e+03	3.0304400e-23
2.8894800e+03	3.0366400e-23
2.8961500e+03	3.0428600e-23
2.9028300e+03	3.0491000e-23
2.9095200e+03	3.0553500e-23
2.9162300e+03	3.0616100e-23
2.9229500e+03	3.0679000e-23
2.9296900e+03	3.0742000e-23
2.9364500e+03	3.0805100e-23
2.9432200e+03	3.0868500e-23
2.9500100e+03	3.0931900e-23
2.9568100e+03	3.0995600e-23
2.9636300e+03	3.1059400e-23
2.9704600e+03	3.1123400e-23
2.9773100e+03	3.1187500e-23
2.9841800e+03	3.1251800e-23
2.9910600e+03	3.1316300e-23
2.9979600e+03	3.1380900e-23
3.0048700e+03	3.1445700e-23
3.0118000e+03	3.1510700e-23
3.0187500e+03	3.1575800e-23
3.0257100e+03	3.1641100e-23
3.0326800e+03	3.1706600e-23
3.0396800e+03	3.1772200e-23
3.0466900e+03	3.1838000e-23
3.0537100e+03	3.1904000e-23
3.0607600e+03	3.1970100e-23
3.0678100e+03	3.2036400e-23
3.0748900e+03	3.2102900e-23
3.0819800e+03	3.2169500e-23
3.0890900e+03	3.2236300e-23
3.0962100e+03	3.2303400e-23
3.1033500e+03	3.2370400e-23
3.1105100e+03	3.2437800e-23
3.1176800e+03	3.2505300e-23
3.1248700e+03	3.2572900e-23
3.1320700e+03	3.2640700e-23
3.1393000e+03	3.2708700e-23
3.1465400e+03	3.2776900e-23
3.1537900e+03	3.2845300e-23
3.1610600e+03	3.2913800e-23
3.1683500e+03	3.2982500e-23
3.1756600e+03	3.3051300e-23
3.1829800e+03	3.3120400e-23
3.1903200e+03	3.3189600e-23
3.1976800e+03	3.3259000e-23
3.2050500e+03	3.3328600e-23
3.2124400e+03	3.3398300e-23
3.2198500e+03	3.3468200e-23
3.2272800e+03	3.3538300e-23
3.2347200e+03	3.3608600e-23
3.2421800e+03	3.3679000e-23
3.2496600e+03	3.3749600e-23
3.2571500e+03	3.3820400e-23
3.2646600e+03	3.3891400e-23
3.2721900e+03	3.3962600e-23
3.2797300e+03	3.4033900e-23
3.2873000e+03	3.4105400e-23
3.2948800e+03	3.4177100e-23
3.3024800e+03	3.4249000e-23
3.3100900e+03	3.4321100e-23
3.3177200e+03	3.4393300e-23
3.3253700e+03	3.4465700e-23
3.3330400e+03	3.4538300e-23
3.3407300e+03	3.4611100e-23
3.3484300e+03	3.4684100e-23
3.3561500e+03	3.4757200e-23
3.3638900e+03	3.4830500e-23
3.3716500e+03	3.4904100e-23
3.3794300e+03	3.4977800e-23
3.3872200e+03	3.5051600e-23
3.3950300e+03	3.5125700e-23
3.4028600e+03	3.5200000e-23
3.4107100e+03	3.5274400e-23
3.4185700e+03	3.5349000e-23
3.4264500e+03	3.5423800e-23
3.4343600e+03	3.5498800e-23
3.4422800e+03	3.5574000e-23
3.4502100e+03	3.5649400e-23
3.4581700e+03	3.5724900e-23
3.4661400e+03	3.5800700e-23
3.4741400e+03	3.5876600e-23
3.4821500e+03	3.5952800e-23
3.4901800e+03	3.6029100e-23
3.4982300e+03	3.6105600e-23
3.5062900e+03	3.6182300e-23
3.5143800e+03	3.6259200e-23
3.5224800e+03	3.6336200e-23
3.5306100e+03	3.6413500e-23
3.5387500e+03	3.6491000e-23
3.5469100e+03	3.6568600e-23
3.5550900e+03	3.6646500e-23
3.5632900e+03	3.6724500e-23
3.5715000e+03	3.6802800e-23
3.5797400e+03	3.6881200e-23
3.5879900e+03	3.6959800e-23
3.5962700e+03	3.7038600e-23
3.6045600e+03	3.7117600e-23
3.6128700e+03	3.7196900e-23
3.6212000e+03	3.7276300e-23
3.6295500e+03	3.7355900e-23
3.6379200e+03	3.7435700e-23
3.6463100e+03	3.7515700e-23
3.6547200e+03	3.7595900e-23
3.6631500e+03	3.7676300e-23
3.6716000e+03	3.7756900e-23
3.6800600e+03	3.7837600e-23
3.6885500e+03	3.7918600e-23
3.6970600e+03	3.7999800e-23
3.7055800e+03	3.8081200e-23
3.7141300e+03	3.8162800e-23
3.7226900e+03	3.8244600e-23
3.7312800e+03	3.8326600e-23
3.7398800e+03	3.8408800e-23
3.7485000e+03	3.8491300e-23
3.7571500e+03	3.8573900e-23
3.7658100e+03	3.8656700e-23
3.7745000e+03	3.8739700e-23
3.7832000e+03	3.8823000e-23
3.7919200e+03	3.8906400e-23
3.8006700e+03	3.8990100e-23
3.8094300e+03	3.9073900e-23
3.8182200e+03	3.9158000e-23
3.8270200e+03	3.9242200e-23
3.8358500e+03	3.9326700e-23
3.8446900e+03	3.9411400e-23
3.8535600e+03	3.9496300e-23
3.8624400e+03	3.9581400e-23
3.8713500e+03	3.9666700e-23
3.8802800e+03	3.9752200e-23
3.8892300e+03	3.9837900e-23
3.8982000e+03	3.9923900e-23
3.9071800e+03	4.0010000e-23
3.9161900e+03	4.0096400e-23
3.9252300e+03	4.0182900e-23
3.9342800e+03	4.0269700e-23
3.9433500e+03	4.0356700e-23
3.9524400e+03	4.0443900e-23
3.9615600e+03	4.0531400e-23
3.9706900e+03	4.0619000e-23
3.9798500e+03	4.0707200e-23
3.9890300e+03	4.0794900e-23
3.9982300e+03	4.0883200e-23
4.0074500e+03	4.0971700e-23
4.0166900e+03	4.1060400e-23
4.0259500e+03	4.1149400e-23
4.0352300e+03	4.1238500e-23
4.0445400e+03	4.1327900e-23
4.0538700e+03	4.1417500e-23
4.0632100e+03	4.1507300e-23
4.0725800e+03	4.1597300e-23
4.0819700e+03	4.1687500e-23
4.0913900e+03	4.1778000e-23
4.1008200e+03	4.1868700e-23
4.1102800e+03	4.1959600e-23
4.1197600e+03	4.2050700e-23
4.1292600e+03	4.2142100e-23
4.1387800e+03	4.2233700e-23
4.1483200e+03	4.2325500e-23
4.1578900e+03	4.2417500e-23
4.1674800e+03	4.2509700e-23
4.1770900e+03	4.2602200e-23
4.1867200e+03	4.2694900e-23
4.1963800e+03	4.2787800e-23
4.2060500e+03	4.2881000e-23
4.2157500e+03	4.2974400e-23
4.2254700e+03	4.3068000e-23
4.2352200e+03	4.3161800e-23
4.2449800e+03	4.3255900e-23
4.2547700e+03	4.3350200e-23
4.2645800e+03	4.3444700e-23
4.2744200e+03	4.3539400e-23
4.2842700e+03	4.3634400e-23
4.2941500e+03	4.3729600e-23
4.3040600e+03	4.3825100e-23
4.3139800e+03	4.3920700e-23
4.3239300e+03	4.4016600e-23
4.3339000e+03	4.4112800e-23
4.3438900e+03	4.4209200e-23
4.3539100e+03	4.4305800e-23
4.3639500e+03	4.4402600e-23
4.3740200e+03	4.4499700e-23
4.3841000e+03	4.4597000e-23
4.3942100e+03	4.4694500e-23
4.4043400e+03	4.4792300e-23
4.4145000e+03	4.4890300e-23
4.4246800e+03	4.4988600e-23
4.4348800e+03	4.5087100e-23
4.4451100e+03	4.5185800e-23
4.4553600e+03	4.5284800e-23
4.4656400e+03	4.5384000e-23
4.4759300e+03	4.5483500e-23
4.4862600e+03	4.5583200e-23
4.4966000e+03	4.5683100e-23
4.5069700e+03	4.5783300e-23
4.5173600e+03	4.5883700e-23
4.5277800e+03	4.5984400e-23
4.5382200e+03	4.6085300e-23
4.5486900e+03	4.6186400e-23
4.5591800e+03	4.6287800e-23
4.5696900e+03	4.6389500e-23
4.5802300e+03	4.6491400e-23
4.5907900e+03	4.6593500e-23
4.6013800e+03	4.6695900e-23
4.6119900e+03	4.6798500e-23
4.6226200e+03	4.6901400e-23
4.6332800e+03	4.7004500e-23
4.6439700e+03	4.7107900e-23
4.6546700e+03	4.7211500e-23
4.6654100e+03	4.7315400e-23
4.6761700e+03	4.7419500e-23
4.6869500e+03	4.7523900e-23
4.6977600e+03	4.7628500e-23
4.7085900e+03	4.7733400e-23
4.7194500e+03	4.7838500e-23
4.7303300e+03	4.7943900e-23
4.7412400e+03	4.8049500e-23
4.7521700e+03	4.8155400e-23
4.7631300e+03	4.8261600e-23
4.7741200e+03	4.8368000e-23
4.7851300e+03	4.8474700e-23
4.7961600e+03	4.8581500e-23
4.8072200e+03	4.8688700e-23
4.8183100e+03	4.8796100e-23
4.8294200e+03	4.8903800e-23
4.8405500e+03	4.9011800e-23
4.8517200e+03	4.9120000e-23
4.8629000e+03	4.9228500e-23
4.8741200e+03	4.9337200e-23
4.8853600e+03	4.9446200e-23
4.8966200e+03	4.9555400e-23
4.9079100e+03	4.9664900e-23
4.9192300e+03	4.9774700e-23
4.9305800e+03	4.9884800e-23
4.9419500e+03	4.9995100e-23
4.9533400e+03	5.0105600e-23
4.9647600e+03	5.0216500e-23
4.9762100e+03	5.0327600e-23
4.9876900e+03	5.0439000e-23
4.9991900e+03	5.0550600e-23
5.0107200e+03	5.0662500e-23
5.0222700e+03	5.0774700e-23
5.0338500e+03	5.0887100e-23
5.0454600e+03	5.0999800e-23
5.0571000e+03	5.1112800e-23
5.0687600e+03	5.1226000e-23
5.0804500e+03	5.1339600e-23
5.0921600e+03	5.1453400e-23
5.1039100e+03	5.1567400e-23
5.1156800e+03	5.1681800e-23
5.1274700e+03	5.1796400e-23
5.1393000e+03	5.1911300e-23
5.1511500e+03	5.2026400e-23
5.1630300e+03	5.2141900e-23
5.1749300e+03	5.2257600e-23
5.1868700e+03	5.2373600e-23
5.1988300e+03	5.2489900e-23
5.2108100e+03	5.2606400e-23
5.2228300e+03	5.2723200e-23
5.2348700e+03	5.2840300e-23
5.2469500e+03	5.2957700e-23
5.2590500e+03	5.3075400e-23
5.2711700e+03	5.3193400e-23
5.2833300e+03	5.3311600e-23
5.2955100e+03	5.3430100e-23
5.3077200e+03	5.3548900e-23
5.3199600e+03	5.3668000e-23
5.3322300e+03	5.3787300e-23
5.3445300e+03	5.3907000e-23
5.3568500e+03	5.4026900e-23
5.3692000e+03	5.4147100e-23
5.3815900e+03	5.4267700e-23
5.3940000e+03	5.4388500e-23
5.4064300e+03	5.4509500e-23
5.4189000e+03	5.4630900e-23
5.4314000e+03	5.4752600e-23
5.4439200e+03	5.4874500e-23
5.4564800e+03	5.4996800e-23
5.4690600e+03	5.5119300e-23
5.4816700e+03	5.5242100e-23
5.4943100e+03	5.5365300e-23
5.5069800e+03	5.5488700e-23
5.5196800e+03	5.5612400e-23
5.5324100e+03	5.5736400e-23
5.5451700e+03	5.5860700e-23
5.5579500e+03	5.5985300e-23
5.5707700e+03	5.6110200e-23
5.5836200e+03	5.6235400e-23
5.5964900e+03	5.6360800e-23
5.6094000e+03	5.6486600e-23
5.6223300e+03	5.6612700e-23
5.6353000e+03	5.6739100e-23
5.6482900e+03	5.6865800e-23
5.6613200e+03	5.6992800e-23
5.6743700e+03	5.7120100e-23
5.6874600e+03	5.7247700e-23
5.7005700e+03	5.7375500e-23
5.7137200e+03	5.7503700e-23
5.7269000e+03	5.7632300e-23
5.7401000e+03	5.7761100e-23
5.7533400e+03	5.7890200e-23
5.7666100e+03	5.8019600e-23
5.7799000e+03	5.8149300e-23
5.7932300e+03	5.8279400e-23
5.8065900e+03	5.8409700e-23
5.8199800e+03	5.8540400e-23
5.8334000e+03	5.8671300e-23
5.8468500e+03	5.8802600e-23
5.8603400e+03	5.8934200e-23
5.8738500e+03	5.9066100e-23
5.8874000e+03	5.9198300e-23
5.9009700e+03	5.9330900e-23
5.9145800e+03	5.9463700e-23
5.9282200e+03	5.9596900e-23
5.9418900e+03	5.9730300e-23
5.9555900e+03	5.9864100e-23
5.9693300e+03	5.9998200e-23
5.9830900e+03	6.0132700e-23
5.9968900e+03	6.0267400e-23
6.0107200e+03	6.0402500e-23
6.0245800e+03	6.0537900e-23
6.0384700e+03	6.0673600e-23
6.0524000e+03	6.0809600e-23
6.0663500e+03	6.0946000e-23
6.0803400e+03	6.1082600e-23
6.0943600e+03	6.1219600e-23
6.1084200e+03	6.1357000e-23
6.1225000e+03	6.1494600e-23
6.1366200e+03	6.1632600e-23
6.1507700e+03	6.1770900e-23
6.1649600e+03	6.1909500e-23
6.1791700e+03	6.2048500e-23
6.1934200e+03	6.2187800e-23
6.2077000e+03	6.2327400e-23
6.2220200e+03	6.2467300e-23
6.2363700e+03	6.2607600e-23
6.2507500e+03	6.2748200e-23
6.2651600e+03	6.2889600e-23
6.2796100e+03	6.3030400e-23
6.2940900e+03	6.3172000e-23
6.3086000e+03	6.3314000e-23
6.3231500e+03	6.3456300e-23
6.3377300e+03	6.3598900e-23
6.3523500e+03	6.3741800e-23
6.3670000e+03	6.3885100e-23
6.3816800e+03	6.4028800e-23
6.3964000e+03	6.4172700e-23
6.4111500e+03	6.4317000e-23
6.4259300e+03	6.4461700e-23
6.4407500e+03	6.4606700e-23
6.4556000e+03	6.4752000e-23
6.4704900e+03	6.4897700e-23
6.4854100e+03	6.5043700e-23
6.5003600e+03	6.5190100e-23
6.5153500e+03	6.5336800e-23
6.5303800e+03	6.5483900e-23
6.5454400e+03	6.5631300e-23
6.5605300e+03	6.5779000e-23
6.5756600e+03	6.5927100e-23
6.5908200e+03	6.6075600e-23
6.6060200e+03	6.6224400e-23
6.6212600e+03	6.6373600e-23
6.6365200e+03	6.6523100e-23
6.6518300e+03	6.6672900e-23
6.6671700e+03	6.6823200e-23
6.6825400e+03	6.6973700e-23
6.6979500e+03	6.7124600e-23
6.7134000e+03	6.7275900e-23
6.7288800e+03	6.7427600e-23
6.7443900e+03	6.7579600e-23
6.7599500e+03	6.7731900e-23
6.7755400e+03	6.7884600e-23
6.7911600e+03	6.8037700e-23
6.8068200e+03	6.8191100e-23
6.8225200e+03	6.8344900e-23
6.8382500e+03	6.8499100e-23
6.8540200e+03	6.8653600e-23
6.8698200e+03	6.8808500e-23
6.8856700e+03	6.8963700e-23
6.9015400e+03	6.9119400e-23
6.9174600e+03	6.9275300e-23
6.9334100e+03	6.9431700e-23
6.9494000e+03	6.9588400e-23
6.9654300e+03	6.9745500e-23
6.9814900e+03	6.9902900e-23
6.9975900e+03	7.0060800e-23
7.0137200e+03	7.0219000e-23
7.0299000e+03	7.0377500e-23
7.0461100e+03	7.0536500e-23
7.0623600e+03	7.0695800e-23
7.0786400e+03	7.0855500e-23
7.0949700e+03	7.1015600e-23
7.1113300e+03	7.1176000e-23
7.1277300e+03	7.1336800e-23
7.1441600e+03	7.1498000e-23
7.1606400e+03	7.1659600e-23
7.1771500e+03	7.1821600e-23
7.1937000e+03	7.1983900e-23
7.2102900e+03	7.2146600e-23
7.2269200e+03	7.2309800e-23
7.2435800e+03	7.2473200e-23
7.2602800e+03	7.2637100e-23
7.2770300e+03	7.2801400e-23
7.2938100e+03	7.2966000e-23
7.3106300e+03	7.3131100e-23
7.3274900e+03	7.3296500e-23
7.3443800e+03	7.3462300e-23
7.3613200e+03	7.3628500e-23
7.3782900e+03	7.3795100e-23
7.3953100e+03	7.3962100e-23
7.4123600e+03	7.4129400e-23
7.4294600e+03	7.4297200e-23
7.4465900e+03	7.4465400e-23
7.4637600e+03	7.4633900e-23
7.4809700e+03	7.4802900e-23
7.4982200e+03	7.4972200e-23
7.5155100e+03	7.5142000e-23
7.5328400e+03	7.5312100e-23
7.5502200e+03	7.5482600e-23
7.5676300e+03	7.5653600e-23
7.5850800e+03	7.5824900e-23
7.6025700e+03	7.5996700e-23
7.6201000e+03	7.6168800e-23
7.6376700e+03	7.6341400e-23
7.6552800e+03	7.6514300e-23
7.6729400e+03	7.6687700e-23
7.6906300e+03	7.6861500e-23
7.7083700e+03	7.7035700e-23
7.7261400e+03	7.7210200e-23
7.7439600e+03	7.7385200e-23
7.7618200e+03	7.7560700e-23
7.7797100e+03	7.7736500e-23
7.7976500e+03	7.7912700e-23
7.8156400e+03	7.8089400e-23
7.8336600e+03	7.8266400e-23
7.8517200e+03	7.8443900e-23
7.8698300e+03	7.8621800e-23
7.8879800e+03	7.8800100e-23
7.9061700e+03	7.8978800e-23
7.9244000e+03	7.9158000e-23
7.9426700e+03	7.9337500e-23
7.9609900e+03	7.9517500e-23
7.9793500e+03	7.9697900e-23
7.9977500e+03	7.9878700e-23
8.0161900e+03	8.0060000e-23
8.0346800e+03	8.0241700e-23
8.0532000e+03	8.0423900e-23
8.0717700e+03	8.0606300e-23
8.0903900e+03	8.0789300e-23
8.1090400e+03	8.0972700e-23
8.1277400e+03	8.1156500e-23
8.1464900e+03	8.1340700e-23
8.1652700e+03	8.1525400e-23
8.1841000e+03	8.1710500e-23
8.2029700e+03	8.1896100e-23
8.2218900e+03	8.2082000e-23
8.2408500e+03	8.2268400e-23
8.2598500e+03	8.2455300e-23
8.2789000e+03	8.2642600e-23
8.2979900e+03	8.2830300e-23
8.3171300e+03	8.3018500e-23
8.3363100e+03	8.3207100e-23
8.3555300e+03	8.3396100e-23
8.3748000e+03	8.3585600e-23
8.3941100e+03	8.3775500e-23
8.4134700e+03	8.3965900e-23
8.4328700e+03	8.4156700e-23
8.4523100e+03	8.4348000e-23
8.4718100e+03	8.4539700e-23
8.4913400e+03	8.4731900e-23
8.5109200e+03	8.4924500e-23
8.5305500e+03	8.5117600e-23
8.5502200e+03	8.5311100e-23
8.5699400e+03	8.5505100e-23
8.5897000e+03	8.5699500e-23
8.6095100e+03	8.5894400e-23
8.6293600e+03	8.6089700e-23
8.6492600e+03	8.6285500e-23
8.6692100e+03	8.6481700e-23
8.6892000e+03	8.6678400e-23
8.7092300e+03	8.6875600e-23
8.7293200e+03	8.7073200e-23
8.7494500e+03	8.7271300e-23
8.7696200e+03	8.7469900e-23
8.7898500e+03	8.7668900e-23
8.8101200e+03	8.7868400e-23
8.8304300e+03	8.8068300e-23
8.8508000e+03	8.8268700e-23
8.8712100e+03	8.8469600e-23
8.8916600e+03	8.8671000e-23
8.9121700e+03	8.8872800e-23
8.9327200e+03	8.9075100e-23
8.9533200e+03	8.9277800e-23
8.9739600e+03	8.9481100e-23
8.9946600e+03	8.9684800e-23
9.0154000e+03	8.9889000e-23
9.0361900e+03	9.0093700e-23
9.0570300e+03	9.0298800e-23
9.0779100e+03	9.0504400e-23
9.0988500e+03	9.0710500e-23
9.1198300e+03	9.0917100e-23
9.1408600e+03	9.1124200e-23
9.1619400e+03	9.1331700e-23
9.1830700e+03	9.1539800e-23
9.2042400e+03	9.1748300e-23
9.2254700e+03	9.1957300e-23
9.2467400e+03	9.2166800e-23
9.2680600e+03	9.2376800e-23
9.2894400e+03	9.2587200e-23
9.3108600e+03	9.2798200e-23
9.3323300e+03	9.3009700e-23
9.3538500e+03	9.3221600e-23
9.3754200e+03	9.3434100e-23
9.3970400e+03	9.3647000e-23
9.4187100e+03	9.3860400e-23
9.4404300e+03	9.4074400e-23
9.4622000e+03	9.4288800e-23
9.4840200e+03	9.4503800e-23
9.5058900e+03	9.4719200e-23
9.5278100e+03	9.4935100e-23
9.5497800e+03	9.5151600e-23
9.5718000e+03	9.5368500e-23
9.5938700e+03	9.5586000e-23
9.6160000e+03	9.5803900e-23
9.6381700e+03	9.6022400e-23
9.6604000e+03	9.6241400e-23
9.6826700e+03	9.6460900e-23
9.7050000e+03	9.6680900e-23
9.7273800e+03	9.6901400e-23
9.7498100e+03	9.7122400e-23
9.7723000e+03	9.7343900e-23
9.7948300e+03	9.7566000e-23
9.8174200e+03	9.7788600e-23
9.8400600e+03	9.8011700e-23
9.8627500e+03	9.8235300e-23
9.8854900e+03	9.8459400e-23
9.9082900e+03	9.8684100e-23
9.9311400e+03	9.8909300e-23
9.9540400e+03	9.9135000e-23
9.9769900e+03	9.9361200e-23
1.0000000e+04	9.9588000e-23
