9.0000000e+00	1.7370723e-21
9.0203998e+00	2.1715963e-21
9.0408458e+00	2.9166699e-21
9.0613382e+00	4.4877269e-21
9.0818770e+00	9.9536420e-21
9.1024624e+00	4.1362678e-20
9.1230944e+00	6.6211898e-21
9.1437733e+00	3.5710751e-21
9.1644989e+00	2.4325295e-21
9.1852716e+00	1.8377177e-21
9.2060913e+00	1.4724913e-21
9.2269583e+00	1.2256213e-21
9.2478725e+00	1.0477367e-21
9.2688341e+00	9.1357136e-22
9.2898433e+00	8.0885346e-22
9.3109000e+00	7.2491191e-22
9.3320045e+00	6.5617445e-22
9.3531568e+00	5.9889685e-22
9.3743571e+00	5.5047011e-22
9.3956054e+00	5.0902045e-22
9.4169019e+00	4.7316743e-22
9.4382467e+00	4.4187153e-22
9.4596398e+00	4.1433508e-22
9.4810815e+00	3.8993575e-22
9.5025717e+00	3.6818088e-22
9.5241107e+00	3.4867538e-22
9.5456984e+00	3.3109868e-22
9.5673351e+00	3.1518799e-22
9.5890209e+00	3.0072582e-22
9.6107557e+00	2.8753065e-22
9.6325399e+00	2.7544974e-22
9.6543734e+00	2.6435366e-22
9.6762565e+00	2.5413202e-22
9.6981891e+00	2.4469008e-22
9.7201714e+00	2.3594613e-22
9.7422036e+00	2.2782923e-22
9.7642857e+00	2.2027756e-22
9.7864179e+00	2.1323697e-22
9.8086002e+00	2.0665986e-22
9.8308328e+00	2.0050420e-22
9.8531158e+00	1.9473275e-22
9.8754493e+00	1.8931240e-22
9.8978334e+00	1.8421360e-22
9.9202683e+00	1.7940993e-22
9.9427540e+00	1.7487766e-22
9.9652907e+00	1.7059542e-22
9.9878784e+00	1.6654397e-22
1.0010517e+01	1.6270591e-22
1.0033208e+01	1.5906548e-22
1.0055949e+01	1.5560834e-22
1.0078743e+01	1.5232146e-22
1.0101588e+01	1.4919291e-22
1.0124484e+01	1.4621180e-22
1.0147433e+01	1.4336818e-22
1.0170433e+01	1.4065292e-22
1.0193486e+01	1.3805762e-22
1.0216591e+01	1.3557458e-22
1.0239749e+01	1.3319670e-22
1.0262958e+01	1.3091741e-22
1.0286221e+01	1.2873066e-22
1.0309536e+01	1.2663085e-22
1.0332904e+01	1.2461280e-22
1.0356325e+01	1.2267171e-22
1.0379799e+01	1.2080311e-22
1.0403327e+01	1.1900288e-22
1.0426907e+01	1.1726715e-22
1.0450541e+01	1.1559234e-22
1.0474229e+01	1.1397512e-22
1.0497970e+01	1.1241237e-22
1.0521765e+01	1.1090118e-22
1.0545615e+01	1.0943884e-22
1.0569518e+01	1.0802282e-22
1.0593475e+01	1.0665073e-22
1.0617487e+01	1.0532035e-22
1.0641553e+01	1.0402962e-22
1.0665673e+01	1.0277656e-22
1.0689849e+01	1.0155935e-22
1.0714079e+01	1.0037627e-22
1.0738364e+01	9.9225695e-23
1.0762704e+01	9.8106120e-23
1.0787099e+01	9.7016108e-23
1.0811549e+01	9.5954316e-23
1.0836055e+01	9.4919476e-23
1.0860617e+01	9.3910394e-23
1.0885234e+01	9.2925945e-23
1.0909907e+01	9.1965069e-23
1.0934636e+01	9.1026762e-23
1.0959421e+01	9.0110078e-23
1.0984262e+01	8.9214121e-23
1.1009159e+01	8.8338049e-23
1.1034113e+01	8.7481060e-23
1.1059124e+01	8.6642398e-23
1.1084191e+01	8.5821347e-23
1.1109315e+01	8.5017228e-23
1.1134495e+01	8.4229397e-23
1.1159733e+01	8.3457245e-23
1.1185028e+01	8.2700194e-23
1.1210381e+01	8.1957694e-23
1.1235791e+01	8.1229224e-23
1.1261258e+01	8.0514288e-23
1.1286784e+01	7.9812416e-23
1.1312367e+01	7.9123161e-23
1.1338008e+01	7.8446096e-23
1.1363707e+01	7.7780816e-23
1.1389465e+01	7.7126935e-23
1.1415280e+01	7.6484085e-23
1.1441155e+01	7.5851916e-23
1.1467088e+01	7.5230094e-23
1.1493080e+01	7.4618300e-23
1.1519130e+01	7.4016230e-23
1.1545240e+01	7.3423591e-23
1.1571409e+01	7.2840109e-23
1.1597637e+01	7.2265515e-23
1.1623925e+01	7.1699558e-23
1.1650272e+01	7.1141993e-23
1.1676679e+01	7.0592589e-23
1.1703146e+01	7.0051123e-23
1.1729673e+01	6.9517381e-23
1.1756260e+01	6.8991159e-23
1.1782907e+01	6.8472260e-23
1.1809615e+01	6.7960497e-23
1.1836383e+01	6.7455688e-23
1.1863212e+01	6.6957660e-23
1.1890102e+01	6.6466246e-23
1.1917052e+01	6.5981286e-23
1.1944064e+01	6.5502625e-23
1.1971137e+01	6.5030115e-23
1.1998271e+01	6.4563613e-23
1.2025467e+01	6.4102980e-23
1.2052725e+01	6.3648085e-23
1.2080044e+01	6.3198799e-23
1.2107425e+01	6.2754999e-23
1.2134868e+01	6.2316564e-23
1.2162374e+01	6.1883381e-23
1.2189941e+01	6.1455338e-23
1.2217572e+01	6.1032327e-23
1.2245264e+01	6.0614245e-23
1.2273020e+01	6.0200990e-23
1.2300839e+01	5.9792466e-23
1.2328720e+01	5.9388577e-23
1.2356665e+01	5.8989234e-23
1.2384673e+01	5.8594346e-23
1.2412745e+01	5.8203829e-23
1.2440880e+01	5.7817599e-23
1.2469079e+01	5.7435576e-23
1.2497342e+01	5.7057680e-23
1.2525669e+01	5.6683836e-23
1.2554060e+01	5.6313970e-23
1.2582516e+01	5.5948010e-23
1.2611036e+01	5.5585886e-23
1.2639621e+01	5.5227529e-23
1.2668270e+01	5.4872874e-23
1.2696985e+01	5.4521857e-23
1.2725764e+01	5.4174414e-23
1.2754609e+01	5.3830485e-23
1.2783519e+01	5.3490010e-23
1.2812495e+01	5.3152932e-23
1.2841536e+01	5.2819192e-23
1.2870644e+01	5.2488738e-23
1.2899817e+01	5.2161514e-23
1.2929056e+01	5.1837469e-23
1.2958362e+01	5.1516550e-23
1.2987734e+01	5.1198709e-23
1.3017172e+01	5.0883896e-23
1.3046677e+01	5.0572065e-23
1.3076250e+01	5.0263167e-23
1.3105889e+01	4.9957158e-23
1.3135595e+01	4.9653993e-23
1.3165369e+01	4.9353629e-23
1.3195210e+01	4.9056024e-23
1.3225119e+01	4.8761135e-23
1.3255096e+01	4.8468922e-23
1.3285140e+01	4.8179346e-23
1.3315253e+01	4.7892367e-23
1.3345434e+01	4.7607948e-23
1.3375683e+01	4.7326051e-23
1.3406001e+01	4.7046639e-23
1.3436388e+01	4.6769677e-23
1.3466843e+01	4.6495130e-23
1.3497368e+01	4.6222964e-23
1.3527961e+01	4.5953144e-23
1.3558624e+01	4.5685639e-23
1.3589357e+01	4.5420416e-23
1.3620159e+01	4.5157443e-23
1.3651031e+01	4.4896689e-23
1.3681973e+01	4.4638124e-23
1.3712985e+01	4.4381718e-23
1.3744068e+01	4.4127443e-23
1.3775221e+01	4.3875269e-23
1.3806444e+01	4.3625168e-23
1.3837739e+01	4.3377113e-23
1.3869104e+01	4.3131077e-23
1.3900540e+01	4.2887034e-23
1.3932048e+01	4.2644956e-23
1.3963627e+01	4.2404820e-23
1.3995277e+01	4.2166600e-23
1.4027000e+01	4.1930271e-23
1.4058794e+01	4.1695809e-23
1.4090660e+01	4.1463191e-23
1.4122599e+01	4.1232394e-23
1.4154610e+01	4.1003394e-23
1.4186693e+01	4.0776169e-23
1.4218849e+01	4.0550698e-23
1.4251078e+01	4.0326958e-23
1.4283380e+01	4.0104929e-23
1.4315756e+01	3.9884590e-23
1.4348204e+01	3.9665920e-23
1.4380727e+01	3.9448900e-23
1.4413323e+01	3.9233509e-23
1.4445993e+01	3.9019729e-23
1.4478736e+01	3.8807539e-23
1.4511555e+01	3.8596923e-23
1.4544447e+01	3.8387860e-23
1.4577414e+01	3.8180334e-23
1.4610456e+01	3.7974326e-23
1.4643573e+01	3.7769819e-23
1.4676764e+01	3.7566796e-23
1.4710031e+01	3.7365241e-23
1.4743374e+01	3.7165136e-23
1.4776792e+01	3.6966465e-23
1.4810286e+01	3.6769212e-23
1.4843855e+01	3.6573362e-23
1.4877501e+01	3.6378900e-23
1.4911223e+01	3.6185809e-23
1.4945021e+01	3.5994076e-23
1.4978896e+01	3.5803684e-23
1.5012848e+01	3.5614621e-23
1.5046877e+01	3.5426871e-23
1.5080983e+01	3.5240421e-23
1.5115166e+01	3.5055258e-23
1.5149427e+01	3.4871366e-23
1.5183765e+01	3.4688734e-23
1.5218181e+01	3.4507348e-23
1.5252676e+01	3.4327195e-23
1.5287248e+01	3.4148263e-23
1.5321899e+01	3.3970539e-23
1.5356628e+01	3.3794010e-23
1.5391436e+01	3.3618666e-23
1.5426323e+01	3.3444493e-23
1.5461289e+01	3.3271480e-23
1.5496334e+01	3.3099617e-23
1.5531459e+01	3.2928890e-23
1.5566663e+01	3.2759289e-23
1.5601947e+01	3.2590804e-23
1.5637311e+01	3.2423423e-23
1.5672755e+01	3.2257136e-23
1.5708280e+01	3.2091932e-23
1.5743885e+01	3.1927801e-23
1.5779571e+01	3.1764732e-23
1.5815337e+01	3.1602716e-23
1.5851185e+01	3.1441743e-23
1.5887114e+01	3.1281803e-23
1.5923125e+01	3.1122887e-23
1.5959217e+01	3.0964985e-23
1.5995390e+01	3.0808087e-23
1.6031646e+01	3.0652185e-23
1.6067984e+01	3.0497269e-23
1.6104405e+01	3.0343331e-23
1.6140908e+01	3.0190362e-23
1.6177493e+01	3.0038353e-23
1.6214162e+01	2.9887296e-23
1.6250914e+01	2.9737182e-23
1.6287749e+01	2.9588003e-23
1.6324667e+01	2.9439751e-23
1.6361670e+01	2.9292418e-23
1.6398756e+01	2.9145995e-23
1.6435926e+01	2.9000475e-23
1.6473180e+01	2.8855851e-23
1.6510519e+01	2.8712114e-23
1.6547942e+01	2.8569258e-23
1.6585451e+01	2.8427274e-23
1.6623044e+01	2.8286155e-23
1.6660723e+01	2.8145895e-23
1.6698486e+01	2.8006486e-23
1.6736336e+01	2.7867920e-23
1.6774271e+01	2.7730192e-23
1.6812293e+01	2.7593294e-23
1.6850400e+01	2.7457220e-23
1.6888594e+01	2.7321962e-23
1.6926874e+01	2.7187515e-23
1.6965242e+01	2.7053871e-23
1.7003696e+01	2.6921025e-23
1.7042237e+01	2.6788969e-23
1.7080866e+01	2.6657699e-23
1.7119582e+01	2.6527207e-23
1.7158386e+01	2.6397487e-23
1.7197278e+01	2.6268534e-23
1.7236258e+01	2.6140342e-23
1.7275326e+01	2.6012904e-23
1.7314483e+01	2.5886215e-23
1.7353729e+01	2.5760269e-23
1.7393064e+01	2.5635061e-23
1.7432488e+01	2.5510584e-23
1.7472001e+01	2.5386834e-23
1.7511604e+01	2.5263805e-23
1.7551296e+01	2.5141492e-23
1.7591079e+01	2.5019888e-23
1.7630952e+01	2.4898990e-23
1.7670915e+01	2.4778791e-23
1.7710968e+01	2.4659287e-23
1.7751113e+01	2.4540472e-23
1.7791348e+01	2.4422342e-23
1.7831675e+01	2.4304891e-23
1.7872093e+01	2.4188115e-23
1.7912603e+01	2.4072008e-23
1.7953204e+01	2.3956567e-23
1.7993898e+01	2.3841785e-23
1.8034683e+01	2.3727659e-23
1.8075562e+01	2.3614184e-23
1.8116532e+01	2.3501356e-23
1.8157596e+01	2.3389169e-23
1.8198753e+01	2.3277619e-23
1.8240003e+01	2.3166702e-23
1.8281347e+01	2.3056413e-23
1.8322784e+01	2.2946749e-23
1.8364315e+01	2.2837704e-23
1.8405941e+01	2.2729274e-23
1.8447660e+01	2.2621456e-23
1.8489475e+01	2.2514245e-23
1.8531384e+01	2.2407637e-23
1.8573388e+01	2.2301628e-23
1.8615487e+01	2.2196214e-23
1.8657682e+01	2.2091390e-23
1.8699972e+01	2.1987154e-23
1.8742358e+01	2.1883500e-23
1.8784840e+01	2.1780426e-23
1.8827419e+01	2.1677927e-23
1.8870094e+01	2.1575999e-23
1.8912866e+01	2.1474640e-23
1.8955734e+01	2.1373844e-23
1.8998700e+01	2.1273608e-23
1.9041764e+01	2.1173929e-23
1.9084925e+01	2.1074804e-23
1.9128183e+01	2.0976227e-23
1.9171540e+01	2.0878197e-23
1.9214995e+01	2.0780709e-23
1.9258549e+01	2.0683760e-23
1.9302201e+01	2.0587347e-23
1.9345952e+01	2.0491466e-23
1.9389802e+01	2.0396113e-23
1.9433752e+01	2.0301286e-23
1.9477802e+01	2.0206981e-23
1.9521951e+01	2.0113194e-23
1.9566200e+01	2.0019924e-23
1.9610550e+01	1.9927165e-23
1.9655000e+01	1.9834916e-23
1.9699551e+01	1.9743173e-23
1.9744203e+01	1.9651932e-23
1.9788956e+01	1.9561191e-23
1.9833810e+01	1.9470947e-23
1.9878766e+01	1.9381197e-23
1.9923825e+01	1.9291937e-23
1.9968985e+01	1.9203164e-23
2.0014247e+01	1.9114877e-23
2.0059612e+01	1.9027071e-23
2.0105080e+01	1.8939743e-23
2.0150652e+01	1.8852892e-23
2.0196326e+01	1.8766514e-23
2.0242104e+01	1.8680605e-23
2.0287985e+01	1.8595165e-23
2.0333971e+01	1.8510188e-23
2.0380061e+01	1.8425674e-23
2.0426255e+01	1.8341618e-23
2.0472554e+01	1.8258019e-23
2.0518958e+01	1.8174874e-23
2.0565467e+01	1.8092179e-23
2.0612082e+01	1.8009933e-23
2.0658802e+01	1.7928133e-23
2.0705628e+01	1.7846775e-23
2.0752561e+01	1.7765858e-23
2.0799599e+01	1.7685379e-23
2.0846745e+01	1.7605336e-23
2.0893997e+01	1.7525725e-23
2.0941356e+01	1.7446545e-23
2.0988823e+01	1.7367792e-23
2.1036397e+01	1.7289465e-23
2.1084079e+01	1.7211561e-23
2.1131869e+01	1.7134078e-23
2.1179767e+01	1.7057012e-23
2.1227774e+01	1.6980363e-23
2.1275890e+01	1.6904127e-23
2.1324115e+01	1.6828301e-23
2.1372449e+01	1.6752885e-23
2.1420893e+01	1.6677875e-23
2.1469446e+01	1.6603270e-23
2.1518110e+01	1.6529066e-23
2.1566884e+01	1.6455261e-23
2.1615768e+01	1.6381855e-23
2.1664764e+01	1.6308843e-23
2.1713870e+01	1.6236224e-23
2.1763087e+01	1.6163996e-23
2.1812417e+01	1.6092157e-23
2.1861858e+01	1.6020704e-23
2.1911411e+01	1.5949636e-23
2.1961076e+01	1.5878950e-23
2.2010854e+01	1.5808644e-23
2.2060745e+01	1.5738715e-23
2.2110749e+01	1.5669163e-23
2.2160866e+01	1.5599985e-23
2.2211097e+01	1.5531179e-23
2.2261441e+01	1.5462742e-23
2.2311900e+01	1.5394673e-23
2.2362473e+01	1.5326970e-23
2.2413161e+01	1.5259631e-23
2.2463963e+01	1.5192654e-23
2.2514881e+01	1.5126037e-23
2.2565914e+01	1.5059777e-23
2.2617063e+01	1.4993874e-23
2.2668328e+01	1.4928325e-23
2.2719709e+01	1.4863128e-23
2.2771207e+01	1.4798282e-23
2.2822821e+01	1.4733784e-23
2.2874552e+01	1.4669633e-23
2.2926401e+01	1.4605826e-23
2.2978367e+01	1.4542363e-23
2.3030450e+01	1.4479241e-23
2.3082652e+01	1.4416458e-23
2.3134972e+01	1.4354012e-23
2.3187411e+01	1.4291903e-23
2.3239969e+01	1.4230127e-23
2.3292645e+01	1.4168684e-23
2.3345442e+01	1.4107571e-23
2.3398357e+01	1.4046787e-23
2.3451393e+01	1.3986330e-23
2.3504549e+01	1.3926199e-23
2.3557825e+01	1.3866391e-23
2.3611223e+01	1.3806905e-23
2.3664741e+01	1.3747739e-23
2.3718380e+01	1.3688892e-23
2.3772142e+01	1.3630363e-23
2.3826025e+01	1.3572148e-23
2.3880030e+01	1.3514247e-23
2.3934157e+01	1.3456659e-23
2.3988407e+01	1.3399381e-23
2.4042781e+01	1.3342411e-23
2.4097277e+01	1.3285750e-23
2.4151897e+01	1.3229394e-23
2.4206641e+01	1.3173342e-23
2.4261508e+01	1.3117593e-23
2.4316501e+01	1.3062144e-23
2.4371617e+01	1.3006996e-23
2.4426859e+01	1.2952145e-23
2.4482226e+01	1.2897592e-23
2.4537719e+01	1.2843333e-23
2.4593337e+01	1.2789367e-23
2.4649081e+01	1.2735694e-23
2.4704952e+01	1.2682311e-23
2.4760949e+01	1.2629218e-23
2.4817074e+01	1.2576412e-23
2.4873325e+01	1.2523892e-23
2.4929704e+01	1.2471657e-23
2.4986211e+01	1.2419706e-23
2.5042846e+01	1.2368036e-23
2.5099609e+01	1.2316647e-23
2.5156501e+01	1.2265537e-23
2.5213522e+01	1.2214704e-23
2.5270672e+01	1.2164148e-23
2.5327951e+01	1.2113867e-23
2.5385361e+01	1.2063859e-23
2.5442900e+01	1.2014124e-23
2.5500570e+01	1.1964660e-23
2.5558371e+01	1.1915465e-23
2.5616303e+01	1.1866538e-23
2.5674366e+01	1.1817878e-23
2.5732560e+01	1.1769484e-23
2.5790887e+01	1.1721354e-23
2.5849346e+01	1.1673487e-23
2.5907937e+01	1.1625881e-23
2.5966661e+01	1.1578536e-23
2.6025518e+01	1.1531450e-23
2.6084509e+01	1.1484621e-23
2.6143633e+01	1.1438049e-23
2.6202891e+01	1.1391733e-23
2.6262284e+01	1.1345670e-23
2.6321811e+01	1.1299860e-23
2.6381473e+01	1.1254302e-23
2.6441271e+01	1.1208994e-23
2.6501204e+01	1.1163935e-23
2.6561272e+01	1.1119124e-23
2.6621477e+01	1.1074559e-23
2.6681819e+01	1.1030240e-23
2.6742297e+01	1.0986166e-23
2.6802912e+01	1.0942334e-23
2.6863665e+01	1.0898744e-23
2.6924555e+01	1.0855395e-23
2.6985584e+01	1.0812285e-23
2.7046750e+01	1.0769414e-23
2.7108056e+01	1.0726780e-23
2.7169500e+01	1.0684382e-23
2.7231084e+01	1.0642219e-23
2.7292807e+01	1.0600290e-23
2.7354670e+01	1.0558593e-23
2.7416673e+01	1.0517128e-23
2.7478817e+01	1.0475894e-23
2.7541102e+01	1.0434888e-23
2.7603527e+01	1.0394111e-23
2.7666095e+01	1.0353561e-23
2.7728804e+01	1.0313237e-23
2.7791655e+01	1.0273138e-23
2.7854649e+01	1.0233262e-23
2.7917786e+01	1.0193610e-23
2.7981065e+01	1.0154179e-23
2.8044488e+01	1.0114969e-23
2.8108055e+01	1.0075978e-23
2.8171766e+01	1.0037206e-23
2.8235622e+01	9.9986507e-24
2.8299622e+01	9.9603123e-24
2.8363767e+01	9.9221892e-24
2.8428057e+01	9.8842804e-24
2.8492494e+01	9.8465850e-24
2.8557076e+01	9.8091018e-24
2.8621805e+01	9.7718299e-24
2.8686680e+01	9.7347682e-24
2.8751703e+01	9.6979158e-24
2.8816873e+01	9.6612716e-24
2.8882190e+01	9.6248346e-24
2.8947656e+01	9.5886039e-24
2.9013270e+01	9.5525784e-24
2.9079033e+01	9.5167572e-24
2.9144944e+01	9.4811393e-24
2.9211006e+01	9.4457237e-24
2.9277216e+01	9.4105095e-24
2.9343577e+01	9.3754956e-24
2.9410089e+01	9.3406812e-24
2.9476751e+01	9.3060652e-24
2.9543564e+01	9.2716468e-24
2.9610529e+01	9.2374250e-24
2.9677646e+01	9.2033988e-24
2.9744914e+01	9.1695673e-24
2.9812335e+01	9.1359295e-24
2.9879909e+01	9.1024846e-24
2.9947636e+01	9.0692316e-24
3.0015517e+01	9.0361696e-24
3.0083552e+01	9.0032977e-24
3.0151740e+01	8.9706150e-24
3.0220084e+01	8.9381205e-24
3.0288582e+01	8.9058134e-24
3.0357235e+01	8.8736928e-24
3.0426044e+01	8.8417577e-24
3.0495009e+01	8.8100073e-24
3.0564130e+01	8.7784408e-24
3.0633408e+01	8.7470571e-24
3.0702844e+01	8.7158554e-24
3.0772436e+01	8.6848349e-24
3.0842186e+01	8.6539947e-24
3.0912094e+01	8.6233339e-24
3.0982161e+01	8.5928517e-24
3.1052387e+01	8.5625472e-24
3.1122771e+01	8.5324195e-24
3.1193315e+01	8.5024678e-24
3.1264020e+01	8.4726913e-24
3.1334884e+01	8.4430891e-24
3.1405909e+01	8.4136603e-24
3.1477095e+01	8.3844041e-24
3.1548442e+01	8.3553198e-24
3.1619951e+01	8.3264064e-24
3.1691623e+01	8.2976631e-24
3.1763456e+01	8.2690891e-24
3.1835453e+01	8.2406837e-24
3.1907612e+01	8.2124459e-24
3.1979936e+01	8.1843749e-24
3.2052423e+01	8.1564701e-24
3.2125074e+01	8.1287304e-24
3.2197890e+01	8.1011552e-24
3.2270871e+01	8.0737437e-24
3.2344018e+01	8.0464950e-24
3.2417330e+01	8.0194084e-24
3.2490809e+01	7.9924830e-24
3.2564454e+01	7.9657181e-24
3.2638266e+01	7.9391129e-24
3.2712245e+01	7.9126666e-24
3.2786392e+01	7.8863785e-24
3.2860707e+01	7.8602477e-24
3.2935191e+01	7.8342735e-24
3.3009843e+01	7.8084552e-24
3.3084665e+01	7.7827919e-24
3.3159656e+01	7.7572829e-24
3.3234817e+01	7.7319274e-24
3.3310148e+01	7.7067248e-24
3.3385651e+01	7.6816741e-24
3.3461324e+01	7.6567747e-24
3.3537169e+01	7.6320259e-24
3.3613186e+01	7.6074269e-24
3.3689375e+01	7.5829769e-24
3.3765737e+01	7.5586752e-24
3.3842272e+01	7.5345211e-24
3.3918980e+01	7.5105138e-24
3.3995862e+01	7.4866527e-24
3.4072919e+01	7.4629369e-24
3.4150150e+01	7.4393658e-24
3.4227556e+01	7.4159386e-24
3.4305138e+01	7.3926546e-24
3.4382895e+01	7.3695131e-24
3.4460829e+01	7.3465135e-24
3.4538940e+01	7.3236548e-24
3.4617227e+01	7.3009366e-24
3.4695692e+01	7.2783580e-24
3.4774335e+01	7.2559183e-24
3.4853156e+01	7.2336169e-24
3.4932155e+01	7.2114531e-24
3.5011334e+01	7.1894261e-24
3.5090692e+01	7.1675353e-24
3.5170230e+01	7.1457799e-24
3.5249949e+01	7.1241594e-24
3.5329848e+01	7.1026729e-24
3.5409928e+01	7.0813198e-24
3.5490190e+01	7.0600995e-24
3.5570633e+01	7.0390112e-24
3.5651259e+01	7.0180543e-24
3.5732068e+01	6.9972281e-24
3.5813060e+01	6.9765320e-24
3.5894235e+01	6.9559652e-24
3.5975595e+01	6.9355271e-24
3.6057139e+01	6.9152170e-24
3.6138867e+01	6.8950343e-24
3.6220781e+01	6.8749783e-24
3.6302881e+01	6.8550483e-24
3.6385167e+01	6.8352438e-24
3.6467639e+01	6.8155639e-24
3.6550298e+01	6.7960082e-24
3.6633144e+01	6.7765759e-24
3.6716179e+01	6.7572664e-24
3.6799401e+01	6.7380791e-24
3.6882812e+01	6.7190133e-24
3.6966413e+01	6.7000683e-24
3.7050202e+01	6.6812436e-24
3.7134182e+01	6.6625385e-24
3.7218352e+01	6.6439524e-24
3.7302713e+01	6.6254845e-24
3.7387265e+01	6.6071344e-24
3.7472008e+01	6.5889014e-24
3.7556944e+01	6.5707848e-24
3.7642072e+01	6.5527841e-24
3.7727393e+01	6.5348986e-24
3.7812908e+01	6.5171277e-24
3.7898616e+01	6.4994707e-24
3.7984519e+01	6.4819272e-24
3.8070616e+01	6.4644964e-24
3.8156909e+01	6.4471777e-24
3.8243397e+01	6.4299706e-24
3.8330081e+01	6.4128744e-24
3.8416962e+01	6.3958885e-24
3.8504039e+01	6.3790124e-24
3.8591314e+01	6.3622454e-24
3.8678787e+01	6.3455870e-24
3.8766458e+01	6.3290364e-24
3.8854328e+01	6.3125933e-24
3.8942397e+01	6.2962569e-24
3.9030665e+01	6.2800267e-24
3.9119134e+01	6.2639020e-24
3.9207803e+01	6.2478824e-24
3.9296673e+01	6.2319671e-24
3.9385745e+01	6.2161557e-24
3.9475018e+01	6.2004476e-24
3.9564494e+01	6.1848421e-24
3.9654172e+01	6.1693388e-24
3.9744054e+01	6.1539370e-24
3.9834140e+01	6.1386362e-24
3.9924430e+01	6.1234357e-24
4.0014924e+01	6.1083351e-24
4.0105624e+01	6.0933338e-24
4.0196529e+01	6.0784311e-24
4.0287640e+01	6.0636266e-24
4.0378958e+01	6.0489197e-24
4.0470483e+01	6.0343098e-24
4.0562215e+01	6.0197964e-24
4.0654155e+01	6.0053789e-24
4.0746303e+01	5.9910568e-24
4.0838661e+01	5.9768296e-24
4.0931227e+01	5.9626966e-24
4.1024004e+01	5.9486573e-24
4.1116991e+01	5.9347112e-24
4.1210188e+01	5.9208578e-24
4.1303597e+01	5.9070965e-24
4.1397218e+01	5.8934267e-24
4.1491050e+01	5.8798480e-24
4.1585096e+01	5.8663598e-24
4.1679354e+01	5.8529616e-24
4.1773827e+01	5.8396529e-24
4.1868513e+01	5.8264330e-24
4.1963414e+01	5.8133016e-24
4.2058530e+01	5.8002580e-24
4.2153862e+01	5.7873018e-24
4.2249410e+01	5.7744325e-24
4.2345174e+01	5.7616494e-24
4.2441155e+01	5.7489521e-24
4.2537354e+01	5.7363402e-24
4.2633771e+01	5.7238130e-24
4.2730407e+01	5.7113701e-24
4.2827262e+01	5.6990109e-24
4.2924336e+01	5.6867350e-24
4.3021630e+01	5.6745419e-24
4.3119145e+01	5.6624310e-24
4.3216880e+01	5.6504018e-24
4.3314838e+01	5.6384540e-24
4.3413017e+01	5.6265868e-24
4.3511419e+01	5.6148000e-24
4.3610044e+01	5.6030929e-24
4.3708892e+01	5.5914651e-24
4.3807965e+01	5.5799161e-24
4.3907262e+01	5.5684454e-24
4.4006784e+01	5.5570525e-24
4.4106531e+01	5.5457370e-24
4.4206505e+01	5.5344983e-24
4.4306706e+01	5.5233360e-24
4.4407133e+01	5.5122496e-24
4.4507788e+01	5.5012387e-24
4.4608672e+01	5.4903027e-24
4.4709784e+01	5.4794412e-24
4.4811125e+01	5.4686538e-24
4.4912696e+01	5.4579399e-24
4.5014497e+01	5.4472991e-24
4.5116528e+01	5.4367309e-24
4.5218792e+01	5.4262349e-24
4.5321286e+01	5.4158106e-24
4.5424014e+01	5.4054575e-24
4.5526974e+01	5.3951753e-24
4.5630167e+01	5.3849634e-24
4.5733594e+01	5.3748213e-24
4.5837256e+01	5.3647488e-24
4.5941153e+01	5.3547452e-24
4.6045285e+01	5.3448102e-24
4.6149653e+01	5.3349433e-24
4.6254258e+01	5.3251440e-24
4.6359100e+01	5.3154120e-24
4.6464180e+01	5.3057468e-24
4.6569498e+01	5.2961479e-24
4.6675054e+01	5.2866150e-24
4.6780850e+01	5.2771475e-24
4.6886885e+01	5.2677451e-24
4.6993161e+01	5.2584074e-24
4.7099678e+01	5.2491338e-24
4.7206436e+01	5.2399240e-24
4.7313436e+01	5.2307776e-24
4.7420679e+01	5.2216942e-24
4.7528165e+01	5.2126732e-24
4.7635894e+01	5.2037144e-24
4.7743868e+01	5.1948172e-24
4.7852086e+01	5.1859813e-24
4.7960550e+01	5.1772063e-24
4.8069259e+01	5.1684918e-24
4.8178215e+01	5.1598373e-24
4.8287418e+01	5.1512425e-24
4.8396868e+01	5.1427069e-24
4.8506567e+01	5.1342301e-24
4.8616514e+01	5.1258118e-24
4.8726710e+01	5.1174516e-24
4.8837156e+01	5.1091490e-24
4.8947853e+01	5.1009037e-24
4.9058800e+01	5.0927152e-24
4.9169999e+01	5.0845832e-24
4.9281450e+01	5.0765074e-24
4.9393153e+01	5.0684872e-24
4.9505110e+01	5.0605224e-24
4.9617320e+01	5.0526125e-24
4.9729785e+01	5.0447571e-24
4.9842505e+01	5.0369560e-24
4.9955480e+01	5.0292087e-24
5.0068711e+01	5.0215148e-24
5.0182199e+01	5.0138739e-24
5.0295944e+01	5.0062858e-24
5.0409947e+01	4.9987500e-24
5.0524209e+01	4.9912662e-24
5.0638729e+01	4.9838339e-24
5.0753509e+01	4.9764529e-24
5.0868549e+01	4.9691228e-24
5.0983850e+01	4.9618432e-24
5.1099412e+01	4.9546137e-24
5.1215237e+01	4.9474341e-24
5.1331323e+01	4.9403039e-24
5.1447673e+01	4.9332228e-24
5.1564287e+01	4.9261904e-24
5.1681164e+01	4.9192065e-24
5.1798307e+01	4.9122706e-24
5.1915716e+01	4.9053825e-24
5.2033390e+01	4.8985417e-24
5.2151331e+01	4.8917479e-24
5.2269540e+01	4.8850009e-24
5.2388016e+01	4.8783002e-24
5.2506761e+01	4.8716455e-24
5.2625775e+01	4.8650366e-24
5.2745059e+01	4.8584729e-24
5.2864613e+01	4.8519544e-24
5.2984439e+01	4.8454805e-24
5.3104535e+01	4.8390510e-24
5.3224904e+01	4.8326656e-24
5.3345546e+01	4.8263239e-24
5.3466462e+01	4.8200257e-24
5.3587651e+01	4.8137705e-24
5.3709115e+01	4.8075582e-24
5.3830855e+01	4.8013883e-24
5.3952870e+01	4.7952606e-24
5.4075162e+01	4.7891747e-24
5.4197731e+01	4.7831304e-24
5.4320578e+01	4.7771273e-24
5.4443703e+01	4.7711651e-24
5.4567108e+01	4.7652436e-24
5.4690792e+01	4.7593624e-24
5.4814757e+01	4.7535212e-24
5.4939002e+01	4.7477198e-24
5.5063529e+01	4.7419577e-24
5.5188339e+01	4.7362349e-24
5.5313431e+01	4.7305509e-24
5.5438807e+01	4.7249054e-24
5.5564467e+01	4.7192982e-24
5.5690412e+01	4.7137290e-24
5.5816642e+01	4.7081975e-24
5.5943158e+01	4.7027035e-24
5.6069962e+01	4.6972465e-24
5.6197052e+01	4.6918264e-24
5.6324431e+01	4.6864429e-24
5.6452098e+01	4.6810957e-24
5.6580055e+01	4.6757845e-24
5.6708302e+01	4.6705090e-24
5.6836840e+01	4.6652691e-24
5.6965668e+01	4.6600643e-24
5.7094789e+01	4.6548945e-24
5.7224203e+01	4.6497594e-24
5.7353910e+01	4.6446587e-24
5.7483911e+01	4.6395921e-24
5.7614206e+01	4.6345595e-24
5.7744797e+01	4.6295604e-24
5.7875684e+01	4.6245948e-24
5.8006867e+01	4.6196622e-24
5.8138348e+01	4.6147625e-24
5.8270127e+01	4.6098955e-24
5.8402205e+01	4.6050608e-24
5.8534582e+01	4.6002581e-24
5.8667259e+01	4.5954874e-24
5.8800237e+01	4.5907483e-24
5.8933516e+01	4.5860405e-24
5.9067097e+01	4.5813639e-24
5.9200981e+01	4.5767182e-24
5.9335169e+01	4.5721031e-24
5.9469660e+01	4.5675184e-24
5.9604457e+01	4.5629639e-24
5.9739559e+01	4.5584394e-24
5.9874967e+01	4.5539446e-24
6.0010683e+01	4.5494792e-24
6.0146705e+01	4.5450431e-24
6.0283037e+01	4.5406360e-24
6.0419677e+01	4.5362576e-24
6.0556627e+01	4.5319079e-24
6.0693887e+01	4.5275865e-24
6.0831458e+01	4.5232932e-24
6.0969342e+01	4.5190278e-24
6.1107537e+01	4.5147901e-24
6.1246046e+01	4.5105799e-24
6.1384869e+01	4.5063969e-24
6.1524007e+01	4.5022409e-24
6.1663460e+01	4.4981118e-24
6.1803229e+01	4.4940093e-24
6.1943315e+01	4.4899331e-24
6.2083718e+01	4.4858832e-24
6.2224440e+01	4.4818592e-24
6.2365481e+01	4.4778610e-24
6.2506841e+01	4.4738884e-24
6.2648522e+01	4.4699412e-24
6.2790524e+01	4.4660191e-24
6.2932847e+01	4.4621220e-24
6.3075494e+01	4.4582497e-24
6.3218463e+01	4.4544019e-24
6.3361757e+01	4.4505786e-24
6.3505376e+01	4.4467794e-24
6.3649320e+01	4.4430042e-24
6.3793590e+01	4.4392528e-24
6.3938187e+01	4.4355250e-24
6.4083113e+01	4.4318207e-24
6.4228366e+01	4.4281396e-24
6.4373949e+01	4.4244815e-24
6.4519862e+01	4.4208463e-24
6.4666105e+01	4.4172338e-24
6.4812680e+01	4.4136438e-24
6.4959588e+01	4.4100761e-24
6.5106828e+01	4.4065305e-24
6.5254402e+01	4.4030070e-24
6.5402310e+01	4.3995052e-24
6.5550554e+01	4.3960250e-24
6.5699134e+01	4.3925663e-24
6.5848050e+01	4.3891288e-24
6.5997304e+01	4.3857125e-24
6.6146897e+01	4.3823170e-24
6.6296828e+01	4.3789424e-24
6.6447099e+01	4.3755883e-24
6.6597711e+01	4.3722547e-24
6.6748665e+01	4.3689413e-24
6.6899960e+01	4.3656480e-24
6.7051599e+01	4.3623747e-24
6.7203581e+01	4.3591211e-24
6.7355907e+01	4.3558872e-24
6.7508579e+01	4.3526727e-24
6.7661597e+01	4.3494776e-24
6.7814962e+01	4.3463015e-24
6.7968674e+01	4.3431445e-24
6.8122735e+01	4.3400063e-24
6.8277145e+01	4.3368868e-24
6.8431905e+01	4.3337859e-24
6.8587015e+01	4.3307033e-24
6.8742478e+01	4.3276390e-24
6.8898292e+01	4.3245928e-24
6.9054460e+01	4.3215645e-24
6.9210982e+01	4.3185540e-24
6.9367859e+01	4.3155611e-24
6.9525091e+01	4.3125858e-24
6.9682680e+01	4.3096279e-24
6.9840626e+01	4.3066872e-24
6.9998929e+01	4.3037636e-24
7.0157592e+01	4.3008569e-24
7.0316614e+01	4.2979671e-24
7.0475997e+01	4.2950939e-24
7.0635741e+01	4.2922373e-24
7.0795847e+01	4.2893971e-24
7.0956316e+01	4.2865731e-24
7.1117149e+01	4.2837654e-24
7.1278346e+01	4.2809736e-24
7.1439908e+01	4.2781978e-24
7.1601837e+01	4.2754376e-24
7.1764133e+01	4.2726932e-24
7.1926797e+01	4.2699642e-24
7.2089829e+01	4.2672506e-24
7.2253231e+01	4.2645523e-24
7.2417004e+01	4.2618691e-24
7.2581147e+01	4.2592009e-24
7.2745663e+01	4.2565476e-24
7.2910551e+01	4.2539091e-24
7.3075813e+01	4.2512852e-24
7.3241450e+01	4.2486758e-24
7.3407463e+01	4.2460809e-24
7.3573851e+01	4.2435003e-24
7.3740617e+01	4.2409338e-24
7.3907761e+01	4.2383814e-24
7.4075283e+01	4.2358430e-24
7.4243185e+01	4.2333184e-24
7.4411468e+01	4.2308076e-24
7.4580133e+01	4.2283103e-24
7.4749179e+01	4.2258266e-24
7.4918609e+01	4.2233563e-24
7.5088423e+01	4.2208993e-24
7.5258621e+01	4.2184554e-24
7.5429206e+01	4.2160247e-24
7.5600177e+01	4.2136069e-24
7.5771536e+01	4.2112020e-24
7.5943283e+01	4.2088099e-24
7.6115419e+01	4.2064304e-24
7.6287946e+01	4.2040635e-24
7.6460863e+01	4.2017090e-24
7.6634173e+01	4.1993669e-24
7.6807875e+01	4.1970371e-24
7.6981971e+01	4.1947195e-24
7.7156462e+01	4.1924139e-24
7.7331348e+01	4.1901203e-24
7.7506631e+01	4.1878386e-24
7.7682311e+01	4.1855686e-24
7.7858389e+01	4.1833104e-24
7.8034866e+01	4.1810637e-24
7.8211743e+01	4.1788286e-24
7.8389021e+01	4.1766048e-24
7.8566701e+01	4.1743924e-24
7.8744784e+01	4.1721912e-24
7.8923271e+01	4.1700012e-24
7.9102161e+01	4.1678222e-24
7.9281458e+01	4.1656542e-24
7.9461161e+01	4.1634971e-24
7.9641271e+01	4.1613507e-24
7.9821789e+01	4.1592151e-24
8.0002717e+01	4.1570901e-24
8.0184054e+01	4.1549756e-24
8.0365803e+01	4.1528716e-24
8.0547964e+01	4.1507780e-24
8.0730537e+01	4.1486946e-24
8.0913525e+01	4.1466215e-24
8.1096927e+01	4.1445585e-24
8.1280745e+01	4.1425056e-24
8.1464979e+01	4.1404626e-24
8.1649631e+01	4.1384295e-24
8.1834702e+01	4.1364063e-24
8.2020192e+01	4.1343928e-24
8.2206103e+01	4.1323890e-24
8.2392434e+01	4.1303947e-24
8.2579189e+01	4.1284100e-24
8.2766366e+01	4.1264347e-24
8.2953968e+01	4.1244688e-24
8.3141995e+01	4.1225122e-24
8.3330449e+01	4.1205649e-24
8.3519329e+01	4.1186266e-24
8.3708638e+01	4.1166975e-24
8.3898375e+01	4.1147774e-24
8.4088543e+01	4.1128662e-24
8.4279142e+01	4.1109639e-24
8.4470173e+01	4.1090705e-24
8.4661636e+01	4.1071857e-24
8.4853534e+01	4.1053097e-24
8.5045867e+01	4.1034422e-24
8.5238636e+01	4.1015833e-24
8.5431841e+01	4.0997329e-24
8.5625485e+01	4.0978909e-24
8.5819567e+01	4.0960572e-24
8.6014090e+01	4.0942319e-24
8.6209053e+01	4.0924147e-24
8.6404458e+01	4.0906057e-24
8.6600306e+01	4.0888049e-24
8.6796598e+01	4.0870120e-24
8.6993335e+01	4.0852272e-24
8.7190518e+01	4.0834503e-24
8.7388148e+01	4.0816812e-24
8.7586226e+01	4.0799200e-24
8.7784753e+01	4.0781665e-24
8.7983729e+01	4.0764206e-24
8.8183157e+01	4.0746825e-24
8.8383037e+01	4.0729519e-24
8.8583370e+01	4.0712288e-24
8.8784157e+01	4.0695132e-24
8.8985399e+01	4.0678050e-24
8.9187097e+01	4.0661041e-24
8.9389252e+01	4.0644106e-24
8.9591866e+01	4.0627243e-24
8.9794939e+01	4.0610452e-24
8.9998472e+01	4.0593733e-24
9.0202466e+01	4.0577084e-24
9.0406923e+01	4.0560506e-24
9.0611843e+01	4.0543998e-24
9.0817228e+01	4.0527559e-24
9.1023079e+01	4.0511189e-24
9.1229395e+01	4.0494888e-24
9.1436180e+01	4.0478655e-24
9.1643433e+01	4.0462489e-24
9.1851156e+01	4.0446390e-24
9.2059350e+01	4.0430357e-24
9.2268016e+01	4.0414391e-24
9.2477155e+01	4.0398490e-24
9.2686767e+01	4.0382655e-24
9.2896855e+01	4.0366884e-24
9.3107419e+01	4.0351177e-24
9.3318461e+01	4.0335534e-24
9.3529980e+01	4.0319954e-24
9.3741979e+01	4.0304438e-24
9.3954459e+01	4.0288983e-24
9.4167420e+01	4.0273591e-24
9.4380864e+01	4.0258261e-24
9.4594792e+01	4.0242991e-24
9.4809205e+01	4.0227783e-24
9.5024104e+01	4.0212635e-24
9.5239489e+01	4.0197546e-24
9.5455363e+01	4.0182518e-24
9.5671727e+01	4.0167548e-24
9.5888580e+01	4.0152637e-24
9.6105926e+01	4.0137785e-24
9.6323764e+01	4.0122991e-24
9.6542095e+01	4.0108254e-24
9.6760922e+01	4.0093574e-24
9.6980244e+01	4.0078952e-24
9.7200064e+01	4.0064386e-24
9.7420382e+01	4.0049876e-24
9.7641199e+01	4.0035421e-24
9.7862517e+01	4.0021022e-24
9.8084336e+01	4.0006679e-24
9.8306659e+01	3.9992389e-24
9.8529485e+01	3.9978155e-24
9.8752816e+01	3.9963974e-24
9.8976653e+01	3.9949846e-24
9.9200998e+01	3.9935773e-24
9.9425852e+01	3.9921752e-24
9.9651215e+01	3.9907783e-24
9.9877088e+01	3.9893868e-24
1.0010347e+02	3.9880004e-24
1.0033037e+02	3.9866191e-24
1.0055779e+02	3.9852430e-24
1.0078571e+02	3.9838721e-24
1.0101416e+02	3.9825062e-24
1.0124312e+02	3.9811453e-24
1.0147261e+02	3.9797894e-24
1.0170261e+02	3.9784386e-24
1.0193313e+02	3.9770926e-24
1.0216418e+02	3.9757516e-24
1.0239575e+02	3.9744155e-24
1.0262784e+02	3.9730843e-24
1.0286046e+02	3.9717579e-24
1.0309361e+02	3.9704363e-24
1.0332729e+02	3.9691195e-24
1.0356149e+02	3.9678074e-24
1.0379623e+02	3.9665001e-24
1.0403150e+02	3.9651974e-24
1.0426730e+02	3.9638995e-24
1.0450364e+02	3.9626062e-24
1.0474051e+02	3.9613175e-24
1.0497792e+02	3.9600333e-24
1.0521587e+02	3.9587538e-24
1.0545435e+02	3.9574788e-24
1.0569338e+02	3.9562083e-24
1.0593295e+02	3.9549423e-24
1.0617306e+02	3.9536808e-24
1.0641372e+02	3.9524238e-24
1.0665492e+02	3.9511711e-24
1.0689667e+02	3.9499229e-24
1.0713897e+02	3.9486790e-24
1.0738181e+02	3.9474395e-24
1.0762521e+02	3.9462043e-24
1.0786916e+02	3.9449734e-24
1.0811366e+02	3.9437468e-24
1.0835871e+02	3.9425244e-24
1.0860432e+02	3.9413063e-24
1.0885049e+02	3.9400924e-24
1.0909722e+02	3.9388827e-24
1.0934450e+02	3.9376772e-24
1.0959235e+02	3.9364758e-24
1.0984075e+02	3.9352786e-24
1.1008972e+02	3.9340855e-24
1.1033926e+02	3.9328965e-24
1.1058936e+02	3.9317115e-24
1.1084002e+02	3.9305306e-24
1.1109126e+02	3.9293538e-24
1.1134306e+02	3.9281809e-24
1.1159544e+02	3.9270121e-24
1.1184839e+02	3.9258472e-24
1.1210191e+02	3.9246863e-24
1.1235600e+02	3.9235293e-24
1.1261067e+02	3.9223763e-24
1.1286592e+02	3.9212272e-24
1.1312175e+02	3.9200819e-24
1.1337815e+02	3.9189406e-24
1.1363514e+02	3.9178030e-24
1.1389271e+02	3.9166694e-24
1.1415087e+02	3.9155395e-24
1.1440961e+02	3.9144135e-24
1.1466893e+02	3.9132912e-24
1.1492885e+02	3.9121727e-24
1.1518935e+02	3.9110580e-24
1.1545044e+02	3.9099470e-24
1.1571213e+02	3.9088397e-24
1.1597440e+02	3.9077361e-24
1.1623728e+02	3.9066363e-24
1.1650075e+02	3.9055401e-24
1.1676481e+02	3.9044476e-24
1.1702948e+02	3.9033587e-24
1.1729474e+02	3.9022734e-24
1.1756060e+02	3.9011918e-24
1.1782707e+02	3.9001138e-24
1.1809414e+02	3.8990394e-24
1.1836182e+02	3.8979686e-24
1.1863011e+02	3.8969013e-24
1.1889900e+02	3.8958376e-24
1.1916850e+02	3.8947775e-24
1.1943861e+02	3.8937208e-24
1.1970934e+02	3.8926677e-24
1.1998068e+02	3.8916181e-24
1.2025263e+02	3.8905720e-24
1.2052520e+02	3.8895293e-24
1.2079839e+02	3.8884901e-24
1.2107219e+02	3.8874544e-24
1.2134662e+02	3.8864221e-24
1.2162167e+02	3.8853933e-24
1.2189734e+02	3.8843679e-24
1.2217364e+02	3.8833458e-24
1.2245057e+02	3.8823272e-24
1.2272812e+02	3.8813120e-24
1.2300630e+02	3.8803001e-24
1.2328511e+02	3.8792917e-24
1.2356455e+02	3.8782865e-24
1.2384463e+02	3.8772848e-24
1.2412534e+02	3.8762863e-24
1.2440669e+02	3.8752912e-24
1.2468868e+02	3.8742994e-24
1.2497130e+02	3.8733109e-24
1.2525457e+02	3.8723257e-24
1.2553847e+02	3.8713438e-24
1.2582302e+02	3.8703652e-24
1.2610822e+02	3.8693898e-24
1.2639406e+02	3.8684177e-24
1.2668055e+02	3.8674489e-24
1.2696769e+02	3.8664833e-24
1.2725548e+02	3.8655209e-24
1.2754393e+02	3.8645618e-24
1.2783302e+02	3.8636059e-24
1.2812277e+02	3.8626532e-24
1.2841318e+02	3.8617037e-24
1.2870425e+02	3.8607574e-24
1.2899598e+02	3.8598143e-24
1.2928836e+02	3.8588743e-24
1.2958142e+02	3.8579376e-24
1.2987513e+02	3.8570040e-24
1.3016951e+02	3.8560736e-24
1.3046456e+02	3.8551463e-24
1.3076028e+02	3.8542222e-24
1.3105666e+02	3.8533012e-24
1.3135372e+02	3.8523833e-24
1.3165145e+02	3.8514686e-24
1.3194986e+02	3.8505570e-24
1.3224894e+02	3.8496485e-24
1.3254870e+02	3.8487431e-24
1.3284915e+02	3.8478408e-24
1.3315027e+02	3.8469416e-24
1.3345207e+02	3.8460455e-24
1.3375456e+02	3.8451525e-24
1.3405773e+02	3.8442626e-24
1.3436159e+02	3.8433757e-24
1.3466614e+02	3.8424919e-24
1.3497138e+02	3.8416112e-24
1.3527732e+02	3.8407335e-24
1.3558394e+02	3.8398589e-24
1.3589126e+02	3.8389873e-24
1.3619928e+02	3.8381188e-24
1.3650800e+02	3.8372533e-24
1.3681741e+02	3.8363909e-24
1.3712753e+02	3.8355315e-24
1.3743835e+02	3.8346751e-24
1.3774987e+02	3.8338217e-24
1.3806210e+02	3.8329714e-24
1.3837504e+02	3.8321241e-24
1.3868868e+02	3.8312797e-24
1.3900304e+02	3.8304384e-24
1.3931811e+02	3.8296001e-24
1.3963390e+02	3.8287648e-24
1.3995040e+02	3.8279325e-24
1.4026761e+02	3.8271032e-24
1.4058555e+02	3.8262769e-24
1.4090421e+02	3.8254536e-24
1.4122359e+02	3.8246332e-24
1.4154369e+02	3.8238159e-24
1.4186452e+02	3.8230015e-24
1.4218608e+02	3.8221901e-24
1.4250836e+02	3.8213816e-24
1.4283138e+02	3.8205762e-24
1.4315513e+02	3.8197737e-24
1.4347961e+02	3.8189742e-24
1.4380482e+02	3.8181776e-24
1.4413078e+02	3.8173840e-24
1.4445747e+02	3.8165934e-24
1.4478491e+02	3.8158057e-24
1.4511308e+02	3.8150210e-24
1.4544200e+02	3.8142392e-24
1.4577167e+02	3.8134604e-24
1.4610208e+02	3.8126845e-24
1.4643324e+02	3.8119116e-24
1.4676515e+02	3.8111417e-24
1.4709782e+02	3.8103746e-24
1.4743123e+02	3.8096106e-24
1.4776541e+02	3.8088495e-24
1.4810034e+02	3.8080913e-24
1.4843603e+02	3.8073360e-24
1.4877248e+02	3.8065838e-24
1.4910970e+02	3.8058344e-24
1.4944768e+02	3.8050880e-24
1.4978642e+02	3.8043445e-24
1.5012593e+02	3.8036040e-24
1.5046621e+02	3.8028664e-24
1.5080727e+02	3.8021318e-24
1.5114909e+02	3.8014001e-24
1.5149170e+02	3.8006713e-24
1.5183507e+02	3.7999455e-24
1.5217923e+02	3.7992226e-24
1.5252417e+02	3.7985026e-24
1.5286988e+02	3.7977856e-24
1.5321638e+02	3.7970715e-24
1.5356367e+02	3.7963604e-24
1.5391175e+02	3.7956522e-24
1.5426061e+02	3.7949469e-24
1.5461026e+02	3.7942446e-24
1.5496071e+02	3.7935452e-24
1.5531195e+02	3.7928488e-24
1.5566399e+02	3.7921553e-24
1.5601682e+02	3.7914647e-24
1.5637046e+02	3.7907771e-24
1.5672489e+02	3.7900924e-24
1.5708013e+02	3.7894107e-24
1.5743618e+02	3.7887319e-24
1.5779303e+02	3.7880561e-24
1.5815069e+02	3.7873832e-24
1.5850916e+02	3.7867133e-24
1.5886844e+02	3.7860463e-24
1.5922854e+02	3.7853823e-24
1.5958946e+02	3.7847212e-24
1.5995119e+02	3.7840631e-24
1.6031374e+02	3.7834080e-24
1.6067712e+02	3.7827558e-24
1.6104131e+02	3.7821065e-24
1.6140634e+02	3.7814603e-24
1.6177219e+02	3.7808169e-24
1.6213887e+02	3.7801766e-24
1.6250638e+02	3.7795392e-24
1.6287472e+02	3.7789048e-24
1.6324390e+02	3.7782734e-24
1.6361392e+02	3.7776450e-24
1.6398477e+02	3.7770195e-24
1.6435647e+02	3.7763970e-24
1.6472900e+02	3.7757775e-24
1.6510239e+02	3.7751609e-24
1.6547661e+02	3.7745474e-24
1.6585169e+02	3.7739369e-24
1.6622762e+02	3.7733293e-24
1.6660440e+02	3.7727247e-24
1.6698203e+02	3.7721232e-24
1.6736052e+02	3.7715246e-24
1.6773986e+02	3.7709291e-24
1.6812007e+02	3.7703365e-24
1.6850114e+02	3.7697470e-24
1.6888307e+02	3.7691605e-24
1.6926587e+02	3.7685769e-24
1.6964953e+02	3.7679965e-24
1.7003407e+02	3.7674190e-24
1.7041948e+02	3.7668445e-24
1.7080576e+02	3.7662731e-24
1.7119291e+02	3.7657048e-24
1.7158095e+02	3.7651394e-24
1.7196986e+02	3.7645771e-24
1.7235965e+02	3.7640179e-24
1.7275033e+02	3.7634617e-24
1.7314189e+02	3.7629085e-24
1.7353435e+02	3.7623584e-24
1.7392769e+02	3.7618114e-24
1.7432192e+02	3.7612674e-24
1.7471704e+02	3.7607265e-24
1.7511306e+02	3.7601887e-24
1.7550998e+02	3.7596539e-24
1.7590780e+02	3.7591222e-24
1.7630652e+02	3.7585936e-24
1.7670615e+02	3.7580681e-24
1.7710668e+02	3.7575457e-24
1.7750811e+02	3.7570264e-24
1.7791046e+02	3.7565102e-24
1.7831372e+02	3.7559971e-24
1.7871790e+02	3.7554871e-24
1.7912299e+02	3.7549802e-24
1.7952899e+02	3.7544764e-24
1.7993592e+02	3.7539758e-24
1.8034377e+02	3.7534783e-24
1.8075255e+02	3.7529839e-24
1.8116225e+02	3.7524927e-24
1.8157288e+02	3.7520046e-24
1.8198444e+02	3.7515197e-24
1.8239693e+02	3.7510379e-24
1.8281036e+02	3.7505593e-24
1.8322473e+02	3.7500838e-24
1.8364003e+02	3.7496115e-24
1.8405628e+02	3.7491424e-24
1.8447347e+02	3.7486765e-24
1.8489161e+02	3.7482137e-24
1.8531069e+02	3.7477542e-24
1.8573072e+02	3.7472978e-24
1.8615171e+02	3.7468447e-24
1.8657365e+02	3.7463947e-24
1.8699654e+02	3.7459480e-24
1.8742040e+02	3.7455045e-24
1.8784521e+02	3.7450642e-24
1.8827099e+02	3.7446272e-24
1.8869774e+02	3.7441934e-24
1.8912545e+02	3.7437628e-24
1.8955413e+02	3.7433355e-24
1.8998378e+02	3.7429114e-24
1.9041440e+02	3.7424906e-24
1.9084600e+02	3.7420731e-24
1.9127858e+02	3.7416588e-24
1.9171214e+02	3.7412478e-24
1.9214669e+02	3.7408401e-24
1.9258222e+02	3.7404358e-24
1.9301873e+02	3.7400347e-24
1.9345624e+02	3.7396369e-24
1.9389473e+02	3.7392424e-24
1.9433422e+02	3.7388512e-24
1.9477471e+02	3.7384634e-24
1.9521619e+02	3.7380789e-24
1.9565868e+02	3.7376977e-24
1.9610217e+02	3.7373199e-24
1.9654666e+02	3.7369454e-24
1.9699216e+02	3.7365743e-24
1.9743867e+02	3.7362066e-24
1.9788620e+02	3.7358422e-24
1.9833473e+02	3.7354812e-24
1.9878429e+02	3.7351236e-24
1.9923486e+02	3.7347694e-24
1.9968646e+02	3.7344186e-24
2.0013907e+02	3.7340712e-24
2.0059272e+02	3.7337273e-24
2.0104739e+02	3.7333867e-24
2.0150309e+02	3.7330496e-24
2.0195983e+02	3.7327159e-24
2.0241760e+02	3.7323857e-24
2.0287641e+02	3.7320589e-24
2.0333626e+02	3.7317356e-24
2.0379715e+02	3.7314157e-24
2.0425908e+02	3.7310994e-24
2.0472207e+02	3.7307865e-24
2.0518610e+02	3.7304771e-24
2.0565118e+02	3.7301712e-24
2.0611732e+02	3.7298688e-24
2.0658451e+02	3.7295699e-24
2.0705277e+02	3.7292746e-24
2.0752208e+02	3.7289828e-24
2.0799246e+02	3.7286945e-24
2.0846391e+02	3.7284098e-24
2.0893642e+02	3.7281286e-24
2.0941000e+02	3.7278510e-24
2.0988466e+02	3.7275769e-24
2.1036040e+02	3.7273065e-24
2.1083721e+02	3.7270396e-24
2.1131510e+02	3.7267764e-24
2.1179408e+02	3.7265167e-24
2.1227414e+02	3.7262607e-24
2.1275529e+02	3.7260083e-24
2.1323753e+02	3.7257595e-24
2.1372086e+02	3.7255143e-24
2.1420529e+02	3.7252728e-24
2.1469082e+02	3.7250350e-24
2.1517745e+02	3.7248008e-24
2.1566518e+02	3.7245703e-24
2.1615401e+02	3.7243435e-24
2.1664396e+02	3.7241204e-24
2.1713501e+02	3.7239010e-24
2.1762718e+02	3.7236853e-24
2.1812046e+02	3.7234733e-24
2.1861486e+02	3.7232651e-24
2.1911039e+02	3.7230606e-24
2.1960703e+02	3.7228598e-24
2.2010480e+02	3.7226629e-24
2.2060370e+02	3.7224696e-24
2.2110373e+02	3.7222802e-24
2.2160489e+02	3.7220945e-24
2.2210719e+02	3.7219127e-24
2.2261063e+02	3.7217346e-24
2.2311521e+02	3.7215604e-24
2.2362093e+02	3.7213900e-24
2.2412780e+02	3.7212234e-24
2.2463582e+02	3.7210607e-24
2.2514499e+02	3.7209018e-24
2.2565531e+02	3.7207468e-24
2.2616679e+02	3.7205956e-24
2.2667943e+02	3.7204484e-24
2.2719323e+02	3.7203050e-24
2.2770820e+02	3.7201656e-24
2.2822433e+02	3.7200301e-24
2.2874164e+02	3.7198984e-24
2.2926011e+02	3.7197708e-24
2.2977976e+02	3.7196471e-24
2.3030059e+02	3.7195273e-24
2.3082260e+02	3.7194115e-24
2.3134580e+02	3.7192997e-24
2.3187017e+02	3.7191918e-24
2.3239574e+02	3.7190880e-24
2.3292250e+02	3.7189882e-24
2.3345045e+02	3.7188924e-24
2.3397960e+02	3.7188006e-24
2.3450995e+02	3.7187129e-24
2.3504150e+02	3.7186292e-24
2.3557425e+02	3.7185496e-24
2.3610822e+02	3.7184740e-24
2.3664339e+02	3.7184026e-24
2.3717978e+02	3.7183352e-24
2.3771738e+02	3.7182720e-24
2.3825620e+02	3.7182129e-24
2.3879624e+02	3.7181579e-24
2.3933751e+02	3.7181070e-24
2.3988000e+02	3.7180603e-24
2.4042372e+02	3.7180178e-24
2.4096868e+02	3.7179794e-24
2.4151487e+02	3.7179452e-24
2.4206230e+02	3.7179152e-24
2.4261097e+02	3.7178895e-24
2.4316088e+02	3.7178679e-24
2.4371204e+02	3.7178506e-24
2.4426445e+02	3.7178376e-24
2.4481811e+02	3.7178287e-24
2.4537302e+02	3.7178242e-24
2.4592919e+02	3.7178239e-24
2.4648663e+02	3.7178280e-24
2.4704533e+02	3.7178363e-24
2.4760529e+02	3.7178490e-24
2.4816652e+02	3.7178660e-24
2.4872903e+02	3.7178873e-24
2.4929281e+02	3.7179130e-24
2.4985787e+02	3.7179430e-24
2.5042420e+02	3.7179774e-24
2.5099183e+02	3.7180162e-24
2.5156074e+02	3.7180595e-24
2.5213093e+02	3.7181071e-24
2.5270243e+02	3.7181592e-24
2.5327521e+02	3.7182157e-24
2.5384930e+02	3.7182766e-24
2.5442468e+02	3.7183420e-24
2.5500137e+02	3.7184119e-24
2.5557937e+02	3.7184863e-24
2.5615868e+02	3.7185652e-24
2.5673930e+02	3.7186486e-24
2.5732123e+02	3.7187366e-24
2.5790449e+02	3.7188291e-24
2.5848907e+02	3.7189261e-24
2.5907497e+02	3.7190277e-24
2.5966220e+02	3.7191339e-24
2.6025076e+02	3.7192447e-24
2.6084066e+02	3.7193601e-24
2.6143189e+02	3.7194802e-24
2.6202446e+02	3.7196048e-24
2.6261838e+02	3.7197341e-24
2.6321364e+02	3.7198681e-24
2.6381025e+02	3.7200068e-24
2.6440822e+02	3.7201501e-24
2.6500754e+02	3.7202982e-24
2.6560821e+02	3.7204509e-24
2.6621025e+02	3.7206085e-24
2.6681366e+02	3.7207707e-24
2.6741843e+02	3.7209377e-24
2.6802457e+02	3.7211095e-24
2.6863209e+02	3.7212861e-24
2.6924098e+02	3.7214674e-24
2.6985125e+02	3.7216536e-24
2.7046291e+02	3.7218446e-24
2.7107595e+02	3.7220405e-24
2.7169039e+02	3.7222412e-24
2.7230621e+02	3.7224468e-24
2.7292343e+02	3.7226573e-24
2.7354205e+02	3.7228727e-24
2.7416208e+02	3.7230930e-24
2.7478350e+02	3.7233183e-24
2.7540634e+02	3.7235485e-24
2.7603059e+02	3.7237836e-24
2.7665625e+02	3.7240237e-24
2.7728333e+02	3.7242689e-24
2.7791183e+02	3.7245190e-24
2.7854176e+02	3.7247741e-24
2.7917312e+02	3.7250343e-24
2.7980590e+02	3.7252996e-24
2.8044012e+02	3.7255699e-24
2.8107578e+02	3.7258452e-24
2.8171288e+02	3.7261257e-24
2.8235142e+02	3.7264113e-24
2.8299141e+02	3.7267020e-24
2.8363285e+02	3.7269979e-24
2.8427575e+02	3.7272989e-24
2.8492010e+02	3.7276051e-24
2.8556591e+02	3.7279165e-24
2.8621319e+02	3.7282331e-24
2.8686193e+02	3.7285549e-24
2.8751214e+02	3.7288820e-24
2.8816383e+02	3.7292143e-24
2.8881700e+02	3.7295519e-24
2.8947164e+02	3.7298947e-24
2.9012777e+02	3.7302429e-24
2.9078539e+02	3.7305964e-24
2.9144449e+02	3.7309552e-24
2.9210510e+02	3.7313194e-24
2.9276719e+02	3.7316889e-24
2.9343079e+02	3.7320638e-24
2.9409590e+02	3.7324442e-24
2.9476251e+02	3.7328299e-24
2.9543063e+02	3.7332211e-24
2.9610026e+02	3.7336177e-24
2.9677142e+02	3.7340198e-24
2.9744409e+02	3.7344274e-24
2.9811829e+02	3.7348404e-24
2.9879402e+02	3.7352590e-24
2.9947128e+02	3.7356831e-24
3.0015007e+02	3.7361128e-24
3.0083041e+02	3.7365480e-24
3.0151228e+02	3.7369889e-24
3.0219570e+02	3.7374353e-24
3.0288067e+02	3.7378873e-24
3.0356720e+02	3.7383450e-24
3.0425528e+02	3.7388084e-24
3.0494491e+02	3.7392774e-24
3.0563612e+02	3.7397521e-24
3.0632888e+02	3.7402325e-24
3.0702322e+02	3.7407186e-24
3.0771913e+02	3.7412105e-24
3.0841662e+02	3.7417081e-24
3.0911569e+02	3.7422115e-24
3.0981635e+02	3.7427207e-24
3.1051859e+02	3.7432358e-24
3.1122243e+02	3.7437566e-24
3.1192786e+02	3.7442833e-24
3.1263489e+02	3.7448159e-24
3.1334352e+02	3.7453544e-24
3.1405376e+02	3.7458987e-24
3.1476561e+02	3.7464490e-24
3.1547907e+02	3.7470052e-24
3.1619415e+02	3.7475674e-24
3.1691085e+02	3.7481356e-24
3.1762917e+02	3.7487098e-24
3.1834912e+02	3.7492900e-24
3.1907071e+02	3.7498762e-24
3.1979393e+02	3.7504685e-24
3.2051878e+02	3.7510668e-24
3.2124529e+02	3.7516713e-24
3.2197343e+02	3.7522818e-24
3.2270323e+02	3.7528985e-24
3.2343469e+02	3.7535213e-24
3.2416780e+02	3.7541503e-24
3.2490257e+02	3.7547855e-24
3.2563901e+02	3.7554269e-24
3.2637712e+02	3.7560745e-24
3.2711690e+02	3.7567284e-24
3.2785835e+02	3.7573885e-24
3.2860149e+02	3.7580550e-24
3.2934632e+02	3.7587277e-24
3.3009283e+02	3.7594067e-24
3.3084103e+02	3.7600921e-24
3.3159093e+02	3.7607839e-24
3.3234253e+02	3.7614821e-24
3.3309583e+02	3.7621866e-24
3.3385084e+02	3.7628976e-24
3.3460756e+02	3.7636150e-24
3.3536600e+02	3.7643389e-24
3.3612615e+02	3.7650693e-24
3.3688803e+02	3.7658062e-24
3.3765163e+02	3.7665496e-24
3.3841697e+02	3.7672996e-24
3.3918404e+02	3.7680561e-24
3.3995285e+02	3.7688192e-24
3.4072340e+02	3.7695890e-24
3.4149570e+02	3.7703653e-24
3.4226975e+02	3.7711483e-24
3.4304555e+02	3.7719380e-24
3.4382312e+02	3.7727344e-24
3.4460244e+02	3.7735375e-24
3.4538353e+02	3.7743474e-24
3.4616639e+02	3.7751639e-24
3.4695103e+02	3.7759873e-24
3.4773744e+02	3.7768175e-24
3.4852564e+02	3.7776545e-24
3.4931562e+02	3.7784984e-24
3.5010740e+02	3.7793491e-24
3.5090097e+02	3.7802067e-24
3.5169633e+02	3.7810712e-24
3.5249350e+02	3.7819426e-24
3.5329248e+02	3.7828210e-24
3.5409327e+02	3.7837064e-24
3.5489587e+02	3.7845988e-24
3.5570029e+02	3.7854981e-24
3.5650654e+02	3.7864046e-24
3.5731461e+02	3.7873181e-24
3.5812452e+02	3.7882387e-24
3.5893626e+02	3.7891664e-24
3.5974984e+02	3.7901012e-24
3.6056526e+02	3.7910432e-24
3.6138254e+02	3.7919923e-24
3.6220166e+02	3.7929487e-24
3.6302265e+02	3.7939123e-24
3.6384549e+02	3.7948831e-24
3.6467020e+02	3.7958612e-24
3.6549677e+02	3.7968466e-24
3.6632522e+02	3.7978394e-24
3.6715555e+02	3.7988394e-24
3.6798776e+02	3.7998469e-24
3.6882186e+02	3.8008617e-24
3.6965785e+02	3.8018839e-24
3.7049573e+02	3.8029135e-24
3.7133551e+02	3.8039507e-24
3.7217720e+02	3.8049953e-24
3.7302079e+02	3.8060474e-24
3.7386630e+02	3.8071070e-24
3.7471372e+02	3.8081742e-24
3.7556306e+02	3.8092490e-24
3.7641433e+02	3.8103314e-24
3.7726753e+02	3.8114214e-24
3.7812266e+02	3.8125191e-24
3.7897973e+02	3.8136244e-24
3.7983874e+02	3.8147374e-24
3.8069970e+02	3.8158582e-24
3.8156261e+02	3.8169867e-24
3.8242747e+02	3.8181230e-24
3.8329430e+02	3.8192672e-24
3.8416309e+02	3.8204191e-24
3.8503385e+02	3.8215789e-24
3.8590659e+02	3.8227466e-24
3.8678130e+02	3.8239221e-24
3.8765800e+02	3.8251057e-24
3.8853668e+02	3.8262971e-24
3.8941735e+02	3.8274966e-24
3.9030002e+02	3.8287041e-24
3.9118470e+02	3.8299196e-24
3.9207137e+02	3.8311431e-24
3.9296006e+02	3.8323748e-24
3.9385076e+02	3.8336146e-24
3.9474348e+02	3.8348625e-24
3.9563822e+02	3.8361186e-24
3.9653499e+02	3.8373829e-24
3.9743379e+02	3.8386554e-24
3.9833464e+02	3.8399362e-24
3.9923752e+02	3.8412252e-24
4.0014245e+02	3.8425226e-24
4.0104943e+02	3.8438283e-24
4.0195846e+02	3.8451424e-24
4.0286956e+02	3.8464649e-24
4.0378272e+02	3.8477958e-24
4.0469795e+02	3.8491351e-24
4.0561526e+02	3.8504830e-24
4.0653465e+02	3.8518393e-24
4.0745611e+02	3.8532042e-24
4.0837967e+02	3.8545777e-24
4.0930532e+02	3.8559598e-24
4.1023307e+02	3.8573506e-24
4.1116293e+02	3.8587500e-24
4.1209489e+02	3.8601581e-24
4.1302896e+02	3.8615749e-24
4.1396515e+02	3.8630006e-24
4.1490346e+02	3.8644350e-24
4.1584390e+02	3.8658783e-24
4.1678647e+02	3.8673304e-24
4.1773117e+02	3.8687915e-24
4.1867802e+02	3.8702615e-24
4.1962701e+02	3.8717405e-24
4.2057816e+02	3.8732285e-24
4.2153146e+02	3.8747255e-24
4.2248692e+02	3.8762317e-24
4.2344455e+02	3.8777471e-24
4.2440435e+02	3.8792716e-24
4.2536632e+02	3.8808053e-24
4.2633047e+02	3.8823484e-24
4.2729681e+02	3.8839007e-24
4.2826534e+02	3.8854625e-24
4.2923607e+02	3.8870336e-24
4.3020899e+02	3.8886143e-24
4.3118412e+02	3.8902045e-24
4.3216147e+02	3.8918043e-24
4.3314102e+02	3.8934138e-24
4.3412280e+02	3.8950330e-24
4.3510680e+02	3.8966621e-24
4.3609303e+02	3.8983010e-24
4.3708150e+02	3.8999499e-24
4.3807221e+02	3.9016089e-24
4.3906516e+02	3.9032781e-24
4.4006037e+02	3.9049575e-24
4.4105783e+02	3.9066473e-24
4.4205755e+02	3.9083477e-24
4.4305953e+02	3.9100587e-24
4.4406379e+02	3.9117806e-24
4.4507033e+02	3.9135135e-24
4.4607914e+02	3.9152576e-24
4.4709024e+02	3.9170131e-24
4.4810364e+02	3.9187804e-24
4.4911933e+02	3.9205598e-24
4.5013732e+02	3.9223515e-24
4.5115762e+02	3.9241560e-24
4.5218024e+02	3.9259738e-24
4.5320517e+02	3.9278055e-24
4.5423242e+02	3.9296517e-24
4.5526201e+02	3.9315133e-24
4.5629392e+02	3.9333913e-24
4.5732818e+02	3.9352868e-24
4.5836478e+02	3.9372015e-24
4.5940373e+02	3.9391372e-24
4.6044503e+02	3.9410963e-24
4.6148870e+02	3.9430819e-24
4.6253473e+02	3.9450980e-24
4.6358313e+02	3.9471498e-24
4.6463391e+02	3.9492446e-24
4.6568707e+02	3.9513921e-24
4.6674261e+02	3.9536060e-24
4.6780055e+02	3.9559059e-24
4.6886089e+02	3.9583212e-24
4.6992363e+02	3.9608966e-24
4.7098878e+02	3.9637036e-24
4.7205634e+02	3.9668628e-24
4.7312633e+02	3.9705895e-24
4.7419874e+02	3.9753009e-24
4.7527358e+02	3.9818944e-24
4.7635085e+02	3.9926074e-24
4.7743057e+02	4.0143965e-24
4.7851274e+02	4.0789157e-24
4.7959735e+02	4.5329182e-24
4.8068443e+02	7.0294661e-24
4.8177397e+02	4.1659800e-24
4.8286598e+02	4.0401913e-24
4.8396047e+02	4.0116403e-24
4.8505743e+02	4.0019549e-24
4.8615688e+02	3.9983438e-24
4.8725883e+02	3.9972700e-24
4.8836327e+02	3.9974422e-24
4.8947022e+02	3.9982993e-24
4.9057967e+02	3.9995655e-24
4.9169164e+02	4.0010927e-24
4.9280613e+02	4.0027957e-24
4.9392315e+02	4.0046227e-24
4.9504269e+02	4.0065405e-24
4.9616478e+02	4.0085275e-24
4.9728941e+02	4.0105688e-24
4.9841659e+02	4.0126540e-24
4.9954632e+02	4.0147757e-24
5.0067861e+02	4.0169284e-24
5.0181347e+02	4.0191081e-24
5.0295090e+02	4.0213118e-24
5.0409091e+02	4.0235370e-24
5.0523351e+02	4.0257821e-24
5.0637869e+02	4.0280455e-24
5.0752647e+02	4.0303261e-24
5.0867686e+02	4.0326231e-24
5.0982984e+02	4.0349358e-24
5.1098545e+02	4.0372635e-24
5.1214367e+02	4.0396057e-24
5.1330452e+02	4.0419621e-24
5.1446799e+02	4.0443325e-24
5.1563411e+02	4.0467164e-24
5.1680287e+02	4.0491137e-24
5.1797428e+02	4.0515242e-24
5.1914834e+02	4.0539478e-24
5.2032506e+02	4.0563843e-24
5.2150446e+02	4.0588337e-24
5.2268652e+02	4.0612958e-24
5.2387127e+02	4.0637706e-24
5.2505869e+02	4.0662581e-24
5.2624882e+02	4.0687582e-24
5.2744163e+02	4.0712709e-24
5.2863716e+02	4.0737961e-24
5.2983539e+02	4.0763338e-24
5.3103634e+02	4.0788841e-24
5.3224001e+02	4.0814469e-24
5.3344641e+02	4.0840222e-24
5.3465554e+02	4.0866100e-24
5.3586741e+02	4.0892103e-24
5.3708203e+02	4.0918232e-24
5.3829941e+02	4.0944486e-24
5.3951954e+02	4.0970865e-24
5.4074244e+02	4.0997371e-24
5.4196811e+02	4.1024002e-24
5.4319656e+02	4.1050759e-24
5.4442779e+02	4.1077643e-24
5.4566181e+02	4.1104654e-24
5.4689863e+02	4.1131791e-24
5.4813826e+02	4.1159055e-24
5.4938069e+02	4.1186447e-24
5.5062594e+02	4.1213966e-24
5.5187402e+02	4.1241614e-24
5.5312492e+02	4.1269389e-24
5.5437866e+02	4.1297293e-24
5.5563523e+02	4.1325326e-24
5.5689466e+02	4.1353487e-24
5.5815694e+02	4.1381779e-24
5.5942209e+02	4.1410200e-24
5.6069010e+02	4.1438751e-24
5.6196098e+02	4.1467432e-24
5.6323475e+02	4.1496244e-24
5.6451140e+02	4.1525187e-24
5.6579095e+02	4.1554262e-24
5.6707339e+02	4.1583468e-24
5.6835874e+02	4.1612807e-24
5.6964701e+02	4.1642278e-24
5.7093820e+02	4.1671881e-24
5.7223231e+02	4.1701618e-24
5.7352936e+02	4.1731488e-24
5.7482935e+02	4.1761492e-24
5.7613228e+02	4.1791630e-24
5.7743817e+02	4.1821903e-24
5.7874701e+02	4.1852311e-24
5.8005883e+02	4.1882854e-24
5.8137361e+02	4.1913532e-24
5.8269138e+02	4.1944347e-24
5.8401213e+02	4.1975298e-24
5.8533588e+02	4.2006386e-24
5.8666263e+02	4.2037611e-24
5.8799238e+02	4.2068973e-24
5.8932515e+02	4.2100473e-24
5.9066094e+02	4.2132112e-24
5.9199976e+02	4.2163889e-24
5.9334161e+02	4.2195805e-24
5.9468651e+02	4.2227860e-24
5.9603445e+02	4.2260056e-24
5.9738545e+02	4.2292391e-24
5.9873951e+02	4.2324867e-24
6.0009664e+02	4.2357484e-24
6.0145684e+02	4.2390242e-24
6.0282013e+02	4.2423142e-24
6.0418651e+02	4.2456183e-24
6.0555598e+02	4.2489368e-24
6.0692856e+02	4.2522695e-24
6.0830425e+02	4.2556165e-24
6.0968306e+02	4.2589779e-24
6.1106500e+02	4.2623537e-24
6.1245006e+02	4.2657440e-24
6.1383827e+02	4.2691487e-24
6.1522962e+02	4.2725679e-24
6.1662413e+02	4.2760017e-24
6.1802180e+02	4.2794501e-24
6.1942263e+02	4.2829131e-24
6.2082664e+02	4.2863908e-24
6.2223384e+02	4.2898833e-24
6.2364422e+02	4.2933905e-24
6.2505780e+02	4.2969124e-24
6.2647458e+02	4.3004493e-24
6.2789458e+02	4.3040010e-24
6.2931779e+02	4.3075676e-24
6.3074423e+02	4.3111491e-24
6.3217390e+02	4.3147457e-24
6.3360681e+02	4.3183573e-24
6.3504297e+02	4.3219840e-24
6.3648239e+02	4.3256258e-24
6.3792507e+02	4.3292828e-24
6.3937102e+02	4.3329550e-24
6.4082024e+02	4.3366424e-24
6.4227276e+02	4.3403451e-24
6.4372856e+02	4.3440631e-24
6.4518766e+02	4.3477965e-24
6.4665007e+02	4.3515453e-24
6.4811580e+02	4.3553095e-24
6.4958485e+02	4.3590892e-24
6.5105722e+02	4.3628845e-24
6.5253294e+02	4.3666953e-24
6.5401200e+02	4.3705218e-24
6.5549441e+02	4.3743639e-24
6.5698018e+02	4.3782217e-24
6.5846932e+02	4.3820952e-24
6.5996184e+02	4.3859845e-24
6.6145774e+02	4.3898896e-24
6.6295703e+02	4.3938106e-24
6.6445971e+02	4.3977475e-24
6.6596581e+02	4.4017004e-24
6.6747531e+02	4.4056692e-24
6.6898824e+02	4.4096541e-24
6.7050460e+02	4.4136550e-24
6.7202439e+02	4.4176721e-24
6.7354763e+02	4.4217053e-24
6.7507433e+02	4.4257547e-24
6.7660448e+02	4.4298204e-24
6.7813810e+02	4.4339023e-24
6.7967520e+02	4.4380006e-24
6.8121578e+02	4.4421152e-24
6.8275985e+02	4.4462463e-24
6.8430743e+02	4.4503938e-24
6.8585851e+02	4.4545578e-24
6.8741311e+02	4.4587384e-24
6.8897123e+02	4.4629356e-24
6.9053288e+02	4.4671493e-24
6.9209807e+02	4.4713798e-24
6.9366681e+02	4.4756269e-24
6.9523911e+02	4.4798909e-24
6.9681497e+02	4.4841716e-24
6.9839440e+02	4.4884692e-24
6.9997741e+02	4.4927836e-24
7.0156401e+02	4.4971150e-24
7.0315420e+02	4.5014634e-24
7.0474800e+02	4.5058288e-24
7.0634542e+02	4.5102113e-24
7.0794645e+02	4.5146108e-24
7.0955111e+02	4.5190275e-24
7.1115941e+02	4.5234614e-24
7.1277136e+02	4.5279126e-24
7.1438695e+02	4.5323810e-24
7.1600622e+02	4.5368668e-24
7.1762915e+02	4.5413699e-24
7.1925576e+02	4.5458905e-24
7.2088605e+02	4.5504285e-24
7.2252004e+02	4.5549840e-24
7.2415774e+02	4.5595571e-24
7.2579915e+02	4.5641478e-24
7.2744428e+02	4.5687561e-24
7.2909313e+02	4.5733820e-24
7.3074573e+02	4.5780258e-24
7.3240207e+02	4.5826873e-24
7.3406216e+02	4.5873666e-24
7.3572602e+02	4.5920637e-24
7.3739365e+02	4.5967788e-24
7.3906506e+02	4.6015118e-24
7.4074025e+02	4.6062629e-24
7.4241925e+02	4.6110320e-24
7.4410205e+02	4.6158191e-24
7.4578866e+02	4.6206244e-24
7.4747910e+02	4.6254479e-24
7.4917337e+02	4.6302896e-24
7.5087148e+02	4.6351496e-24
7.5257344e+02	4.6400279e-24
7.5427925e+02	4.6449245e-24
7.5598893e+02	4.6498396e-24
7.5770249e+02	4.6547731e-24
7.5941993e+02	4.6597251e-24
7.6114127e+02	4.6646957e-24
7.6286650e+02	4.6696848e-24
7.6459565e+02	4.6746926e-24
7.6632872e+02	4.6797191e-24
7.6806571e+02	4.6847643e-24
7.6980664e+02	4.6898283e-24
7.7155152e+02	4.6949111e-24
7.7330035e+02	4.7000128e-24
7.7505315e+02	4.7051334e-24
7.7680992e+02	4.7102729e-24
7.7857067e+02	4.7154315e-24
7.8033541e+02	4.7206091e-24
7.8210415e+02	4.7258058e-24
7.8387690e+02	4.7310217e-24
7.8565367e+02	4.7362567e-24
7.8743447e+02	4.7415110e-24
7.8921930e+02	4.7467846e-24
7.9100818e+02	4.7520775e-24
7.9280112e+02	4.7573899e-24
7.9459812e+02	4.7627216e-24
7.9639919e+02	4.7680728e-24
7.9820434e+02	4.7734436e-24
8.0001358e+02	4.7788339e-24
8.0182693e+02	4.7842438e-24
8.0364439e+02	4.7896734e-24
8.0546596e+02	4.7951227e-24
8.0729167e+02	4.8005918e-24
8.0912151e+02	4.8060807e-24
8.1095550e+02	4.8115895e-24
8.1279365e+02	4.8171181e-24
8.1463596e+02	4.8226667e-24
8.1648245e+02	4.8282354e-24
8.1833312e+02	4.8338240e-24
8.2018799e+02	4.8394328e-24
8.2204707e+02	4.8450617e-24
8.2391036e+02	4.8507108e-24
8.2577787e+02	4.8563801e-24
8.2764961e+02	4.8620698e-24
8.2952560e+02	4.8677798e-24
8.3140584e+02	4.8735101e-24
8.3329034e+02	4.8792609e-24
8.3517911e+02	4.8850322e-24
8.3707216e+02	4.8908240e-24
8.3896951e+02	4.8966364e-24
8.4087115e+02	4.9024695e-24
8.4277711e+02	4.9083232e-24
8.4468738e+02	4.9141976e-24
8.4660199e+02	4.9200929e-24
8.4852093e+02	4.9260089e-24
8.5044423e+02	4.9319459e-24
8.5237188e+02	4.9379037e-24
8.5430391e+02	4.9438826e-24
8.5624031e+02	4.9498824e-24
8.5818110e+02	4.9559034e-24
8.6012629e+02	4.9619454e-24
8.6207589e+02	4.9680087e-24
8.6402991e+02	4.9740931e-24
8.6598836e+02	4.9801989e-24
8.6795124e+02	4.9863260e-24
8.6991858e+02	4.9924744e-24
8.7189038e+02	4.9986443e-24
8.7386664e+02	5.0048356e-24
8.7584739e+02	5.0110485e-24
8.7783262e+02	5.0172830e-24
8.7982235e+02	5.0235391e-24
8.8181660e+02	5.0298168e-24
8.8381536e+02	5.0361163e-24
8.8581866e+02	5.0424376e-24
8.8782649e+02	5.0487808e-24
8.8983888e+02	5.0551458e-24
8.9185583e+02	5.0615327e-24
8.9387734e+02	5.0679417e-24
8.9590345e+02	5.0743727e-24
8.9793414e+02	5.0808258e-24
8.9996944e+02	5.0873011e-24
9.0200935e+02	5.0937986e-24
9.0405388e+02	5.1003183e-24
9.0610305e+02	5.1068604e-24
9.0815686e+02	5.1134249e-24
9.1021533e+02	5.1200118e-24
9.1227846e+02	5.1266213e-24
9.1434627e+02	5.1332533e-24
9.1641877e+02	5.1399079e-24
9.1849597e+02	5.1465853e-24
9.2057787e+02	5.1532856e-24
9.2266449e+02	5.1600087e-24
9.2475584e+02	5.1667548e-24
9.2685193e+02	5.1735240e-24
9.2895278e+02	5.1803165e-24
9.3105838e+02	5.1871324e-24
9.3316876e+02	5.1939720e-24
9.3528392e+02	5.2008356e-24
9.3740388e+02	5.2077235e-24
9.3952864e+02	5.2146364e-24
9.4165821e+02	5.2215752e-24
9.4379262e+02	5.2285415e-24
9.4593186e+02	5.2355379e-24
9.4807595e+02	5.2425695e-24
9.5022490e+02	5.2496469e-24
9.5237872e+02	5.2567959e-24
9.5453743e+02	5.2640939e-24
9.5670102e+02	5.2718718e-24
9.5886952e+02	5.2832377e-24
9.6104294e+02	5.5499091e-24
9.6322128e+02	5.2953242e-24
9.6540456e+02	5.3001657e-24
9.6759279e+02	5.3068886e-24
9.6978598e+02	5.3139452e-24
9.7198413e+02	5.3211195e-24
9.7418728e+02	5.3283554e-24
9.7639541e+02	5.3356335e-24
9.7860855e+02	5.3429453e-24
9.8082671e+02	5.3502868e-24
9.8304989e+02	5.3576561e-24
9.8527812e+02	5.3650519e-24
9.8751139e+02	5.3724735e-24
9.8974973e+02	5.3799206e-24
9.9199314e+02	5.3873928e-24
9.9424163e+02	5.3948901e-24
9.9649523e+02	5.4024123e-24
9.9875393e+02	5.4099594e-24
1.0010177e+03	5.4175313e-24
1.0032867e+03	5.4251281e-24
1.0055608e+03	5.4327498e-24
1.0078400e+03	5.4403964e-24
1.0101245e+03	5.4480678e-24
1.0124140e+03	5.4557643e-24
1.0147088e+03	5.4634857e-24
1.0170088e+03	5.4712322e-24
1.0193140e+03	5.4790038e-24
1.0216244e+03	5.4868005e-24
1.0239401e+03	5.4946224e-24
1.0262610e+03	5.5024695e-24
1.0285872e+03	5.5103419e-24
1.0309186e+03	5.5182396e-24
1.0332553e+03	5.5261627e-24
1.0355973e+03	5.5341112e-24
1.0379447e+03	5.5420852e-24
1.0402973e+03	5.5500848e-24
1.0426553e+03	5.5581100e-24
1.0450186e+03	5.5661608e-24
1.0473873e+03	5.5742373e-24
1.0497614e+03	5.5823395e-24
1.0521408e+03	5.5904676e-24
1.0545256e+03	5.5986216e-24
1.0569159e+03	5.6068014e-24
1.0593115e+03	5.6150073e-24
1.0617126e+03	5.6232392e-24
1.0641191e+03	5.6314971e-24
1.0665311e+03	5.6397813e-24
1.0689486e+03	5.6480916e-24
1.0713715e+03	5.6564282e-24
1.0737999e+03	5.6647911e-24
1.0762338e+03	5.6731803e-24
1.0786733e+03	5.6815960e-24
1.0811182e+03	5.6900382e-24
1.0835687e+03	5.6985069e-24
1.0860248e+03	5.7070022e-24
1.0884864e+03	5.7155242e-24
1.0909536e+03	5.7240729e-24
1.0934265e+03	5.7326484e-24
1.0959049e+03	5.7412507e-24
1.0983889e+03	5.7498798e-24
1.1008785e+03	5.7585360e-24
1.1033738e+03	5.7672191e-24
1.1058748e+03	5.7759293e-24
1.1083814e+03	5.7846665e-24
1.1108937e+03	5.7934310e-24
1.1134117e+03	5.8022227e-24
1.1159354e+03	5.8110417e-24
1.1184649e+03	5.8198880e-24
1.1210000e+03	5.8287618e-24
1.1235409e+03	5.8376630e-24
1.1260876e+03	5.8465917e-24
1.1286400e+03	5.8555480e-24
1.1311983e+03	5.8645320e-24
1.1337623e+03	5.8735436e-24
1.1363321e+03	5.8825830e-24
1.1389078e+03	5.8916503e-24
1.1414893e+03	5.9007454e-24
1.1440766e+03	5.9098684e-24
1.1466698e+03	5.9190195e-24
1.1492689e+03	5.9281986e-24
1.1518739e+03	5.9374058e-24
1.1544848e+03	5.9466412e-24
1.1571016e+03	5.9559048e-24
1.1597243e+03	5.9651967e-24
1.1623530e+03	5.9745169e-24
1.1649877e+03	5.9838656e-24
1.1676283e+03	5.9932428e-24
1.1702749e+03	6.0026485e-24
1.1729275e+03	6.0120827e-24
1.1755861e+03	6.0215457e-24
1.1782507e+03	6.0310373e-24
1.1809214e+03	6.0405577e-24
1.1835981e+03	6.0501070e-24
1.1862809e+03	6.0596851e-24
1.1889698e+03	6.0692923e-24
1.1916648e+03	6.0789284e-24
1.1943658e+03	6.0885936e-24
1.1970730e+03	6.0982880e-24
1.1997864e+03	6.1080115e-24
1.2025059e+03	6.1177643e-24
1.2052315e+03	6.1275465e-24
1.2079634e+03	6.1373580e-24
1.2107014e+03	6.1471990e-24
1.2134456e+03	6.1570695e-24
1.2161961e+03	6.1669695e-24
1.2189527e+03	6.1768992e-24
1.2217157e+03	6.1868586e-24
1.2244849e+03	6.1968478e-24
1.2272603e+03	6.2068667e-24
1.2300421e+03	6.2169156e-24
1.2328302e+03	6.2269944e-24
1.2356246e+03	6.2371032e-24
1.2384253e+03	6.2472421e-24
1.2412323e+03	6.2574111e-24
1.2440458e+03	6.2676103e-24
1.2468656e+03	6.2778397e-24
1.2496918e+03	6.2880995e-24
1.2525244e+03	6.2983897e-24
1.2553634e+03	6.3087103e-24
1.2582089e+03	6.3190615e-24
1.2610608e+03	6.3294432e-24
1.2639192e+03	6.3398556e-24
1.2667840e+03	6.3502986e-24
1.2696554e+03	6.3607725e-24
1.2725332e+03	6.3712771e-24
1.2754176e+03	6.3818127e-24
1.2783085e+03	6.3923792e-24
1.2812060e+03	6.4029768e-24
1.2841100e+03	6.4136054e-24
1.2870206e+03	6.4242652e-24
1.2899379e+03	6.4349562e-24
1.2928617e+03	6.4456785e-24
1.2957922e+03	6.4564322e-24
1.2987292e+03	6.4672173e-24
1.3016730e+03	6.4780338e-24
1.3046234e+03	6.4888819e-24
1.3075806e+03	6.4997616e-24
1.3105444e+03	6.5106730e-24
1.3135149e+03	6.5216161e-24
1.3164922e+03	6.5325910e-24
1.3194762e+03	6.5435978e-24
1.3224670e+03	6.5546366e-24
1.3254645e+03	6.5657073e-24
1.3284689e+03	6.5768101e-24
1.3314801e+03	6.5879451e-24
1.3344981e+03	6.5991123e-24
1.3375229e+03	6.6103117e-24
1.3405546e+03	6.6215435e-24
1.3435931e+03	6.6328077e-24
1.3466386e+03	6.6441043e-24
1.3496909e+03	6.6554336e-24
1.3527502e+03	6.6667954e-24
1.3558164e+03	6.6781899e-24
1.3588896e+03	6.6896171e-24
1.3619697e+03	6.7010771e-24
1.3650568e+03	6.7125701e-24
1.3681509e+03	6.7240960e-24
1.3712520e+03	6.7356549e-24
1.3743601e+03	6.7472469e-24
1.3774753e+03	6.7588720e-24
1.3805976e+03	6.7705304e-24
1.3837269e+03	6.7822221e-24
1.3868633e+03	6.7939471e-24
1.3900068e+03	6.8057056e-24
1.3931575e+03	6.8174976e-24
1.3963153e+03	6.8293233e-24
1.3994802e+03	6.8411826e-24
1.4026523e+03	6.8530756e-24
1.4058316e+03	6.8650026e-24
1.4090182e+03	6.8769635e-24
1.4122119e+03	6.8889585e-24
1.4154129e+03	6.9009878e-24
1.4186211e+03	6.9130516e-24
1.4218366e+03	6.9251503e-24
1.4250594e+03	6.9372848e-24
1.4282895e+03	6.9494567e-24
1.4315270e+03	6.9616713e-24
1.4347717e+03	6.9739493e-24
1.4380238e+03	6.9864656e-24
1.4412833e+03	7.2077286e-24
1.4445502e+03	7.0110525e-24
1.4478245e+03	7.0232196e-24
1.4511062e+03	7.0355871e-24
1.4543953e+03	7.0480147e-24
1.4576919e+03	7.0604847e-24
1.4609960e+03	7.0729925e-24
1.4643075e+03	7.0855368e-24
1.4676266e+03	7.0981170e-24
1.4709532e+03	7.1107327e-24
1.4742873e+03	7.1233840e-24
1.4776290e+03	7.1360708e-24
1.4809783e+03	7.1487931e-24
1.4843351e+03	7.1615509e-24
1.4876996e+03	7.1743444e-24
1.4910717e+03	7.1871735e-24
1.4944514e+03	7.2000384e-24
1.4978388e+03	7.2129391e-24
1.5012338e+03	7.2258756e-24
1.5046366e+03	7.2388480e-24
1.5080471e+03	7.2518565e-24
1.5114653e+03	7.2649010e-24
1.5148912e+03	7.2779817e-24
1.5183250e+03	7.2910986e-24
1.5217665e+03	7.3042517e-24
1.5252158e+03	7.3174413e-24
1.5286729e+03	7.3306673e-24
1.5321378e+03	7.3439298e-24
1.5356106e+03	7.3572289e-24
1.5390913e+03	7.3705646e-24
1.5425799e+03	7.3839371e-24
1.5460764e+03	7.3973464e-24
1.5495808e+03	7.4107926e-24
1.5530931e+03	7.4242757e-24
1.5566134e+03	7.4377959e-24
1.5601417e+03	7.4513532e-24
1.5636780e+03	7.4649477e-24
1.5672223e+03	7.4785794e-24
1.5707746e+03	7.4922485e-24
1.5743350e+03	7.5059550e-24
1.5779035e+03	7.5196991e-24
1.5814800e+03	7.5334806e-24
1.5850647e+03	7.5472999e-24
1.5886575e+03	7.5611568e-24
1.5922584e+03	7.5750516e-24
1.5958675e+03	7.5889842e-24
1.5994847e+03	7.6029549e-24
1.6031102e+03	7.6169635e-24
1.6067439e+03	7.6310103e-24
1.6103858e+03	7.6450952e-24
1.6140360e+03	7.6592184e-24
1.6176944e+03	7.6733800e-24
1.6213611e+03	7.6875800e-24
1.6250362e+03	7.7018186e-24
1.6287196e+03	7.7160957e-24
1.6324113e+03	7.7304114e-24
1.6361114e+03	7.7447659e-24
1.6398199e+03	7.7591593e-24
1.6435368e+03	7.7735915e-24
1.6472621e+03	7.7880628e-24
1.6509958e+03	7.8025730e-24
1.6547380e+03	7.8171225e-24
1.6584887e+03	7.8317112e-24
1.6622479e+03	7.8463391e-24
1.6660157e+03	7.8610065e-24
1.6697919e+03	7.8757133e-24
1.6735768e+03	7.8904597e-24
1.6773702e+03	7.9052457e-24
1.6811722e+03	7.9200714e-24
1.6849828e+03	7.9349369e-24
1.6888020e+03	7.9498423e-24
1.6926299e+03	7.9647876e-24
1.6964665e+03	7.9797730e-24
1.7003118e+03	7.9947985e-24
1.7041658e+03	8.0098642e-24
1.7080286e+03	8.0249702e-24
1.7119001e+03	8.0401165e-24
1.7157803e+03	8.0553033e-24
1.7196694e+03	8.0705306e-24
1.7235673e+03	8.0857986e-24
1.7274740e+03	8.1011073e-24
1.7313895e+03	8.1164567e-24
1.7353140e+03	8.1318470e-24
1.7392473e+03	8.1472783e-24
1.7431896e+03	8.1627506e-24
1.7471408e+03	8.1782640e-24
1.7511009e+03	8.1938186e-24
1.7550700e+03	8.2094145e-24
1.7590482e+03	8.2250518e-24
1.7630353e+03	8.2407306e-24
1.7670315e+03	8.2564508e-24
1.7710367e+03	8.2722128e-24
1.7750510e+03	8.2880164e-24
1.7790744e+03	8.3038619e-24
1.7831069e+03	8.3197492e-24
1.7871486e+03	8.3356785e-24
1.7911994e+03	8.3516499e-24
1.7952594e+03	8.3676634e-24
1.7993287e+03	8.3837192e-24
1.8034071e+03	8.3998172e-24
1.8074948e+03	8.4159577e-24
1.8115917e+03	8.4321407e-24
1.8156980e+03	8.4483663e-24
1.8198135e+03	8.4646345e-24
1.8239384e+03	8.4809455e-24
1.8280726e+03	8.4972994e-24
1.8322162e+03	8.5136962e-24
1.8363692e+03	8.5301360e-24
1.8405316e+03	8.5466189e-24
1.8447034e+03	8.5631450e-24
1.8488847e+03	8.5797144e-24
1.8530754e+03	8.5963273e-24
1.8572757e+03	8.6129835e-24
1.8614855e+03	8.6296834e-24
1.8657048e+03	8.6464269e-24
1.8699337e+03	8.6632141e-24
1.8741722e+03	8.6800452e-24
1.8784202e+03	8.6969203e-24
1.8826780e+03	8.7138393e-24
1.8869453e+03	8.7308026e-24
1.8912223e+03	8.7478101e-24
1.8955091e+03	8.7648619e-24
1.8998055e+03	8.7819584e-24
1.9041117e+03	8.7990998e-24
1.9084276e+03	8.8162870e-24
1.9127534e+03	8.8335228e-24
1.9170889e+03	8.8508297e-24
1.9214343e+03	8.9355305e-24
1.9257895e+03	8.8855165e-24
1.9301545e+03	8.9028896e-24
1.9345295e+03	8.9203374e-24
1.9389144e+03	8.9378346e-24
1.9433092e+03	8.9553783e-24
1.9477140e+03	8.9729679e-24
1.9521288e+03	8.9906032e-24
1.9565536e+03	9.0082842e-24
1.9609884e+03	9.0260110e-24
1.9654332e+03	9.0437835e-24
1.9698882e+03	9.0616020e-24
1.9743532e+03	9.0794664e-24
1.9788284e+03	9.0973769e-24
1.9833137e+03	9.1153336e-24
1.9878091e+03	9.1333365e-24
1.9923148e+03	9.1513858e-24
1.9968307e+03	9.1694815e-24
2.0013568e+03	9.1876238e-24
2.0058931e+03	9.2058127e-24
2.0104398e+03	9.2240483e-24
2.0149967e+03	9.2423307e-24
2.0195640e+03	9.2606601e-24
2.0241416e+03	9.2790365e-24
2.0287296e+03	9.2974600e-24
2.0333280e+03	9.3159308e-24
2.0379369e+03	9.3344488e-24
2.0425562e+03	9.3530143e-24
2.0471859e+03	9.3716273e-24
2.0518261e+03	9.3902879e-24
2.0564769e+03	9.4089961e-24
2.0611382e+03	9.4277523e-24
2.0658101e+03	9.4465563e-24
2.0704925e+03	9.4654083e-24
2.0751856e+03	9.4843084e-24
2.0798893e+03	9.5032567e-24
2.0846037e+03	9.5222534e-24
2.0893287e+03	9.5412984e-24
2.0940645e+03	9.5603920e-24
2.0988110e+03	9.5795342e-24
2.1035682e+03	9.5987250e-24
2.1083363e+03	9.6179647e-24
2.1131151e+03	9.6372533e-24
2.1179048e+03	9.6565909e-24
2.1227053e+03	9.6759777e-24
2.1275168e+03	9.6954136e-24
2.1323391e+03	9.7148989e-24
2.1371723e+03	9.7344336e-24
2.1420165e+03	9.7540179e-24
2.1468717e+03	9.7736517e-24
2.1517379e+03	9.7933353e-24
2.1566151e+03	9.8130688e-24
2.1615034e+03	9.8328522e-24
2.1664028e+03	9.8526856e-24
2.1713132e+03	9.8725692e-24
2.1762348e+03	9.8925030e-24
2.1811676e+03	9.9124872e-24
2.1861115e+03	9.9325219e-24
2.1910667e+03	9.9526071e-24
2.1960330e+03	9.9727430e-24
2.2010106e+03	9.9929297e-24
2.2059996e+03	1.0013167e-23
2.2109998e+03	1.0033456e-23
2.2160113e+03	1.0053796e-23
2.2210342e+03	1.0074186e-23
2.2260685e+03	1.0094629e-23
2.2311142e+03	1.0115122e-23
2.2361714e+03	1.0135668e-23
2.2412400e+03	1.0156264e-23
2.2463201e+03	1.0176913e-23
2.2514117e+03	1.0197613e-23
2.2565148e+03	1.0218366e-23
2.2616295e+03	1.0239170e-23
2.2667558e+03	1.0260027e-23
2.2718938e+03	1.0280936e-23
2.2770433e+03	1.0301897e-23
2.2822046e+03	1.0322911e-23
2.2873775e+03	1.0343977e-23
2.2925622e+03	1.0365097e-23
2.2977586e+03	1.0386269e-23
2.3029668e+03	1.0407494e-23
2.3081868e+03	1.0428772e-23
2.3134187e+03	1.0450103e-23
2.3186624e+03	1.0471487e-23
2.3239179e+03	1.0492925e-23
2.3291854e+03	1.0514417e-23
2.3344649e+03	1.0535962e-23
2.3397563e+03	1.0557561e-23
2.3450597e+03	1.0579213e-23
2.3503751e+03	1.0600920e-23
2.3557025e+03	1.0622681e-23
2.3610421e+03	1.0644496e-23
2.3663937e+03	1.0666365e-23
2.3717575e+03	1.0688288e-23
2.3771334e+03	1.0710267e-23
2.3825215e+03	1.0732300e-23
2.3879219e+03	1.0754388e-23
2.3933344e+03	1.0776533e-23
2.3987593e+03	1.0798758e-23
2.4041964e+03	1.0821040e-23
2.4096459e+03	1.0843292e-23
2.4151077e+03	1.0865652e-23
2.4205819e+03	1.0888069e-23
2.4260685e+03	1.0910543e-23
2.4315675e+03	1.0933073e-23
2.4370790e+03	1.0955658e-23
2.4426030e+03	1.0978300e-23
2.4481395e+03	1.1000997e-23
2.4536885e+03	1.1023751e-23
2.4592502e+03	1.1046561e-23
2.4648244e+03	1.1069427e-23
2.4704113e+03	1.1092350e-23
2.4760108e+03	1.1115330e-23
2.4816231e+03	1.1138366e-23
2.4872480e+03	1.1161460e-23
2.4928857e+03	1.1184610e-23
2.4985362e+03	1.1207817e-23
2.5041995e+03	1.1231082e-23
2.5098756e+03	1.1254404e-23
2.5155646e+03	1.1277783e-23
2.5212665e+03	1.1301220e-23
2.5269813e+03	1.1324715e-23
2.5327091e+03	1.1348268e-23
2.5384499e+03	1.1371878e-23
2.5442036e+03	1.1395547e-23
2.5499704e+03	1.1419274e-23
2.5557503e+03	1.1443059e-23
2.5615433e+03	1.1466903e-23
2.5673494e+03	1.1490805e-23
2.5731686e+03	1.1514766e-23
2.5790011e+03	1.1538786e-23
2.5848468e+03	1.1562865e-23
2.5907057e+03	1.1587003e-23
2.5965779e+03	1.1611200e-23
2.6024634e+03	1.1635457e-23
2.6083623e+03	1.1659773e-23
2.6142745e+03	1.1684148e-23
2.6202001e+03	1.1708583e-23
2.6261392e+03	1.1733079e-23
2.6320917e+03	1.1757634e-23
2.6380577e+03	1.1782249e-23
2.6440373e+03	1.1806924e-23
2.6500304e+03	1.1831660e-23
2.6560370e+03	1.1856456e-23
2.6620573e+03	1.1881313e-23
2.6680913e+03	1.1906231e-23
2.6741389e+03	1.1931209e-23
2.6802002e+03	1.1956249e-23
2.6862753e+03	1.1981349e-23
2.6923641e+03	1.2006511e-23
2.6984667e+03	1.2031734e-23
2.7045832e+03	1.2057019e-23
2.7107135e+03	1.2082365e-23
2.7168577e+03	1.2107774e-23
2.7230159e+03	1.2133244e-23
2.7291880e+03	1.2158776e-23
2.7353741e+03	1.2184370e-23
2.7415742e+03	1.2210027e-23
2.7477884e+03	1.2235746e-23
2.7540166e+03	1.2261527e-23
2.7602590e+03	1.2287372e-23
2.7665155e+03	1.2313279e-23
2.7727862e+03	1.2339249e-23
2.7790712e+03	1.2365283e-23
2.7853703e+03	1.2391379e-23
2.7916838e+03	1.2417539e-23
2.7980115e+03	1.2443762e-23
2.8043536e+03	1.2470050e-23
2.8107101e+03	1.2496400e-23
2.8170810e+03	1.2522815e-23
2.8234663e+03	1.2549294e-23
2.8298661e+03	1.2575837e-23
2.8362804e+03	1.2602445e-23
2.8427092e+03	1.2629117e-23
2.8491526e+03	1.2655853e-23
2.8556106e+03	1.2682655e-23
2.8620833e+03	1.2709521e-23
2.8685706e+03	1.2736452e-23
2.8750726e+03	1.2763451e-23
2.8815894e+03	1.2790764e-23
2.8881209e+03	1.2817641e-23
2.8946673e+03	1.2844830e-23
2.9012285e+03	1.2872088e-23
2.9078045e+03	1.2899412e-23
2.9143955e+03	1.2926803e-23
2.9210014e+03	1.2954259e-23
2.9276222e+03	1.2981782e-23
2.9342581e+03	1.3009371e-23
2.9409090e+03	1.3037027e-23
2.9475750e+03	1.3064749e-23
2.9542561e+03	1.3092538e-23
2.9609524e+03	1.3120395e-23
2.9676638e+03	1.3148318e-23
2.9743904e+03	1.3176309e-23
2.9811323e+03	1.3204367e-23
2.9878895e+03	1.3232493e-23
2.9946620e+03	1.3260687e-23
3.0014498e+03	1.3288948e-23
3.0082530e+03	1.3317277e-23
3.0150716e+03	1.3345675e-23
3.0219057e+03	1.3374141e-23
3.0287553e+03	1.3402675e-23
3.0356204e+03	1.3431278e-23
3.0425011e+03	1.3459950e-23
3.0493974e+03	1.3488691e-23
3.0563093e+03	1.3517501e-23
3.0632368e+03	1.3546379e-23
3.0701801e+03	1.3575328e-23
3.0771391e+03	1.3604345e-23
3.0841139e+03	1.3633433e-23
3.0911045e+03	1.3662590e-23
3.0981109e+03	1.3691817e-23
3.1051332e+03	1.3721114e-23
3.1121714e+03	1.3750482e-23
3.1192256e+03	1.3779920e-23
3.1262958e+03	1.3809428e-23
3.1333820e+03	1.3839008e-23
3.1404843e+03	1.3868658e-23
3.1476026e+03	1.3898379e-23
3.1547371e+03	1.3928171e-23
3.1618878e+03	1.3958034e-23
3.1690546e+03	1.3987969e-23
3.1762378e+03	1.4017976e-23
3.1834372e+03	1.4048054e-23
3.1906529e+03	1.4078205e-23
3.1978850e+03	1.4108427e-23
3.2051334e+03	1.4138722e-23
3.2123983e+03	1.4169089e-23
3.2196797e+03	1.4199529e-23
3.2269775e+03	1.4230041e-23
3.2342919e+03	1.4260626e-23
3.2416229e+03	1.4291284e-23
3.2489705e+03	1.4322016e-23
3.2563348e+03	1.4352821e-23
3.2637158e+03	1.4383699e-23
3.2711134e+03	1.4414651e-23
3.2785279e+03	1.4445677e-23
3.2859591e+03	1.4476777e-23
3.2934072e+03	1.4507950e-23
3.3008722e+03	1.4539199e-23
3.3083541e+03	1.4570521e-23
3.3158530e+03	1.4601919e-23
3.3233688e+03	1.4633391e-23
3.3309017e+03	1.4664938e-23
3.3384517e+03	1.4696560e-23
3.3460188e+03	1.4728258e-23
3.3536030e+03	1.4760031e-23
3.3612044e+03	1.4791909e-23
3.3688231e+03	1.4823805e-23
3.3764590e+03	1.4855804e-23
3.3841122e+03	1.4887880e-23
3.3917828e+03	1.4920032e-23
3.3994708e+03	1.4952261e-23
3.4071762e+03	1.4984567e-23
3.4148990e+03	1.5016949e-23
3.4226394e+03	1.5049409e-23
3.4303973e+03	1.5081945e-23
3.4381728e+03	1.5114559e-23
3.4459659e+03	1.5147250e-23
3.4537767e+03	1.5180018e-23
3.4616051e+03	1.5212865e-23
3.4694514e+03	1.5245789e-23
3.4773154e+03	1.5278792e-23
3.4851972e+03	1.5311872e-23
3.4930969e+03	1.5345031e-23
3.5010145e+03	1.5378269e-23
3.5089501e+03	1.5411586e-23
3.5169036e+03	1.5444981e-23
3.5248752e+03	1.5478456e-23
3.5328648e+03	1.5512010e-23
3.5408726e+03	1.5545643e-23
3.5488985e+03	1.5579356e-23
3.5569425e+03	1.5613149e-23
3.5650049e+03	1.5647022e-23
3.5730855e+03	1.5680975e-23
3.5811844e+03	1.5715009e-23
3.5893016e+03	1.5749123e-23
3.5974373e+03	1.5783317e-23
3.6055914e+03	1.5817593e-23
3.6137640e+03	1.5851949e-23
3.6219551e+03	1.5886387e-23
3.6301648e+03	1.5920906e-23
3.6383931e+03	1.5955507e-23
3.6466400e+03	1.5990189e-23
3.6549057e+03	1.6024954e-23
3.6631900e+03	1.6059800e-23
3.6714932e+03	1.6094729e-23
3.6798152e+03	1.6129740e-23
3.6881560e+03	1.6164834e-23
3.6965157e+03	1.6200011e-23
3.7048944e+03	1.6235270e-23
3.7132921e+03	1.6270613e-23
3.7217088e+03	1.6306040e-23
3.7301446e+03	1.6341550e-23
3.7385995e+03	1.6377143e-23
3.7470736e+03	1.6412821e-23
3.7555668e+03	1.6448582e-23
3.7640794e+03	1.6484428e-23
3.7726112e+03	1.6520359e-23
3.7811624e+03	1.6556374e-23
3.7897329e+03	1.6592474e-23
3.7983229e+03	1.6628658e-23
3.8069323e+03	1.6664929e-23
3.8155613e+03	1.6701284e-23
3.8242098e+03	1.6737725e-23
3.8328779e+03	1.6774252e-23
3.8415657e+03	1.6810881e-23
3.8502732e+03	1.6847565e-23
3.8590004e+03	1.6884349e-23
3.8677473e+03	1.6921221e-23
3.8765141e+03	1.6958180e-23
3.8853008e+03	1.6995225e-23
3.8941074e+03	1.7032358e-23
3.9029340e+03	1.7069578e-23
3.9117805e+03	1.7106885e-23
3.9206471e+03	1.7144280e-23
3.9295339e+03	1.7181763e-23
3.9384407e+03	1.7219334e-23
3.9473677e+03	1.7256993e-23
3.9563150e+03	1.7294741e-23
3.9652826e+03	1.7332577e-23
3.9742705e+03	1.7370502e-23
3.9832787e+03	1.7408516e-23
3.9923074e+03	1.7446619e-23
4.0013565e+03	1.7484812e-23
4.0104262e+03	1.7523094e-23
4.0195164e+03	1.7561466e-23
4.0286272e+03	1.7599929e-23
4.0377587e+03	1.7638481e-23
4.0469108e+03	1.7677124e-23
4.0560837e+03	1.7715857e-23
4.0652774e+03	1.7754681e-23
4.0744920e+03	1.7793596e-23
4.0837274e+03	1.7832603e-23
4.0929837e+03	1.7871700e-23
4.1022611e+03	1.7910890e-23
4.1115594e+03	1.7950171e-23
4.1208789e+03	1.7989544e-23
4.1302194e+03	1.8029009e-23
4.1395812e+03	1.8068567e-23
4.1489641e+03	1.8108217e-23
4.1583684e+03	1.8147961e-23
4.1677939e+03	1.8187797e-23
4.1772408e+03	1.8227726e-23
4.1867091e+03	1.8267749e-23
4.1961989e+03	1.8307865e-23
4.2057102e+03	1.8348076e-23
4.2152430e+03	1.8388380e-23
4.2247975e+03	1.8428779e-23
4.2343736e+03	1.8469272e-23
4.2439714e+03	1.8509859e-23
4.2535910e+03	1.8550542e-23
4.2632324e+03	1.8591320e-23
4.2728956e+03	1.8632193e-23
4.2825807e+03	1.8673161e-23
4.2922878e+03	1.8714225e-23
4.3020169e+03	1.8755385e-23
4.3117680e+03	1.8796642e-23
4.3215413e+03	1.8838000e-23
4.3313367e+03	1.8879443e-23
4.3411543e+03	1.8920989e-23
4.3509941e+03	1.8962632e-23
4.3608563e+03	1.9004372e-23
4.3707408e+03	1.9046209e-23
4.3806477e+03	1.9088145e-23
4.3905771e+03	1.9130178e-23
4.4005289e+03	1.9172309e-23
4.4105034e+03	1.9214538e-23
4.4205004e+03	1.9256866e-23
4.4305201e+03	1.9299292e-23
4.4405625e+03	1.9341817e-23
4.4506277e+03	1.9384442e-23
4.4607157e+03	1.9427166e-23
4.4708265e+03	1.9469989e-23
4.4809603e+03	1.9512913e-23
4.4911170e+03	1.9555936e-23
4.5012968e+03	1.9599060e-23
4.5114996e+03	1.9642284e-23
4.5217256e+03	1.9685608e-23
4.5319747e+03	1.9729034e-23
4.5422471e+03	1.9772561e-23
4.5525428e+03	1.9816189e-23
4.5628618e+03	1.9859918e-23
4.5732041e+03	1.9903750e-23
4.5835700e+03	1.9947683e-23
4.5939593e+03	1.9991719e-23
4.6043722e+03	2.0035857e-23
4.6148086e+03	2.0080098e-23
4.6252688e+03	2.0124442e-23
4.6357526e+03	2.0168889e-23
4.6462602e+03	2.0213440e-23
4.6567916e+03	2.0258094e-23
4.6673469e+03	2.0302851e-23
4.6779261e+03	2.0347713e-23
4.6885293e+03	2.0392680e-23
4.6991565e+03	2.0437750e-23
4.7098078e+03	2.0482926e-23
4.7204833e+03	2.0528206e-23
4.7311829e+03	2.0573592e-23
4.7419069e+03	2.0619084e-23
4.7526551e+03	2.0664681e-23
4.7634276e+03	2.0710383e-23
4.7742246e+03	2.0756192e-23
4.7850461e+03	2.0802108e-23
4.7958921e+03	2.0848130e-23
4.8067627e+03	2.0894260e-23
4.8176579e+03	2.0940495e-23
4.8285778e+03	2.0986838e-23
4.8395225e+03	2.1033289e-23
4.8504919e+03	2.1079848e-23
4.8614863e+03	2.1126515e-23
4.8725055e+03	2.1173290e-23
4.8835498e+03	2.1220174e-23
4.8946190e+03	2.1267166e-23
4.9057134e+03	2.1314268e-23
4.9168329e+03	2.1361478e-23
4.9279776e+03	2.1408799e-23
4.9391476e+03	2.1456229e-23
4.9503429e+03	2.1503769e-23
4.9615635e+03	2.1551419e-23
4.9728096e+03	2.1599180e-23
4.9840812e+03	2.1647051e-23
4.9953784e+03	2.1695033e-23
5.0067011e+03	2.1743127e-23
5.0180495e+03	2.1791332e-23
5.0294236e+03	2.1839649e-23
5.0408236e+03	2.1888078e-23
5.0522493e+03	2.1936619e-23
5.0637010e+03	2.1985272e-23
5.0751786e+03	2.2034038e-23
5.0866822e+03	2.2082917e-23
5.0982119e+03	2.2131910e-23
5.1097677e+03	2.2181015e-23
5.1213497e+03	2.2230235e-23
5.1329580e+03	2.2279568e-23
5.1445926e+03	2.2329016e-23
5.1562535e+03	2.2378578e-23
5.1679409e+03	2.2428255e-23
5.1796548e+03	2.2478046e-23
5.1913953e+03	2.2527953e-23
5.2031623e+03	2.2577976e-23
5.2149560e+03	2.2628114e-23
5.2267765e+03	2.2678368e-23
5.2386237e+03	2.2728739e-23
5.2504978e+03	2.2779226e-23
5.2623988e+03	2.2829830e-23
5.2743268e+03	2.2880551e-23
5.2862818e+03	2.2931391e-23
5.2982639e+03	2.2982344e-23
5.3102732e+03	2.3033418e-23
5.3223097e+03	2.3084609e-23
5.3343735e+03	2.3135919e-23
5.3464646e+03	2.3187348e-23
5.3585831e+03	2.3238895e-23
5.3707291e+03	2.3290562e-23
5.3829027e+03	2.3342348e-23
5.3951038e+03	2.3394253e-23
5.4073326e+03	2.3446279e-23
5.4195891e+03	2.3498424e-23
5.4318733e+03	2.3550691e-23
5.4441855e+03	2.3603077e-23
5.4565255e+03	2.3655585e-23
5.4688935e+03	2.3708215e-23
5.4812895e+03	2.3760965e-23
5.4937136e+03	2.3813838e-23
5.5061659e+03	2.3866832e-23
5.5186465e+03	2.3919949e-23
5.5311553e+03	2.3973189e-23
5.5436924e+03	2.4026551e-23
5.5562580e+03	2.4080037e-23
5.5688521e+03	2.4133646e-23
5.5814747e+03	2.4187379e-23
5.5941259e+03	2.4241236e-23
5.6068058e+03	2.4295217e-23
5.6195144e+03	2.4349323e-23
5.6322518e+03	2.4403553e-23
5.6450181e+03	2.4457909e-23
5.6578134e+03	2.4512390e-23
5.6706376e+03	2.4566996e-23
5.6834909e+03	2.4621729e-23
5.6963734e+03	2.4676588e-23
5.7092850e+03	2.4731573e-23
5.7222260e+03	2.4786685e-23
5.7351962e+03	2.4841924e-23
5.7481959e+03	2.4897291e-23
5.7612250e+03	2.4952785e-23
5.7742836e+03	2.5008407e-23
5.7873719e+03	2.5064157e-23
5.8004898e+03	2.5120036e-23
5.8136374e+03	2.5176043e-23
5.8268149e+03	2.5232180e-23
5.8400222e+03	2.5288446e-23
5.8532594e+03	2.5344842e-23
5.8665267e+03	2.5401367e-23
5.8798240e+03	2.5458023e-23
5.8931515e+03	2.5514809e-23
5.9065091e+03	2.5571726e-23
5.9198971e+03	2.5628774e-23
5.9333154e+03	2.5685954e-23
5.9467641e+03	2.5743265e-23
5.9602433e+03	2.5800708e-23
5.9737530e+03	2.5858284e-23
5.9872934e+03	2.5915992e-23
6.0008645e+03	2.5973833e-23
6.0144663e+03	2.6031807e-23
6.0280989e+03	2.6089914e-23
6.0417625e+03	2.6148156e-23
6.0554570e+03	2.6206531e-23
6.0691826e+03	2.6265040e-23
6.0829393e+03	2.6323685e-23
6.0967271e+03	2.6382464e-23
6.1105462e+03	2.6441379e-23
6.1243967e+03	2.6500429e-23
6.1382785e+03	2.6559615e-23
6.1521918e+03	2.6618937e-23
6.1661366e+03	2.6678395e-23
6.1801130e+03	2.6737990e-23
6.1941211e+03	2.6797723e-23
6.2081610e+03	2.6857593e-23
6.2222327e+03	2.6917600e-23
6.2363363e+03	2.6977746e-23
6.2504718e+03	2.7038029e-23
6.2646394e+03	2.7098452e-23
6.2788391e+03	2.7159013e-23
6.2930710e+03	2.7219713e-23
6.3073352e+03	2.7280553e-23
6.3216317e+03	2.7341533e-23
6.3359605e+03	2.7402653e-23
6.3503219e+03	2.7463914e-23
6.3647158e+03	2.7525315e-23
6.3791424e+03	2.7586858e-23
6.3936016e+03	2.7648542e-23
6.4080936e+03	2.7710367e-23
6.4226185e+03	2.7772335e-23
6.4371763e+03	2.7834445e-23
6.4517671e+03	2.7896698e-23
6.4663909e+03	2.7959094e-23
6.4810479e+03	2.8021633e-23
6.4957382e+03	2.8084316e-23
6.5104617e+03	2.8147142e-23
6.5252186e+03	2.8210113e-23
6.5400089e+03	2.8273229e-23
6.5548328e+03	2.8336490e-23
6.5696903e+03	2.8399896e-23
6.5845814e+03	2.8463447e-23
6.5995063e+03	2.8527144e-23
6.6144650e+03	2.8590988e-23
6.6294577e+03	2.8654978e-23
6.6444843e+03	2.8719115e-23
6.6595450e+03	2.8783400e-23
6.6746398e+03	2.8847832e-23
6.6897688e+03	2.8912412e-23
6.7049321e+03	2.8977140e-23
6.7201298e+03	2.9042016e-23
6.7353620e+03	2.9107042e-23
6.7506286e+03	2.9172216e-23
6.7659299e+03	2.9237540e-23
6.7812659e+03	2.9303015e-23
6.7966366e+03	2.9368639e-23
6.8120421e+03	2.9434414e-23
6.8274826e+03	2.9500340e-23
6.8429581e+03	2.9566417e-23
6.8584686e+03	2.9632645e-23
6.8740143e+03	2.9699026e-23
6.8895953e+03	2.9765559e-23
6.9052115e+03	2.9832244e-23
6.9208632e+03	2.9899082e-23
6.9365503e+03	2.9966074e-23
6.9522730e+03	3.0033219e-23
6.9680313e+03	3.0100518e-23
6.9838254e+03	3.0167972e-23
6.9996552e+03	3.0235580e-23
7.0155209e+03	3.0303343e-23
7.0314226e+03	3.0371262e-23
7.0473604e+03	3.0439336e-23
7.0633342e+03	3.0507566e-23
7.0793443e+03	3.0575953e-23
7.0953906e+03	3.0644496e-23
7.1114734e+03	3.0713197e-23
7.1275925e+03	3.0782055e-23
7.1437482e+03	3.0851070e-23
7.1599406e+03	3.0920244e-23
7.1761696e+03	3.0989577e-23
7.1924354e+03	3.1059068e-23
7.2087381e+03	3.1128719e-23
7.2250778e+03	3.1198529e-23
7.2414544e+03	3.1268499e-23
7.2578682e+03	3.1338629e-23
7.2743192e+03	3.1408920e-23
7.2908075e+03	3.1479372e-23
7.3073332e+03	3.1549985e-23
7.3238963e+03	3.1620761e-23
7.3404970e+03	3.1691698e-23
7.3571353e+03	3.1762798e-23
7.3738113e+03	3.1834060e-23
7.3905251e+03	3.1905486e-23
7.4072768e+03	3.1977075e-23
7.4240664e+03	3.2048829e-23
7.4408941e+03	3.2120746e-23
7.4577600e+03	3.2192828e-23
7.4746641e+03	3.2265076e-23
7.4916065e+03	3.2337488e-23
7.5085873e+03	3.2410067e-23
7.5256066e+03	3.2482811e-23
7.5426644e+03	3.2555722e-23
7.5597610e+03	3.2628800e-23
7.5768963e+03	3.2702046e-23
7.5940704e+03	3.2775459e-23
7.6112834e+03	3.2849040e-23
7.6285355e+03	3.2922789e-23
7.6458267e+03	3.2996707e-23
7.6631570e+03	3.3070795e-23
7.6805267e+03	3.3145051e-23
7.6979357e+03	3.3219478e-23
7.7153842e+03	3.3294075e-23
7.7328722e+03	3.3368843e-23
7.7503999e+03	3.3443782e-23
7.7679673e+03	3.3518892e-23
7.7855745e+03	3.3594174e-23
7.8032216e+03	3.3669628e-23
7.8209087e+03	3.3745255e-23
7.8386359e+03	3.3821055e-23
7.8564033e+03	3.3897029e-23
7.8742110e+03	3.3973176e-23
7.8920590e+03	3.4049497e-23
7.9099475e+03	3.4125993e-23
7.9278766e+03	3.4202663e-23
7.9458462e+03	3.4279510e-23
7.9638566e+03	3.4356531e-23
7.9819079e+03	3.4433729e-23
8.0000000e+03	3.4511104e-23
