1.0000000e+01	1.1006200e-21
1.0023100e+01	1.0903100e-21
1.0046200e+01	1.0801000e-21
1.0069300e+01	1.0699800e-21
1.0092600e+01	1.0599700e-21
1.0115800e+01	1.0500500e-21
1.0139200e+01	1.0402400e-21
1.0162500e+01	1.0305100e-21
1.0186000e+01	1.0208800e-21
1.0209500e+01	1.0113500e-21
1.0233000e+01	1.0019100e-21
1.0256600e+01	9.9255400e-22
1.0280300e+01	9.8329400e-22
1.0304000e+01	9.7412300e-22
1.0327700e+01	9.6504000e-22
1.0351500e+01	9.5604600e-22
1.0375400e+01	9.4713800e-22
1.0399300e+01	9.3831600e-22
1.0423300e+01	9.2957900e-22
1.0447400e+01	9.2092600e-22
1.0471400e+01	9.1235600e-22
1.0495600e+01	9.0386900e-22
1.0519800e+01	8.9546300e-22
1.0544100e+01	8.8713800e-22
1.0568400e+01	8.7889200e-22
1.0592700e+01	8.7072600e-22
1.0617200e+01	8.6263800e-22
1.0641700e+01	8.5462700e-22
1.0666200e+01	8.4669300e-22
1.0690800e+01	8.3883500e-22
1.0715400e+01	8.3105100e-22
1.0740100e+01	8.2334200e-22
1.0764900e+01	8.1570700e-22
1.0789700e+01	8.0814400e-22
1.0814600e+01	8.0065400e-22
1.0839600e+01	7.9323500e-22
1.0864600e+01	7.8588600e-22
1.0889600e+01	7.7860700e-22
1.0914700e+01	7.7139800e-22
1.0939900e+01	7.6425700e-22
1.0965100e+01	7.5718400e-22
1.0990400e+01	7.5017800e-22
1.1015700e+01	7.4323900e-22
1.1041200e+01	7.3636600e-22
1.1066600e+01	7.2955800e-22
1.1092100e+01	7.2281400e-22
1.1117700e+01	7.1613400e-22
1.1143300e+01	7.0951800e-22
1.1169000e+01	7.0296400e-22
1.1194800e+01	6.9647300e-22
1.1220600e+01	6.9004300e-22
1.1246500e+01	6.8367300e-22
1.1272400e+01	6.7736400e-22
1.1298400e+01	6.7111500e-22
1.1324500e+01	6.6492500e-22
1.1350600e+01	6.5879300e-22
1.1376800e+01	6.5272000e-22
1.1403000e+01	6.4670300e-22
1.1429300e+01	6.4074400e-22
1.1455600e+01	6.3484100e-22
1.1482100e+01	6.2899400e-22
1.1508500e+01	6.2320200e-22
1.1535100e+01	6.1746400e-22
1.1561700e+01	6.1178100e-22
1.1588300e+01	6.0615100e-22
1.1615100e+01	6.0057500e-22
1.1641800e+01	5.9505100e-22
1.1668700e+01	5.8957900e-22
1.1695600e+01	5.8415900e-22
1.1722600e+01	5.7879000e-22
1.1749600e+01	5.7347200e-22
1.1776700e+01	5.6820400e-22
1.1803900e+01	5.6298500e-22
1.1831100e+01	5.5781600e-22
1.1858400e+01	5.5269600e-22
1.1885700e+01	5.4762300e-22
1.1913100e+01	5.4259900e-22
1.1940600e+01	5.3762200e-22
1.1968100e+01	5.3269200e-22
1.1995700e+01	5.2780900e-22
1.2023400e+01	5.2297100e-22
1.2051100e+01	5.1817900e-22
1.2078900e+01	5.1343300e-22
1.2106800e+01	5.0873100e-22
1.2134700e+01	5.0407300e-22
1.2162700e+01	4.9946000e-22
1.2190700e+01	4.9489000e-22
1.2218800e+01	4.9036300e-22
1.2247000e+01	4.8587900e-22
1.2275200e+01	4.8143700e-22
1.2303500e+01	4.7703800e-22
1.2331900e+01	4.7267900e-22
1.2360300e+01	4.6836200e-22
1.2388800e+01	4.6408600e-22
1.2417400e+01	4.5985000e-22
1.2446100e+01	4.5565500e-22
1.2474800e+01	4.5149900e-22
1.2503500e+01	4.4738200e-22
1.2532400e+01	4.4330500e-22
1.2561300e+01	4.3926600e-22
1.2590200e+01	4.3526500e-22
1.2619300e+01	4.3130200e-22
1.2648400e+01	4.2737700e-22
1.2677500e+01	4.2348900e-22
1.2706800e+01	4.1963800e-22
1.2736100e+01	4.1582400e-22
1.2765400e+01	4.1204600e-22
1.2794900e+01	4.0830300e-22
1.2824400e+01	4.0459700e-22
1.2853900e+01	4.0092600e-22
1.2883600e+01	3.9729000e-22
1.2913300e+01	3.9368800e-22
1.2943100e+01	3.9012100e-22
1.2972900e+01	3.8658900e-22
1.3002800e+01	3.8309000e-22
1.3032800e+01	3.7962400e-22
1.3062900e+01	3.7619200e-22
1.3093000e+01	3.7279300e-22
1.3123200e+01	3.6942700e-22
1.3153400e+01	3.6609300e-22
1.3183800e+01	3.6279100e-22
1.3214200e+01	3.5952100e-22
1.3244700e+01	3.5628300e-22
1.3275200e+01	3.5307600e-22
1.3305800e+01	3.4990100e-22
1.3336500e+01	3.4675600e-22
1.3367200e+01	3.4364200e-22
1.3398100e+01	3.4055900e-22
1.3429000e+01	3.3750500e-22
1.3459900e+01	3.3448200e-22
1.3491000e+01	3.3148800e-22
1.3522100e+01	3.2852500e-22
1.3553300e+01	3.2559000e-22
1.3584500e+01	3.2268500e-22
1.3615800e+01	3.1980800e-22
1.3647200e+01	3.1696000e-22
1.3678700e+01	3.1414100e-22
1.3710300e+01	3.1135100e-22
1.3741900e+01	3.0858800e-22
1.3773600e+01	3.0585400e-22
1.3805300e+01	3.0314700e-22
1.3837200e+01	3.0046900e-22
1.3869100e+01	2.9781800e-22
1.3901100e+01	2.9519400e-22
1.3933100e+01	2.9259800e-22
1.3965200e+01	2.9002900e-22
1.3997400e+01	2.8748700e-22
1.4029700e+01	2.8497200e-22
1.4062100e+01	2.8248400e-22
1.4094500e+01	2.8002300e-22
1.4127000e+01	2.7758900e-22
1.4159600e+01	2.7518100e-22
1.4192200e+01	2.7280000e-22
1.4225000e+01	2.7044600e-22
1.4257800e+01	2.6811900e-22
1.4290600e+01	2.6581800e-22
1.4323600e+01	2.6354300e-22
1.4356600e+01	2.6129600e-22
1.4389700e+01	2.5907500e-22
1.4422900e+01	2.5688100e-22
1.4456200e+01	2.5471400e-22
1.4489500e+01	2.5257400e-22
1.4522900e+01	2.5046200e-22
1.4556400e+01	2.4837600e-22
1.4590000e+01	2.4631900e-22
1.4623600e+01	2.4428900e-22
1.4657300e+01	2.4228700e-22
1.4691100e+01	2.4031400e-22
1.4725000e+01	2.3837000e-22
1.4759000e+01	2.3645400e-22
1.4793000e+01	2.3456900e-22
1.4827100e+01	2.3271400e-22
1.4861300e+01	2.3088900e-22
1.4895600e+01	2.2909600e-22
1.4929900e+01	2.2733600e-22
1.4964400e+01	2.2560800e-22
1.4998900e+01	2.2391400e-22
1.5033500e+01	2.2225500e-22
1.5068100e+01	2.2063300e-22
1.5102900e+01	2.1904800e-22
1.5137700e+01	2.1750100e-22
1.5172600e+01	2.1599600e-22
1.5207600e+01	2.1453200e-22
1.5242700e+01	2.1311300e-22
1.5277800e+01	2.1174000e-22
1.5313100e+01	2.1041700e-22
1.5348400e+01	2.0914500e-22
1.5383800e+01	2.0792900e-22
1.5419200e+01	2.0677200e-22
1.5454800e+01	2.0567700e-22
1.5490400e+01	2.0465000e-22
1.5526100e+01	2.0369600e-22
1.5561900e+01	2.0282100e-22
1.5597800e+01	2.0203100e-22
1.5633800e+01	2.0133600e-22
1.5669900e+01	2.0074300e-22
1.5706000e+01	2.0026300e-22
1.5742200e+01	1.9990800e-22
1.5778500e+01	1.9969200e-22
1.5814900e+01	1.9963200e-22
1.5851400e+01	1.9974700e-22
1.5887900e+01	2.0005900e-22
1.5924600e+01	2.0059400e-22
1.5961300e+01	2.0138500e-22
1.5998100e+01	2.0246900e-22
1.6035000e+01	2.0389200e-22
1.6072000e+01	2.0570900e-22
1.6109000e+01	2.0798700e-22
1.6146200e+01	2.1080900e-22
1.6183400e+01	2.1427700e-22
1.6220700e+01	2.1852200e-22
1.6258100e+01	2.2370600e-22
1.6295600e+01	2.3004100e-22
1.6333200e+01	2.3780100e-22
1.6370900e+01	2.4735200e-22
1.6408600e+01	2.5918700e-22
1.6446400e+01	2.7399200e-22
1.6484400e+01	2.9274400e-22
1.6522400e+01	3.1688300e-22
1.6560500e+01	3.4862600e-22
1.6598700e+01	3.9156900e-22
1.6636900e+01	4.5195900e-22
1.6675300e+01	5.4168800e-22
1.6713800e+01	6.8656200e-22
1.6752300e+01	9.5509500e-22
1.6790900e+01	1.6093400e-21
1.6829700e+01	5.4258800e-21
1.6868500e+01	3.8269100e-21
1.6907400e+01	1.4128400e-21
1.6946400e+01	8.6801600e-22
1.6985400e+01	6.2907400e-22
1.7024600e+01	4.9582100e-22
1.7063900e+01	4.1140000e-22
1.7103200e+01	3.5348400e-22
1.7142700e+01	3.1151700e-22
1.7182200e+01	2.7986200e-22
1.7221800e+01	2.5523700e-22
1.7261500e+01	2.3560100e-22
1.7301300e+01	2.1962300e-22
1.7341200e+01	2.0639400e-22
1.7381200e+01	1.9528000e-22
1.7421300e+01	1.8581900e-22
1.7461500e+01	1.7767300e-22
1.7501700e+01	1.7058500e-22
1.7542100e+01	1.6436000e-22
1.7582500e+01	1.5884600e-22
1.7623100e+01	1.5392200e-22
1.7663700e+01	1.4949400e-22
1.7704500e+01	1.4548500e-22
1.7745300e+01	1.4183300e-22
1.7786200e+01	1.3848700e-22
1.7827200e+01	1.3540400e-22
1.7868300e+01	1.3254900e-22
1.7909500e+01	1.2989500e-22
1.7950800e+01	1.2741500e-22
1.7992200e+01	1.2508900e-22
1.8033700e+01	1.2290000e-22
1.8075300e+01	1.2083200e-22
1.8117000e+01	1.1887300e-22
1.8158800e+01	1.1701000e-22
1.8200600e+01	1.1523500e-22
1.8242600e+01	1.1353900e-22
1.8284700e+01	1.1191400e-22
1.8326800e+01	1.1035500e-22
1.8369100e+01	1.0885500e-22
1.8411500e+01	1.0740900e-22
1.8453900e+01	1.0601300e-22
1.8496500e+01	1.0466300e-22
1.8539100e+01	1.0335500e-22
1.8581900e+01	1.0208700e-22
1.8624700e+01	1.0085600e-22
1.8667700e+01	9.9658000e-23
1.8710700e+01	9.8492100e-23
1.8753900e+01	9.7356000e-23
1.8797100e+01	9.6247600e-23
1.8840500e+01	9.5165500e-23
1.8883900e+01	9.4108100e-23
1.8927500e+01	9.3073900e-23
1.8971100e+01	9.2061700e-23
1.9014900e+01	9.1070500e-23
1.9058700e+01	9.0099000e-23
1.9102700e+01	8.9146400e-23
1.9146700e+01	8.8211700e-23
1.9190900e+01	8.7294200e-23
1.9235100e+01	8.6393100e-23
1.9279500e+01	8.5507700e-23
1.9323900e+01	8.4637300e-23
1.9368500e+01	8.3781300e-23
1.9413200e+01	8.2939300e-23
1.9457900e+01	8.2110600e-23
1.9502800e+01	8.1294800e-23
1.9547800e+01	8.0491400e-23
1.9592800e+01	7.9700100e-23
1.9638000e+01	7.8920300e-23
1.9683300e+01	7.8151900e-23
1.9728700e+01	7.7394300e-23
1.9774200e+01	7.6647300e-23
1.9819800e+01	7.5910600e-23
1.9865500e+01	7.5183900e-23
1.9911300e+01	7.4466900e-23
1.9957200e+01	7.3759400e-23
2.0003200e+01	7.3061100e-23
2.0049400e+01	7.2371700e-23
2.0095600e+01	7.1691100e-23
2.0141900e+01	7.1019100e-23
2.0188400e+01	7.0355400e-23
2.0234900e+01	6.9699900e-23
2.0281600e+01	6.9052400e-23
2.0328400e+01	6.8412700e-23
2.0375300e+01	6.7780700e-23
2.0422200e+01	6.7156100e-23
2.0469300e+01	6.6538900e-23
2.0516500e+01	6.5929000e-23
2.0563800e+01	6.5326000e-23
2.0611300e+01	6.4730000e-23
2.0658800e+01	6.4140800e-23
2.0706400e+01	6.3558300e-23
2.0754200e+01	6.2982400e-23
2.0802000e+01	6.2412900e-23
2.0850000e+01	6.1849800e-23
2.0898100e+01	6.1292900e-23
2.0946300e+01	6.0742100e-23
2.0994600e+01	6.0197300e-23
2.1043000e+01	5.9658600e-23
2.1091500e+01	5.9125600e-23
2.1140200e+01	5.8598400e-23
2.1188900e+01	5.8076900e-23
2.1237800e+01	5.7561000e-23
2.1286800e+01	5.7050600e-23
2.1335800e+01	5.6545600e-23
2.1385000e+01	5.6045900e-23
2.1434400e+01	5.5551600e-23
2.1483800e+01	5.5062400e-23
2.1533300e+01	5.4578300e-23
2.1583000e+01	5.4099400e-23
2.1632700e+01	5.3625400e-23
2.1682600e+01	5.3156300e-23
2.1732600e+01	5.2692100e-23
2.1782800e+01	5.2232700e-23
2.1833000e+01	5.1778000e-23
2.1883300e+01	5.1328100e-23
2.1933800e+01	5.0882700e-23
2.1984400e+01	5.0441900e-23
2.2035100e+01	5.0005600e-23
2.2085900e+01	4.9573700e-23
2.2136800e+01	4.9146300e-23
2.2187900e+01	4.8723100e-23
2.2239000e+01	4.8304300e-23
2.2290300e+01	4.7889700e-23
2.2341700e+01	4.7479300e-23
2.2393200e+01	4.7073100e-23
2.2444900e+01	4.6670900e-23
2.2496600e+01	4.6272800e-23
2.2548500e+01	4.5878700e-23
2.2600500e+01	4.5488500e-23
2.2652600e+01	4.5102200e-23
2.2704900e+01	4.4719800e-23
2.2757200e+01	4.4341300e-23
2.2809700e+01	4.3966500e-23
2.2862300e+01	4.3595400e-23
2.2915000e+01	4.3228100e-23
2.2967900e+01	4.2864400e-23
2.3020800e+01	4.2504300e-23
2.3073900e+01	4.2147800e-23
2.3127100e+01	4.1794800e-23
2.3180400e+01	4.1445400e-23
2.3233900e+01	4.1099400e-23
2.3287500e+01	4.0756800e-23
2.3341200e+01	4.0417600e-23
2.3395000e+01	4.0081800e-23
2.3448900e+01	3.9749300e-23
2.3503000e+01	3.9420100e-23
2.3557200e+01	3.9094100e-23
2.3611500e+01	3.8771300e-23
2.3666000e+01	3.8451800e-23
2.3720600e+01	3.8135300e-23
2.3775300e+01	3.7822000e-23
2.3830100e+01	3.7511800e-23
2.3885000e+01	3.7204600e-23
2.3940100e+01	3.6900500e-23
2.3995300e+01	3.6599400e-23
2.4050700e+01	3.6301200e-23
2.4106100e+01	3.6005900e-23
2.4161700e+01	3.5713600e-23
2.4217400e+01	3.5424100e-23
2.4273300e+01	3.5137400e-23
2.4329200e+01	3.4853600e-23
2.4385400e+01	3.4572600e-23
2.4441600e+01	3.4294300e-23
2.4497900e+01	3.4018800e-23
2.4554400e+01	3.3745900e-23
2.4611100e+01	3.3475800e-23
2.4667800e+01	3.3208300e-23
2.4724700e+01	3.2943400e-23
2.4781700e+01	3.2681100e-23
2.4838900e+01	3.2421400e-23
2.4896100e+01	3.2164200e-23
2.4953600e+01	3.1909600e-23
2.5011100e+01	3.1657500e-23
2.5068800e+01	3.1407800e-23
2.5126600e+01	3.1160600e-23
2.5184500e+01	3.0915800e-23
2.5242600e+01	3.0673400e-23
2.5300800e+01	3.0433400e-23
2.5359200e+01	3.0195800e-23
2.5417600e+01	2.9960500e-23
2.5476200e+01	2.9727500e-23
2.5535000e+01	2.9496700e-23
2.5593900e+01	2.9268300e-23
2.5652900e+01	2.9042100e-23
2.5712100e+01	2.8818100e-23
2.5771300e+01	2.8596300e-23
2.5830800e+01	2.8376700e-23
2.5890300e+01	2.8159300e-23
2.5950000e+01	2.7944000e-23
2.6009900e+01	2.7730800e-23
2.6069900e+01	2.7519700e-23
2.6130000e+01	2.7310700e-23
2.6190200e+01	2.7103700e-23
2.6250600e+01	2.6898800e-23
2.6311200e+01	2.6695900e-23
2.6371800e+01	2.6495000e-23
2.6432600e+01	2.6296000e-23
2.6493600e+01	2.6099100e-23
2.6554700e+01	2.5904100e-23
2.6615900e+01	2.5710900e-23
2.6677300e+01	2.5519800e-23
2.6738800e+01	2.5330400e-23
2.6800500e+01	2.5143000e-23
2.6862300e+01	2.4957400e-23
2.6924200e+01	2.4773600e-23
2.6986300e+01	2.4591700e-23
2.7048600e+01	2.4411600e-23
2.7110900e+01	2.4233200e-23
2.7173400e+01	2.4056600e-23
2.7236100e+01	2.3881700e-23
2.7298900e+01	2.3708600e-23
2.7361900e+01	2.3537200e-23
2.7425000e+01	2.3367500e-23
2.7488200e+01	2.3199500e-23
2.7551600e+01	2.3033100e-23
2.7615100e+01	2.2868400e-23
2.7678800e+01	2.2705300e-23
2.7742600e+01	2.2543900e-23
2.7806600e+01	2.2384000e-23
2.7870700e+01	2.2225700e-23
2.7935000e+01	2.2069000e-23
2.7999400e+01	2.1913900e-23
2.8064000e+01	2.1760300e-23
2.8128700e+01	2.1608200e-23
2.8193600e+01	2.1457700e-23
2.8258600e+01	2.1308600e-23
2.8323700e+01	2.1161000e-23
2.8389100e+01	2.1014900e-23
2.8454500e+01	2.0870300e-23
2.8520100e+01	2.0727100e-23
2.8585900e+01	2.0585300e-23
2.8651800e+01	2.0445000e-23
2.8717900e+01	2.0306000e-23
2.8784100e+01	2.0168500e-23
2.8850500e+01	2.0032300e-23
2.8917000e+01	1.9897500e-23
2.8983700e+01	1.9764000e-23
2.9050600e+01	1.9631800e-23
2.9117500e+01	1.9501000e-23
2.9184700e+01	1.9371500e-23
2.9252000e+01	1.9243300e-23
2.9319400e+01	1.9116400e-23
2.9387100e+01	1.8990700e-23
2.9454800e+01	1.8866300e-23
2.9522700e+01	1.8743200e-23
2.9590800e+01	1.8621300e-23
2.9659100e+01	1.8500600e-23
2.9727500e+01	1.8381200e-23
2.9796000e+01	1.8262900e-23
2.9864700e+01	1.8145800e-23
2.9933600e+01	1.8030000e-23
3.0002600e+01	1.7915200e-23
3.0071800e+01	1.7801700e-23
3.0141100e+01	1.7689200e-23
3.0210600e+01	1.7578000e-23
3.0280300e+01	1.7467800e-23
3.0350100e+01	1.7358700e-23
3.0420100e+01	1.7250800e-23
3.0490300e+01	1.7143900e-23
3.0560600e+01	1.7038100e-23
3.0631100e+01	1.6933400e-23
3.0701700e+01	1.6829800e-23
3.0772500e+01	1.6727200e-23
3.0843500e+01	1.6625600e-23
3.0914600e+01	1.6525100e-23
3.0985900e+01	1.6425500e-23
3.1057300e+01	1.6327000e-23
3.1128900e+01	1.6229500e-23
3.1200700e+01	1.6133000e-23
3.1272700e+01	1.6037500e-23
3.1344800e+01	1.5942900e-23
3.1417100e+01	1.5849300e-23
3.1489500e+01	1.5756600e-23
3.1562100e+01	1.5664900e-23
3.1634900e+01	1.5574100e-23
3.1707900e+01	1.5484200e-23
3.1781000e+01	1.5395300e-23
3.1854300e+01	1.5307200e-23
3.1927700e+01	1.5220000e-23
3.2001400e+01	1.5133800e-23
3.2075200e+01	1.5048400e-23
3.2149100e+01	1.4963900e-23
3.2223300e+01	1.4880200e-23
3.2297600e+01	1.4797400e-23
3.2372000e+01	1.4715400e-23
3.2446700e+01	1.4634300e-23
3.2521500e+01	1.4554000e-23
3.2596500e+01	1.4474500e-23
3.2671700e+01	1.4395800e-23
3.2747000e+01	1.4317900e-23
3.2822500e+01	1.4240900e-23
3.2898200e+01	1.4164600e-23
3.2974100e+01	1.4089000e-23
3.3050100e+01	1.4014300e-23
3.3126300e+01	1.3940300e-23
3.3202700e+01	1.3867100e-23
3.3279300e+01	1.3794600e-23
3.3356000e+01	1.3722800e-23
3.3433000e+01	1.3651800e-23
3.3510000e+01	1.3581500e-23
3.3587300e+01	1.3512000e-23
3.3664800e+01	1.3443100e-23
3.3742400e+01	1.3374900e-23
3.3820200e+01	1.3307500e-23
3.3898200e+01	1.3240700e-23
3.3976400e+01	1.3174600e-23
3.4054700e+01	1.3109200e-23
3.4133300e+01	1.3044400e-23
3.4212000e+01	1.2980300e-23
3.4290900e+01	1.2916800e-23
3.4369900e+01	1.2854000e-23
3.4449200e+01	1.2791900e-23
3.4528600e+01	1.2730400e-23
3.4608300e+01	1.2669500e-23
3.4688100e+01	1.2609200e-23
3.4768100e+01	1.2549500e-23
3.4848200e+01	1.2490400e-23
3.4928600e+01	1.2432000e-23
3.5009100e+01	1.2374100e-23
3.5089900e+01	1.2316800e-23
3.5170800e+01	1.2260100e-23
3.5251900e+01	1.2204000e-23
3.5333200e+01	1.2148500e-23
3.5414700e+01	1.2093500e-23
3.5496300e+01	1.2039100e-23
3.5578200e+01	1.1985200e-23
3.5660200e+01	1.1931900e-23
3.5742500e+01	1.1879100e-23
3.5824900e+01	1.1826800e-23
3.5907500e+01	1.1775100e-23
3.5990300e+01	1.1723900e-23
3.6073300e+01	1.1673200e-23
3.6156500e+01	1.1623000e-23
3.6239800e+01	1.1573300e-23
3.6323400e+01	1.1524200e-23
3.6407200e+01	1.1475500e-23
3.6491100e+01	1.1427300e-23
3.6575300e+01	1.1379600e-23
3.6659600e+01	1.1332400e-23
3.6744200e+01	1.1285700e-23
3.6828900e+01	1.1239400e-23
3.6913800e+01	1.1193600e-23
3.6999000e+01	1.1148200e-23
3.7084300e+01	1.1103300e-23
3.7169800e+01	1.1058900e-23
3.7255500e+01	1.1014900e-23
3.7341400e+01	1.0971300e-23
3.7427500e+01	1.0928200e-23
3.7513800e+01	1.0885500e-23
3.7600300e+01	1.0843200e-23
3.7687000e+01	1.0801400e-23
3.7773900e+01	1.0760000e-23
3.7861100e+01	1.0718900e-23
3.7948400e+01	1.0678300e-23
3.8035900e+01	1.0638100e-23
3.8123600e+01	1.0598300e-23
3.8211500e+01	1.0558900e-23
3.8299600e+01	1.0519800e-23
3.8387900e+01	1.0481200e-23
3.8476500e+01	1.0442900e-23
3.8565200e+01	1.0405000e-23
3.8654100e+01	1.0367500e-23
3.8743300e+01	1.0330400e-23
3.8832600e+01	1.0293600e-23
3.8922100e+01	1.0257200e-23
3.9011900e+01	1.0221100e-23
3.9101900e+01	1.0185400e-23
3.9192000e+01	1.0150000e-23
3.9282400e+01	1.0115000e-23
3.9373000e+01	1.0080300e-23
3.9463800e+01	1.0046000e-23
3.9554800e+01	1.0012000e-23
3.9646000e+01	9.9782700e-24
3.9737400e+01	9.9449100e-24
3.9829100e+01	9.9118800e-24
3.9920900e+01	9.8791600e-24
4.0013000e+01	9.8467600e-24
4.0105200e+01	9.8146700e-24
4.0197700e+01	9.7828800e-24
4.0290400e+01	9.7514000e-24
4.0383300e+01	9.7202200e-24
4.0476400e+01	9.6893400e-24
4.0569800e+01	9.6587500e-24
4.0663300e+01	9.6284500e-24
4.0757100e+01	9.5984400e-24
4.0851100e+01	9.5687200e-24
4.0945300e+01	9.5392700e-24
4.1039700e+01	9.5101000e-24
4.1134400e+01	9.4812100e-24
4.1229200e+01	9.4525900e-24
4.1324300e+01	9.4242300e-24
4.1419600e+01	9.3961500e-24
4.1515100e+01	9.3683200e-24
4.1610800e+01	9.3407500e-24
4.1706800e+01	9.3134400e-24
4.1803000e+01	9.2863900e-24
4.1899400e+01	9.2595800e-24
4.1996000e+01	9.2330200e-24
4.2092800e+01	9.2067100e-24
4.2189900e+01	9.1806300e-24
4.2287200e+01	9.1548000e-24
4.2384700e+01	9.1292000e-24
4.2482400e+01	9.1038400e-24
4.2580400e+01	9.0787100e-24
4.2678600e+01	9.0538100e-24
4.2777000e+01	9.0291300e-24
4.2875700e+01	9.0046800e-24
4.2974500e+01	8.9804400e-24
4.3073600e+01	8.9564300e-24
4.3173000e+01	8.9326300e-24
4.3272500e+01	8.9090500e-24
4.3372300e+01	8.8856700e-24
4.3472300e+01	8.8625100e-24
4.3572600e+01	8.8395500e-24
4.3673000e+01	8.8167900e-24
4.3773700e+01	8.7942300e-24
4.3874700e+01	8.7718800e-24
4.3975900e+01	8.7497200e-24
4.4077300e+01	8.7277500e-24
4.4178900e+01	8.7059800e-24
4.4280800e+01	8.6844000e-24
4.4382900e+01	8.6630100e-24
4.4485300e+01	8.6418000e-24
4.4587800e+01	8.6207700e-24
4.4690700e+01	8.5999300e-24
4.4793700e+01	8.5792700e-24
4.4897000e+01	8.5587800e-24
4.5000500e+01	8.5384700e-24
4.5104300e+01	8.5183300e-24
4.5208300e+01	8.4983700e-24
4.5312600e+01	8.4785700e-24
4.5417100e+01	8.4589400e-24
4.5521800e+01	8.4394800e-24
4.5626800e+01	8.4201800e-24
4.5732000e+01	8.4010500e-24
4.5837400e+01	8.3820700e-24
4.5943100e+01	8.3632500e-24
4.6049100e+01	8.3445900e-24
4.6155300e+01	8.3260800e-24
4.6261700e+01	8.3077300e-24
4.6368400e+01	8.2895200e-24
4.6475300e+01	8.2714700e-24
4.6582500e+01	8.2535600e-24
4.6689900e+01	8.2358000e-24
4.6797600e+01	8.2181900e-24
4.6905500e+01	8.2007100e-24
4.7013700e+01	8.1833800e-24
4.7122100e+01	8.1661900e-24
4.7230700e+01	8.1491400e-24
4.7339700e+01	8.1322200e-24
4.7448800e+01	8.1154400e-24
4.7558200e+01	8.0987900e-24
4.7667900e+01	8.0822700e-24
4.7777800e+01	8.0658800e-24
4.7888000e+01	8.0496300e-24
4.7998400e+01	8.0335000e-24
4.8109100e+01	8.0174900e-24
4.8220100e+01	8.0016100e-24
4.8331300e+01	7.9858600e-24
4.8442700e+01	7.9702200e-24
4.8554400e+01	7.9547100e-24
4.8666400e+01	7.9393100e-24
4.8778600e+01	7.9240400e-24
4.8891100e+01	7.9088800e-24
4.9003800e+01	7.8938300e-24
4.9116800e+01	7.8789000e-24
4.9230100e+01	7.8640900e-24
4.9343600e+01	7.8493800e-24
4.9457400e+01	7.8347800e-24
4.9571500e+01	7.8203000e-24
4.9685800e+01	7.8059200e-24
4.9800400e+01	7.7916400e-24
4.9915200e+01	7.7774800e-24
5.0030300e+01	7.7634100e-24
5.0145700e+01	7.7494500e-24
5.0261300e+01	7.7356000e-24
5.0377200e+01	7.7218400e-24
5.0493400e+01	7.7081800e-24
5.0609800e+01	7.6946200e-24
5.0726500e+01	7.6811600e-24
5.0843500e+01	7.6678000e-24
5.0960700e+01	7.6545300e-24
5.1078300e+01	7.6413600e-24
5.1196000e+01	7.6282700e-24
5.1314100e+01	7.6152900e-24
5.1432400e+01	7.6023900e-24
5.1551000e+01	7.5895800e-24
5.1669900e+01	7.5768700e-24
5.1789100e+01	7.5642400e-24
5.1908500e+01	7.5517000e-24
5.2028200e+01	7.5392400e-24
5.2148200e+01	7.5268700e-24
5.2268400e+01	7.5145900e-24
5.2389000e+01	7.5023900e-24
5.2509800e+01	7.4902700e-24
5.2630900e+01	7.4782400e-24
5.2752200e+01	7.4662900e-24
5.2873900e+01	7.4544100e-24
5.2995800e+01	7.4426200e-24
5.3118000e+01	7.4309000e-24
5.3240500e+01	7.4192700e-24
5.3363300e+01	7.4077100e-24
5.3486300e+01	7.3962200e-24
5.3609700e+01	7.3848100e-24
5.3733300e+01	7.3734800e-24
5.3857200e+01	7.3622200e-24
5.3981400e+01	7.3510300e-24
5.4105900e+01	7.3399200e-24
5.4230600e+01	7.3288800e-24
5.4355700e+01	7.3179000e-24
5.4481000e+01	7.3070000e-24
5.4606700e+01	7.2961700e-24
5.4732600e+01	7.2854000e-24
5.4858800e+01	7.2747100e-24
5.4985300e+01	7.2640800e-24
5.5112100e+01	7.2535200e-24
5.5239200e+01	7.2430200e-24
5.5366600e+01	7.2325900e-24
5.5494300e+01	7.2222200e-24
5.5622200e+01	7.2119200e-24
5.5750500e+01	7.2016800e-24
5.5879100e+01	7.1915000e-24
5.6007900e+01	7.1813800e-24
5.6137100e+01	7.1713300e-24
5.6266500e+01	7.1613400e-24
5.6396300e+01	7.1514000e-24
5.6526300e+01	7.1415300e-24
5.6656700e+01	7.1317200e-24
5.6787300e+01	7.1219600e-24
5.6918300e+01	7.1122600e-24
5.7049500e+01	7.1026200e-24
5.7181100e+01	7.0930300e-24
5.7312900e+01	7.0835000e-24
5.7445100e+01	7.0740300e-24
5.7577600e+01	7.0646100e-24
5.7710400e+01	7.0552500e-24
5.7843400e+01	7.0459400e-24
5.7976800e+01	7.0366800e-24
5.8110500e+01	7.0274800e-24
5.8244500e+01	7.0183200e-24
5.8378800e+01	7.0092200e-24
5.8513500e+01	7.0001800e-24
5.8648400e+01	6.9911800e-24
5.8783600e+01	6.9822300e-24
5.8919200e+01	6.9733300e-24
5.9055100e+01	6.9644800e-24
5.9191200e+01	6.9556800e-24
5.9327700e+01	6.9469300e-24
5.9464500e+01	6.9382300e-24
5.9601700e+01	6.9295700e-24
5.9739100e+01	6.9209700e-24
5.9876900e+01	6.9124000e-24
6.0014900e+01	6.9038900e-24
6.0153300e+01	6.8954200e-24
6.0292100e+01	6.8869900e-24
6.0431100e+01	6.8786100e-24
6.0570400e+01	6.8702800e-24
6.0710100e+01	6.8619900e-24
6.0850100e+01	6.8537400e-24
6.0990400e+01	6.8455300e-24
6.1131100e+01	6.8373700e-24
6.1272100e+01	6.8292500e-24
6.1413300e+01	6.8211800e-24
6.1555000e+01	6.8131400e-24
6.1696900e+01	6.8051500e-24
6.1839200e+01	6.7971900e-24
6.1981800e+01	6.7892800e-24
6.2124700e+01	6.7814100e-24
6.2268000e+01	6.7735700e-24
6.2411600e+01	6.7657800e-24
6.2555500e+01	6.7580300e-24
6.2699700e+01	6.7503100e-24
6.2844300e+01	6.7426300e-24
6.2989200e+01	6.7350000e-24
6.3134500e+01	6.7273900e-24
6.3280100e+01	6.7198300e-24
6.3426000e+01	6.7123000e-24
6.3572300e+01	6.7048100e-24
6.3718900e+01	6.6973600e-24
6.3865800e+01	6.6899400e-24
6.4013100e+01	6.6825600e-24
6.4160700e+01	6.6752100e-24
6.4308700e+01	6.6679000e-24
6.4457000e+01	6.6606300e-24
6.4605600e+01	6.6533900e-24
6.4754600e+01	6.6461800e-24
6.4903900e+01	6.6390100e-24
6.5053600e+01	6.6318700e-24
6.5203600e+01	6.6247600e-24
6.5353900e+01	6.6176900e-24
6.5504600e+01	6.6106500e-24
6.5655700e+01	6.6036400e-24
6.5807100e+01	6.5966600e-24
6.5958900e+01	6.5897200e-24
6.6111000e+01	6.5828100e-24
6.6263400e+01	6.5759300e-24
6.6416200e+01	6.5690800e-24
6.6569400e+01	6.5622600e-24
6.6722900e+01	6.5554700e-24
6.6876700e+01	6.5487100e-24
6.7031000e+01	6.5419900e-24
6.7185500e+01	6.5352900e-24
6.7340500e+01	6.5286200e-24
6.7495800e+01	6.5219900e-24
6.7651400e+01	6.5153800e-24
6.7807400e+01	6.5088000e-24
6.7963800e+01	6.5022500e-24
6.8120500e+01	6.4957200e-24
6.8277600e+01	6.4892300e-24
6.8435000e+01	6.4827700e-24
6.8592800e+01	6.4763300e-24
6.8751000e+01	6.4699200e-24
6.8909600e+01	6.4635300e-24
6.9068500e+01	6.4571800e-24
6.9227700e+01	6.4508500e-24
6.9387400e+01	6.4445500e-24
6.9547400e+01	6.4382700e-24
6.9707800e+01	6.4320200e-24
6.9868500e+01	6.4258000e-24
7.0029600e+01	6.4196000e-24
7.0191100e+01	6.4134300e-24
7.0353000e+01	6.4072800e-24
7.0515200e+01	6.4011600e-24
7.0677800e+01	6.3950700e-24
7.0840800e+01	6.3890000e-24
7.1004200e+01	6.3829500e-24
7.1167900e+01	6.3769300e-24
7.1332000e+01	6.3709300e-24
7.1496500e+01	6.3649600e-24
7.1661400e+01	6.3590100e-24
7.1826600e+01	6.3530900e-24
7.1992300e+01	6.3471900e-24
7.2158300e+01	6.3413100e-24
7.2324700e+01	6.3354600e-24
7.2491400e+01	6.3296300e-24
7.2658600e+01	6.3238200e-24
7.2826200e+01	6.3180300e-24
7.2994100e+01	6.3122700e-24
7.3162400e+01	6.3065300e-24
7.3331100e+01	6.3008100e-24
7.3500200e+01	6.2951200e-24
7.3669700e+01	6.2894400e-24
7.3839600e+01	6.2837900e-24
7.4009900e+01	6.2781600e-24
7.4180600e+01	6.2725500e-24
7.4351600e+01	6.2669700e-24
7.4523100e+01	6.2614000e-24
7.4694900e+01	6.2558600e-24
7.4867200e+01	6.2503300e-24
7.5039800e+01	6.2448300e-24
7.5212900e+01	6.2393500e-24
7.5386300e+01	6.2338800e-24
7.5560100e+01	6.2284400e-24
7.5734400e+01	6.2230200e-24
7.5909000e+01	6.2176200e-24
7.6084100e+01	6.2122400e-24
7.6259500e+01	6.2068800e-24
7.6435400e+01	6.2015300e-24
7.6611600e+01	6.1962100e-24
7.6788300e+01	6.1909100e-24
7.6965400e+01	6.1856200e-24
7.7142900e+01	6.1803600e-24
7.7320800e+01	6.1751100e-24
7.7499100e+01	6.1698900e-24
7.7677800e+01	6.1646800e-24
7.7856900e+01	6.1594900e-24
7.8036400e+01	6.1543200e-24
7.8216400e+01	6.1491700e-24
7.8396800e+01	6.1440300e-24
7.8577500e+01	6.1389200e-24
7.8758700e+01	6.1338200e-24
7.8940400e+01	6.1287400e-24
7.9122400e+01	6.1236700e-24
7.9304900e+01	6.1186300e-24
7.9487700e+01	6.1136000e-24
7.9671000e+01	6.1085900e-24
7.9854800e+01	6.1036000e-24
8.0038900e+01	6.0986300e-24
8.0223500e+01	6.0936700e-24
8.0408500e+01	6.0887300e-24
8.0593900e+01	6.0838000e-24
8.0779700e+01	6.0788900e-24
8.0966000e+01	6.0740000e-24
8.1152700e+01	6.0691300e-24
8.1339900e+01	6.0642700e-24
8.1527400e+01	6.0594300e-24
8.1715400e+01	6.0546100e-24
8.1903900e+01	6.0498000e-24
8.2092700e+01	6.0450000e-24
8.2282000e+01	6.0402300e-24
8.2471800e+01	6.0354700e-24
8.2662000e+01	6.0307200e-24
8.2852600e+01	6.0259900e-24
8.3043700e+01	6.0212800e-24
8.3235200e+01	6.0165800e-24
8.3427100e+01	6.0119000e-24
8.3619500e+01	6.0072300e-24
8.3812300e+01	6.0025800e-24
8.4005600e+01	5.9979400e-24
8.4199300e+01	5.9933200e-24
8.4393500e+01	5.9887100e-24
8.4588100e+01	5.9841200e-24
8.4783100e+01	5.9795400e-24
8.4978600e+01	5.9749800e-24
8.5174600e+01	5.9704300e-24
8.5371000e+01	5.9659000e-24
8.5567900e+01	5.9613800e-24
8.5765200e+01	5.9568700e-24
8.5963000e+01	5.9523800e-24
8.6161200e+01	5.9479000e-24
8.6359900e+01	5.9434400e-24
8.6559000e+01	5.9389900e-24
8.6758600e+01	5.9345600e-24
8.6958700e+01	5.9301400e-24
8.7159200e+01	5.9257300e-24
8.7360200e+01	5.9213400e-24
8.7561700e+01	5.9169600e-24
8.7763600e+01	5.9126000e-24
8.7966000e+01	5.9082400e-24
8.8168800e+01	5.9039100e-24
8.8372200e+01	5.8995800e-24
8.8575900e+01	5.8952700e-24
8.8780200e+01	5.8909700e-24
8.8984900e+01	5.8866800e-24
8.9190100e+01	5.8824100e-24
8.9395800e+01	5.8781500e-24
8.9601900e+01	5.8739100e-24
8.9808600e+01	5.8696700e-24
9.0015700e+01	5.8654500e-24
9.0223200e+01	5.8612400e-24
9.0431300e+01	5.8570500e-24
9.0639800e+01	5.8528700e-24
9.0848900e+01	5.8487000e-24
9.1058300e+01	5.8445400e-24
9.1268300e+01	5.8403900e-24
9.1478800e+01	5.8362600e-24
9.1689700e+01	5.8321400e-24
9.1901200e+01	5.8280300e-24
9.2113100e+01	5.8239300e-24
9.2325500e+01	5.8198500e-24
9.2538400e+01	5.8157800e-24
9.2751800e+01	5.8117200e-24
9.2965700e+01	5.8076700e-24
9.3180100e+01	5.8036300e-24
9.3395000e+01	5.7996100e-24
9.3610300e+01	5.7955900e-24
9.3826200e+01	5.7915900e-24
9.4042600e+01	5.7876000e-24
9.4259400e+01	5.7836300e-24
9.4476800e+01	5.7796600e-24
9.4694600e+01	5.7757000e-24
9.4913000e+01	5.7717600e-24
9.5131900e+01	5.7678300e-24
9.5351300e+01	5.7639100e-24
9.5571100e+01	5.7600000e-24
9.5791500e+01	5.7561000e-24
9.6012400e+01	5.7522100e-24
9.6233800e+01	5.7483300e-24
9.6455700e+01	5.7444700e-24
9.6678200e+01	5.7406100e-24
9.6901100e+01	5.7367700e-24
9.7124600e+01	5.7329400e-24
9.7348500e+01	5.7291200e-24
9.7573000e+01	5.7253100e-24
9.7798000e+01	5.7215100e-24
9.8023600e+01	5.7177200e-24
9.8249600e+01	5.7139400e-24
9.8476200e+01	5.7101700e-24
9.8703200e+01	5.7064100e-24
9.8930900e+01	5.7026600e-24
9.9159000e+01	5.6989300e-24
9.9387700e+01	5.6952000e-24
9.9616800e+01	5.6914800e-24
9.9846600e+01	5.6877800e-24
1.0007700e+02	5.6840800e-24
1.0030800e+02	5.6804000e-24
1.0053900e+02	5.6767200e-24
1.0077100e+02	5.6730600e-24
1.0100300e+02	5.6694000e-24
1.0123600e+02	5.6657600e-24
1.0146900e+02	5.6621200e-24
1.0170300e+02	5.6585000e-24
1.0193800e+02	5.6548800e-24
1.0217300e+02	5.6512800e-24
1.0240900e+02	5.6476800e-24
1.0264500e+02	5.6441000e-24
1.0288200e+02	5.6405200e-24
1.0311900e+02	5.6369500e-24
1.0335700e+02	5.6334000e-24
1.0359500e+02	5.6298500e-24
1.0383400e+02	5.6263100e-24
1.0407300e+02	5.6227800e-24
1.0431300e+02	5.6192700e-24
1.0455400e+02	5.6157600e-24
1.0479500e+02	5.6122600e-24
1.0503700e+02	5.6087700e-24
1.0527900e+02	5.6052900e-24
1.0552200e+02	5.6018200e-24
1.0576500e+02	5.5983500e-24
1.0600900e+02	5.5949000e-24
1.0625300e+02	5.5914600e-24
1.0649800e+02	5.5880200e-24
1.0674400e+02	5.5846000e-24
1.0699000e+02	5.5811800e-24
1.0723700e+02	5.5777700e-24
1.0748400e+02	5.5743800e-24
1.0773200e+02	5.5709900e-24
1.0798000e+02	5.5676100e-24
1.0822900e+02	5.5642400e-24
1.0847900e+02	5.5608700e-24
1.0872900e+02	5.5575200e-24
1.0898000e+02	5.5541800e-24
1.0923100e+02	5.5508400e-24
1.0948300e+02	5.5475100e-24
1.0973500e+02	5.5441900e-24
1.0998800e+02	5.5408800e-24
1.1024200e+02	5.5375800e-24
1.1049600e+02	5.5342900e-24
1.1075100e+02	5.5310100e-24
1.1100700e+02	5.5277300e-24
1.1126200e+02	5.5244700e-24
1.1151900e+02	5.5212100e-24
1.1177600e+02	5.5179600e-24
1.1203400e+02	5.5147200e-24
1.1229200e+02	5.5114800e-24
1.1255100e+02	5.5082600e-24
1.1281100e+02	5.5050400e-24
1.1307100e+02	5.5018400e-24
1.1333200e+02	5.4986400e-24
1.1359300e+02	5.4954500e-24
1.1385500e+02	5.4922600e-24
1.1411800e+02	5.4890900e-24
1.1438100e+02	5.4859200e-24
1.1464400e+02	5.4827600e-24
1.1490900e+02	5.4796100e-24
1.1517400e+02	5.4764700e-24
1.1543900e+02	5.4733400e-24
1.1570600e+02	5.4702100e-24
1.1597200e+02	5.4670900e-24
1.1624000e+02	5.4639800e-24
1.1650800e+02	5.4608800e-24
1.1677700e+02	5.4577900e-24
1.1704600e+02	5.4547000e-24
1.1731600e+02	5.4516200e-24
1.1758600e+02	5.4485500e-24
1.1785700e+02	5.4454900e-24
1.1812900e+02	5.4424400e-24
1.1840200e+02	5.4393900e-24
1.1867500e+02	5.4363500e-24
1.1894800e+02	5.4333200e-24
1.1922300e+02	5.4303000e-24
1.1949800e+02	5.4272800e-24
1.1977300e+02	5.4242700e-24
1.2004900e+02	5.4212700e-24
1.2032600e+02	5.4182800e-24
1.2060400e+02	5.4152900e-24
1.2088200e+02	5.4123200e-24
1.2116100e+02	5.4093500e-24
1.2144000e+02	5.4063800e-24
1.2172000e+02	5.4034300e-24
1.2200100e+02	5.4004800e-24
1.2228200e+02	5.3975400e-24
1.2256400e+02	5.3946100e-24
1.2284700e+02	5.3916800e-24
1.2313000e+02	5.3887700e-24
1.2341400e+02	5.3858500e-24
1.2369800e+02	5.3829500e-24
1.2398400e+02	5.3800600e-24
1.2427000e+02	5.3771700e-24
1.2455600e+02	5.3742900e-24
1.2484300e+02	5.3714100e-24
1.2513100e+02	5.3685500e-24
1.2542000e+02	5.3656900e-24
1.2570900e+02	5.3628300e-24
1.2599900e+02	5.3599900e-24
1.2628900e+02	5.3571500e-24
1.2658100e+02	5.3543200e-24
1.2687300e+02	5.3515000e-24
1.2716500e+02	5.3486800e-24
1.2745800e+02	5.3458700e-24
1.2775200e+02	5.3430700e-24
1.2804700e+02	5.3402800e-24
1.2834200e+02	5.3374900e-24
1.2863800e+02	5.3347100e-24
1.2893500e+02	5.3319300e-24
1.2923200e+02	5.3291700e-24
1.2953000e+02	5.3264100e-24
1.2982900e+02	5.3236500e-24
1.3012800e+02	5.3209100e-24
1.3042800e+02	5.3181700e-24
1.3072900e+02	5.3154400e-24
1.3103100e+02	5.3127100e-24
1.3133300e+02	5.3099900e-24
1.3163600e+02	5.3072800e-24
1.3193900e+02	5.3045800e-24
1.3224300e+02	5.3018800e-24
1.3254800e+02	5.2991900e-24
1.3285400e+02	5.2965000e-24
1.3316000e+02	5.2938200e-24
1.3346700e+02	5.2911500e-24
1.3377500e+02	5.2884900e-24
1.3408400e+02	5.2858300e-24
1.3439300e+02	5.2831800e-24
1.3470300e+02	5.2805400e-24
1.3501300e+02	5.2779000e-24
1.3532500e+02	5.2752700e-24
1.3563700e+02	5.2726500e-24
1.3595000e+02	5.2700300e-24
1.3626300e+02	5.2674200e-24
1.3657700e+02	5.2648100e-24
1.3689200e+02	5.2622200e-24
1.3720800e+02	5.2596200e-24
1.3752400e+02	5.2570400e-24
1.3784100e+02	5.2544600e-24
1.3815900e+02	5.2518900e-24
1.3847800e+02	5.2493300e-24
1.3879700e+02	5.2467700e-24
1.3911700e+02	5.2442100e-24
1.3943800e+02	5.2416700e-24
1.3976000e+02	5.2391300e-24
1.4008200e+02	5.2366000e-24
1.4040500e+02	5.2340700e-24
1.4072900e+02	5.2315500e-24
1.4105300e+02	5.2290400e-24
1.4137900e+02	5.2265300e-24
1.4170500e+02	5.2240300e-24
1.4203100e+02	5.2215400e-24
1.4235900e+02	5.2190500e-24
1.4268700e+02	5.2165700e-24
1.4301600e+02	5.2140900e-24
1.4334600e+02	5.2116200e-24
1.4367700e+02	5.2091600e-24
1.4400800e+02	5.2067000e-24
1.4434000e+02	5.2042500e-24
1.4467300e+02	5.2018100e-24
1.4500600e+02	5.1993700e-24
1.4534100e+02	5.1969400e-24
1.4567600e+02	5.1945200e-24
1.4601200e+02	5.1921000e-24
1.4634900e+02	5.1896900e-24
1.4668600e+02	5.1872800e-24
1.4702400e+02	5.1848800e-24
1.4736300e+02	5.1824800e-24
1.4770300e+02	5.1801000e-24
1.4804400e+02	5.1777100e-24
1.4838500e+02	5.1753400e-24
1.4872700e+02	5.1729700e-24
1.4907000e+02	5.1706100e-24
1.4941400e+02	5.1682500e-24
1.4975900e+02	5.1659000e-24
1.5010400e+02	5.1635500e-24
1.5045000e+02	5.1612100e-24
1.5079700e+02	5.1588800e-24
1.5114500e+02	5.1565500e-24
1.5149300e+02	5.1542300e-24
1.5184300e+02	5.1519200e-24
1.5219300e+02	5.1496100e-24
1.5254400e+02	5.1473100e-24
1.5289600e+02	5.1450100e-24
1.5324800e+02	5.1427200e-24
1.5360100e+02	5.1404300e-24
1.5395600e+02	5.1381500e-24
1.5431100e+02	5.1358800e-24
1.5466700e+02	5.1336100e-24
1.5502300e+02	5.1313500e-24
1.5538100e+02	5.1291000e-24
1.5573900e+02	5.1268500e-24
1.5609800e+02	5.1246000e-24
1.5645800e+02	5.1223700e-24
1.5681900e+02	5.1201400e-24
1.5718100e+02	5.1179100e-24
1.5754300e+02	5.1156900e-24
1.5790600e+02	5.1134800e-24
1.5827000e+02	5.1112700e-24
1.5863500e+02	5.1090700e-24
1.5900100e+02	5.1068700e-24
1.5936800e+02	5.1046800e-24
1.5973500e+02	5.1024900e-24
1.6010400e+02	5.1003200e-24
1.6047300e+02	5.0981400e-24
1.6084300e+02	5.0959800e-24
1.6121400e+02	5.0938100e-24
1.6158600e+02	5.0916600e-24
1.6195800e+02	5.0895100e-24
1.6233200e+02	5.0873600e-24
1.6270600e+02	5.0852300e-24
1.6308100e+02	5.0830900e-24
1.6345700e+02	5.0809700e-24
1.6383400e+02	5.0788500e-24
1.6421200e+02	5.0767300e-24
1.6459100e+02	5.0746200e-24
1.6497000e+02	5.0725200e-24
1.6535100e+02	5.0704200e-24
1.6573200e+02	5.0683300e-24
1.6611400e+02	5.0662400e-24
1.6649700e+02	5.0641600e-24
1.6688100e+02	5.0620800e-24
1.6726600e+02	5.0600100e-24
1.6765200e+02	5.0579500e-24
1.6803800e+02	5.0558900e-24
1.6842600e+02	5.0538400e-24
1.6881400e+02	5.0517900e-24
1.6920400e+02	5.0497500e-24
1.6959400e+02	5.0477200e-24
1.6998500e+02	5.0456900e-24
1.7037700e+02	5.0436600e-24
1.7077000e+02	5.0416400e-24
1.7116300e+02	5.0396300e-24
1.7155800e+02	5.0376200e-24
1.7195400e+02	5.0356200e-24
1.7235000e+02	5.0336200e-24
1.7274800e+02	5.0316300e-24
1.7314600e+02	5.0296500e-24
1.7354500e+02	5.0276700e-24
1.7394600e+02	5.0257000e-24
1.7434700e+02	5.0237300e-24
1.7474900e+02	5.0217600e-24
1.7515200e+02	5.0198100e-24
1.7555600e+02	5.0178600e-24
1.7596000e+02	5.0159100e-24
1.7636600e+02	5.0139700e-24
1.7677300e+02	5.0120300e-24
1.7718100e+02	5.0101000e-24
1.7758900e+02	5.0081800e-24
1.7799900e+02	5.0062600e-24
1.7840900e+02	5.0043500e-24
1.7882100e+02	5.0024400e-24
1.7923300e+02	5.0005400e-24
1.7964600e+02	4.9986400e-24
1.8006100e+02	4.9967500e-24
1.8047600e+02	4.9948700e-24
1.8089200e+02	4.9929900e-24
1.8130900e+02	4.9911200e-24
1.8172700e+02	4.9892500e-24
1.8214600e+02	4.9873800e-24
1.8256600e+02	4.9855300e-24
1.8298700e+02	4.9836700e-24
1.8340900e+02	4.9818300e-24
1.8383200e+02	4.9799900e-24
1.8425600e+02	4.9781500e-24
1.8468100e+02	4.9763200e-24
1.8510700e+02	4.9744900e-24
1.8553400e+02	4.9726800e-24
1.8596200e+02	4.9708600e-24
1.8639000e+02	4.9690500e-24
1.8682000e+02	4.9672500e-24
1.8725100e+02	4.9654500e-24
1.8768300e+02	4.9636600e-24
1.8811600e+02	4.9618700e-24
1.8854900e+02	4.9600900e-24
1.8898400e+02	4.9583200e-24
1.8942000e+02	4.9565500e-24
1.8985700e+02	4.9547800e-24
1.9029500e+02	4.9530200e-24
1.9073300e+02	4.9512700e-24
1.9117300e+02	4.9495200e-24
1.9161400e+02	4.9477800e-24
1.9205600e+02	4.9460400e-24
1.9249900e+02	4.9443100e-24
1.9294300e+02	4.9425800e-24
1.9338800e+02	4.9408600e-24
1.9383400e+02	4.9391400e-24
1.9428100e+02	4.9374300e-24
1.9472900e+02	4.9357300e-24
1.9517800e+02	4.9340300e-24
1.9562800e+02	4.9323300e-24
1.9607900e+02	4.9306400e-24
1.9653100e+02	4.9289600e-24
1.9698400e+02	4.9272800e-24
1.9743800e+02	4.9256100e-24
1.9789400e+02	4.9239400e-24
1.9835000e+02	4.9222800e-24
1.9880800e+02	4.9206200e-24
1.9926600e+02	4.9189700e-24
1.9972500e+02	4.9173200e-24
2.0018600e+02	4.9156800e-24
2.0064800e+02	4.9140500e-24
2.0111000e+02	4.9124200e-24
2.0157400e+02	4.9107900e-24
2.0203900e+02	4.9091700e-24
2.0250500e+02	4.9075600e-24
2.0297200e+02	4.9059500e-24
2.0344000e+02	4.9043500e-24
2.0390900e+02	4.9027500e-24
2.0437900e+02	4.9011600e-24
2.0485100e+02	4.8995700e-24
2.0532300e+02	4.8979900e-24
2.0579600e+02	4.8964200e-24
2.0627100e+02	4.8948500e-24
2.0674700e+02	4.8932800e-24
2.0722300e+02	4.8917200e-24
2.0770100e+02	4.8901700e-24
2.0818000e+02	4.8886200e-24
2.0866000e+02	4.8870700e-24
2.0914100e+02	4.8855400e-24
2.0962400e+02	4.8840000e-24
2.1010700e+02	4.8824700e-24
2.1059200e+02	4.8809500e-24
2.1107700e+02	4.8794400e-24
2.1156400e+02	4.8779200e-24
2.1205200e+02	4.8764200e-24
2.1254100e+02	4.8749200e-24
2.1303100e+02	4.8734200e-24
2.1352200e+02	4.8719300e-24
2.1401500e+02	4.8704500e-24
2.1450800e+02	4.8689700e-24
2.1500300e+02	4.8674900e-24
2.1549900e+02	4.8660300e-24
2.1599600e+02	4.8645600e-24
2.1649400e+02	4.8631100e-24
2.1699300e+02	4.8616500e-24
2.1749300e+02	4.8602100e-24
2.1799500e+02	4.8587600e-24
2.1849800e+02	4.8573300e-24
2.1900100e+02	4.8559000e-24
2.1950600e+02	4.8544700e-24
2.2001300e+02	4.8530500e-24
2.2052000e+02	4.8516400e-24
2.2102800e+02	4.8502300e-24
2.2153800e+02	4.8488200e-24
2.2204900e+02	4.8474300e-24
2.2256100e+02	4.8460300e-24
2.2307400e+02	4.8446400e-24
2.2358900e+02	4.8432600e-24
2.2410400e+02	4.8418900e-24
2.2462100e+02	4.8405100e-24
2.2513900e+02	4.8391500e-24
2.2565800e+02	4.8377900e-24
2.2617900e+02	4.8364300e-24
2.2670000e+02	4.8350800e-24
2.2722300e+02	4.8337400e-24
2.2774700e+02	4.8324000e-24
2.2827200e+02	4.8310600e-24
2.2879800e+02	4.8297400e-24
2.2932600e+02	4.8284100e-24
2.2985500e+02	4.8271000e-24
2.3038500e+02	4.8257800e-24
2.3091600e+02	4.8244800e-24
2.3144900e+02	4.8231800e-24
2.3198200e+02	4.8218800e-24
2.3251700e+02	4.8205900e-24
2.3305400e+02	4.8193000e-24
2.3359100e+02	4.8180200e-24
2.3413000e+02	4.8167500e-24
2.3467000e+02	4.8154800e-24
2.3521100e+02	4.8142200e-24
2.3575300e+02	4.8129600e-24
2.3629700e+02	4.8117100e-24
2.3684200e+02	4.8104600e-24
2.3738800e+02	4.8092200e-24
2.3793500e+02	4.8079800e-24
2.3848400e+02	4.8067500e-24
2.3903400e+02	4.8055300e-24
2.3958500e+02	4.8043100e-24
2.4013800e+02	4.8031000e-24
2.4069100e+02	4.8018900e-24
2.4124600e+02	4.8006800e-24
2.4180300e+02	4.7994900e-24
2.4236000e+02	4.7982900e-24
2.4291900e+02	4.7971100e-24
2.4347900e+02	4.7959300e-24
2.4404100e+02	4.7947500e-24
2.4460400e+02	4.7935800e-24
2.4516800e+02	4.7924200e-24
2.4573300e+02	4.7912600e-24
2.4630000e+02	4.7901000e-24
2.4686800e+02	4.7889500e-24
2.4743700e+02	4.7878100e-24
2.4800700e+02	4.7866700e-24
2.4857900e+02	4.7855400e-24
2.4915300e+02	4.7844200e-24
2.4972700e+02	4.7833000e-24
2.5030300e+02	4.7821800e-24
2.5088000e+02	4.7810700e-24
2.5145900e+02	4.7799700e-24
2.5203900e+02	4.7788700e-24
2.5262000e+02	4.7777800e-24
2.5320200e+02	4.7766900e-24
2.5378600e+02	4.7756100e-24
2.5437200e+02	4.7745300e-24
2.5495800e+02	4.7734600e-24
2.5554600e+02	4.7724000e-24
2.5613500e+02	4.7713400e-24
2.5672600e+02	4.7702800e-24
2.5731800e+02	4.7692400e-24
2.5791100e+02	4.7681900e-24
2.5850600e+02	4.7671600e-24
2.5910200e+02	4.7661200e-24
2.5970000e+02	4.7651000e-24
2.6029900e+02	4.7640800e-24
2.6089900e+02	4.7630600e-24
2.6150000e+02	4.7620600e-24
2.6210300e+02	4.7610500e-24
2.6270800e+02	4.7600600e-24
2.6331400e+02	4.7590600e-24
2.6392100e+02	4.7580800e-24
2.6453000e+02	4.7571000e-24
2.6514000e+02	4.7561200e-24
2.6575100e+02	4.7551500e-24
2.6636400e+02	4.7541900e-24
2.6697800e+02	4.7532300e-24
2.6759400e+02	4.7522800e-24
2.6821100e+02	4.7513300e-24
2.6882900e+02	4.7503900e-24
2.6944900e+02	4.7494600e-24
2.7007100e+02	4.7485300e-24
2.7069300e+02	4.7476100e-24
2.7131800e+02	4.7466900e-24
2.7194300e+02	4.7457800e-24
2.7257000e+02	4.7448700e-24
2.7319900e+02	4.7439700e-24
2.7382900e+02	4.7430700e-24
2.7446000e+02	4.7421800e-24
2.7509300e+02	4.7413000e-24
2.7572800e+02	4.7404200e-24
2.7636300e+02	4.7395500e-24
2.7700100e+02	4.7386900e-24
2.7763900e+02	4.7378300e-24
2.7828000e+02	4.7369700e-24
2.7892100e+02	4.7361200e-24
2.7956500e+02	4.7352800e-24
2.8020900e+02	4.7344500e-24
2.8085500e+02	4.7336100e-24
2.8150300e+02	4.7327900e-24
2.8215200e+02	4.7319700e-24
2.8280300e+02	4.7311600e-24
2.8345500e+02	4.7303500e-24
2.8410900e+02	4.7295500e-24
2.8476400e+02	4.7287500e-24
2.8542100e+02	4.7279600e-24
2.8607900e+02	4.7271800e-24
2.8673800e+02	4.7264000e-24
2.8740000e+02	4.7256300e-24
2.8806200e+02	4.7248600e-24
2.8872700e+02	4.7241000e-24
2.8939200e+02	4.7233500e-24
2.9006000e+02	4.7226000e-24
2.9072900e+02	4.7218600e-24
2.9139900e+02	4.7211200e-24
2.9207100e+02	4.7203900e-24
2.9274500e+02	4.7196700e-24
2.9342000e+02	4.7189500e-24
2.9409600e+02	4.7182400e-24
2.9477400e+02	4.7175300e-24
2.9545400e+02	4.7168300e-24
2.9613600e+02	4.7161400e-24
2.9681800e+02	4.7154500e-24
2.9750300e+02	4.7147700e-24
2.9818900e+02	4.7140900e-24
2.9887700e+02	4.7134200e-24
2.9956600e+02	4.7127600e-24
3.0025700e+02	4.7121000e-24
3.0094900e+02	4.7114500e-24
3.0164300e+02	4.7108000e-24
3.0233900e+02	4.7101600e-24
3.0303600e+02	4.7095300e-24
3.0373500e+02	4.7089000e-24
3.0443500e+02	4.7082800e-24
3.0513700e+02	4.7076700e-24
3.0584100e+02	4.7070600e-24
3.0654600e+02	4.7064600e-24
3.0725300e+02	4.7058600e-24
3.0796100e+02	4.7052700e-24
3.0867100e+02	4.7046900e-24
3.0938300e+02	4.7041100e-24
3.1009700e+02	4.7035400e-24
3.1081200e+02	4.7029700e-24
3.1152900e+02	4.7024100e-24
3.1224700e+02	4.7018600e-24
3.1296700e+02	4.7013200e-24
3.1368900e+02	4.7007800e-24
3.1441200e+02	4.7002400e-24
3.1513700e+02	4.6997100e-24
3.1586400e+02	4.6991900e-24
3.1659200e+02	4.6986800e-24
3.1732200e+02	4.6981700e-24
3.1805400e+02	4.6976700e-24
3.1878700e+02	4.6971700e-24
3.1952300e+02	4.6966800e-24
3.2025900e+02	4.6962000e-24
3.2099800e+02	4.6957300e-24
3.2173800e+02	4.6952600e-24
3.2248000e+02	4.6947900e-24
3.2322400e+02	4.6943400e-24
3.2396900e+02	4.6938800e-24
3.2471600e+02	4.6934400e-24
3.2546500e+02	4.6930000e-24
3.2621500e+02	4.6925700e-24
3.2696800e+02	4.6921500e-24
3.2772200e+02	4.6917300e-24
3.2847700e+02	4.6913200e-24
3.2923500e+02	4.6909100e-24
3.2999400e+02	4.6905100e-24
3.3075500e+02	4.6901200e-24
3.3151800e+02	4.6897400e-24
3.3228200e+02	4.6893600e-24
3.3304900e+02	4.6889900e-24
3.3381700e+02	4.6886200e-24
3.3458600e+02	4.6882600e-24
3.3535800e+02	4.6879100e-24
3.3613100e+02	4.6875600e-24
3.3690600e+02	4.6872300e-24
3.3768300e+02	4.6868900e-24
3.3846200e+02	4.6865700e-24
3.3924200e+02	4.6862500e-24
3.4002500e+02	4.6859400e-24
3.4080900e+02	4.6856300e-24
3.4159500e+02	4.6853300e-24
3.4238200e+02	4.6850400e-24
3.4317200e+02	4.6847600e-24
3.4396300e+02	4.6844800e-24
3.4475700e+02	4.6842100e-24
3.4555200e+02	4.6839400e-24
3.4634800e+02	4.6836900e-24
3.4714700e+02	4.6834300e-24
3.4794800e+02	4.6831900e-24
3.4875000e+02	4.6829500e-24
3.4955400e+02	4.6827200e-24
3.5036000e+02	4.6825000e-24
3.5116800e+02	4.6822800e-24
3.5197800e+02	4.6820700e-24
3.5279000e+02	4.6818700e-24
3.5360300e+02	4.6816800e-24
3.5441900e+02	4.6814900e-24
3.5523600e+02	4.6813100e-24
3.5605500e+02	4.6811300e-24
3.5687600e+02	4.6809700e-24
3.5769900e+02	4.6808100e-24
3.5852400e+02	4.6806500e-24
3.5935100e+02	4.6805100e-24
3.6017900e+02	4.6803700e-24
3.6101000e+02	4.6802400e-24
3.6184200e+02	4.6801100e-24
3.6267700e+02	4.6799900e-24
3.6351300e+02	4.6798800e-24
3.6435100e+02	4.6797800e-24
3.6519200e+02	4.6796800e-24
3.6603400e+02	4.6796000e-24
3.6687800e+02	4.6795100e-24
3.6772400e+02	4.6794400e-24
3.6857200e+02	4.6793700e-24
3.6942200e+02	4.6793100e-24
3.7027400e+02	4.6792600e-24
3.7112800e+02	4.6792200e-24
3.7198300e+02	4.6791800e-24
3.7284100e+02	4.6791500e-24
3.7370100e+02	4.6791300e-24
3.7456300e+02	4.6791100e-24
3.7542600e+02	4.6791000e-24
3.7629200e+02	4.6791000e-24
3.7716000e+02	4.6791100e-24
3.7803000e+02	4.6791200e-24
3.7890100e+02	4.6791500e-24
3.7977500e+02	4.6791800e-24
3.8065100e+02	4.6792100e-24
3.8152900e+02	4.6792600e-24
3.8240800e+02	4.6793100e-24
3.8329000e+02	4.6793700e-24
3.8417400e+02	4.6794400e-24
3.8506000e+02	4.6795100e-24
3.8594800e+02	4.6796000e-24
3.8683800e+02	4.6796900e-24
3.8773000e+02	4.6797800e-24
3.8862400e+02	4.6798900e-24
3.8952000e+02	4.6800100e-24
3.9041900e+02	4.6801300e-24
3.9131900e+02	4.6802600e-24
3.9222100e+02	4.6803900e-24
3.9312600e+02	4.6805400e-24
3.9403200e+02	4.6806900e-24
3.9494100e+02	4.6808600e-24
3.9585200e+02	4.6810200e-24
3.9676500e+02	4.6812000e-24
3.9767900e+02	4.6813900e-24
3.9859700e+02	4.6815800e-24
3.9951600e+02	4.6817800e-24
4.0043700e+02	4.6819900e-24
4.0136000e+02	4.6822100e-24
4.0228600e+02	4.6824400e-24
4.0321400e+02	4.6826800e-24
4.0414300e+02	4.6829200e-24
4.0507500e+02	4.6831700e-24
4.0600900e+02	4.6834300e-24
4.0694600e+02	4.6837000e-24
4.0788400e+02	4.6839800e-24
4.0882500e+02	4.6842700e-24
4.0976700e+02	4.6845700e-24
4.1071200e+02	4.6848700e-24
4.1166000e+02	4.6851900e-24
4.1260900e+02	4.6855200e-24
4.1356000e+02	4.6858500e-24
4.1451400e+02	4.6862000e-24
4.1547000e+02	4.6865600e-24
4.1642800e+02	4.6869300e-24
4.1738800e+02	4.6873100e-24
4.1835100e+02	4.6877000e-24
4.1931500e+02	4.6881100e-24
4.2028200e+02	4.6885300e-24
4.2125200e+02	4.6889700e-24
4.2222300e+02	4.6894200e-24
4.2319700e+02	4.6899000e-24
4.2417300e+02	4.6904000e-24
4.2515100e+02	4.6909400e-24
4.2613100e+02	4.6915100e-24
4.2711400e+02	4.6921300e-24
4.2809900e+02	4.6928100e-24
4.2908600e+02	4.6935900e-24
4.3007500e+02	4.6945000e-24
4.3106700e+02	4.6956300e-24
4.3206100e+02	4.6971100e-24
4.3305700e+02	4.6992500e-24
4.3405600e+02	4.7027800e-24
4.3505700e+02	4.7098100e-24
4.3606000e+02	4.7288700e-24
4.3706600e+02	4.8288000e-24
4.3807400e+02	1.0573500e-22
4.3908400e+02	4.8214700e-24
4.4009600e+02	4.7287600e-24
4.4111100e+02	4.7117600e-24
4.4212900e+02	4.7061800e-24
4.4314800e+02	4.7039200e-24
4.4417000e+02	4.7029700e-24
4.4519400e+02	4.7026400e-24
4.4622100e+02	4.7026500e-24
4.4725000e+02	4.7028500e-24
4.4828100e+02	4.7031800e-24
4.4931500e+02	4.7036000e-24
4.5035100e+02	4.7040700e-24
4.5139000e+02	4.7046000e-24
4.5243000e+02	4.7051500e-24
4.5347400e+02	4.7057400e-24
4.5451900e+02	4.7063500e-24
4.5556800e+02	4.7069800e-24
4.5661800e+02	4.7076300e-24
4.5767100e+02	4.7082900e-24
4.5872700e+02	4.7089700e-24
4.5978400e+02	4.7096600e-24
4.6084500e+02	4.7103700e-24
4.6190700e+02	4.7110800e-24
4.6297200e+02	4.7118100e-24
4.6404000e+02	4.7125500e-24
4.6511000e+02	4.7133100e-24
4.6618300e+02	4.7140700e-24
4.6725800e+02	4.7148400e-24
4.6833500e+02	4.7156300e-24
4.6941500e+02	4.7164200e-24
4.7049800e+02	4.7172300e-24
4.7158300e+02	4.7180400e-24
4.7267000e+02	4.7188700e-24
4.7376000e+02	4.7197100e-24
4.7485300e+02	4.7205500e-24
4.7594800e+02	4.7214100e-24
4.7704500e+02	4.7222700e-24
4.7814500e+02	4.7231500e-24
4.7924800e+02	4.7240400e-24
4.8035300e+02	4.7249300e-24
4.8146100e+02	4.7258400e-24
4.8257100e+02	4.7267600e-24
4.8368400e+02	4.7276800e-24
4.8479900e+02	4.7286200e-24
4.8591700e+02	4.7295700e-24
4.8703800e+02	4.7305200e-24
4.8816100e+02	4.7314900e-24
4.8928600e+02	4.7324700e-24
4.9041500e+02	4.7334500e-24
4.9154600e+02	4.7344500e-24
4.9267900e+02	4.7354600e-24
4.9381500e+02	4.7364800e-24
4.9495400e+02	4.7375000e-24
4.9609500e+02	4.7385400e-24
4.9723900e+02	4.7395900e-24
4.9838600e+02	4.7406500e-24
4.9953500e+02	4.7417200e-24
5.0068700e+02	4.7428000e-24
5.0184200e+02	4.7438900e-24
5.0299900e+02	4.7449900e-24
5.0415900e+02	4.7461000e-24
5.0532200e+02	4.7472200e-24
5.0648700e+02	4.7483500e-24
5.0765500e+02	4.7494900e-24
5.0882500e+02	4.7506400e-24
5.0999900e+02	4.7518100e-24
5.1117500e+02	4.7529800e-24
5.1235400e+02	4.7541600e-24
5.1353500e+02	4.7553600e-24
5.1471900e+02	4.7565600e-24
5.1590600e+02	4.7577800e-24
5.1709600e+02	4.7590000e-24
5.1828800e+02	4.7602400e-24
5.1948400e+02	4.7614900e-24
5.2068200e+02	4.7627500e-24
5.2188200e+02	4.7640200e-24
5.2308600e+02	4.7653000e-24
5.2429200e+02	4.7665900e-24
5.2550100e+02	4.7678900e-24
5.2671300e+02	4.7692100e-24
5.2792700e+02	4.7705300e-24
5.2914500e+02	4.7718600e-24
5.3036500e+02	4.7732100e-24
5.3158800e+02	4.7745700e-24
5.3281400e+02	4.7759400e-24
5.3404300e+02	4.7773200e-24
5.3527400e+02	4.7787100e-24
5.3650800e+02	4.7801100e-24
5.3774600e+02	4.7815200e-24
5.3898600e+02	4.7829500e-24
5.4022900e+02	4.7843800e-24
5.4147400e+02	4.7858300e-24
5.4272300e+02	4.7872900e-24
5.4397400e+02	4.7887600e-24
5.4522900e+02	4.7902400e-24
5.4648600e+02	4.7917300e-24
5.4774600e+02	4.7932300e-24
5.4901000e+02	4.7947500e-24
5.5027600e+02	4.7962800e-24
5.5154400e+02	4.7978100e-24
5.5281600e+02	4.7993600e-24
5.5409100e+02	4.8009300e-24
5.5536900e+02	4.8025000e-24
5.5665000e+02	4.8040900e-24
5.5793300e+02	4.8056800e-24
5.5922000e+02	4.8072900e-24
5.6050900e+02	4.8089100e-24
5.6180200e+02	4.8105400e-24
5.6309700e+02	4.8121900e-24
5.6439600e+02	4.8138500e-24
5.6569700e+02	4.8155100e-24
5.6700200e+02	4.8171900e-24
5.6830900e+02	4.8188900e-24
5.6962000e+02	4.8205900e-24
5.7093300e+02	4.8223100e-24
5.7225000e+02	4.8240400e-24
5.7357000e+02	4.8257800e-24
5.7489200e+02	4.8275300e-24
5.7621800e+02	4.8292900e-24
5.7754700e+02	4.8310700e-24
5.7887900e+02	4.8328600e-24
5.8021400e+02	4.8346600e-24
5.8155200e+02	4.8364800e-24
5.8289300e+02	4.8383000e-24
5.8423700e+02	4.8401400e-24
5.8558400e+02	4.8420000e-24
5.8693400e+02	4.8438600e-24
5.8828800e+02	4.8457400e-24
5.8964400e+02	4.8476300e-24
5.9100400e+02	4.8495300e-24
5.9236700e+02	4.8514400e-24
5.9373300e+02	4.8533700e-24
5.9510200e+02	4.8553100e-24
5.9647400e+02	4.8572600e-24
5.9785000e+02	4.8592300e-24
5.9922900e+02	4.8612100e-24
6.0061000e+02	4.8632000e-24
6.0199500e+02	4.8652000e-24
6.0338400e+02	4.8672200e-24
6.0477500e+02	4.8692500e-24
6.0617000e+02	4.8713000e-24
6.0756700e+02	4.8733500e-24
6.0896900e+02	4.8754200e-24
6.1037300e+02	4.8775100e-24
6.1178000e+02	4.8796000e-24
6.1319100e+02	4.8817100e-24
6.1460500e+02	4.8838300e-24
6.1602200e+02	4.8859700e-24
6.1744300e+02	4.8881200e-24
6.1886700e+02	4.8902800e-24
6.2029400e+02	4.8924600e-24
6.2172400e+02	4.8946500e-24
6.2315800e+02	4.8968500e-24
6.2459500e+02	4.8990700e-24
6.2603500e+02	4.9013000e-24
6.2747900e+02	4.9035400e-24
6.2892600e+02	4.9058000e-24
6.3037600e+02	4.9080700e-24
6.3183000e+02	4.9103500e-24
6.3328700e+02	4.9126500e-24
6.3474700e+02	4.9149600e-24
6.3621100e+02	4.9172900e-24
6.3767800e+02	4.9196300e-24
6.3914900e+02	4.9219800e-24
6.4062300e+02	4.9243500e-24
6.4210000e+02	4.9267300e-24
6.4358000e+02	4.9291300e-24
6.4506500e+02	4.9315400e-24
6.4655200e+02	4.9339600e-24
6.4804300e+02	4.9364000e-24
6.4953700e+02	4.9388500e-24
6.5103500e+02	4.9413200e-24
6.5253700e+02	4.9438000e-24
6.5404100e+02	4.9463000e-24
6.5555000e+02	4.9488100e-24
6.5706100e+02	4.9513300e-24
6.5857600e+02	4.9538700e-24
6.6009500e+02	4.9564300e-24
6.6161700e+02	4.9589900e-24
6.6314300e+02	4.9615800e-24
6.6467200e+02	4.9641700e-24
6.6620500e+02	4.9667800e-24
6.6774100e+02	4.9694100e-24
6.6928100e+02	4.9720500e-24
6.7082400e+02	4.9747100e-24
6.7237100e+02	4.9773800e-24
6.7392200e+02	4.9800700e-24
6.7547600e+02	4.9827700e-24
6.7703400e+02	4.9854800e-24
6.7859500e+02	4.9882100e-24
6.8016000e+02	4.9909600e-24
6.8172800e+02	4.9937200e-24
6.8330000e+02	4.9965000e-24
6.8487600e+02	4.9992900e-24
6.8645500e+02	5.0020900e-24
6.8803800e+02	5.0049200e-24
6.8962500e+02	5.0077500e-24
6.9121500e+02	5.0106000e-24
6.9280900e+02	5.0134700e-24
6.9440700e+02	5.0163600e-24
6.9600800e+02	5.0192500e-24
6.9761300e+02	5.0221700e-24
6.9922200e+02	5.0251000e-24
7.0083400e+02	5.0280400e-24
7.0245000e+02	5.0310100e-24
7.0407000e+02	5.0339800e-24
7.0569400e+02	5.0369800e-24
7.0732100e+02	5.0399800e-24
7.0895200e+02	5.0430100e-24
7.1058700e+02	5.0460500e-24
7.1222600e+02	5.0491000e-24
7.1386800e+02	5.0521800e-24
7.1551400e+02	5.0552600e-24
7.1716400e+02	5.0583700e-24
7.1881800e+02	5.0614900e-24
7.2047500e+02	5.0646300e-24
7.2213700e+02	5.0677800e-24
7.2380200e+02	5.0709500e-24
7.2547100e+02	5.0741300e-24
7.2714400e+02	5.0773300e-24
7.2882100e+02	5.0805500e-24
7.3050200e+02	5.0837900e-24
7.3218600e+02	5.0870400e-24
7.3387500e+02	5.0903100e-24
7.3556700e+02	5.0935900e-24
7.3726300e+02	5.0968900e-24
7.3896300e+02	5.1002100e-24
7.4066700e+02	5.1035400e-24
7.4237500e+02	5.1068900e-24
7.4408700e+02	5.1102600e-24
7.4580300e+02	5.1136400e-24
7.4752300e+02	5.1170500e-24
7.4924700e+02	5.1204600e-24
7.5097500e+02	5.1239000e-24
7.5270600e+02	5.1273500e-24
7.5444200e+02	5.1308200e-24
7.5618200e+02	5.1343100e-24
7.5792600e+02	5.1378100e-24
7.5967300e+02	5.1413300e-24
7.6142500e+02	5.1448700e-24
7.6318100e+02	5.1484300e-24
7.6494100e+02	5.1520000e-24
7.6670500e+02	5.1555900e-24
7.6847300e+02	5.1592000e-24
7.7024500e+02	5.1628200e-24
7.7202100e+02	5.1664700e-24
7.7380100e+02	5.1701300e-24
7.7558600e+02	5.1738100e-24
7.7737400e+02	5.1775000e-24
7.7916700e+02	5.1812200e-24
7.8096400e+02	5.1849500e-24
7.8276500e+02	5.1887000e-24
7.8457000e+02	5.1924700e-24
7.8637900e+02	5.1962500e-24
7.8819200e+02	5.2000600e-24
7.9001000e+02	5.2038800e-24
7.9183200e+02	5.2077200e-24
7.9365800e+02	5.2115800e-24
7.9548800e+02	5.2154500e-24
7.9732200e+02	5.2193500e-24
7.9916100e+02	5.2232600e-24
8.0100400e+02	5.2271900e-24
8.0285100e+02	5.2311400e-24
8.0470200e+02	5.2351100e-24
8.0655800e+02	5.2391000e-24
8.0841800e+02	5.2431000e-24
8.1028200e+02	5.2471300e-24
8.1215100e+02	5.2511700e-24
8.1402300e+02	5.2552300e-24
8.1590100e+02	5.2593100e-24
8.1778200e+02	5.2634100e-24
8.1966800e+02	5.2675300e-24
8.2155800e+02	5.2716700e-24
8.2345200e+02	5.2758300e-24
8.2535100e+02	5.2800000e-24
8.2725500e+02	5.2842000e-24
8.2916200e+02	5.2884200e-24
8.3107400e+02	5.2926500e-24
8.3299100e+02	5.2969100e-24
8.3491200e+02	5.3011900e-24
8.3683700e+02	5.3054900e-24
8.3876700e+02	5.3098100e-24
8.4070100e+02	5.3141500e-24
8.4264000e+02	5.3185200e-24
8.4458300e+02	5.3229300e-24
8.4653000e+02	5.3273600e-24
8.4848200e+02	5.3318500e-24
8.5043900e+02	5.3364200e-24
8.5240000e+02	5.3411700e-24
8.5436600e+02	5.3464200e-24
8.5633600e+02	5.3542800e-24
8.5831100e+02	5.4844100e-24
8.6029000e+02	5.3708300e-24
8.6227400e+02	5.3652500e-24
8.6426200e+02	5.3684400e-24
8.6625500e+02	5.3725900e-24
8.6825300e+02	5.3770100e-24
8.7025500e+02	5.3815400e-24
8.7226200e+02	5.3861300e-24
8.7427300e+02	5.3907600e-24
8.7628900e+02	5.3954200e-24
8.7831000e+02	5.4001100e-24
8.8033600e+02	5.4048200e-24
8.8236600e+02	5.4095600e-24
8.8440000e+02	5.4143200e-24
8.8644000e+02	5.4191100e-24
8.8848400e+02	5.4239100e-24
8.9053300e+02	5.4287400e-24
8.9258600e+02	5.4335900e-24
8.9464500e+02	5.4384600e-24
8.9670800e+02	5.4433500e-24
8.9877500e+02	5.4482600e-24
9.0084800e+02	5.4532000e-24
9.0292500e+02	5.4581500e-24
9.0500800e+02	5.4631300e-24
9.0709500e+02	5.4681300e-24
9.0918600e+02	5.4731400e-24
9.1128300e+02	5.4781800e-24
9.1338400e+02	5.4832500e-24
9.1549100e+02	5.4883300e-24
9.1760200e+02	5.4934400e-24
9.1971800e+02	5.4985600e-24
9.2183900e+02	5.5037100e-24
9.2396400e+02	5.5088800e-24
9.2609500e+02	5.5140700e-24
9.2823100e+02	5.5192800e-24
9.3037100e+02	5.5245200e-24
9.3251700e+02	5.5297800e-24
9.3466700e+02	5.5350500e-24
9.3682200e+02	5.5403600e-24
9.3898300e+02	5.5456800e-24
9.4114800e+02	5.5510200e-24
9.4331800e+02	5.5563900e-24
9.4549400e+02	5.5617800e-24
9.4767400e+02	5.5671900e-24
9.4985900e+02	5.5726300e-24
9.5205000e+02	5.5780800e-24
9.5424500e+02	5.5835600e-24
9.5644500e+02	5.5890600e-24
9.5865100e+02	5.5945800e-24
9.6086200e+02	5.6001300e-24
9.6307700e+02	5.6057000e-24
9.6529800e+02	5.6112900e-24
9.6752400e+02	5.6169100e-24
9.6975500e+02	5.6225400e-24
9.7199200e+02	5.6282000e-24
9.7423300e+02	5.6338900e-24
9.7648000e+02	5.6395900e-24
9.7873100e+02	5.6453200e-24
9.8098800e+02	5.6510700e-24
9.8325100e+02	5.6568500e-24
9.8551800e+02	5.6626500e-24
9.8779100e+02	5.6684700e-24
9.9006800e+02	5.6743100e-24
9.9235200e+02	5.6801800e-24
9.9464000e+02	5.6860700e-24
9.9693400e+02	5.6919900e-24
9.9923300e+02	5.6979300e-24
1.0015400e+03	5.7038900e-24
1.0038500e+03	5.7098800e-24
1.0061600e+03	5.7158900e-24
1.0084800e+03	5.7219200e-24
1.0108100e+03	5.7279800e-24
1.0131400e+03	5.7340600e-24
1.0154700e+03	5.7401700e-24
1.0178200e+03	5.7463000e-24
1.0201600e+03	5.7524500e-24
1.0225200e+03	5.7586300e-24
1.0248700e+03	5.7648300e-24
1.0272400e+03	5.7710600e-24
1.0296100e+03	5.7773100e-24
1.0319800e+03	5.7835800e-24
1.0343600e+03	5.7898800e-24
1.0367400e+03	5.7962100e-24
1.0391400e+03	5.8025500e-24
1.0415300e+03	5.8089300e-24
1.0439300e+03	5.8153200e-24
1.0463400e+03	5.8217500e-24
1.0487500e+03	5.8281900e-24
1.0511700e+03	5.8346700e-24
1.0536000e+03	5.8411600e-24
1.0560300e+03	5.8476900e-24
1.0584600e+03	5.8542300e-24
1.0609000e+03	5.8608100e-24
1.0633500e+03	5.8674000e-24
1.0658000e+03	5.8740300e-24
1.0682600e+03	5.8806700e-24
1.0707200e+03	5.8873500e-24
1.0731900e+03	5.8940500e-24
1.0756700e+03	5.9007700e-24
1.0781500e+03	5.9075200e-24
1.0806300e+03	5.9143000e-24
1.0831200e+03	5.9211000e-24
1.0856200e+03	5.9279300e-24
1.0881300e+03	5.9347800e-24
1.0906300e+03	5.9416600e-24
1.0931500e+03	5.9485600e-24
1.0956700e+03	5.9554900e-24
1.0982000e+03	5.9624500e-24
1.1007300e+03	5.9694300e-24
1.1032700e+03	5.9764400e-24
1.1058100e+03	5.9834700e-24
1.1083600e+03	5.9905300e-24
1.1109200e+03	5.9976200e-24
1.1134800e+03	6.0047400e-24
1.1160500e+03	6.0118800e-24
1.1186200e+03	6.0190400e-24
1.1212000e+03	6.0262400e-24
1.1237900e+03	6.0334600e-24
1.1263800e+03	6.0407000e-24
1.1289700e+03	6.0479800e-24
1.1315800e+03	6.0552800e-24
1.1341900e+03	6.0626100e-24
1.1368000e+03	6.0699600e-24
1.1394200e+03	6.0773400e-24
1.1420500e+03	6.0847500e-24
1.1446900e+03	6.0921900e-24
1.1473300e+03	6.0996500e-24
1.1499700e+03	6.1071400e-24
1.1526200e+03	6.1146600e-24
1.1552800e+03	6.1222000e-24
1.1579400e+03	6.1297700e-24
1.1606200e+03	6.1373700e-24
1.1632900e+03	6.1450000e-24
1.1659700e+03	6.1526600e-24
1.1686600e+03	6.1603400e-24
1.1713600e+03	6.1680500e-24
1.1740600e+03	6.1757900e-24
1.1767700e+03	6.1835600e-24
1.1794800e+03	6.1913500e-24
1.1822000e+03	6.1991700e-24
1.1849300e+03	6.2070300e-24
1.1876600e+03	6.2149100e-24
1.1904000e+03	6.2228100e-24
1.1931400e+03	6.2307500e-24
1.1958900e+03	6.2387100e-24
1.1986500e+03	6.2467100e-24
1.2014200e+03	6.2547300e-24
1.2041900e+03	6.2627800e-24
1.2069600e+03	6.2708600e-24
1.2097500e+03	6.2789700e-24
1.2125400e+03	6.2871100e-24
1.2153300e+03	6.2952800e-24
1.2181300e+03	6.3034800e-24
1.2209400e+03	6.3117100e-24
1.2237600e+03	6.3199800e-24
1.2265800e+03	6.3282900e-24
1.2294100e+03	6.3366500e-24
1.2322400e+03	6.3450900e-24
1.2350900e+03	6.3537400e-24
1.2379300e+03	6.3635600e-24
1.2407900e+03	6.8233800e-24
1.2436500e+03	6.3809700e-24
1.2465200e+03	6.3875500e-24
1.2493900e+03	6.3957400e-24
1.2522700e+03	6.4041700e-24
1.2551600e+03	6.4127000e-24
1.2580600e+03	6.4212700e-24
1.2609600e+03	6.4298900e-24
1.2638600e+03	6.4385500e-24
1.2667800e+03	6.4472400e-24
1.2697000e+03	6.4559500e-24
1.2726300e+03	6.4647100e-24
1.2755600e+03	6.4734900e-24
1.2785000e+03	6.4823000e-24
1.2814500e+03	6.4911500e-24
1.2844100e+03	6.5000200e-24
1.2873700e+03	6.5089300e-24
1.2903400e+03	6.5178600e-24
1.2933100e+03	6.5268300e-24
1.2963000e+03	6.5358300e-24
1.2992900e+03	6.5448600e-24
1.3022800e+03	6.5539200e-24
1.3052800e+03	6.5630100e-24
1.3082900e+03	6.5721300e-24
1.3113100e+03	6.5812800e-24
1.3143400e+03	6.5904700e-24
1.3173700e+03	6.5996800e-24
1.3204000e+03	6.6089300e-24
1.3234500e+03	6.6182100e-24
1.3265000e+03	6.6275200e-24
1.3295600e+03	6.6368600e-24
1.3326300e+03	6.6462300e-24
1.3357000e+03	6.6556300e-24
1.3387800e+03	6.6650700e-24
1.3418700e+03	6.6745400e-24
1.3449600e+03	6.6840400e-24
1.3480600e+03	6.6935700e-24
1.3511700e+03	6.7031300e-24
1.3542900e+03	6.7127300e-24
1.3574100e+03	6.7223600e-24
1.3605400e+03	6.7320100e-24
1.3636800e+03	6.7417100e-24
1.3668200e+03	6.7514300e-24
1.3699700e+03	6.7611900e-24
1.3731300e+03	6.7709800e-24
1.3763000e+03	6.7808000e-24
1.3794700e+03	6.7906500e-24
1.3826500e+03	6.8005400e-24
1.3858400e+03	6.8104600e-24
1.3890400e+03	6.8204100e-24
1.3922400e+03	6.8304000e-24
1.3954500e+03	6.8404100e-24
1.3986700e+03	6.8504700e-24
1.4019000e+03	6.8605500e-24
1.4051300e+03	6.8706700e-24
1.4083700e+03	6.8808200e-24
1.4116200e+03	6.8910000e-24
1.4148700e+03	6.9012200e-24
1.4181300e+03	6.9114700e-24
1.4214000e+03	6.9217600e-24
1.4246800e+03	6.9320700e-24
1.4279700e+03	6.9424300e-24
1.4312600e+03	6.9528100e-24
1.4345600e+03	6.9632300e-24
1.4378700e+03	6.9736800e-24
1.4411800e+03	6.9841700e-24
1.4445100e+03	6.9946900e-24
1.4478400e+03	7.0052500e-24
1.4511800e+03	7.0158400e-24
1.4545200e+03	7.0264600e-24
1.4578800e+03	7.0371200e-24
1.4612400e+03	7.0478100e-24
1.4646100e+03	7.0585400e-24
1.4679900e+03	7.0693000e-24
1.4713700e+03	7.0801000e-24
1.4747700e+03	7.0909300e-24
1.4781700e+03	7.1017900e-24
1.4815700e+03	7.1126900e-24
1.4849900e+03	7.1236300e-24
1.4884200e+03	7.1346000e-24
1.4918500e+03	7.1456100e-24
1.4952900e+03	7.1566500e-24
1.4987400e+03	7.1677200e-24
1.5021900e+03	7.1788400e-24
1.5056600e+03	7.1899800e-24
1.5091300e+03	7.2011700e-24
1.5126100e+03	7.2123800e-24
1.5161000e+03	7.2236400e-24
1.5195900e+03	7.2349300e-24
1.5231000e+03	7.2462500e-24
1.5266100e+03	7.2576100e-24
1.5301300e+03	7.2690100e-24
1.5336600e+03	7.2804400e-24
1.5371900e+03	7.2919100e-24
1.5407400e+03	7.3034200e-24
1.5442900e+03	7.3149600e-24
1.5478500e+03	7.3265400e-24
1.5514200e+03	7.3381600e-24
1.5550000e+03	7.3498200e-24
1.5585900e+03	7.3615200e-24
1.5621800e+03	7.3732700e-24
1.5657800e+03	7.3850800e-24
1.5693900e+03	7.3970400e-24
1.5730100e+03	7.4099000e-24
1.5766400e+03	7.4658500e-24
1.5802800e+03	7.4330900e-24
1.5839200e+03	7.4445200e-24
1.5875700e+03	7.4563900e-24
1.5912300e+03	7.4683700e-24
1.5949000e+03	7.4804000e-24
1.5985800e+03	7.4924900e-24
1.6022700e+03	7.5046100e-24
1.6059600e+03	7.5167800e-24
1.6096700e+03	7.5289800e-24
1.6133800e+03	7.5412200e-24
1.6171000e+03	7.5535000e-24
1.6208300e+03	7.5658200e-24
1.6245600e+03	7.5781800e-24
1.6283100e+03	7.5905700e-24
1.6320700e+03	7.6030100e-24
1.6358300e+03	7.6154800e-24
1.6396000e+03	7.6279900e-24
1.6433800e+03	7.6405300e-24
1.6471700e+03	7.6531200e-24
1.6509700e+03	7.6657500e-24
1.6547800e+03	7.6784100e-24
1.6585900e+03	7.6911100e-24
1.6624200e+03	7.7038500e-24
1.6662500e+03	7.7166300e-24
1.6700900e+03	7.7294500e-24
1.6739500e+03	7.7423100e-24
1.6778100e+03	7.7552100e-24
1.6816700e+03	7.7681400e-24
1.6855500e+03	7.7811200e-24
1.6894400e+03	7.7941400e-24
1.6933400e+03	7.8071900e-24
1.6972400e+03	7.8202800e-24
1.7011500e+03	7.8334200e-24
1.7050800e+03	7.8465900e-24
1.7090100e+03	7.8598000e-24
1.7129500e+03	7.8730500e-24
1.7169000e+03	7.8863500e-24
1.7208600e+03	7.8996800e-24
1.7248300e+03	7.9130500e-24
1.7288000e+03	7.9264700e-24
1.7327900e+03	7.9399200e-24
1.7367900e+03	7.9534100e-24
1.7407900e+03	7.9669400e-24
1.7448100e+03	7.9805200e-24
1.7488300e+03	7.9941300e-24
1.7528600e+03	8.0077900e-24
1.7569000e+03	8.0214900e-24
1.7609600e+03	8.0352200e-24
1.7650200e+03	8.0490000e-24
1.7690900e+03	8.0628200e-24
1.7731700e+03	8.0766800e-24
1.7772600e+03	8.0905800e-24
1.7813500e+03	8.1045200e-24
1.7854600e+03	8.1185100e-24
1.7895800e+03	8.1325300e-24
1.7937100e+03	8.1466000e-24
1.7978400e+03	8.1607100e-24
1.8019900e+03	8.1748600e-24
1.8061400e+03	8.1890500e-24
1.8103100e+03	8.2032800e-24
1.8144800e+03	8.2175600e-24
1.8186700e+03	8.2318700e-24
1.8228600e+03	8.2462300e-24
1.8270600e+03	8.2606400e-24
1.8312800e+03	8.2750800e-24
1.8355000e+03	8.2895700e-24
1.8397300e+03	8.3041000e-24
1.8439800e+03	8.3186700e-24
1.8482300e+03	8.3332800e-24
1.8524900e+03	8.3479400e-24
1.8567600e+03	8.3626400e-24
1.8610400e+03	8.3773800e-24
1.8653400e+03	8.3921700e-24
1.8696400e+03	8.4070000e-24
1.8739500e+03	8.4218700e-24
1.8782700e+03	8.4367900e-24
1.8826000e+03	8.4517600e-24
1.8869400e+03	8.4667800e-24
1.8912900e+03	8.4819000e-24
1.8956500e+03	8.4976400e-24
1.9000300e+03	8.5142900e-24
1.9044100e+03	8.5273500e-24
1.9088000e+03	8.5424600e-24
1.9132000e+03	8.5577000e-24
1.9176100e+03	8.5729900e-24
1.9220300e+03	8.5883400e-24
1.9264700e+03	8.6037400e-24
1.9309100e+03	8.6191700e-24
1.9353600e+03	8.6346600e-24
1.9398300e+03	8.6501900e-24
1.9443000e+03	8.6657600e-24
1.9487800e+03	8.6813800e-24
1.9532800e+03	8.6970500e-24
1.9577800e+03	8.7127600e-24
1.9622900e+03	8.7285100e-24
1.9668200e+03	8.7443100e-24
1.9713600e+03	8.7601500e-24
1.9759000e+03	8.7760400e-24
1.9804600e+03	8.7919800e-24
1.9850200e+03	8.8079600e-24
1.9896000e+03	8.8239900e-24
1.9941900e+03	8.8400600e-24
1.9987900e+03	8.8561800e-24
2.0034000e+03	8.8723400e-24
2.0080200e+03	8.8885500e-24
2.0126500e+03	8.9048100e-24
2.0172900e+03	8.9211100e-24
2.0219400e+03	8.9374500e-24
2.0266000e+03	8.9538500e-24
2.0312800e+03	8.9702900e-24
2.0359600e+03	8.9867800e-24
2.0406600e+03	9.0033100e-24
2.0453600e+03	9.0198900e-24
2.0500800e+03	9.0365200e-24
2.0548100e+03	9.0531900e-24
2.0595400e+03	9.0699100e-24
2.0642900e+03	9.0866800e-24
2.0690500e+03	9.1035000e-24
2.0738300e+03	9.1203600e-24
2.0786100e+03	9.1372700e-24
2.0834000e+03	9.1542300e-24
2.0882100e+03	9.1712300e-24
2.0930200e+03	9.1882900e-24
2.0978500e+03	9.2053900e-24
2.1026900e+03	9.2225400e-24
2.1075300e+03	9.2397300e-24
2.1123900e+03	9.2569800e-24
2.1172700e+03	9.2742700e-24
2.1221500e+03	9.2916100e-24
2.1270400e+03	9.3090000e-24
2.1319500e+03	9.3264400e-24
2.1368600e+03	9.3439300e-24
2.1417900e+03	9.3614600e-24
2.1467300e+03	9.3790500e-24
2.1516800e+03	9.3966800e-24
2.1566400e+03	9.4143600e-24
2.1616100e+03	9.4320900e-24
2.1666000e+03	9.4498700e-24
2.1716000e+03	9.4677000e-24
2.1766000e+03	9.4855800e-24
2.1816200e+03	9.5035100e-24
2.1866500e+03	9.5214900e-24
2.1917000e+03	9.5395200e-24
2.1967500e+03	9.5575900e-24
2.2018200e+03	9.5757200e-24
2.2068900e+03	9.5939000e-24
2.2119800e+03	9.6121200e-24
2.2170800e+03	9.6304000e-24
2.2222000e+03	9.6487300e-24
2.2273200e+03	9.6671100e-24
2.2324600e+03	9.6855400e-24
2.2376000e+03	9.7040200e-24
2.2427600e+03	9.7225600e-24
2.2479400e+03	9.7411500e-24
2.2531200e+03	9.7598600e-24
2.2583200e+03	9.7804000e-24
2.2635200e+03	9.7972200e-24
2.2687400e+03	9.8159800e-24
2.2739700e+03	9.8348100e-24
2.2792200e+03	9.8536900e-24
2.2844700e+03	9.8726300e-24
2.2897400e+03	9.8916200e-24
2.2950200e+03	9.9106700e-24
2.3003100e+03	9.9297600e-24
2.3056200e+03	9.9489100e-24
2.3109400e+03	9.9681100e-24
2.3162700e+03	9.9873600e-24
2.3216100e+03	1.0006700e-23
2.3269600e+03	1.0026000e-23
2.3323300e+03	1.0045400e-23
2.3377000e+03	1.0064900e-23
2.3431000e+03	1.0084400e-23
2.3485000e+03	1.0104000e-23
2.3539100e+03	1.0123600e-23
2.3593400e+03	1.0143300e-23
2.3647800e+03	1.0163000e-23
2.3702400e+03	1.0182800e-23
2.3757000e+03	1.0202600e-23
2.3811800e+03	1.0222500e-23
2.3866700e+03	1.0242400e-23
2.3921700e+03	1.0262400e-23
2.3976900e+03	1.0282500e-23
2.4032200e+03	1.0302600e-23
2.4087600e+03	1.0322700e-23
2.4143200e+03	1.0342900e-23
2.4198800e+03	1.0363200e-23
2.4254600e+03	1.0383500e-23
2.4310600e+03	1.0403900e-23
2.4366600e+03	1.0424300e-23
2.4422800e+03	1.0444800e-23
2.4479100e+03	1.0465400e-23
2.4535600e+03	1.0485900e-23
2.4592200e+03	1.0506600e-23
2.4648900e+03	1.0527300e-23
2.4705700e+03	1.0548100e-23
2.4762700e+03	1.0568900e-23
2.4819800e+03	1.0589700e-23
2.4877000e+03	1.0610700e-23
2.4934400e+03	1.0631700e-23
2.4991900e+03	1.0652700e-23
2.5049500e+03	1.0673800e-23
2.5107300e+03	1.0694900e-23
2.5165200e+03	1.0716100e-23
2.5223200e+03	1.0737400e-23
2.5281400e+03	1.0758700e-23
2.5339700e+03	1.0780100e-23
2.5398100e+03	1.0801500e-23
2.5456700e+03	1.0823000e-23
2.5515400e+03	1.0844600e-23
2.5574200e+03	1.0866200e-23
2.5633200e+03	1.0887800e-23
2.5692300e+03	1.0909500e-23
2.5751600e+03	1.0931300e-23
2.5810900e+03	1.0953200e-23
2.5870500e+03	1.0975000e-23
2.5930100e+03	1.0997000e-23
2.5989900e+03	1.1019000e-23
2.6049900e+03	1.1041100e-23
2.6109900e+03	1.1063200e-23
2.6170100e+03	1.1085400e-23
2.6230500e+03	1.1107600e-23
2.6291000e+03	1.1129900e-23
2.6351600e+03	1.1152300e-23
2.6412400e+03	1.1174700e-23
2.6473300e+03	1.1197200e-23
2.6534300e+03	1.1219700e-23
2.6595500e+03	1.1242300e-23
2.6656800e+03	1.1265000e-23
2.6718300e+03	1.1287600e-23
2.6779900e+03	1.1310400e-23
2.6841700e+03	1.1333200e-23
2.6903600e+03	1.1356100e-23
2.6965600e+03	1.1379100e-23
2.7027800e+03	1.1402100e-23
2.7090100e+03	1.1425200e-23
2.7152600e+03	1.1448300e-23
2.7215200e+03	1.1471500e-23
2.7278000e+03	1.1494700e-23
2.7340900e+03	1.1518100e-23
2.7403900e+03	1.1541400e-23
2.7467100e+03	1.1564900e-23
2.7530400e+03	1.1588400e-23
2.7593900e+03	1.1611900e-23
2.7657600e+03	1.1635500e-23
2.7721300e+03	1.1659200e-23
2.7785300e+03	1.1683000e-23
2.7849300e+03	1.1706800e-23
2.7913600e+03	1.1730600e-23
2.7977900e+03	1.1754500e-23
2.8042400e+03	1.1778500e-23
2.8107100e+03	1.1802600e-23
2.8171900e+03	1.1826700e-23
2.8236900e+03	1.1850900e-23
2.8302000e+03	1.1875100e-23
2.8367300e+03	1.1899400e-23
2.8432700e+03	1.1923800e-23
2.8498300e+03	1.1948200e-23
2.8564000e+03	1.1972700e-23
2.8629800e+03	1.1997300e-23
2.8695900e+03	1.2021900e-23
2.8762000e+03	1.2046600e-23
2.8828400e+03	1.2071400e-23
2.8894800e+03	1.2096200e-23
2.8961500e+03	1.2121100e-23
2.9028300e+03	1.2146000e-23
2.9095200e+03	1.2171000e-23
2.9162300e+03	1.2196100e-23
2.9229500e+03	1.2221200e-23
2.9296900e+03	1.2246400e-23
2.9364500e+03	1.2271700e-23
2.9432200e+03	1.2297000e-23
2.9500100e+03	1.2322400e-23
2.9568100e+03	1.2347900e-23
2.9636300e+03	1.2373400e-23
2.9704600e+03	1.2399000e-23
2.9773100e+03	1.2424600e-23
2.9841800e+03	1.2450400e-23
2.9910600e+03	1.2476200e-23
2.9979600e+03	1.2502000e-23
3.0048700e+03	1.2528000e-23
3.0118000e+03	1.2554000e-23
3.0187500e+03	1.2580100e-23
3.0257100e+03	1.2606200e-23
3.0326800e+03	1.2632500e-23
3.0396800e+03	1.2658700e-23
3.0466900e+03	1.2685100e-23
3.0537100e+03	1.2711500e-23
3.0607600e+03	1.2738000e-23
3.0678100e+03	1.2764500e-23
3.0748900e+03	1.2791100e-23
3.0819800e+03	1.2817800e-23
3.0890900e+03	1.2844600e-23
3.0962100e+03	1.2871700e-23
3.1033500e+03	1.2898300e-23
3.1105100e+03	1.2925300e-23
3.1176800e+03	1.2952300e-23
3.1248700e+03	1.2979400e-23
3.1320700e+03	1.3006500e-23
3.1393000e+03	1.3033800e-23
3.1465400e+03	1.3061100e-23
3.1537900e+03	1.3088400e-23
3.1610600e+03	1.3115900e-23
3.1683500e+03	1.3143400e-23
3.1756600e+03	1.3171000e-23
3.1829800e+03	1.3198600e-23
3.1903200e+03	1.3226300e-23
3.1976800e+03	1.3254100e-23
3.2050500e+03	1.3282000e-23
3.2124400e+03	1.3309900e-23
3.2198500e+03	1.3337900e-23
3.2272800e+03	1.3366000e-23
3.2347200e+03	1.3394100e-23
3.2421800e+03	1.3422300e-23
3.2496600e+03	1.3450600e-23
3.2571500e+03	1.3479000e-23
3.2646600e+03	1.3507400e-23
3.2721900e+03	1.3535900e-23
3.2797300e+03	1.3564500e-23
3.2873000e+03	1.3593100e-23
3.2948800e+03	1.3621800e-23
3.3024800e+03	1.3650600e-23
3.3100900e+03	1.3679500e-23
3.3177200e+03	1.3708400e-23
3.3253700e+03	1.3737400e-23
3.3330400e+03	1.3766500e-23
3.3407300e+03	1.3795600e-23
3.3484300e+03	1.3824800e-23
3.3561500e+03	1.3854100e-23
3.3638900e+03	1.3883500e-23
3.3716500e+03	1.3912900e-23
3.3794300e+03	1.3942500e-23
3.3872200e+03	1.3972000e-23
3.3950300e+03	1.4001700e-23
3.4028600e+03	1.4031400e-23
3.4107100e+03	1.4061300e-23
3.4185700e+03	1.4091100e-23
3.4264500e+03	1.4121100e-23
3.4343600e+03	1.4151100e-23
3.4422800e+03	1.4181200e-23
3.4502100e+03	1.4211400e-23
3.4581700e+03	1.4241700e-23
3.4661400e+03	1.4272000e-23
3.4741400e+03	1.4302400e-23
3.4821500e+03	1.4332900e-23
3.4901800e+03	1.4363500e-23
3.4982300e+03	1.4394100e-23
3.5062900e+03	1.4424800e-23
3.5143800e+03	1.4455600e-23
3.5224800e+03	1.4486500e-23
3.5306100e+03	1.4517500e-23
3.5387500e+03	1.4548500e-23
3.5469100e+03	1.4579600e-23
3.5550900e+03	1.4610800e-23
3.5632900e+03	1.4642000e-23
3.5715000e+03	1.4673300e-23
3.5797400e+03	1.4704700e-23
3.5879900e+03	1.4736200e-23
3.5962700e+03	1.4767800e-23
3.6045600e+03	1.4799400e-23
3.6128700e+03	1.4831200e-23
3.6212000e+03	1.4863000e-23
3.6295500e+03	1.4894900e-23
3.6379200e+03	1.4926800e-23
3.6463100e+03	1.4958800e-23
3.6547200e+03	1.4991000e-23
3.6631500e+03	1.5023200e-23
3.6716000e+03	1.5055400e-23
3.6800600e+03	1.5087800e-23
3.6885500e+03	1.5120200e-23
3.6970600e+03	1.5152800e-23
3.7055800e+03	1.5185400e-23
3.7141300e+03	1.5218000e-23
3.7226900e+03	1.5250800e-23
3.7312800e+03	1.5283600e-23
3.7398800e+03	1.5316600e-23
3.7485000e+03	1.5349600e-23
3.7571500e+03	1.5382700e-23
3.7658100e+03	1.5415900e-23
3.7745000e+03	1.5449200e-23
3.7832000e+03	1.5482600e-23
3.7919200e+03	1.5516000e-23
3.8006700e+03	1.5549500e-23
3.8094300e+03	1.5583200e-23
3.8182200e+03	1.5616900e-23
3.8270200e+03	1.5650600e-23
3.8358500e+03	1.5684500e-23
3.8446900e+03	1.5718400e-23
3.8535600e+03	1.5752500e-23
3.8624400e+03	1.5786600e-23
3.8713500e+03	1.5820800e-23
3.8802800e+03	1.5855000e-23
3.8892300e+03	1.5889400e-23
3.8982000e+03	1.5923800e-23
3.9071800e+03	1.5958400e-23
3.9161900e+03	1.5993000e-23
3.9252300e+03	1.6027700e-23
3.9342800e+03	1.6062500e-23
3.9433500e+03	1.6097300e-23
3.9524400e+03	1.6132300e-23
3.9615600e+03	1.6167300e-23
3.9706900e+03	1.6202500e-23
3.9798500e+03	1.6238500e-23
3.9890300e+03	1.6273000e-23
3.9982300e+03	1.6308300e-23
4.0074500e+03	1.6343800e-23
4.0166900e+03	1.6379400e-23
4.0259500e+03	1.6415000e-23
4.0352300e+03	1.6450700e-23
4.0445400e+03	1.6486600e-23
4.0538700e+03	1.6522500e-23
4.0632100e+03	1.6558500e-23
4.0725800e+03	1.6594500e-23
4.0819700e+03	1.6630700e-23
4.0913900e+03	1.6667000e-23
4.1008200e+03	1.6703300e-23
4.1102800e+03	1.6739700e-23
4.1197600e+03	1.6776300e-23
4.1292600e+03	1.6812900e-23
4.1387800e+03	1.6849600e-23
4.1483200e+03	1.6886400e-23
4.1578900e+03	1.6923200e-23
4.1674800e+03	1.6960200e-23
4.1770900e+03	1.6997300e-23
4.1867200e+03	1.7034400e-23
4.1963800e+03	1.7071700e-23
4.2060500e+03	1.7109000e-23
4.2157500e+03	1.7146400e-23
4.2254700e+03	1.7183900e-23
4.2352200e+03	1.7221500e-23
4.2449800e+03	1.7259200e-23
4.2547700e+03	1.7297000e-23
4.2645800e+03	1.7334900e-23
4.2744200e+03	1.7372900e-23
4.2842700e+03	1.7410900e-23
4.2941500e+03	1.7449100e-23
4.3040600e+03	1.7487300e-23
4.3139800e+03	1.7525700e-23
4.3239300e+03	1.7564100e-23
4.3339000e+03	1.7602600e-23
4.3438900e+03	1.7641200e-23
4.3539100e+03	1.7679900e-23
4.3639500e+03	1.7718700e-23
4.3740200e+03	1.7757600e-23
4.3841000e+03	1.7796600e-23
4.3942100e+03	1.7835700e-23
4.4043400e+03	1.7874900e-23
4.4145000e+03	1.7914200e-23
4.4246800e+03	1.7953600e-23
4.4348800e+03	1.7993000e-23
4.4451100e+03	1.8032600e-23
4.4553600e+03	1.8072300e-23
4.4656400e+03	1.8112000e-23
4.4759300e+03	1.8151900e-23
4.4862600e+03	1.8191800e-23
4.4966000e+03	1.8231800e-23
4.5069700e+03	1.8272000e-23
4.5173600e+03	1.8312200e-23
4.5277800e+03	1.8352600e-23
4.5382200e+03	1.8393000e-23
4.5486900e+03	1.8433500e-23
4.5591800e+03	1.8474100e-23
4.5696900e+03	1.8514900e-23
4.5802300e+03	1.8555700e-23
4.5907900e+03	1.8596600e-23
4.6013800e+03	1.8637600e-23
4.6119900e+03	1.8678800e-23
4.6226200e+03	1.8720000e-23
4.6332800e+03	1.8761300e-23
4.6439700e+03	1.8802700e-23
4.6546700e+03	1.8844200e-23
4.6654100e+03	1.8885800e-23
4.6761700e+03	1.8927600e-23
4.6869500e+03	1.8969400e-23
4.6977600e+03	1.9011300e-23
4.7085900e+03	1.9053300e-23
4.7194500e+03	1.9095400e-23
4.7303300e+03	1.9137700e-23
4.7412400e+03	1.9180000e-23
4.7521700e+03	1.9222400e-23
4.7631300e+03	1.9264900e-23
4.7741200e+03	1.9307600e-23
4.7851300e+03	1.9350300e-23
4.7961600e+03	1.9393100e-23
4.8072200e+03	1.9436100e-23
4.8183100e+03	1.9479100e-23
4.8294200e+03	1.9522200e-23
4.8405500e+03	1.9565500e-23
4.8517200e+03	1.9608800e-23
4.8629000e+03	1.9652300e-23
4.8741200e+03	1.9695900e-23
4.8853600e+03	1.9739500e-23
4.8966200e+03	1.9783300e-23
4.9079100e+03	1.9827200e-23
4.9192300e+03	1.9871100e-23
4.9305800e+03	1.9915200e-23
4.9419500e+03	1.9959400e-23
4.9533400e+03	2.0003700e-23
4.9647600e+03	2.0048100e-23
4.9762100e+03	2.0092600e-23
4.9876900e+03	2.0137200e-23
4.9991900e+03	2.0181900e-23
5.0107200e+03	2.0226800e-23
5.0222700e+03	2.0271700e-23
5.0338500e+03	2.0316800e-23
5.0454600e+03	2.0361900e-23
5.0571000e+03	2.0407200e-23
5.0687600e+03	2.0452500e-23
5.0804500e+03	2.0498000e-23
5.0921600e+03	2.0543600e-23
5.1039100e+03	2.0589300e-23
5.1156800e+03	2.0635100e-23
5.1274700e+03	2.0681000e-23
5.1393000e+03	2.0727000e-23
5.1511500e+03	2.0773100e-23
5.1630300e+03	2.0819400e-23
5.1749300e+03	2.0865700e-23
5.1868700e+03	2.0912200e-23
5.1988300e+03	2.0958800e-23
5.2108100e+03	2.1005500e-23
5.2228300e+03	2.1052300e-23
5.2348700e+03	2.1099200e-23
5.2469500e+03	2.1146200e-23
5.2590500e+03	2.1193300e-23
5.2711700e+03	2.1240600e-23
5.2833300e+03	2.1287900e-23
5.2955100e+03	2.1335400e-23
5.3077200e+03	2.1383000e-23
5.3199600e+03	2.1430700e-23
5.3322300e+03	2.1478500e-23
5.3445300e+03	2.1526400e-23
5.3568500e+03	2.1574400e-23
5.3692000e+03	2.1622600e-23
5.3815900e+03	2.1670900e-23
5.3940000e+03	2.1719300e-23
5.4064300e+03	2.1767700e-23
5.4189000e+03	2.1816400e-23
5.4314000e+03	2.1865100e-23
5.4439200e+03	2.1913900e-23
5.4564800e+03	2.1962900e-23
5.4690600e+03	2.2012000e-23
5.4816700e+03	2.2061200e-23
5.4943100e+03	2.2110500e-23
5.5069800e+03	2.2159900e-23
5.5196800e+03	2.2209500e-23
5.5324100e+03	2.2259100e-23
5.5451700e+03	2.2308900e-23
5.5579500e+03	2.2358800e-23
5.5707700e+03	2.2408800e-23
5.5836200e+03	2.2459000e-23
5.5964900e+03	2.2509200e-23
5.6094000e+03	2.2559600e-23
5.6223300e+03	2.2610100e-23
5.6353000e+03	2.2660700e-23
5.6482900e+03	2.2711500e-23
5.6613200e+03	2.2762300e-23
5.6743700e+03	2.2813300e-23
5.6874600e+03	2.2864400e-23
5.7005700e+03	2.2915600e-23
5.7137200e+03	2.2967000e-23
5.7269000e+03	2.3018400e-23
5.7401000e+03	2.3070000e-23
5.7533400e+03	2.3121700e-23
5.7666100e+03	2.3173600e-23
5.7799000e+03	2.3225500e-23
5.7932300e+03	2.3277600e-23
5.8065900e+03	2.3329800e-23
5.8199800e+03	2.3382100e-23
5.8334000e+03	2.3434600e-23
5.8468500e+03	2.3487100e-23
5.8603400e+03	2.3539800e-23
5.8738500e+03	2.3592700e-23
5.8874000e+03	2.3645600e-23
5.9009700e+03	2.3698700e-23
5.9145800e+03	2.3751900e-23
5.9282200e+03	2.3805200e-23
5.9418900e+03	2.3858700e-23
5.9555900e+03	2.3912200e-23
5.9693300e+03	2.3965900e-23
5.9830900e+03	2.4019800e-23
5.9968900e+03	2.4073700e-23
6.0107200e+03	2.4127800e-23
6.0245800e+03	2.4182000e-23
6.0384700e+03	2.4236400e-23
6.0524000e+03	2.4290900e-23
6.0663500e+03	2.4345500e-23
6.0803400e+03	2.4400200e-23
6.0943600e+03	2.4455000e-23
6.1084200e+03	2.4510000e-23
6.1225000e+03	2.4565200e-23
6.1366200e+03	2.4620400e-23
6.1507700e+03	2.4675800e-23
6.1649600e+03	2.4731300e-23
6.1791700e+03	2.4786900e-23
6.1934200e+03	2.4842700e-23
6.2077000e+03	2.4898600e-23
6.2220200e+03	2.4954700e-23
6.2363700e+03	2.5010800e-23
6.2507500e+03	2.5067100e-23
6.2651600e+03	2.5124600e-23
6.2796100e+03	2.5180100e-23
6.2940900e+03	2.5236800e-23
6.3086000e+03	2.5293700e-23
6.3231500e+03	2.5350700e-23
6.3377300e+03	2.5407800e-23
6.3523500e+03	2.5465000e-23
6.3670000e+03	2.5522400e-23
6.3816800e+03	2.5579900e-23
6.3964000e+03	2.5637500e-23
6.4111500e+03	2.5695300e-23
6.4259300e+03	2.5753200e-23
6.4407500e+03	2.5811300e-23
6.4556000e+03	2.5869500e-23
6.4704900e+03	2.5927800e-23
6.4854100e+03	2.5986300e-23
6.5003600e+03	2.6044900e-23
6.5153500e+03	2.6103600e-23
6.5303800e+03	2.6162500e-23
6.5454400e+03	2.6221500e-23
6.5605300e+03	2.6280700e-23
6.5756600e+03	2.6340000e-23
6.5908200e+03	2.6399400e-23
6.6060200e+03	2.6459000e-23
6.6212600e+03	2.6518700e-23
6.6365200e+03	2.6578600e-23
6.6518300e+03	2.6638600e-23
6.6671700e+03	2.6698800e-23
6.6825400e+03	2.6759000e-23
6.6979500e+03	2.6819500e-23
6.7134000e+03	2.6880000e-23
6.7288800e+03	2.6940800e-23
6.7443900e+03	2.7001600e-23
6.7599500e+03	2.7062600e-23
6.7755400e+03	2.7123700e-23
6.7911600e+03	2.7185000e-23
6.8068200e+03	2.7246500e-23
6.8225200e+03	2.7308000e-23
6.8382500e+03	2.7369800e-23
6.8540200e+03	2.7431600e-23
6.8698200e+03	2.7493600e-23
6.8856700e+03	2.7555800e-23
6.9015400e+03	2.7618100e-23
6.9174600e+03	2.7680500e-23
6.9334100e+03	2.7743100e-23
6.9494000e+03	2.7805900e-23
6.9654300e+03	2.7868800e-23
6.9814900e+03	2.7931800e-23
6.9975900e+03	2.7995000e-23
7.0137200e+03	2.8058300e-23
7.0299000e+03	2.8121800e-23
7.0461100e+03	2.8185500e-23
7.0623600e+03	2.8249200e-23
7.0786400e+03	2.8313200e-23
7.0949700e+03	2.8377300e-23
7.1113300e+03	2.8441500e-23
7.1277300e+03	2.8505900e-23
7.1441600e+03	2.8570400e-23
7.1606400e+03	2.8635100e-23
7.1771500e+03	2.8699900e-23
7.1937000e+03	2.8764900e-23
7.2102900e+03	2.8830100e-23
7.2269200e+03	2.8895400e-23
7.2435800e+03	2.8960800e-23
7.2602800e+03	2.9026400e-23
7.2770300e+03	2.9092200e-23
7.2938100e+03	2.9158100e-23
7.3106300e+03	2.9224200e-23
7.3274900e+03	2.9290400e-23
7.3443800e+03	2.9356800e-23
7.3613200e+03	2.9423300e-23
7.3782900e+03	2.9490000e-23
7.3953100e+03	2.9556800e-23
7.4123600e+03	2.9623800e-23
7.4294600e+03	2.9691000e-23
7.4465900e+03	2.9758300e-23
7.4637600e+03	2.9825800e-23
7.4809700e+03	2.9893400e-23
7.4982200e+03	2.9961200e-23
7.5155100e+03	3.0029200e-23
7.5328400e+03	3.0097300e-23
7.5502200e+03	3.0165600e-23
7.5676300e+03	3.0234000e-23
7.5850800e+03	3.0302600e-23
7.6025700e+03	3.0371300e-23
7.6201000e+03	3.0440200e-23
7.6376700e+03	3.0509300e-23
7.6552800e+03	3.0578500e-23
7.6729400e+03	3.0647900e-23
7.6906300e+03	3.0717500e-23
7.7083700e+03	3.0787200e-23
7.7261400e+03	3.0857100e-23
7.7439600e+03	3.0927200e-23
7.7618200e+03	3.0997400e-23
7.7797100e+03	3.1067800e-23
7.7976500e+03	3.1138300e-23
7.8156400e+03	3.1209000e-23
7.8336600e+03	3.1279900e-23
7.8517200e+03	3.1350900e-23
7.8698300e+03	3.1422200e-23
7.8879800e+03	3.1493500e-23
7.9061700e+03	3.1565100e-23
7.9244000e+03	3.1636800e-23
7.9426700e+03	3.1708700e-23
7.9609900e+03	3.1780700e-23
7.9793500e+03	3.1852900e-23
7.9977500e+03	3.1925300e-23
8.0161900e+03	3.1997900e-23
8.0346800e+03	3.2070600e-23
8.0532000e+03	3.2143800e-23
8.0717700e+03	3.2216500e-23
8.0903900e+03	3.2289800e-23
8.1090400e+03	3.2363200e-23
8.1277400e+03	3.2436700e-23
8.1464900e+03	3.2510500e-23
8.1652700e+03	3.2584400e-23
8.1841000e+03	3.2658500e-23
8.2029700e+03	3.2732800e-23
8.2218900e+03	3.2807200e-23
8.2408500e+03	3.2881800e-23
8.2598500e+03	3.2956600e-23
8.2789000e+03	3.3031600e-23
8.2979900e+03	3.3106700e-23
8.3171300e+03	3.3182100e-23
8.3363100e+03	3.3257500e-23
8.3555300e+03	3.3333200e-23
8.3748000e+03	3.3409100e-23
8.3941100e+03	3.3485100e-23
8.4134700e+03	3.3561300e-23
8.4328700e+03	3.3637700e-23
8.4523100e+03	3.3714200e-23
8.4718100e+03	3.3791000e-23
8.4913400e+03	3.3867900e-23
8.5109200e+03	3.3945000e-23
8.5305500e+03	3.4022200e-23
8.5502200e+03	3.4099700e-23
8.5699400e+03	3.4177300e-23
8.5897000e+03	3.4255200e-23
8.6095100e+03	3.4333100e-23
8.6293600e+03	3.4411300e-23
8.6492600e+03	3.4489700e-23
8.6692100e+03	3.4568200e-23
8.6892000e+03	3.4647000e-23
8.7092300e+03	3.4725900e-23
8.7293200e+03	3.4805000e-23
8.7494500e+03	3.4884300e-23
8.7696200e+03	3.4963700e-23
8.7898500e+03	3.5043400e-23
8.8101200e+03	3.5123200e-23
8.8304300e+03	3.5203300e-23
8.8508000e+03	3.5283500e-23
8.8712100e+03	3.5363900e-23
8.8916600e+03	3.5444500e-23
8.9121700e+03	3.5525200e-23
8.9327200e+03	3.5606200e-23
8.9533200e+03	3.5687400e-23
8.9739600e+03	3.5768700e-23
8.9946600e+03	3.5850200e-23
9.0154000e+03	3.5932000e-23
9.0361900e+03	3.6013900e-23
9.0570300e+03	3.6096000e-23
9.0779100e+03	3.6178300e-23
9.0988500e+03	3.6260800e-23
9.1198300e+03	3.6343400e-23
9.1408600e+03	3.6426300e-23
9.1619400e+03	3.6509400e-23
9.1830700e+03	3.6592600e-23
9.2042400e+03	3.6676100e-23
9.2254700e+03	3.6759700e-23
9.2467400e+03	3.6843600e-23
9.2680600e+03	3.6927600e-23
9.2894400e+03	3.7011900e-23
9.3108600e+03	3.7096300e-23
9.3323300e+03	3.7180900e-23
9.3538500e+03	3.7265800e-23
9.3754200e+03	3.7350800e-23
9.3970400e+03	3.7436000e-23
9.4187100e+03	3.7521400e-23
9.4404300e+03	3.7607000e-23
9.4622000e+03	3.7692900e-23
9.4840200e+03	3.7778900e-23
9.5058900e+03	3.7865100e-23
9.5278100e+03	3.7951500e-23
9.5497800e+03	3.8038100e-23
9.5718000e+03	3.8125000e-23
9.5938700e+03	3.8212000e-23
9.6160000e+03	3.8299200e-23
9.6381700e+03	3.8386700e-23
9.6604000e+03	3.8474300e-23
9.6826700e+03	3.8562100e-23
9.7050000e+03	3.8650200e-23
9.7273800e+03	3.8738400e-23
9.7498100e+03	3.8826900e-23
9.7723000e+03	3.8915500e-23
9.7948300e+03	3.9004400e-23
9.8174200e+03	3.9093500e-23
9.8400600e+03	3.9182800e-23
9.8627500e+03	3.9272300e-23
9.8854900e+03	3.9362000e-23
9.9082900e+03	3.9451900e-23
9.9311400e+03	3.9542000e-23
9.9540400e+03	3.9632300e-23
9.9769900e+03	3.9722800e-23
1.0000000e+04	3.9813600e-23
