5.0000000e+00	1.1679816e-22
5.0115300e+00	1.1355219e-22
5.0230867e+00	1.1040648e-22
5.0346699e+00	1.0735750e-22
5.0462799e+00	1.0440186e-22
5.0579167e+00	1.0153632e-22
5.0695803e+00	9.8757747e-23
5.0812708e+00	9.6063162e-23
5.0929882e+00	9.3449690e-23
5.1047327e+00	9.0914570e-23
5.1165042e+00	8.8455153e-23
5.1283029e+00	8.6068891e-23
5.1401288e+00	8.3753337e-23
5.1519820e+00	8.1506136e-23
5.1638625e+00	7.9325024e-23
5.1757704e+00	7.7207824e-23
5.1877058e+00	7.5152441e-23
5.1996687e+00	7.3156857e-23
5.2116592e+00	7.1219131e-23
5.2236773e+00	6.9337394e-23
5.2357231e+00	6.7509846e-23
5.2477968e+00	6.5734751e-23
5.2598982e+00	6.4010438e-23
5.2720276e+00	6.2335298e-23
5.2841849e+00	6.0707776e-23
5.2963703e+00	5.9126376e-23
5.3085838e+00	5.7589654e-23
5.3208254e+00	5.6096217e-23
5.3330953e+00	5.4644722e-23
5.3453934e+00	5.3233872e-23
5.3577199e+00	5.1862416e-23
5.3700749e+00	5.0529145e-23
5.3824583e+00	4.9232894e-23
5.3948703e+00	4.7972536e-23
5.4073109e+00	4.6746983e-23
5.4197802e+00	4.5555185e-23
5.4322783e+00	4.4396125e-23
5.4448051e+00	4.3268824e-23
5.4573609e+00	4.2172332e-23
5.4699456e+00	4.1105733e-23
5.4825594e+00	4.0068140e-23
5.4952022e+00	3.9058697e-23
5.5078742e+00	3.8076575e-23
5.5205754e+00	3.7120971e-23
5.5333058e+00	3.6191111e-23
5.5460657e+00	3.5286243e-23
5.5588550e+00	3.4405642e-23
5.5716737e+00	3.3548605e-23
5.5845220e+00	3.2714452e-23
5.5974000e+00	3.1902523e-23
5.6103076e+00	3.1112181e-23
5.6232451e+00	3.0342809e-23
5.6362123e+00	2.9593808e-23
5.6492094e+00	2.8864600e-23
5.6622366e+00	2.8154623e-23
5.6752937e+00	2.7463333e-23
5.6883810e+00	2.6790204e-23
5.7014985e+00	2.6134725e-23
5.7146461e+00	2.5496402e-23
5.7278242e+00	2.4874754e-23
5.7410326e+00	2.4269317e-23
5.7542714e+00	2.3679641e-23
5.7675408e+00	2.3105287e-23
5.7808408e+00	2.2545833e-23
5.7941715e+00	2.2000868e-23
5.8075329e+00	2.1469992e-23
5.8209251e+00	2.0952819e-23
5.8343482e+00	2.0448974e-23
5.8478023e+00	1.9958093e-23
5.8612873e+00	1.9479822e-23
5.8748035e+00	1.9013820e-23
5.8883508e+00	1.8559754e-23
5.9019294e+00	1.8117300e-23
5.9155393e+00	1.7686145e-23
5.9291806e+00	1.7265986e-23
5.9428533e+00	1.6856526e-23
5.9565576e+00	1.6457480e-23
5.9702935e+00	1.6068568e-23
5.9840610e+00	1.5689521e-23
5.9978603e+00	1.5320076e-23
6.0116914e+00	1.4959978e-23
6.0255544e+00	1.4608979e-23
6.0394494e+00	1.4266838e-23
6.0533764e+00	1.3933322e-23
6.0673355e+00	1.3608204e-23
6.0813269e+00	1.3291264e-23
6.0953505e+00	1.2982285e-23
6.1094064e+00	1.2681061e-23
6.1234947e+00	1.2387389e-23
6.1376155e+00	1.2101072e-23
6.1517689e+00	1.1821919e-23
6.1659550e+00	1.1549743e-23
6.1801737e+00	1.1284364e-23
6.1944252e+00	1.1025607e-23
6.2087096e+00	1.0773300e-23
6.2230269e+00	1.0527277e-23
6.2373773e+00	1.0287377e-23
6.2517607e+00	1.0053443e-23
6.2661773e+00	9.8253216e-24
6.2806272e+00	9.6028645e-24
6.2951104e+00	9.3859272e-24
6.3096269e+00	9.1743690e-24
6.3241770e+00	8.9680534e-24
6.3387606e+00	8.7668472e-24
6.3533778e+00	8.5706210e-24
6.3680288e+00	8.3792489e-24
6.3827135e+00	8.1926084e-24
6.3974321e+00	8.0105802e-24
6.4121846e+00	7.8330484e-24
6.4269711e+00	7.6599000e-24
6.4417918e+00	7.4910252e-24
6.4566466e+00	7.3263169e-24
6.4715357e+00	7.1656712e-24
6.4864591e+00	7.0089866e-24
6.5014169e+00	6.8561644e-24
6.5164092e+00	6.7071088e-24
6.5314361e+00	6.5617260e-24
6.5464977e+00	6.4199252e-24
6.5615939e+00	6.2816176e-24
6.5767250e+00	6.1467169e-24
6.5918910e+00	6.0151390e-24
6.6070920e+00	5.8868020e-24
6.6223280e+00	5.7616262e-24
6.6375991e+00	5.6395339e-24
6.6529055e+00	5.5204493e-24
6.6682471e+00	5.4042989e-24
6.6836241e+00	5.2910107e-24
6.6990366e+00	5.1805148e-24
6.7144846e+00	5.0727429e-24
6.7299683e+00	4.9676287e-24
6.7454877e+00	4.8651073e-24
6.7610428e+00	4.7651157e-24
6.7766338e+00	4.6675924e-24
6.7922608e+00	4.5724773e-24
6.8079238e+00	4.4797120e-24
6.8236229e+00	4.3892395e-24
6.8393582e+00	4.3010043e-24
6.8551299e+00	4.2149521e-24
6.8709378e+00	4.1310302e-24
6.8867823e+00	4.0491870e-24
6.9026632e+00	3.9693723e-24
6.9185808e+00	3.8915370e-24
6.9345351e+00	3.8156333e-24
6.9505262e+00	3.7416146e-24
6.9665542e+00	3.6694354e-24
6.9826191e+00	3.5990511e-24
6.9987211e+00	3.5304186e-24
7.0148602e+00	3.4634955e-24
7.0310365e+00	3.3982404e-24
7.0472502e+00	3.3346132e-24
7.0635012e+00	3.2725744e-24
7.0797897e+00	3.2120856e-24
7.0961157e+00	3.1531094e-24
7.1124794e+00	3.0956091e-24
7.1288808e+00	3.0395489e-24
7.1453201e+00	2.9848939e-24
7.1617972e+00	2.9316099e-24
7.1783124e+00	2.8796636e-24
7.1948656e+00	2.8290225e-24
7.2114571e+00	2.7796547e-24
7.2280867e+00	2.7315290e-24
7.2447548e+00	2.6846152e-24
7.2614612e+00	2.6388834e-24
7.2782062e+00	2.5943047e-24
7.2949898e+00	2.5508506e-24
7.3118121e+00	2.5084935e-24
7.3286732e+00	2.4672061e-24
7.3455732e+00	2.4269619e-24
7.3625121e+00	2.3877351e-24
7.3794901e+00	2.3495001e-24
7.3965073e+00	2.3122323e-24
7.4135637e+00	2.2759074e-24
7.4306594e+00	2.2405015e-24
7.4477946e+00	2.2059916e-24
7.4649693e+00	2.1723549e-24
7.4821835e+00	2.1395692e-24
7.4994375e+00	2.1076127e-24
7.5167313e+00	2.0764643e-24
7.5340649e+00	2.0461032e-24
7.5514385e+00	2.0165089e-24
7.5688522e+00	1.9876617e-24
7.5863060e+00	1.9595421e-24
7.6038001e+00	1.9321310e-24
7.6213345e+00	1.9054098e-24
7.6389094e+00	1.8793604e-24
7.6565248e+00	1.8539648e-24
7.6741808e+00	1.8292058e-24
7.6918775e+00	1.8050663e-24
7.7096150e+00	1.7815296e-24
7.7273934e+00	1.7585795e-24
7.7452129e+00	1.7362000e-24
7.7630734e+00	1.7143756e-24
7.7809751e+00	1.6930911e-24
7.7989181e+00	1.6723316e-24
7.8169025e+00	1.6520825e-24
7.8349283e+00	1.6323298e-24
7.8529957e+00	1.6130595e-24
7.8711048e+00	1.5942581e-24
7.8892556e+00	1.5759123e-24
7.9074483e+00	1.5580092e-24
7.9256829e+00	1.5405363e-24
7.9439596e+00	1.5234812e-24
7.9622784e+00	1.5068319e-24
7.9806395e+00	1.4905766e-24
7.9990429e+00	1.4747040e-24
8.0174888e+00	1.4592028e-24
8.0359772e+00	1.4440621e-24
8.0545082e+00	1.4292714e-24
8.0730819e+00	1.4148203e-24
8.0916985e+00	1.4006988e-24
8.1103581e+00	1.3868968e-24
8.1290606e+00	1.3734050e-24
8.1478063e+00	1.3602139e-24
8.1665952e+00	1.3473145e-24
8.1854274e+00	1.3346979e-24
8.2043031e+00	1.3223555e-24
8.2232223e+00	1.3102789e-24
8.2421851e+00	1.2984599e-24
8.2611916e+00	1.2868907e-24
8.2802420e+00	1.2755634e-24
8.2993363e+00	1.2644705e-24
8.3184746e+00	1.2536048e-24
8.3376571e+00	1.2429592e-24
8.3568838e+00	1.2325267e-24
8.3761548e+00	1.2223006e-24
8.3954703e+00	1.2122745e-24
8.4148303e+00	1.2024419e-24
8.4342350e+00	1.1927968e-24
8.4536844e+00	1.1833331e-24
8.4731786e+00	1.1740452e-24
8.4927179e+00	1.1649273e-24
8.5123021e+00	1.1559740e-24
8.5319316e+00	1.1471799e-24
8.5516063e+00	1.1385401e-24
8.5713263e+00	1.1300495e-24
8.5910919e+00	1.1217032e-24
8.6109030e+00	1.1134966e-24
8.6307598e+00	1.1054251e-24
8.6506624e+00	1.0974844e-24
8.6706109e+00	1.0896702e-24
8.6906054e+00	1.0819783e-24
8.7106460e+00	1.0744048e-24
8.7307328e+00	1.0669458e-24
8.7508660e+00	1.0595976e-24
8.7710455e+00	1.0523565e-24
8.7912716e+00	1.0452189e-24
8.8115444e+00	1.0381817e-24
8.8318638e+00	1.0312413e-24
8.8522302e+00	1.0243947e-24
8.8726435e+00	1.0176388e-24
8.8931039e+00	1.0109705e-24
8.9136114e+00	1.0043872e-24
8.9341663e+00	9.9788587e-25
8.9547686e+00	9.9146395e-25
8.9754183e+00	9.8511882e-25
8.9961157e+00	9.7884798e-25
9.0168608e+00	9.7264902e-25
9.0376538e+00	9.6651961e-25
9.0584947e+00	9.6045749e-25
9.0793836e+00	9.5446049e-25
9.1003208e+00	9.4852653e-25
9.1213062e+00	9.4265358e-25
9.1423400e+00	9.3683968e-25
9.1634223e+00	9.3108298e-25
9.1845532e+00	9.2538166e-25
9.2057328e+00	9.1973398e-25
9.2269613e+00	9.1413826e-25
9.2482388e+00	9.0859289e-25
9.2695653e+00	9.0309632e-25
9.2909410e+00	8.9764706e-25
9.3123660e+00	8.9224367e-25
9.3338403e+00	8.8688478e-25
9.3553642e+00	8.8156906e-25
9.3769378e+00	8.7629524e-25
9.3985611e+00	8.7106210e-25
9.4202342e+00	8.6586848e-25
9.4419574e+00	8.6071325e-25
9.4637306e+00	8.5559535e-25
9.4855540e+00	8.5051375e-25
9.5074278e+00	8.4546746e-25
9.5293520e+00	8.4045555e-25
9.5513267e+00	8.3547712e-25
9.5733522e+00	8.3053133e-25
9.5954284e+00	8.2561736e-25
9.6175555e+00	8.2073442e-25
9.6397337e+00	8.1588180e-25
9.6619630e+00	8.1105878e-25
9.6842435e+00	8.0626470e-25
9.7065755e+00	8.0149894e-25
9.7289589e+00	7.9676089e-25
9.7513940e+00	7.9205000e-25
9.7738808e+00	7.8736573e-25
9.7964194e+00	7.8270759e-25
9.8190100e+00	7.7807510e-25
9.8416527e+00	7.7346782e-25
9.8643477e+00	7.6888535e-25
9.8870949e+00	7.6432729e-25
9.9098946e+00	7.5979329e-25
9.9327469e+00	7.5528301e-25
9.9556519e+00	7.5079616e-25
9.9786097e+00	7.4633243e-25
1.0001620e+01	7.4189158e-25
1.0024684e+01	7.3747358e-25
1.0047801e+01	7.3307834e-25
1.0070972e+01	7.2870563e-25
1.0094195e+01	7.2435525e-25
1.0117473e+01	7.2002701e-25
1.0140804e+01	7.1572075e-25
1.0164188e+01	7.1143632e-25
1.0187627e+01	7.0717360e-25
1.0211120e+01	7.0293248e-25
1.0234667e+01	6.9871287e-25
1.0258268e+01	6.9451471e-25
1.0281924e+01	6.9033793e-25
1.0305634e+01	6.8618250e-25
1.0329399e+01	6.8204840e-25
1.0353218e+01	6.7793560e-25
1.0377093e+01	6.7384412e-25
1.0401023e+01	6.6977396e-25
1.0425007e+01	6.6572516e-25
1.0449048e+01	6.6169775e-25
1.0473143e+01	6.5769178e-25
1.0497294e+01	6.5370731e-25
1.0521501e+01	6.4974441e-25
1.0545764e+01	6.4580314e-25
1.0570082e+01	6.4188361e-25
1.0594457e+01	6.3798589e-25
1.0618888e+01	6.3411008e-25
1.0643375e+01	6.3025629e-25
1.0667919e+01	6.2642463e-25
1.0692519e+01	6.2261521e-25
1.0717176e+01	6.1882815e-25
1.0741890e+01	6.1506357e-25
1.0766661e+01	6.1132159e-25
1.0791489e+01	6.0760235e-25
1.0816374e+01	6.0390597e-25
1.0841317e+01	6.0023260e-25
1.0866317e+01	5.9658235e-25
1.0891375e+01	5.9295536e-25
1.0916491e+01	5.8935177e-25
1.0941664e+01	5.8577171e-25
1.0966896e+01	5.8221531e-25
1.0992185e+01	5.7868272e-25
1.1017533e+01	5.7517404e-25
1.1042940e+01	5.7168942e-25
1.1068405e+01	5.6822899e-25
1.1093929e+01	5.6479285e-25
1.1119512e+01	5.6138115e-25
1.1145153e+01	5.5799399e-25
1.1170854e+01	5.5463148e-25
1.1196614e+01	5.5129374e-25
1.1222434e+01	5.4798088e-25
1.1248313e+01	5.4469300e-25
1.1274251e+01	5.4143018e-25
1.1300250e+01	5.3819254e-25
1.1326308e+01	5.3498014e-25
1.1352427e+01	5.3179308e-25
1.1378606e+01	5.2863143e-25
1.1404845e+01	5.2549526e-25
1.1431144e+01	5.2238464e-25
1.1457505e+01	5.1929962e-25
1.1483926e+01	5.1624026e-25
1.1510408e+01	5.1320661e-25
1.1536951e+01	5.1019870e-25
1.1563555e+01	5.0721656e-25
1.1590221e+01	5.0426024e-25
1.1616948e+01	5.0132974e-25
1.1643737e+01	4.9842509e-25
1.1670587e+01	4.9554629e-25
1.1697500e+01	4.9269334e-25
1.1724474e+01	4.8986623e-25
1.1751511e+01	4.8706497e-25
1.1778610e+01	4.8428952e-25
1.1805772e+01	4.8153986e-25
1.1832996e+01	4.7881597e-25
1.1860283e+01	4.7611780e-25
1.1887633e+01	4.7344531e-25
1.1915046e+01	4.7079846e-25
1.1942522e+01	4.6817718e-25
1.1970061e+01	4.6558141e-25
1.1997664e+01	4.6301109e-25
1.2025331e+01	4.6046614e-25
1.2053062e+01	4.5794648e-25
1.2080856e+01	4.5545202e-25
1.2108715e+01	4.5298268e-25
1.2136637e+01	4.5053836e-25
1.2164625e+01	4.4811894e-25
1.2192676e+01	4.4572434e-25
1.2220793e+01	4.4335443e-25
1.2248974e+01	4.4100910e-25
1.2277220e+01	4.3868822e-25
1.2305532e+01	4.3639168e-25
1.2333908e+01	4.3411933e-25
1.2362350e+01	4.3187104e-25
1.2390858e+01	4.2964668e-25
1.2419431e+01	4.2744610e-25
1.2448071e+01	4.2526915e-25
1.2476776e+01	4.2311568e-25
1.2505548e+01	4.2098554e-25
1.2534386e+01	4.1887857e-25
1.2563290e+01	4.1679460e-25
1.2592261e+01	4.1473348e-25
1.2621299e+01	4.1269504e-25
1.2650404e+01	4.1067910e-25
1.2679576e+01	4.0868550e-25
1.2708815e+01	4.0671406e-25
1.2738121e+01	4.0476460e-25
1.2767496e+01	4.0283695e-25
1.2796938e+01	4.0093091e-25
1.2826447e+01	3.9904632e-25
1.2856025e+01	3.9718298e-25
1.2885671e+01	3.9534071e-25
1.2915386e+01	3.9351933e-25
1.2945169e+01	3.9171863e-25
1.2975020e+01	3.8993843e-25
1.3004941e+01	3.8817855e-25
1.3034930e+01	3.8643879e-25
1.3064989e+01	3.8471895e-25
1.3095117e+01	3.8301884e-25
1.3125314e+01	3.8133827e-25
1.3155582e+01	3.7967705e-25
1.3185918e+01	3.7803498e-25
1.3216325e+01	3.7641186e-25
1.3246802e+01	3.7480750e-25
1.3277349e+01	3.7322171e-25
1.3307967e+01	3.7165429e-25
1.3338655e+01	3.7010504e-25
1.3369414e+01	3.6857378e-25
1.3400244e+01	3.6706030e-25
1.3431145e+01	3.6556442e-25
1.3462118e+01	3.6408593e-25
1.3493162e+01	3.6262466e-25
1.3524277e+01	3.6118040e-25
1.3555464e+01	3.5975297e-25
1.3586723e+01	3.5834217e-25
1.3618054e+01	3.5694782e-25
1.3649457e+01	3.5556973e-25
1.3680933e+01	3.5420770e-25
1.3712481e+01	3.5286157e-25
1.3744103e+01	3.5153113e-25
1.3775797e+01	3.5021620e-25
1.3807564e+01	3.4891661e-25
1.3839404e+01	3.4763216e-25
1.3871318e+01	3.4636269e-25
1.3903305e+01	3.4510801e-25
1.3935366e+01	3.4386794e-25
1.3967501e+01	3.4264231e-25
1.3999710e+01	3.4143094e-25
1.4031994e+01	3.4023366e-25
1.4064352e+01	3.3905030e-25
1.4096784e+01	3.3788068e-25
1.4129292e+01	3.3672464e-25
1.4161874e+01	3.3558201e-25
1.4194531e+01	3.3445262e-25
1.4227264e+01	3.3333632e-25
1.4260072e+01	3.3223293e-25
1.4292956e+01	3.3114230e-25
1.4325916e+01	3.3006426e-25
1.4358951e+01	3.2899867e-25
1.4392063e+01	3.2794535e-25
1.4425251e+01	3.2690417e-25
1.4458516e+01	3.2587496e-25
1.4491858e+01	3.2485757e-25
1.4525276e+01	3.2385186e-25
1.4558771e+01	3.2285768e-25
1.4592344e+01	3.2187488e-25
1.4625994e+01	3.2090331e-25
1.4659722e+01	3.1994284e-25
1.4693527e+01	3.1899331e-25
1.4727410e+01	3.1805460e-25
1.4761372e+01	3.1712657e-25
1.4795412e+01	3.1620907e-25
1.4829530e+01	3.1530197e-25
1.4863727e+01	3.1440515e-25
1.4898003e+01	3.1351846e-25
1.4932358e+01	3.1264178e-25
1.4966792e+01	3.1177498e-25
1.5001306e+01	3.1091793e-25
1.5035899e+01	3.1007051e-25
1.5070572e+01	3.0923259e-25
1.5105324e+01	3.0840406e-25
1.5140157e+01	3.0758479e-25
1.5175071e+01	3.0677466e-25
1.5210065e+01	3.0597356e-25
1.5245139e+01	3.0518137e-25
1.5280295e+01	3.0439797e-25
1.5315531e+01	3.0362325e-25
1.5350849e+01	3.0285711e-25
1.5386248e+01	3.0209942e-25
1.5421729e+01	3.0135009e-25
1.5457291e+01	3.0060900e-25
1.5492936e+01	2.9987605e-25
1.5528663e+01	2.9915113e-25
1.5564472e+01	2.9843415e-25
1.5600364e+01	2.9772500e-25
1.5636338e+01	2.9702357e-25
1.5672396e+01	2.9632978e-25
1.5708537e+01	2.9564352e-25
1.5744761e+01	2.9496470e-25
1.5781068e+01	2.9429322e-25
1.5817459e+01	2.9362898e-25
1.5853935e+01	2.9297191e-25
1.5890494e+01	2.9232189e-25
1.5927137e+01	2.9167886e-25
1.5963866e+01	2.9104270e-25
1.6000678e+01	2.9041335e-25
1.6037576e+01	2.8979070e-25
1.6074559e+01	2.8917469e-25
1.6111627e+01	2.8856521e-25
1.6148780e+01	2.8796220e-25
1.6186020e+01	2.8736556e-25
1.6223345e+01	2.8677522e-25
1.6260756e+01	2.8619110e-25
1.6298253e+01	2.8561311e-25
1.6335837e+01	2.8504119e-25
1.6373508e+01	2.8447525e-25
1.6411265e+01	2.8391522e-25
1.6449110e+01	2.8336102e-25
1.6487041e+01	2.8281259e-25
1.6525061e+01	2.8226985e-25
1.6563168e+01	2.8173272e-25
1.6601362e+01	2.8120115e-25
1.6639645e+01	2.8067505e-25
1.6678016e+01	2.8015436e-25
1.6716476e+01	2.7963901e-25
1.6755024e+01	2.7912894e-25
1.6793662e+01	2.7862408e-25
1.6832388e+01	2.7812437e-25
1.6871203e+01	2.7762973e-25
1.6910109e+01	2.7714012e-25
1.6949103e+01	2.7665546e-25
1.6988188e+01	2.7617569e-25
1.7027363e+01	2.7570076e-25
1.7066628e+01	2.7523060e-25
1.7105984e+01	2.7476516e-25
1.7145431e+01	2.7430438e-25
1.7184968e+01	2.7384819e-25
1.7224597e+01	2.7339655e-25
1.7264317e+01	2.7294940e-25
1.7304128e+01	2.7250668e-25
1.7344032e+01	2.7206834e-25
1.7384027e+01	2.7163432e-25
1.7424115e+01	2.7120458e-25
1.7464295e+01	2.7077906e-25
1.7504568e+01	2.7035770e-25
1.7544934e+01	2.6994046e-25
1.7585392e+01	2.6952729e-25
1.7625945e+01	2.6911814e-25
1.7666590e+01	2.6871296e-25
1.7707329e+01	2.6831170e-25
1.7748163e+01	2.6791431e-25
1.7789090e+01	2.6752075e-25
1.7830112e+01	2.6713097e-25
1.7871228e+01	2.6674493e-25
1.7912439e+01	2.6636258e-25
1.7953746e+01	2.6598388e-25
1.7995147e+01	2.6560877e-25
1.8036644e+01	2.6523723e-25
1.8078237e+01	2.6486921e-25
1.8119925e+01	2.6450466e-25
1.8161710e+01	2.6414354e-25
1.8203591e+01	2.6378582e-25
1.8245569e+01	2.6343145e-25
1.8287643e+01	2.6308039e-25
1.8329814e+01	2.6273260e-25
1.8372083e+01	2.6238805e-25
1.8414449e+01	2.6204670e-25
1.8456913e+01	2.6170850e-25
1.8499475e+01	2.6137343e-25
1.8542135e+01	2.6104144e-25
1.8584893e+01	2.6071250e-25
1.8627750e+01	2.6038657e-25
1.8670706e+01	2.6006361e-25
1.8713761e+01	2.5974360e-25
1.8756915e+01	2.5942650e-25
1.8800168e+01	2.5911227e-25
1.8843522e+01	2.5880089e-25
1.8886975e+01	2.5849231e-25
1.8930528e+01	2.5818650e-25
1.8974182e+01	2.5788344e-25
1.9017937e+01	2.5758308e-25
1.9061792e+01	2.5728541e-25
1.9105749e+01	2.5699039e-25
1.9149807e+01	2.5669798e-25
1.9193967e+01	2.5640816e-25
1.9238228e+01	2.5612090e-25
1.9282592e+01	2.5583617e-25
1.9327057e+01	2.5555393e-25
1.9371626e+01	2.5527417e-25
1.9416297e+01	2.5499685e-25
1.9461071e+01	2.5472195e-25
1.9505948e+01	2.5444943e-25
1.9550929e+01	2.5417927e-25
1.9596014e+01	2.5391145e-25
1.9641202e+01	2.5364593e-25
1.9686495e+01	2.5338269e-25
1.9731892e+01	2.5312171e-25
1.9777394e+01	2.5286296e-25
1.9823001e+01	2.5260641e-25
1.9868713e+01	2.5235204e-25
1.9914530e+01	2.5209983e-25
1.9960454e+01	2.5184975e-25
2.0006482e+01	2.5160178e-25
2.0052618e+01	2.5135589e-25
2.0098859e+01	2.5111205e-25
2.0145207e+01	2.5087026e-25
2.0191662e+01	2.5063048e-25
2.0238224e+01	2.5039270e-25
2.0284894e+01	2.5015688e-25
2.0331671e+01	2.4992301e-25
2.0378556e+01	2.4969107e-25
2.0425549e+01	2.4946104e-25
2.0472650e+01	2.4923289e-25
2.0519861e+01	2.4900661e-25
2.0567180e+01	2.4878216e-25
2.0614608e+01	2.4855955e-25
2.0662145e+01	2.4833873e-25
2.0709792e+01	2.4811970e-25
2.0757549e+01	2.4790244e-25
2.0805416e+01	2.4768691e-25
2.0853394e+01	2.4747312e-25
2.0901482e+01	2.4726103e-25
2.0949681e+01	2.4705064e-25
2.0997991e+01	2.4684191e-25
2.1046412e+01	2.4663484e-25
2.1094945e+01	2.4642940e-25
2.1143591e+01	2.4622558e-25
2.1192348e+01	2.4602336e-25
2.1241218e+01	2.4582272e-25
2.1290200e+01	2.4562366e-25
2.1339295e+01	2.4542614e-25
2.1388504e+01	2.4523015e-25
2.1437826e+01	2.4503568e-25
2.1487262e+01	2.4484271e-25
2.1536812e+01	2.4465123e-25
2.1586476e+01	2.4446121e-25
2.1636254e+01	2.4427266e-25
2.1686148e+01	2.4408553e-25
2.1736156e+01	2.4389984e-25
2.1786280e+01	2.4371555e-25
2.1836519e+01	2.4353266e-25
2.1886874e+01	2.4335114e-25
2.1937346e+01	2.4317099e-25
2.1987933e+01	2.4299219e-25
2.2038638e+01	2.4281473e-25
2.2089459e+01	2.4263860e-25
2.2140397e+01	2.4246377e-25
2.2191453e+01	2.4229024e-25
2.2242627e+01	2.4211799e-25
2.2293919e+01	2.4194701e-25
2.2345328e+01	2.4177729e-25
2.2396857e+01	2.4160881e-25
2.2448504e+01	2.4144157e-25
2.2500271e+01	2.4127554e-25
2.2552157e+01	2.4111072e-25
2.2604162e+01	2.4094709e-25
2.2656287e+01	2.4078465e-25
2.2708533e+01	2.4062338e-25
2.2760899e+01	2.4046326e-25
2.2813386e+01	2.4030429e-25
2.2865994e+01	2.4014646e-25
2.2918723e+01	2.3998975e-25
2.2971574e+01	2.3983416e-25
2.3024546e+01	2.3967966e-25
2.3077641e+01	2.3952626e-25
2.3130858e+01	2.3937394e-25
2.3184198e+01	2.3922269e-25
2.3237661e+01	2.3907249e-25
2.3291247e+01	2.3892335e-25
2.3344957e+01	2.3877524e-25
2.3398791e+01	2.3862816e-25
2.3452748e+01	2.3848210e-25
2.3506831e+01	2.3833705e-25
2.3561038e+01	2.3819300e-25
2.3615370e+01	2.3804993e-25
2.3669827e+01	2.3790785e-25
2.3724410e+01	2.3776673e-25
2.3779118e+01	2.3762658e-25
2.3833953e+01	2.3748737e-25
2.3888914e+01	2.3734911e-25
2.3944002e+01	2.3721179e-25
2.3999217e+01	2.3707538e-25
2.4054560e+01	2.3693989e-25
2.4110030e+01	2.3680531e-25
2.4165628e+01	2.3667163e-25
2.4221354e+01	2.3653883e-25
2.4277208e+01	2.3640692e-25
2.4333192e+01	2.3627588e-25
2.4389304e+01	2.3614571e-25
2.4445546e+01	2.3601639e-25
2.4501918e+01	2.3588792e-25
2.4558420e+01	2.3576030e-25
2.4615051e+01	2.3563350e-25
2.4671814e+01	2.3550753e-25
2.4728707e+01	2.3538238e-25
2.4785732e+01	2.3525804e-25
2.4842888e+01	2.3513450e-25
2.4900176e+01	2.3501176e-25
2.4957596e+01	2.3488981e-25
2.5015148e+01	2.3476863e-25
2.5072833e+01	2.3464823e-25
2.5130652e+01	2.3452860e-25
2.5188603e+01	2.3440973e-25
2.5246688e+01	2.3429161e-25
2.5304907e+01	2.3417424e-25
2.5363261e+01	2.3405760e-25
2.5421748e+01	2.3394170e-25
2.5480371e+01	2.3382653e-25
2.5539129e+01	2.3371207e-25
2.5598023e+01	2.3359833e-25
2.5657052e+01	2.3348530e-25
2.5716217e+01	2.3337297e-25
2.5775519e+01	2.3326133e-25
2.5834957e+01	2.3315038e-25
2.5894533e+01	2.3304012e-25
2.5954246e+01	2.3293053e-25
2.6014097e+01	2.3282161e-25
2.6074085e+01	2.3271335e-25
2.6134212e+01	2.3260576e-25
2.6194478e+01	2.3249882e-25
2.6254883e+01	2.3239252e-25
2.6315427e+01	2.3228687e-25
2.6376110e+01	2.3218186e-25
2.6436934e+01	2.3207747e-25
2.6497898e+01	2.3197372e-25
2.6559002e+01	2.3187058e-25
2.6620247e+01	2.3176806e-25
2.6681634e+01	2.3166615e-25
2.6743162e+01	2.3156484e-25
2.6804832e+01	2.3146413e-25
2.6866644e+01	2.3136402e-25
2.6928599e+01	2.3126449e-25
2.6990696e+01	2.3116556e-25
2.7052937e+01	2.3106720e-25
2.7115321e+01	2.3096941e-25
2.7177849e+01	2.3087220e-25
2.7240522e+01	2.3077555e-25
2.7303338e+01	2.3067946e-25
2.7366300e+01	2.3058393e-25
2.7429407e+01	2.3048895e-25
2.7492659e+01	2.3039452e-25
2.7556058e+01	2.3030063e-25
2.7619602e+01	2.3020728e-25
2.7683293e+01	2.3011446e-25
2.7747131e+01	2.3002218e-25
2.7811116e+01	2.2993041e-25
2.7875249e+01	2.2983917e-25
2.7939529e+01	2.2974845e-25
2.8003958e+01	2.2965823e-25
2.8068536e+01	2.2956853e-25
2.8133262e+01	2.2947933e-25
2.8198137e+01	2.2939063e-25
2.8263162e+01	2.2930243e-25
2.8328338e+01	2.2921472e-25
2.8393663e+01	2.2912750e-25
2.8459139e+01	2.2904076e-25
2.8524766e+01	2.2895451e-25
2.8590544e+01	2.2886873e-25
2.8656474e+01	2.2878342e-25
2.8722556e+01	2.2869859e-25
2.8788791e+01	2.2861422e-25
2.8855178e+01	2.2853031e-25
2.8921718e+01	2.2844687e-25
2.8988412e+01	2.2836387e-25
2.9055259e+01	2.2828133e-25
2.9122261e+01	2.2819924e-25
2.9189417e+01	2.2811760e-25
2.9256728e+01	2.2803639e-25
2.9324194e+01	2.2795563e-25
2.9391816e+01	2.2787529e-25
2.9459594e+01	2.2779539e-25
2.9527528e+01	2.2771592e-25
2.9595619e+01	2.2763688e-25
2.9663866e+01	2.2755825e-25
2.9732272e+01	2.2748005e-25
2.9800834e+01	2.2740226e-25
2.9869555e+01	2.2732488e-25
2.9938435e+01	2.2724791e-25
3.0007473e+01	2.2717135e-25
3.0076670e+01	2.2709519e-25
3.0146028e+01	2.2701944e-25
3.0215544e+01	2.2694408e-25
3.0285222e+01	2.2686911e-25
3.0355060e+01	2.2679454e-25
3.0425059e+01	2.2672036e-25
3.0495219e+01	2.2664656e-25
3.0565541e+01	2.2657314e-25
3.0636026e+01	2.2650011e-25
3.0706673e+01	2.2642745e-25
3.0777482e+01	2.2635517e-25
3.0848456e+01	2.2628326e-25
3.0919592e+01	2.2621173e-25
3.0990893e+01	2.2614055e-25
3.1062358e+01	2.2606975e-25
3.1133988e+01	2.2599930e-25
3.1205784e+01	2.2592921e-25
3.1277744e+01	2.2585949e-25
3.1349871e+01	2.2579011e-25
3.1422164e+01	2.2572109e-25
3.1494624e+01	2.2565241e-25
3.1567251e+01	2.2558409e-25
3.1640045e+01	2.2551610e-25
3.1713007e+01	2.2544846e-25
3.1786138e+01	2.2538116e-25
3.1859437e+01	2.2531420e-25
3.1932905e+01	2.2524757e-25
3.2006542e+01	2.2518127e-25
3.2080350e+01	2.2511531e-25
3.2154327e+01	2.2504967e-25
3.2228475e+01	2.2498436e-25
3.2302794e+01	2.2491937e-25
3.2377285e+01	2.2485471e-25
3.2451947e+01	2.2479036e-25
3.2526782e+01	2.2472633e-25
3.2601789e+01	2.2466261e-25
3.2676969e+01	2.2459921e-25
3.2752322e+01	2.2453612e-25
3.2827849e+01	2.2447334e-25
3.2903550e+01	2.2441087e-25
3.2979426e+01	2.2434869e-25
3.3055477e+01	2.2428683e-25
3.3131703e+01	2.2422526e-25
3.3208105e+01	2.2416399e-25
3.3284683e+01	2.2410302e-25
3.3361438e+01	2.2404234e-25
3.3438370e+01	2.2398196e-25
3.3515479e+01	2.2392186e-25
3.3592766e+01	2.2386206e-25
3.3670231e+01	2.2380254e-25
3.3747875e+01	2.2374331e-25
3.3825698e+01	2.2368436e-25
3.3903700e+01	2.2362569e-25
3.3981882e+01	2.2356731e-25
3.4060245e+01	2.2350920e-25
3.4138788e+01	2.2345136e-25
3.4217512e+01	2.2339380e-25
3.4296418e+01	2.2333652e-25
3.4375506e+01	2.2327950e-25
3.4454776e+01	2.2322276e-25
3.4534229e+01	2.2316628e-25
3.4613865e+01	2.2311007e-25
3.4693685e+01	2.2305412e-25
3.4773689e+01	2.2299843e-25
3.4853877e+01	2.2294301e-25
3.4934251e+01	2.2288784e-25
3.5014809e+01	2.2283293e-25
3.5095554e+01	2.2277828e-25
3.5176484e+01	2.2272388e-25
3.5257602e+01	2.2266974e-25
3.5338906e+01	2.2261585e-25
3.5420398e+01	2.2256220e-25
3.5502077e+01	2.2250881e-25
3.5583945e+01	2.2245566e-25
3.5666002e+01	2.2240275e-25
3.5748248e+01	2.2235009e-25
3.5830684e+01	2.2229768e-25
3.5913310e+01	2.2224550e-25
3.5996126e+01	2.2219356e-25
3.6079134e+01	2.2214186e-25
3.6162332e+01	2.2209040e-25
3.6245723e+01	2.2203917e-25
3.6329306e+01	2.2198818e-25
3.6413082e+01	2.2193741e-25
3.6497050e+01	2.2188688e-25
3.6581213e+01	2.2183658e-25
3.6665569e+01	2.2178651e-25
3.6750120e+01	2.2173666e-25
3.6834867e+01	2.2168704e-25
3.6919808e+01	2.2163764e-25
3.7004945e+01	2.2158846e-25
3.7090279e+01	2.2153951e-25
3.7175810e+01	2.2149078e-25
3.7261537e+01	2.2144226e-25
3.7347463e+01	2.2139396e-25
3.7433586e+01	2.2134588e-25
3.7519908e+01	2.2129802e-25
3.7606429e+01	2.2125037e-25
3.7693150e+01	2.2120293e-25
3.7780071e+01	2.2115570e-25
3.7867192e+01	2.2110868e-25
3.7954514e+01	2.2106187e-25
3.8042037e+01	2.2101527e-25
3.8129763e+01	2.2096888e-25
3.8217690e+01	2.2092269e-25
3.8305821e+01	2.2087670e-25
3.8394154e+01	2.2083092e-25
3.8482691e+01	2.2078534e-25
3.8571433e+01	2.2073996e-25
3.8660379e+01	2.2069478e-25
3.8749530e+01	2.2064980e-25
3.8838886e+01	2.2060502e-25
3.8928449e+01	2.2056043e-25
3.9018219e+01	2.2051604e-25
3.9108195e+01	2.2047184e-25
3.9198379e+01	2.2042783e-25
3.9288770e+01	2.2038402e-25
3.9379371e+01	2.2034040e-25
3.9470180e+01	2.2029697e-25
3.9561198e+01	2.2025372e-25
3.9652427e+01	2.2021067e-25
3.9743865e+01	2.2016780e-25
3.9835515e+01	2.2012512e-25
3.9927376e+01	2.2008262e-25
4.0019449e+01	2.2004030e-25
4.0111734e+01	2.1999817e-25
4.0204232e+01	2.1995622e-25
4.0296943e+01	2.1991445e-25
4.0389868e+01	2.1987286e-25
4.0483008e+01	2.1983145e-25
4.0576362e+01	2.1979022e-25
4.0669931e+01	2.1974916e-25
4.0763716e+01	2.1970828e-25
4.0857718e+01	2.1966758e-25
4.0951936e+01	2.1962705e-25
4.1046372e+01	2.1958669e-25
4.1141025e+01	2.1954650e-25
4.1235896e+01	2.1950649e-25
4.1330987e+01	2.1946665e-25
4.1426296e+01	2.1942697e-25
4.1521826e+01	2.1938747e-25
4.1617575e+01	2.1934813e-25
4.1713546e+01	2.1930896e-25
4.1809737e+01	2.1926995e-25
4.1906151e+01	2.1923111e-25
4.2002787e+01	2.1919244e-25
4.2099646e+01	2.1915392e-25
4.2196728e+01	2.1911558e-25
4.2294034e+01	2.1907739e-25
4.2391564e+01	2.1903936e-25
4.2489319e+01	2.1900149e-25
4.2587300e+01	2.1896379e-25
4.2685507e+01	2.1892624e-25
4.2783940e+01	2.1888885e-25
4.2882600e+01	2.1885161e-25
4.2981488e+01	2.1881453e-25
4.3080603e+01	2.1877761e-25
4.3179947e+01	2.1874084e-25
4.3279521e+01	2.1870422e-25
4.3379324e+01	2.1866776e-25
4.3479357e+01	2.1863145e-25
4.3579620e+01	2.1859529e-25
4.3680115e+01	2.1855928e-25
4.3780842e+01	2.1852342e-25
4.3881801e+01	2.1848772e-25
4.3982993e+01	2.1845215e-25
4.4084418e+01	2.1841674e-25
4.4186077e+01	2.1838147e-25
4.4287970e+01	2.1834635e-25
4.4390099e+01	2.1831138e-25
4.4492463e+01	2.1827655e-25
4.4595062e+01	2.1824186e-25
4.4697899e+01	2.1820732e-25
4.4800973e+01	2.1817292e-25
4.4904284e+01	2.1813866e-25
4.5007834e+01	2.1810454e-25
4.5111622e+01	2.1807056e-25
4.5215650e+01	2.1803673e-25
4.5319918e+01	2.1800303e-25
4.5424426e+01	2.1796947e-25
4.5529175e+01	2.1793605e-25
4.5634165e+01	2.1790276e-25
4.5739398e+01	2.1786961e-25
4.5844873e+01	2.1783660e-25
4.5950592e+01	2.1780372e-25
4.6056554e+01	2.1777098e-25
4.6162761e+01	2.1773837e-25
4.6269213e+01	2.1770590e-25
4.6375910e+01	2.1767355e-25
4.6482853e+01	2.1764134e-25
4.6590043e+01	2.1760926e-25
4.6697480e+01	2.1757731e-25
4.6805165e+01	2.1754549e-25
4.6913098e+01	2.1751380e-25
4.7021280e+01	2.1748224e-25
4.7129711e+01	2.1745081e-25
4.7238393e+01	2.1741951e-25
4.7347325e+01	2.1738833e-25
4.7456508e+01	2.1735728e-25
4.7565943e+01	2.1732635e-25
4.7675631e+01	2.1729555e-25
4.7785571e+01	2.1726488e-25
4.7895765e+01	2.1723432e-25
4.8006213e+01	2.1720390e-25
4.8116916e+01	2.1717359e-25
4.8227874e+01	2.1714341e-25
4.8339087e+01	2.1711335e-25
4.8450558e+01	2.1708341e-25
4.8562285e+01	2.1705359e-25
4.8674270e+01	2.1702389e-25
4.8786513e+01	2.1699431e-25
4.8899015e+01	2.1696485e-25
4.9011777e+01	2.1693551e-25
4.9124798e+01	2.1690629e-25
4.9238081e+01	2.1687718e-25
4.9351624e+01	2.1684820e-25
4.9465429e+01	2.1681932e-25
4.9579497e+01	2.1679057e-25
4.9693828e+01	2.1676193e-25
4.9808422e+01	2.1673340e-25
4.9923280e+01	2.1670499e-25
5.0038404e+01	2.1667669e-25
5.0153793e+01	2.1664851e-25
5.0269448e+01	2.1662044e-25
5.0385370e+01	2.1659248e-25
5.0501559e+01	2.1656463e-25
5.0618016e+01	2.1653689e-25
5.0734741e+01	2.1650927e-25
5.0851736e+01	2.1648175e-25
5.0969000e+01	2.1645435e-25
5.1086535e+01	2.1642705e-25
5.1204341e+01	2.1639986e-25
5.1322419e+01	2.1637279e-25
5.1440769e+01	2.1634582e-25
5.1559392e+01	2.1631895e-25
5.1678288e+01	2.1629220e-25
5.1797458e+01	2.1626555e-25
5.1916904e+01	2.1623900e-25
5.2036625e+01	2.1621257e-25
5.2156621e+01	2.1618623e-25
5.2276895e+01	2.1616001e-25
5.2397446e+01	2.1613388e-25
5.2518275e+01	2.1610786e-25
5.2639382e+01	2.1608195e-25
5.2760769e+01	2.1605613e-25
5.2882436e+01	2.1603042e-25
5.3004383e+01	2.1600481e-25
5.3126612e+01	2.1597931e-25
5.3249122e+01	2.1595390e-25
5.3371915e+01	2.1592860e-25
5.3494991e+01	2.1590339e-25
5.3618351e+01	2.1587829e-25
5.3741995e+01	2.1585328e-25
5.3865925e+01	2.1582837e-25
5.3990140e+01	2.1580357e-25
5.4114642e+01	2.1577886e-25
5.4239430e+01	2.1575425e-25
5.4364507e+01	2.1572973e-25
5.4489872e+01	2.1570532e-25
5.4615526e+01	2.1568100e-25
5.4741470e+01	2.1565677e-25
5.4867704e+01	2.1563264e-25
5.4994229e+01	2.1560861e-25
5.5121046e+01	2.1558467e-25
5.5248156e+01	2.1556083e-25
5.5375559e+01	2.1553708e-25
5.5503255e+01	2.1551343e-25
5.5631246e+01	2.1548986e-25
5.5759532e+01	2.1546640e-25
5.5888114e+01	2.1544302e-25
5.6016992e+01	2.1541974e-25
5.6146168e+01	2.1539655e-25
5.6275642e+01	2.1537345e-25
5.6405414e+01	2.1535044e-25
5.6535485e+01	2.1532752e-25
5.6665856e+01	2.1530470e-25
5.6796528e+01	2.1528196e-25
5.6927501e+01	2.1525931e-25
5.7058777e+01	2.1523675e-25
5.7190355e+01	2.1521429e-25
5.7322236e+01	2.1519191e-25
5.7454421e+01	2.1516962e-25
5.7586912e+01	2.1514741e-25
5.7719708e+01	2.1512530e-25
5.7852810e+01	2.1510327e-25
5.7986219e+01	2.1508133e-25
5.8119935e+01	2.1505947e-25
5.8253960e+01	2.1503771e-25
5.8388294e+01	2.1501602e-25
5.8522938e+01	2.1499443e-25
5.8657893e+01	2.1497292e-25
5.8793158e+01	2.1495149e-25
5.8928736e+01	2.1493015e-25
5.9064626e+01	2.1490889e-25
5.9200829e+01	2.1488772e-25
5.9337347e+01	2.1486663e-25
5.9474179e+01	2.1484562e-25
5.9611327e+01	2.1482470e-25
5.9748791e+01	2.1480386e-25
5.9886572e+01	2.1478310e-25
6.0024671e+01	2.1476243e-25
6.0163089e+01	2.1474183e-25
6.0301825e+01	2.1472132e-25
6.0440882e+01	2.1470089e-25
6.0580259e+01	2.1468054e-25
6.0719957e+01	2.1466027e-25
6.0859978e+01	2.1464008e-25
6.1000322e+01	2.1461997e-25
6.1140989e+01	2.1459994e-25
6.1281980e+01	2.1457999e-25
6.1423297e+01	2.1456012e-25
6.1564940e+01	2.1454033e-25
6.1706909e+01	2.1452061e-25
6.1849206e+01	2.1450097e-25
6.1991830e+01	2.1448142e-25
6.2134784e+01	2.1446194e-25
6.2278067e+01	2.1444253e-25
6.2421681e+01	2.1442321e-25
6.2565626e+01	2.1440396e-25
6.2709903e+01	2.1438478e-25
6.2854512e+01	2.1436569e-25
6.2999455e+01	2.1434667e-25
6.3144732e+01	2.1432772e-25
6.3290345e+01	2.1430885e-25
6.3436293e+01	2.1429006e-25
6.3582577e+01	2.1427134e-25
6.3729199e+01	2.1425269e-25
6.3876159e+01	2.1423412e-25
6.4023458e+01	2.1421562e-25
6.4171097e+01	2.1419720e-25
6.4319076e+01	2.1417885e-25
6.4467396e+01	2.1416058e-25
6.4616058e+01	2.1414237e-25
6.4765063e+01	2.1412424e-25
6.4914412e+01	2.1410618e-25
6.5064105e+01	2.1408820e-25
6.5214144e+01	2.1407028e-25
6.5364528e+01	2.1405244e-25
6.5515259e+01	2.1403467e-25
6.5666338e+01	2.1401697e-25
6.5817765e+01	2.1399934e-25
6.5969541e+01	2.1398179e-25
6.6121667e+01	2.1396430e-25
6.6274144e+01	2.1394688e-25
6.6426973e+01	2.1392954e-25
6.6580154e+01	2.1391226e-25
6.6733688e+01	2.1389505e-25
6.6887577e+01	2.1387791e-25
6.7041820e+01	2.1386084e-25
6.7196419e+01	2.1384384e-25
6.7351374e+01	2.1382691e-25
6.7506687e+01	2.1381005e-25
6.7662358e+01	2.1379325e-25
6.7818388e+01	2.1377653e-25
6.7974778e+01	2.1375987e-25
6.8131528e+01	2.1374328e-25
6.8288640e+01	2.1372675e-25
6.8446114e+01	2.1371029e-25
6.8603951e+01	2.1369390e-25
6.8762153e+01	2.1367758e-25
6.8920719e+01	2.1366132e-25
6.9079650e+01	2.1364513e-25
6.9238949e+01	2.1362900e-25
6.9398614e+01	2.1361294e-25
6.9558648e+01	2.1359695e-25
6.9719051e+01	2.1358102e-25
6.9879823e+01	2.1356516e-25
7.0040967e+01	2.1354936e-25
7.0202482e+01	2.1353362e-25
7.0364369e+01	2.1351795e-25
7.0526630e+01	2.1350235e-25
7.0689265e+01	2.1348681e-25
7.0852275e+01	2.1347133e-25
7.1015661e+01	2.1345591e-25
7.1179423e+01	2.1344056e-25
7.1343564e+01	2.1342528e-25
7.1508083e+01	2.1341005e-25
7.1672981e+01	2.1339489e-25
7.1838259e+01	2.1337979e-25
7.2003919e+01	2.1336476e-25
7.2169960e+01	2.1334978e-25
7.2336385e+01	2.1333487e-25
7.2503193e+01	2.1332002e-25
7.2670386e+01	2.1330523e-25
7.2837964e+01	2.1329051e-25
7.3005929e+01	2.1327584e-25
7.3174282e+01	2.1326124e-25
7.3343022e+01	2.1324669e-25
7.3512152e+01	2.1323221e-25
7.3681671e+01	2.1321779e-25
7.3851582e+01	2.1320343e-25
7.4021884e+01	2.1318913e-25
7.4192579e+01	2.1317489e-25
7.4363668e+01	2.1316071e-25
7.4535151e+01	2.1314659e-25
7.4707029e+01	2.1313252e-25
7.4879304e+01	2.1311852e-25
7.5051977e+01	2.1310458e-25
7.5225047e+01	2.1309070e-25
7.5398517e+01	2.1307687e-25
7.5572386e+01	2.1306310e-25
7.5746657e+01	2.1304940e-25
7.5921329e+01	2.1303575e-25
7.6096404e+01	2.1302216e-25
7.6271883e+01	2.1300862e-25
7.6447767e+01	2.1299515e-25
7.6624056e+01	2.1298173e-25
7.6800751e+01	2.1296837e-25
7.6977855e+01	2.1295507e-25
7.7155366e+01	2.1294182e-25
7.7333287e+01	2.1292864e-25
7.7511618e+01	2.1291551e-25
7.7690361e+01	2.1290243e-25
7.7869515e+01	2.1288941e-25
7.8049083e+01	2.1287645e-25
7.8229065e+01	2.1286355e-25
7.8409461e+01	2.1285070e-25
7.8590274e+01	2.1283791e-25
7.8771504e+01	2.1282517e-25
7.8953152e+01	2.1281249e-25
7.9135218e+01	2.1279987e-25
7.9317705e+01	2.1278730e-25
7.9500612e+01	2.1277478e-25
7.9683941e+01	2.1276232e-25
7.9867693e+01	2.1274992e-25
8.0051868e+01	2.1273757e-25
8.0236468e+01	2.1272527e-25
8.0421494e+01	2.1271303e-25
8.0606947e+01	2.1270085e-25
8.0792827e+01	2.1268872e-25
8.0979136e+01	2.1267664e-25
8.1165874e+01	2.1266462e-25
8.1353044e+01	2.1265265e-25
8.1540644e+01	2.1264073e-25
8.1728678e+01	2.1262887e-25
8.1917145e+01	2.1261706e-25
8.2106046e+01	2.1260531e-25
8.2295383e+01	2.1259360e-25
8.2485157e+01	2.1258196e-25
8.2675369e+01	2.1257036e-25
8.2866019e+01	2.1255882e-25
8.3057108e+01	2.1254733e-25
8.3248639e+01	2.1253589e-25
8.3440611e+01	2.1252451e-25
8.3633025e+01	2.1251317e-25
8.3825884e+01	2.1250189e-25
8.4019187e+01	2.1249067e-25
8.4212936e+01	2.1247949e-25
8.4407131e+01	2.1246837e-25
8.4601775e+01	2.1245730e-25
8.4796867e+01	2.1244627e-25
8.4992409e+01	2.1243531e-25
8.5188403e+01	2.1242439e-25
8.5384848e+01	2.1241352e-25
8.5581746e+01	2.1240271e-25
8.5779098e+01	2.1239194e-25
8.5976905e+01	2.1238123e-25
8.6175169e+01	2.1237057e-25
8.6373889e+01	2.1235996e-25
8.6573068e+01	2.1234940e-25
8.6772706e+01	2.1233889e-25
8.6972805e+01	2.1232843e-25
8.7173365e+01	2.1231802e-25
8.7374387e+01	2.1230766e-25
8.7575873e+01	2.1229735e-25
8.7777824e+01	2.1228709e-25
8.7980240e+01	2.1227688e-25
8.8183123e+01	2.1226672e-25
8.8386474e+01	2.1225662e-25
8.8590294e+01	2.1224656e-25
8.8794584e+01	2.1223655e-25
8.8999345e+01	2.1222659e-25
8.9204578e+01	2.1221667e-25
8.9410285e+01	2.1220681e-25
8.9616465e+01	2.1219700e-25
8.9823122e+01	2.1218724e-25
9.0030254e+01	2.1217752e-25
9.0237865e+01	2.1216785e-25
9.0445954e+01	2.1215824e-25
9.0654523e+01	2.1214867e-25
9.0863573e+01	2.1213915e-25
9.1073105e+01	2.1212968e-25
9.1283120e+01	2.1212025e-25
9.1493620e+01	2.1211088e-25
9.1704605e+01	2.1210155e-25
9.1916077e+01	2.1209228e-25
9.2128036e+01	2.1208305e-25
9.2340484e+01	2.1207386e-25
9.2553422e+01	2.1206473e-25
9.2766850e+01	2.1205564e-25
9.2980771e+01	2.1204660e-25
9.3195186e+01	2.1203761e-25
9.3410095e+01	2.1202867e-25
9.3625499e+01	2.1201978e-25
9.3841400e+01	2.1201093e-25
9.4057799e+01	2.1200213e-25
9.4274697e+01	2.1199337e-25
9.4492095e+01	2.1198467e-25
9.4709995e+01	2.1197601e-25
9.4928397e+01	2.1196739e-25
9.5147302e+01	2.1195883e-25
9.5366713e+01	2.1195031e-25
9.5586629e+01	2.1194184e-25
9.5807053e+01	2.1193342e-25
9.6027984e+01	2.1192504e-25
9.6249426e+01	2.1191671e-25
9.6471378e+01	2.1190842e-25
9.6693841e+01	2.1190018e-25
9.6916818e+01	2.1189199e-25
9.7140309e+01	2.1188385e-25
9.7364315e+01	2.1187575e-25
9.7588838e+01	2.1186770e-25
9.7813879e+01	2.1185969e-25
9.8039438e+01	2.1185173e-25
9.8265518e+01	2.1184381e-25
9.8492119e+01	2.1183595e-25
9.8719243e+01	2.1182812e-25
9.8946890e+01	2.1182035e-25
9.9175062e+01	2.1181262e-25
9.9403761e+01	2.1180493e-25
9.9632987e+01	2.1179729e-25
9.9862741e+01	2.1178970e-25
1.0009303e+02	2.1178215e-25
1.0032384e+02	2.1177465e-25
1.0055519e+02	2.1176719e-25
1.0078707e+02	2.1175978e-25
1.0101948e+02	2.1175242e-25
1.0125244e+02	2.1174510e-25
1.0148593e+02	2.1173782e-25
1.0171995e+02	2.1173059e-25
1.0195452e+02	2.1172341e-25
1.0218963e+02	2.1171627e-25
1.0242528e+02	2.1170917e-25
1.0266147e+02	2.1170213e-25
1.0289821e+02	2.1169512e-25
1.0313549e+02	2.1168816e-25
1.0337332e+02	2.1168125e-25
1.0361170e+02	2.1167438e-25
1.0385063e+02	2.1166756e-25
1.0409011e+02	2.1166078e-25
1.0433015e+02	2.1165404e-25
1.0457073e+02	2.1164735e-25
1.0481187e+02	2.1164071e-25
1.0505357e+02	2.1163411e-25
1.0529582e+02	2.1162755e-25
1.0553864e+02	2.1162104e-25
1.0578201e+02	2.1161457e-25
1.0602594e+02	2.1160815e-25
1.0627044e+02	2.1160177e-25
1.0651550e+02	2.1159544e-25
1.0676113e+02	2.1158915e-25
1.0700732e+02	2.1158291e-25
1.0725408e+02	2.1157671e-25
1.0750141e+02	2.1157055e-25
1.0774931e+02	2.1156444e-25
1.0799778e+02	2.1155838e-25
1.0824682e+02	2.1155235e-25
1.0849644e+02	2.1154637e-25
1.0874663e+02	2.1154044e-25
1.0899740e+02	2.1153455e-25
1.0924875e+02	2.1152871e-25
1.0950068e+02	2.1152290e-25
1.0975319e+02	2.1151715e-25
1.1000628e+02	2.1151143e-25
1.1025996e+02	2.1150576e-25
1.1051422e+02	2.1150014e-25
1.1076906e+02	2.1149456e-25
1.1102450e+02	2.1148902e-25
1.1128052e+02	2.1148353e-25
1.1153714e+02	2.1147808e-25
1.1179434e+02	2.1147268e-25
1.1205214e+02	2.1146731e-25
1.1231053e+02	2.1146200e-25
1.1256952e+02	2.1145673e-25
1.1282911e+02	2.1145150e-25
1.1308929e+02	2.1144631e-25
1.1335008e+02	2.1144117e-25
1.1361146e+02	2.1143607e-25
1.1387345e+02	2.1143102e-25
1.1413605e+02	2.1142601e-25
1.1439924e+02	2.1142104e-25
1.1466305e+02	2.1141612e-25
1.1492746e+02	2.1141125e-25
1.1519249e+02	2.1140641e-25
1.1545812e+02	2.1140162e-25
1.1572437e+02	2.1139688e-25
1.1599123e+02	2.1139217e-25
1.1625871e+02	2.1138751e-25
1.1652680e+02	2.1138290e-25
1.1679551e+02	2.1137833e-25
1.1706484e+02	2.1137380e-25
1.1733480e+02	2.1136932e-25
1.1760537e+02	2.1136488e-25
1.1787657e+02	2.1136048e-25
1.1814839e+02	2.1135613e-25
1.1842085e+02	2.1135183e-25
1.1869392e+02	2.1134756e-25
1.1896763e+02	2.1134334e-25
1.1924197e+02	2.1133917e-25
1.1951695e+02	2.1133503e-25
1.1979255e+02	2.1133095e-25
1.2006880e+02	2.1132690e-25
1.2034568e+02	2.1132290e-25
1.2062319e+02	2.1131895e-25
1.2090135e+02	2.1131503e-25
1.2118015e+02	2.1131117e-25
1.2145959e+02	2.1130734e-25
1.2173968e+02	2.1130356e-25
1.2202041e+02	2.1129982e-25
1.2230179e+02	2.1129613e-25
1.2258382e+02	2.1129248e-25
1.2286650e+02	2.1128888e-25
1.2314983e+02	2.1128532e-25
1.2343382e+02	2.1128180e-25
1.2371846e+02	2.1127833e-25
1.2400375e+02	2.1127490e-25
1.2428971e+02	2.1127152e-25
1.2457632e+02	2.1126818e-25
1.2486359e+02	2.1126489e-25
1.2515153e+02	2.1126163e-25
1.2544013e+02	2.1125843e-25
1.2572940e+02	2.1125527e-25
1.2601933e+02	2.1125215e-25
1.2630993e+02	2.1124907e-25
1.2660120e+02	2.1124604e-25
1.2689314e+02	2.1124306e-25
1.2718576e+02	2.1124012e-25
1.2747905e+02	2.1123722e-25
1.2777302e+02	2.1123437e-25
1.2806767e+02	2.1123156e-25
1.2836299e+02	2.1122880e-25
1.2865900e+02	2.1122608e-25
1.2895569e+02	2.1122341e-25
1.2925306e+02	2.1122078e-25
1.2955112e+02	2.1121820e-25
1.2984986e+02	2.1121566e-25
1.3014930e+02	2.1121316e-25
1.3044942e+02	2.1121071e-25
1.3075024e+02	2.1120831e-25
1.3105175e+02	2.1120595e-25
1.3135396e+02	2.1120363e-25
1.3165686e+02	2.1120136e-25
1.3196046e+02	2.1119914e-25
1.3226476e+02	2.1119696e-25
1.3256977e+02	2.1119482e-25
1.3287547e+02	2.1119273e-25
1.3318189e+02	2.1119069e-25
1.3348901e+02	2.1118869e-25
1.3379683e+02	2.1118674e-25
1.3410537e+02	2.1118483e-25
1.3441462e+02	2.1118296e-25
1.3472458e+02	2.1118115e-25
1.3503525e+02	2.1117937e-25
1.3534665e+02	2.1117765e-25
1.3565876e+02	2.1117597e-25
1.3597159e+02	2.1117433e-25
1.3628514e+02	2.1117274e-25
1.3659941e+02	2.1117120e-25
1.3691441e+02	2.1116970e-25
1.3723014e+02	2.1116825e-25
1.3754659e+02	2.1116684e-25
1.3786377e+02	2.1116548e-25
1.3818169e+02	2.1116417e-25
1.3850034e+02	2.1116290e-25
1.3881972e+02	2.1116168e-25
1.3913984e+02	2.1116050e-25
1.3946070e+02	2.1115937e-25
1.3978229e+02	2.1115829e-25
1.4010463e+02	2.1115725e-25
1.4042772e+02	2.1115626e-25
1.4075154e+02	2.1115532e-25
1.4107612e+02	2.1115442e-25
1.4140144e+02	2.1115357e-25
1.4172751e+02	2.1115277e-25
1.4205434e+02	2.1115201e-25
1.4238192e+02	2.1115130e-25
1.4271025e+02	2.1115064e-25
1.4303934e+02	2.1115002e-25
1.4336919e+02	2.1114946e-25
1.4369980e+02	2.1114894e-25
1.4403117e+02	2.1114846e-25
1.4436331e+02	2.1114804e-25
1.4469621e+02	2.1114766e-25
1.4502988e+02	2.1114733e-25
1.4536432e+02	2.1114704e-25
1.4569954e+02	2.1114681e-25
1.4603552e+02	2.1114662e-25
1.4637228e+02	2.1114648e-25
1.4670981e+02	2.1114639e-25
1.4704813e+02	2.1114634e-25
1.4738722e+02	2.1114635e-25
1.4772710e+02	2.1114640e-25
1.4806776e+02	2.1114650e-25
1.4840920e+02	2.1114665e-25
1.4875144e+02	2.1114685e-25
1.4909446e+02	2.1114709e-25
1.4943827e+02	2.1114739e-25
1.4978288e+02	2.1114773e-25
1.5012828e+02	2.1114812e-25
1.5047447e+02	2.1114857e-25
1.5082147e+02	2.1114906e-25
1.5116927e+02	2.1114960e-25
1.5151786e+02	2.1115019e-25
1.5186726e+02	2.1115082e-25
1.5221747e+02	2.1115151e-25
1.5256849e+02	2.1115225e-25
1.5292031e+02	2.1115304e-25
1.5327295e+02	2.1115387e-25
1.5362639e+02	2.1115476e-25
1.5398066e+02	2.1115570e-25
1.5433574e+02	2.1115668e-25
1.5469164e+02	2.1115772e-25
1.5504836e+02	2.1115881e-25
1.5540590e+02	2.1115994e-25
1.5576427e+02	2.1116113e-25
1.5612346e+02	2.1116237e-25
1.5648348e+02	2.1116366e-25
1.5684434e+02	2.1116500e-25
1.5720602e+02	2.1116639e-25
1.5756854e+02	2.1116784e-25
1.5793189e+02	2.1116933e-25
1.5829608e+02	2.1117087e-25
1.5866112e+02	2.1117247e-25
1.5902699e+02	2.1117412e-25
1.5939371e+02	2.1117582e-25
1.5976127e+02	2.1117757e-25
1.6012968e+02	2.1117937e-25
1.6049894e+02	2.1118123e-25
1.6086905e+02	2.1118314e-25
1.6124002e+02	2.1118510e-25
1.6161184e+02	2.1118711e-25
1.6198452e+02	2.1118917e-25
1.6235805e+02	2.1119129e-25
1.6273245e+02	2.1119346e-25
1.6310772e+02	2.1119568e-25
1.6348384e+02	2.1119796e-25
1.6386084e+02	2.1120029e-25
1.6423870e+02	2.1120267e-25
1.6461744e+02	2.1120511e-25
1.6499705e+02	2.1120760e-25
1.6537753e+02	2.1121014e-25
1.6575889e+02	2.1121274e-25
1.6614114e+02	2.1121539e-25
1.6652426e+02	2.1121810e-25
1.6690826e+02	2.1122086e-25
1.6729316e+02	2.1122367e-25
1.6767894e+02	2.1122654e-25
1.6806560e+02	2.1122947e-25
1.6845316e+02	2.1123245e-25
1.6884162e+02	2.1123548e-25
1.6923097e+02	2.1123857e-25
1.6962122e+02	2.1124171e-25
1.7001236e+02	2.1124491e-25
1.7040441e+02	2.1124817e-25
1.7079737e+02	2.1125148e-25
1.7119123e+02	2.1125485e-25
1.7158600e+02	2.1125827e-25
1.7198168e+02	2.1126175e-25
1.7237827e+02	2.1126529e-25
1.7277577e+02	2.1126888e-25
1.7317419e+02	2.1127253e-25
1.7357354e+02	2.1127624e-25
1.7397380e+02	2.1128000e-25
1.7437498e+02	2.1128382e-25
1.7477709e+02	2.1128770e-25
1.7518013e+02	2.1129164e-25
1.7558410e+02	2.1129563e-25
1.7598899e+02	2.1129968e-25
1.7639483e+02	2.1130379e-25
1.7680159e+02	2.1130796e-25
1.7720930e+02	2.1131219e-25
1.7761795e+02	2.1131647e-25
1.7802753e+02	2.1132082e-25
1.7843807e+02	2.1132522e-25
1.7884955e+02	2.1132968e-25
1.7926198e+02	2.1133421e-25
1.7967535e+02	2.1133879e-25
1.8008969e+02	2.1134343e-25
1.8050498e+02	2.1134813e-25
1.8092122e+02	2.1135289e-25
1.8133843e+02	2.1135771e-25
1.8175659e+02	2.1136259e-25
1.8217573e+02	2.1136754e-25
1.8259583e+02	2.1137254e-25
1.8301689e+02	2.1137761e-25
1.8343893e+02	2.1138273e-25
1.8386194e+02	2.1138792e-25
1.8428593e+02	2.1139317e-25
1.8471089e+02	2.1139848e-25
1.8513684e+02	2.1140385e-25
1.8556377e+02	2.1140929e-25
1.8599168e+02	2.1141478e-25
1.8642058e+02	2.1142035e-25
1.8685046e+02	2.1142597e-25
1.8728134e+02	2.1143166e-25
1.8771321e+02	2.1143741e-25
1.8814608e+02	2.1144322e-25
1.8857995e+02	2.1144910e-25
1.8901482e+02	2.1145504e-25
1.8945068e+02	2.1146104e-25
1.8988756e+02	2.1146711e-25
1.9032544e+02	2.1147325e-25
1.9076433e+02	2.1147945e-25
1.9120424e+02	2.1148571e-25
1.9164516e+02	2.1149204e-25
1.9208709e+02	2.1149844e-25
1.9253005e+02	2.1150490e-25
1.9297402e+02	2.1151143e-25
1.9341902e+02	2.1151802e-25
1.9386505e+02	2.1152468e-25
1.9431210e+02	2.1153141e-25
1.9476019e+02	2.1153820e-25
1.9520930e+02	2.1154506e-25
1.9565946e+02	2.1155199e-25
1.9611065e+02	2.1155899e-25
1.9656288e+02	2.1156606e-25
1.9701616e+02	2.1157319e-25
1.9747048e+02	2.1158039e-25
1.9792585e+02	2.1158766e-25
1.9838227e+02	2.1159500e-25
1.9883974e+02	2.1160241e-25
1.9929826e+02	2.1160989e-25
1.9975785e+02	2.1161744e-25
2.0021849e+02	2.1162506e-25
2.0068020e+02	2.1163275e-25
2.0114297e+02	2.1164051e-25
2.0160680e+02	2.1164835e-25
2.0207171e+02	2.1165625e-25
2.0253769e+02	2.1166423e-25
2.0300474e+02	2.1167227e-25
2.0347287e+02	2.1168039e-25
2.0394208e+02	2.1168859e-25
2.0441237e+02	2.1169686e-25
2.0488375e+02	2.1170520e-25
2.0535621e+02	2.1171361e-25
2.0582977e+02	2.1172210e-25
2.0630441e+02	2.1173066e-25
2.0678015e+02	2.1173930e-25
2.0725699e+02	2.1174801e-25
2.0773492e+02	2.1175680e-25
2.0821396e+02	2.1176567e-25
2.0869411e+02	2.1177461e-25
2.0917536e+02	2.1178363e-25
2.0965772e+02	2.1179273e-25
2.1014119e+02	2.1180191e-25
2.1062578e+02	2.1181116e-25
2.1111148e+02	2.1182049e-25
2.1159831e+02	2.1182991e-25
2.1208625e+02	2.1183940e-25
2.1257533e+02	2.1184898e-25
2.1306553e+02	2.1185864e-25
2.1355686e+02	2.1186838e-25
2.1404932e+02	2.1187820e-25
2.1454292e+02	2.1188811e-25
2.1503766e+02	2.1189810e-25
2.1553354e+02	2.1190818e-25
2.1603056e+02	2.1191834e-25
2.1652873e+02	2.1192860e-25
2.1702804e+02	2.1193894e-25
2.1752851e+02	2.1194937e-25
2.1803013e+02	2.1195990e-25
2.1853291e+02	2.1197052e-25
2.1903685e+02	2.1198124e-25
2.1954195e+02	2.1199205e-25
2.2004822e+02	2.1200296e-25
2.2055565e+02	2.1201398e-25
2.2106425e+02	2.1202510e-25
2.2157403e+02	2.1203633e-25
2.2208498e+02	2.1204768e-25
2.2259711e+02	2.1205914e-25
2.2311042e+02	2.1207072e-25
2.2362491e+02	2.1208243e-25
2.2414060e+02	2.1209427e-25
2.2465747e+02	2.1210626e-25
2.2517553e+02	2.1211841e-25
2.2569478e+02	2.1213071e-25
2.2621524e+02	2.1214320e-25
2.2673689e+02	2.1215589e-25
2.2725975e+02	2.1216879e-25
2.2778381e+02	2.1218195e-25
2.2830908e+02	2.1219539e-25
2.2883556e+02	2.1220915e-25
2.2936326e+02	2.1222330e-25
2.2989217e+02	2.1223792e-25
2.3042231e+02	2.1225310e-25
2.3095366e+02	2.1226900e-25
2.3148624e+02	2.1228580e-25
2.3202005e+02	2.1230380e-25
2.3255509e+02	2.1232342e-25
2.3309137e+02	2.1234529e-25
2.3362888e+02	2.1237046e-25
2.3416763e+02	2.1240063e-25
2.3470762e+02	2.1243885e-25
2.3524886e+02	2.1249096e-25
2.3579134e+02	2.1256937e-25
2.3633508e+02	2.1270443e-25
2.3688007e+02	2.1298783e-25
2.3742632e+02	2.1381541e-25
2.3797382e+02	2.1898334e-25
2.3852259e+02	3.6947030e-25
2.3907263e+02	2.1600066e-25
2.3962393e+02	2.1346726e-25
2.4017651e+02	2.1293504e-25
2.4073036e+02	2.1274785e-25
2.4128548e+02	2.1266649e-25
2.4184189e+02	2.1262813e-25
2.4239958e+02	2.1261050e-25
2.4295855e+02	2.1260410e-25
2.4351882e+02	2.1260432e-25
2.4408037e+02	2.1260870e-25
2.4464322e+02	2.1261586e-25
2.4520737e+02	2.1262493e-25
2.4577282e+02	2.1263539e-25
2.4633958e+02	2.1264688e-25
2.4690764e+02	2.1265916e-25
2.4747701e+02	2.1267206e-25
2.4804769e+02	2.1268547e-25
2.4861969e+02	2.1269930e-25
2.4919301e+02	2.1271348e-25
2.4976765e+02	2.1272796e-25
2.5034362e+02	2.1274271e-25
2.5092091e+02	2.1275769e-25
2.5149954e+02	2.1277289e-25
2.5207950e+02	2.1278828e-25
2.5266080e+02	2.1280386e-25
2.5324343e+02	2.1281961e-25
2.5382742e+02	2.1283551e-25
2.5441274e+02	2.1285157e-25
2.5499942e+02	2.1286778e-25
2.5558745e+02	2.1288413e-25
2.5617684e+02	2.1290061e-25
2.5676758e+02	2.1291723e-25
2.5735969e+02	2.1293398e-25
2.5795317e+02	2.1295086e-25
2.5854801e+02	2.1296787e-25
2.5914422e+02	2.1298500e-25
2.5974181e+02	2.1300225e-25
2.6034078e+02	2.1301963e-25
2.6094112e+02	2.1303713e-25
2.6154286e+02	2.1305474e-25
2.6214598e+02	2.1307248e-25
2.6275049e+02	2.1309034e-25
2.6335639e+02	2.1310832e-25
2.6396369e+02	2.1312641e-25
2.6457240e+02	2.1314463e-25
2.6518250e+02	2.1316296e-25
2.6579401e+02	2.1318141e-25
2.6640694e+02	2.1319998e-25
2.6702127e+02	2.1321867e-25
2.6763703e+02	2.1323748e-25
2.6825420e+02	2.1325641e-25
2.6887280e+02	2.1327545e-25
2.6949282e+02	2.1329462e-25
2.7011427e+02	2.1331391e-25
2.7073716e+02	2.1333331e-25
2.7136148e+02	2.1335284e-25
2.7198724e+02	2.1337249e-25
2.7261444e+02	2.1339226e-25
2.7324310e+02	2.1341215e-25
2.7387320e+02	2.1343216e-25
2.7450475e+02	2.1345229e-25
2.7513776e+02	2.1347255e-25
2.7577223e+02	2.1349293e-25
2.7640816e+02	2.1351343e-25
2.7704556e+02	2.1353406e-25
2.7768443e+02	2.1355481e-25
2.7832477e+02	2.1357568e-25
2.7896659e+02	2.1359668e-25
2.7960989e+02	2.1361781e-25
2.8025467e+02	2.1363906e-25
2.8090094e+02	2.1366044e-25
2.8154870e+02	2.1368195e-25
2.8219796e+02	2.1370359e-25
2.8284871e+02	2.1372535e-25
2.8350096e+02	2.1374724e-25
2.8415471e+02	2.1376927e-25
2.8480998e+02	2.1379142e-25
2.8546675e+02	2.1381370e-25
2.8612504e+02	2.1383611e-25
2.8678485e+02	2.1385866e-25
2.8744617e+02	2.1388134e-25
2.8810903e+02	2.1390415e-25
2.8877341e+02	2.1392709e-25
2.8943932e+02	2.1395017e-25
2.9010677e+02	2.1397338e-25
2.9077576e+02	2.1399673e-25
2.9144629e+02	2.1402021e-25
2.9211837e+02	2.1404383e-25
2.9279200e+02	2.1406758e-25
2.9346718e+02	2.1409148e-25
2.9414391e+02	2.1411551e-25
2.9482221e+02	2.1413968e-25
2.9550207e+02	2.1416398e-25
2.9618350e+02	2.1418843e-25
2.9686651e+02	2.1421302e-25
2.9755108e+02	2.1423775e-25
2.9823724e+02	2.1426263e-25
2.9892498e+02	2.1428764e-25
2.9961430e+02	2.1431280e-25
3.0030521e+02	2.1433810e-25
3.0099772e+02	2.1436354e-25
3.0169182e+02	2.1438914e-25
3.0238752e+02	2.1441487e-25
3.0308483e+02	2.1444075e-25
3.0378375e+02	2.1446678e-25
3.0448428e+02	2.1449296e-25
3.0518642e+02	2.1451929e-25
3.0589018e+02	2.1454576e-25
3.0659557e+02	2.1457239e-25
3.0730258e+02	2.1459916e-25
3.0801122e+02	2.1462609e-25
3.0872150e+02	2.1465317e-25
3.0943341e+02	2.1468040e-25
3.1014697e+02	2.1470778e-25
3.1086217e+02	2.1473532e-25
3.1157902e+02	2.1476301e-25
3.1229752e+02	2.1479085e-25
3.1301768e+02	2.1481886e-25
3.1373950e+02	2.1484702e-25
3.1446299e+02	2.1487533e-25
3.1518814e+02	2.1490381e-25
3.1591497e+02	2.1493244e-25
3.1664347e+02	2.1496124e-25
3.1737365e+02	2.1499019e-25
3.1810552e+02	2.1501931e-25
3.1883907e+02	2.1504858e-25
3.1957432e+02	2.1507802e-25
3.2031126e+02	2.1510763e-25
3.2104990e+02	2.1513739e-25
3.2179024e+02	2.1516732e-25
3.2253229e+02	2.1519742e-25
3.2327606e+02	2.1522769e-25
3.2402153e+02	2.1525812e-25
3.2476873e+02	2.1528872e-25
3.2551765e+02	2.1531949e-25
3.2626829e+02	2.1535042e-25
3.2702067e+02	2.1538153e-25
3.2777478e+02	2.1541281e-25
3.2853063e+02	2.1544426e-25
3.2928823e+02	2.1547589e-25
3.3004757e+02	2.1550768e-25
3.3080866e+02	2.1553966e-25
3.3157151e+02	2.1557180e-25
3.3233612e+02	2.1560413e-25
3.3310249e+02	2.1563663e-25
3.3387062e+02	2.1566930e-25
3.3464053e+02	2.1570216e-25
3.3541221e+02	2.1573520e-25
3.3618568e+02	2.1576841e-25
3.3696092e+02	2.1580181e-25
3.3773796e+02	2.1583539e-25
3.3851679e+02	2.1586915e-25
3.3929741e+02	2.1590310e-25
3.4007983e+02	2.1593723e-25
3.4086406e+02	2.1597155e-25
3.4165009e+02	2.1600605e-25
3.4243794e+02	2.1604074e-25
3.4322760e+02	2.1607561e-25
3.4401909e+02	2.1611068e-25
3.4481240e+02	2.1614594e-25
3.4560754e+02	2.1618139e-25
3.4640451e+02	2.1621702e-25
3.4720333e+02	2.1625286e-25
3.4800398e+02	2.1628888e-25
3.4880648e+02	2.1632510e-25
3.4961083e+02	2.1636152e-25
3.5041703e+02	2.1639813e-25
3.5122510e+02	2.1643494e-25
3.5203503e+02	2.1647194e-25
3.5284682e+02	2.1650915e-25
3.5366049e+02	2.1654656e-25
3.5447603e+02	2.1658416e-25
3.5529346e+02	2.1662197e-25
3.5611277e+02	2.1665998e-25
3.5693397e+02	2.1669820e-25
3.5775706e+02	2.1673662e-25
3.5858205e+02	2.1677525e-25
3.5940894e+02	2.1681408e-25
3.6023774e+02	2.1685313e-25
3.6106845e+02	2.1689238e-25
3.6190108e+02	2.1693184e-25
3.6273563e+02	2.1697151e-25
3.6357210e+02	2.1701139e-25
3.6441050e+02	2.1705149e-25
3.6525083e+02	2.1709180e-25
3.6609310e+02	2.1713233e-25
3.6693731e+02	2.1717307e-25
3.6778347e+02	2.1721403e-25
3.6863159e+02	2.1725521e-25
3.6948165e+02	2.1729660e-25
3.7033368e+02	2.1733822e-25
3.7118767e+02	2.1738006e-25
3.7204364e+02	2.1742212e-25
3.7290157e+02	2.1746441e-25
3.7376148e+02	2.1750691e-25
3.7462338e+02	2.1754965e-25
3.7548727e+02	2.1759261e-25
3.7635314e+02	2.1763580e-25
3.7722102e+02	2.1767922e-25
3.7809089e+02	2.1772287e-25
3.7896277e+02	2.1776675e-25
3.7983666e+02	2.1781086e-25
3.8071257e+02	2.1785521e-25
3.8159049e+02	2.1789979e-25
3.8247044e+02	2.1794460e-25
3.8335242e+02	2.1798966e-25
3.8423644e+02	2.1803495e-25
3.8512249e+02	2.1808048e-25
3.8601059e+02	2.1812625e-25
3.8690073e+02	2.1817226e-25
3.8779292e+02	2.1821852e-25
3.8868718e+02	2.1826502e-25
3.8958349e+02	2.1831176e-25
3.9048188e+02	2.1835876e-25
3.9138233e+02	2.1840599e-25
3.9228486e+02	2.1845348e-25
3.9318947e+02	2.1850122e-25
3.9409617e+02	2.1854921e-25
3.9500496e+02	2.1859745e-25
3.9591584e+02	2.1864595e-25
3.9682883e+02	2.1869470e-25
3.9774392e+02	2.1874370e-25
3.9866112e+02	2.1879297e-25
3.9958044e+02	2.1884249e-25
4.0050187e+02	2.1889227e-25
4.0142543e+02	2.1894231e-25
4.0235112e+02	2.1899262e-25
4.0327895e+02	2.1904319e-25
4.0420891e+02	2.1909403e-25
4.0514102e+02	2.1914513e-25
4.0607528e+02	2.1919650e-25
4.0701169e+02	2.1924814e-25
4.0795026e+02	2.1930005e-25
4.0889100e+02	2.1935223e-25
4.0983390e+02	2.1940469e-25
4.1077898e+02	2.1945741e-25
4.1172624e+02	2.1951042e-25
4.1267569e+02	2.1956370e-25
4.1362732e+02	2.1961726e-25
4.1458115e+02	2.1967110e-25
4.1553718e+02	2.1972523e-25
4.1649541e+02	2.1977963e-25
4.1745585e+02	2.1983432e-25
4.1841851e+02	2.1988930e-25
4.1938338e+02	2.1994456e-25
4.2035048e+02	2.2000011e-25
4.2131982e+02	2.2005595e-25
4.2229138e+02	2.2011208e-25
4.2326519e+02	2.2016851e-25
4.2424124e+02	2.2022523e-25
4.2521955e+02	2.2028224e-25
4.2620010e+02	2.2033955e-25
4.2718293e+02	2.2039717e-25
4.2816801e+02	2.2045508e-25
4.2915537e+02	2.2051329e-25
4.3014501e+02	2.2057181e-25
4.3113692e+02	2.2063063e-25
4.3213113e+02	2.2068975e-25
4.3312763e+02	2.2074919e-25
4.3412642e+02	2.2080894e-25
4.3512752e+02	2.2086899e-25
4.3613093e+02	2.2092936e-25
4.3713665e+02	2.2099004e-25
4.3814469e+02	2.2105104e-25
4.3915506e+02	2.2111236e-25
4.4016775e+02	2.2117400e-25
4.4118278e+02	2.2123595e-25
4.4220015e+02	2.2129823e-25
4.4321987e+02	2.2136084e-25
4.4424194e+02	2.2142376e-25
4.4526636e+02	2.2148702e-25
4.4629315e+02	2.2155061e-25
4.4732231e+02	2.2161453e-25
4.4835383e+02	2.2167878e-25
4.4938774e+02	2.2174337e-25
4.5042403e+02	2.2180829e-25
4.5146271e+02	2.2187355e-25
4.5250379e+02	2.2193916e-25
4.5354727e+02	2.2200511e-25
4.5459315e+02	2.2207140e-25
4.5564145e+02	2.2213804e-25
4.5669216e+02	2.2220504e-25
4.5774529e+02	2.2227239e-25
4.5880086e+02	2.2234010e-25
4.5985886e+02	2.2240817e-25
4.6091930e+02	2.2247661e-25
4.6198218e+02	2.2254542e-25
4.6304751e+02	2.2261462e-25
4.6411530e+02	2.2268421e-25
4.6518556e+02	2.2275422e-25
4.6625828e+02	2.2282465e-25
4.6733347e+02	2.2289556e-25
4.6841115e+02	2.2296700e-25
4.6949131e+02	2.2303908e-25
4.7057396e+02	2.2311200e-25
4.7165911e+02	2.2318619e-25
4.7274676e+02	2.2326273e-25
4.7383691e+02	2.2334492e-25
4.7492958e+02	2.2344762e-25
4.7602478e+02	2.2373170e-25
4.7712249e+02	2.2670270e-25
4.7822274e+02	2.2372267e-25
4.7932553e+02	2.2372447e-25
4.8043085e+02	2.2378299e-25
4.8153873e+02	2.2385217e-25
4.8264916e+02	2.2392496e-25
4.8376216e+02	2.2399946e-25
4.8487772e+02	2.2407501e-25
4.8599585e+02	2.2415130e-25
4.8711656e+02	2.2422820e-25
4.8823985e+02	2.2430562e-25
4.8936574e+02	2.2438353e-25
4.9049422e+02	2.2446191e-25
4.9162530e+02	2.2454073e-25
4.9275899e+02	2.2461999e-25
4.9389530e+02	2.2469968e-25
4.9503423e+02	2.2477979e-25
4.9617578e+02	2.2486034e-25
4.9731996e+02	2.2494131e-25
4.9846679e+02	2.2502271e-25
4.9961626e+02	2.2510454e-25
5.0076837e+02	2.2518679e-25
5.0192315e+02	2.2526947e-25
5.0308059e+02	2.2535259e-25
5.0424070e+02	2.2543613e-25
5.0540348e+02	2.2552011e-25
5.0656894e+02	2.2560453e-25
5.0773710e+02	2.2568938e-25
5.0890794e+02	2.2577468e-25
5.1008149e+02	2.2586041e-25
5.1125774e+02	2.2594659e-25
5.1243670e+02	2.2603321e-25
5.1361839e+02	2.2612028e-25
5.1480279e+02	2.2620781e-25
5.1598993e+02	2.2629578e-25
5.1717981e+02	2.2638421e-25
5.1837243e+02	2.2647309e-25
5.1956780e+02	2.2656244e-25
5.2076593e+02	2.2665225e-25
5.2196682e+02	2.2674252e-25
5.2317048e+02	2.2683325e-25
5.2437691e+02	2.2692446e-25
5.2558613e+02	2.2701613e-25
5.2679814e+02	2.2710828e-25
5.2801294e+02	2.2720091e-25
5.2923054e+02	2.2729401e-25
5.3045095e+02	2.2738759e-25
5.3167417e+02	2.2748166e-25
5.3290022e+02	2.2757621e-25
5.3412909e+02	2.2767125e-25
5.3536079e+02	2.2776678e-25
5.3659534e+02	2.2786281e-25
5.3783273e+02	2.2795933e-25
5.3907298e+02	2.2805634e-25
5.4031609e+02	2.2815386e-25
5.4156206e+02	2.2825188e-25
5.4281090e+02	2.2835041e-25
5.4406263e+02	2.2844944e-25
5.4531724e+02	2.2854899e-25
5.4657475e+02	2.2864905e-25
5.4783515e+02	2.2874963e-25
5.4909847e+02	2.2885072e-25
5.5036469e+02	2.2895234e-25
5.5163384e+02	2.2905448e-25
5.5290591e+02	2.2915715e-25
5.5418091e+02	2.2926035e-25
5.5545886e+02	2.2936408e-25
5.5673975e+02	2.2946835e-25
5.5802360e+02	2.2957316e-25
5.5931040e+02	2.2967850e-25
5.6060018e+02	2.2978439e-25
5.6189293e+02	2.2989083e-25
5.6318866e+02	2.2999781e-25
5.6448737e+02	2.3010535e-25
5.6578909e+02	2.3021345e-25
5.6709380e+02	2.3032210e-25
5.6840152e+02	2.3043131e-25
5.6971226e+02	2.3054109e-25
5.7102602e+02	2.3065143e-25
5.7234281e+02	2.3076234e-25
5.7366264e+02	2.3087383e-25
5.7498551e+02	2.3098589e-25
5.7631143e+02	2.3109853e-25
5.7764041e+02	2.3121175e-25
5.7897245e+02	2.3132556e-25
5.8030757e+02	2.3143995e-25
5.8164576e+02	2.3155494e-25
5.8298704e+02	2.3167052e-25
5.8433141e+02	2.3178670e-25
5.8567889e+02	2.3190347e-25
5.8702947e+02	2.3202085e-25
5.8838316e+02	2.3213884e-25
5.8973998e+02	2.3225744e-25
5.9109992e+02	2.3237665e-25
5.9246300e+02	2.3249647e-25
5.9382923e+02	2.3261692e-25
5.9519860e+02	2.3273798e-25
5.9657113e+02	2.3285968e-25
5.9794683e+02	2.3298200e-25
5.9932570e+02	2.3310495e-25
6.0070775e+02	2.3322854e-25
6.0209299e+02	2.3335277e-25
6.0348142e+02	2.3347764e-25
6.0487305e+02	2.3360316e-25
6.0626789e+02	2.3372933e-25
6.0766595e+02	2.3385615e-25
6.0906723e+02	2.3398362e-25
6.1047175e+02	2.3411175e-25
6.1187950e+02	2.3424055e-25
6.1329050e+02	2.3437002e-25
6.1470475e+02	2.3450015e-25
6.1612226e+02	2.3463096e-25
6.1754305e+02	2.3476244e-25
6.1896711e+02	2.3489460e-25
6.2039445e+02	2.3502745e-25
6.2182508e+02	2.3516099e-25
6.2325902e+02	2.3529522e-25
6.2469626e+02	2.3543014e-25
6.2613681e+02	2.3556576e-25
6.2758069e+02	2.3570208e-25
6.2902789e+02	2.3583911e-25
6.3047844e+02	2.3597685e-25
6.3193232e+02	2.3611531e-25
6.3338957e+02	2.3625448e-25
6.3485017e+02	2.3639437e-25
6.3631414e+02	2.3653498e-25
6.3778148e+02	2.3667633e-25
6.3925221e+02	2.3681841e-25
6.4072633e+02	2.3696122e-25
6.4220385e+02	2.3710477e-25
6.4368478e+02	2.3724907e-25
6.4516912e+02	2.3739412e-25
6.4665688e+02	2.3753992e-25
6.4814808e+02	2.3768647e-25
6.4964271e+02	2.3783379e-25
6.5114080e+02	2.3798186e-25
6.5264233e+02	2.3813071e-25
6.5414733e+02	2.3828033e-25
6.5565580e+02	2.3843073e-25
6.5716775e+02	2.3858190e-25
6.5868318e+02	2.3873386e-25
6.6020211e+02	2.3888661e-25
6.6172454e+02	2.3904016e-25
6.6325048e+02	2.3919450e-25
6.6477994e+02	2.3934964e-25
6.6631293e+02	2.3950558e-25
6.6784945e+02	2.3966234e-25
6.6938952e+02	2.3981991e-25
6.7093314e+02	2.3997830e-25
6.7248031e+02	2.4013752e-25
6.7403106e+02	2.4029756e-25
6.7558538e+02	2.4045843e-25
6.7714328e+02	2.4062014e-25
6.7870478e+02	2.4078269e-25
6.8026988e+02	2.4094608e-25
6.8183859e+02	2.4111033e-25
6.8341091e+02	2.4127543e-25
6.8498686e+02	2.4144139e-25
6.8656645e+02	2.4160821e-25
6.8814967e+02	2.4177591e-25
6.8973655e+02	2.4194447e-25
6.9132709e+02	2.4211392e-25
6.9292130e+02	2.4228425e-25
6.9451918e+02	2.4245547e-25
6.9612074e+02	2.4262759e-25
6.9772600e+02	2.4280061e-25
6.9933497e+02	2.4297454e-25
7.0094764e+02	2.4314939e-25
7.0256403e+02	2.4332517e-25
7.0418415e+02	2.4350191e-25
7.0580800e+02	2.4367962e-25
7.0743560e+02	2.4385838e-25
7.0906695e+02	2.4403834e-25
7.1070206e+02	2.4421992e-25
7.1234095e+02	2.4440504e-25
7.1398361e+02	2.4461338e-25
7.1563006e+02	2.4535395e-25
7.1728031e+02	2.4496282e-25
7.1893437e+02	2.4513736e-25
7.2059223e+02	2.4532108e-25
7.2225393e+02	2.4550722e-25
7.2391945e+02	2.4569480e-25
7.2558881e+02	2.4588354e-25
7.2726203e+02	2.4607336e-25
7.2893910e+02	2.4626422e-25
7.3062004e+02	2.4645610e-25
7.3230485e+02	2.4664901e-25
7.3399355e+02	2.4684293e-25
7.3568615e+02	2.4703787e-25
7.3738265e+02	2.4723384e-25
7.3908306e+02	2.4743083e-25
7.4078739e+02	2.4762886e-25
7.4249565e+02	2.4782793e-25
7.4420785e+02	2.4802803e-25
7.4592400e+02	2.4822919e-25
7.4764410e+02	2.4843139e-25
7.4936818e+02	2.4863466e-25
7.5109623e+02	2.4883898e-25
7.5282826e+02	2.4904438e-25
7.5456429e+02	2.4925085e-25
7.5630432e+02	2.4945841e-25
7.5804836e+02	2.4966705e-25
7.5979643e+02	2.4987678e-25
7.6154852e+02	2.5008761e-25
7.6330466e+02	2.5029954e-25
7.6506485e+02	2.5051258e-25
7.6682909e+02	2.5072674e-25
7.6859741e+02	2.5094202e-25
7.7036980e+02	2.5115843e-25
7.7214628e+02	2.5137597e-25
7.7392685e+02	2.5159465e-25
7.7571153e+02	2.5181448e-25
7.7750033e+02	2.5203546e-25
7.7929325e+02	2.5225759e-25
7.8109031e+02	2.5248090e-25
7.8289151e+02	2.5270537e-25
7.8469686e+02	2.5293102e-25
7.8650638e+02	2.5315785e-25
7.8832007e+02	2.5338588e-25
7.9013794e+02	2.5361510e-25
7.9196000e+02	2.5384552e-25
7.9378627e+02	2.5407715e-25
7.9561675e+02	2.5431000e-25
7.9745144e+02	2.5454407e-25
7.9929037e+02	2.5477937e-25
8.0113354e+02	2.5501590e-25
8.0298096e+02	2.5525368e-25
8.0483264e+02	2.5549271e-25
8.0668859e+02	2.5573299e-25
8.0854882e+02	2.5597453e-25
8.1041334e+02	2.5621735e-25
8.1228216e+02	2.5646144e-25
8.1415529e+02	2.5670681e-25
8.1603274e+02	2.5695347e-25
8.1791452e+02	2.5720143e-25
8.1980064e+02	2.5745070e-25
8.2169110e+02	2.5770128e-25
8.2358593e+02	2.5795317e-25
8.2548512e+02	2.5820639e-25
8.2738870e+02	2.5846094e-25
8.2929666e+02	2.5871683e-25
8.3120903e+02	2.5897407e-25
8.3312580e+02	2.5923267e-25
8.3504700e+02	2.5949263e-25
8.3697262e+02	2.5975395e-25
8.3890269e+02	2.6001665e-25
8.4083720e+02	2.6028074e-25
8.4277618e+02	2.6054622e-25
8.4471963e+02	2.6081309e-25
8.4666756e+02	2.6108138e-25
8.4861998e+02	2.6135108e-25
8.5057690e+02	2.6162220e-25
8.5253834e+02	2.6189475e-25
8.5450430e+02	2.6216873e-25
8.5647479e+02	2.6244417e-25
8.5844983e+02	2.6272105e-25
8.6042942e+02	2.6299940e-25
8.6241358e+02	2.6327922e-25
8.6440231e+02	2.6356051e-25
8.6639563e+02	2.6384329e-25
8.6839354e+02	2.6412757e-25
8.7039607e+02	2.6441334e-25
8.7240321e+02	2.6470062e-25
8.7441498e+02	2.6498943e-25
8.7643138e+02	2.6527975e-25
8.7845244e+02	2.6557162e-25
8.8047816e+02	2.6586502e-25
8.8250855e+02	2.6615998e-25
8.8454362e+02	2.6645649e-25
8.8658338e+02	2.6675458e-25
8.8862785e+02	2.6705424e-25
8.9067703e+02	2.6735548e-25
8.9273094e+02	2.6765832e-25
8.9478959e+02	2.6796277e-25
8.9685298e+02	2.6826882e-25
8.9892113e+02	2.6857650e-25
9.0099405e+02	2.6888580e-25
9.0307175e+02	2.6919674e-25
9.0515424e+02	2.6950933e-25
9.0724153e+02	2.6982358e-25
9.0933364e+02	2.7013949e-25
9.1143057e+02	2.7045707e-25
9.1353233e+02	2.7077634e-25
9.1563894e+02	2.7109730e-25
9.1775041e+02	2.7141996e-25
9.1986675e+02	2.7174433e-25
9.2198797e+02	2.7207043e-25
9.2411408e+02	2.7239825e-25
9.2624510e+02	2.7272782e-25
9.2838103e+02	2.7305913e-25
9.3052188e+02	2.7339221e-25
9.3266767e+02	2.7372705e-25
9.3481841e+02	2.7406368e-25
9.3697411e+02	2.7440210e-25
9.3913478e+02	2.7474232e-25
9.4130043e+02	2.7508437e-25
9.4347108e+02	2.7542827e-25
9.4564673e+02	2.7577406e-25
9.4782740e+02	2.7612188e-25
9.5001309e+02	2.7647230e-25
9.5220383e+02	2.7683212e-25
9.5439962e+02	2.7723498e-25
9.5660047e+02	2.7753273e-25
9.5880640e+02	2.7788745e-25
9.6101742e+02	2.7824567e-25
9.6323353e+02	2.7860611e-25
9.6545475e+02	2.7896856e-25
9.6768110e+02	2.7933298e-25
9.6991258e+02	2.7969937e-25
9.7214920e+02	2.8006771e-25
9.7439099e+02	2.8043803e-25
9.7663794e+02	2.8081032e-25
9.7889008e+02	2.8118460e-25
9.8114740e+02	2.8156087e-25
9.8340994e+02	2.8193915e-25
9.8567769e+02	2.8231944e-25
9.8795067e+02	2.8270177e-25
9.9022889e+02	2.8308613e-25
9.9251237e+02	2.8347255e-25
9.9480111e+02	2.8386102e-25
9.9709513e+02	2.8425157e-25
9.9939443e+02	2.8464420e-25
1.0016990e+03	2.8503892e-25
1.0040090e+03	2.8543576e-25
1.0063242e+03	2.8583471e-25
1.0086448e+03	2.8623579e-25
1.0109708e+03	2.8663901e-25
1.0133021e+03	2.8704439e-25
1.0156387e+03	2.8745193e-25
1.0179808e+03	2.8786165e-25
1.0203283e+03	2.8827356e-25
1.0226812e+03	2.8868767e-25
1.0250395e+03	2.8910400e-25
1.0274032e+03	2.8952255e-25
1.0297724e+03	2.8994333e-25
1.0321471e+03	2.9036637e-25
1.0345272e+03	2.9079168e-25
1.0369129e+03	2.9121925e-25
1.0393040e+03	2.9164912e-25
1.0417006e+03	2.9208128e-25
1.0441028e+03	2.9251576e-25
1.0465105e+03	2.9295257e-25
1.0489238e+03	2.9339171e-25
1.0513426e+03	2.9383321e-25
1.0537670e+03	2.9427707e-25
1.0561970e+03	2.9472331e-25
1.0586326e+03	2.9517195e-25
1.0610738e+03	2.9562298e-25
1.0635207e+03	2.9607644e-25
1.0659731e+03	2.9653232e-25
1.0684313e+03	2.9699065e-25
1.0708951e+03	2.9745144e-25
1.0733646e+03	2.9791470e-25
1.0758398e+03	2.9838045e-25
1.0783207e+03	2.9884870e-25
1.0808073e+03	2.9931946e-25
1.0832996e+03	2.9979275e-25
1.0857977e+03	3.0026857e-25
1.0883016e+03	3.0074696e-25
1.0908112e+03	3.0122791e-25
1.0933266e+03	3.0171145e-25
1.0958479e+03	3.0219759e-25
1.0983749e+03	3.0268634e-25
1.1009078e+03	3.0317772e-25
1.1034465e+03	3.0367174e-25
1.1059910e+03	3.0416841e-25
1.1085414e+03	3.0466776e-25
1.1110977e+03	3.0516980e-25
1.1136599e+03	3.0567453e-25
1.1162281e+03	3.0618199e-25
1.1188021e+03	3.0669217e-25
1.1213820e+03	3.0720510e-25
1.1239680e+03	3.0772080e-25
1.1265598e+03	3.0823927e-25
1.1291577e+03	3.0876054e-25
1.1317615e+03	3.0928461e-25
1.1343714e+03	3.0981151e-25
1.1369873e+03	3.1034125e-25
1.1396092e+03	3.1087384e-25
1.1422371e+03	3.1140931e-25
1.1448711e+03	3.1194767e-25
1.1475112e+03	3.1248893e-25
1.1501574e+03	3.1303311e-25
1.1528096e+03	3.1358023e-25
1.1554680e+03	3.1413031e-25
1.1581325e+03	3.1468335e-25
1.1608032e+03	3.1523938e-25
1.1634800e+03	3.1579842e-25
1.1661630e+03	3.1636048e-25
1.1688522e+03	3.1692557e-25
1.1715476e+03	3.1749373e-25
1.1742492e+03	3.1806495e-25
1.1769570e+03	3.1863928e-25
1.1796711e+03	3.1921672e-25
1.1823914e+03	3.1979731e-25
1.1851180e+03	3.2038112e-25
1.1878509e+03	3.2096839e-25
1.1905901e+03	3.2156283e-25
1.1933356e+03	3.2216098e-25
1.1960875e+03	3.2274819e-25
1.1988456e+03	3.2334728e-25
1.2016102e+03	3.2395004e-25
1.2043811e+03	3.2455615e-25
1.2071584e+03	3.2516558e-25
1.2099421e+03	3.2577832e-25
1.2127323e+03	3.2639440e-25
1.2155288e+03	3.2701382e-25
1.2183319e+03	3.2763660e-25
1.2211413e+03	3.2826277e-25
1.2239573e+03	3.2889233e-25
1.2267798e+03	3.2952532e-25
1.2296087e+03	3.3016174e-25
1.2324442e+03	3.3080162e-25
1.2352862e+03	3.3144498e-25
1.2381348e+03	3.3209184e-25
1.2409900e+03	3.3274221e-25
1.2438517e+03	3.3339612e-25
1.2467200e+03	3.3405358e-25
1.2495950e+03	3.3471463e-25
1.2524766e+03	3.3537927e-25
1.2553648e+03	3.3604753e-25
1.2582597e+03	3.3671943e-25
1.2611612e+03	3.3739499e-25
1.2640695e+03	3.3807423e-25
1.2669844e+03	3.3875717e-25
1.2699061e+03	3.3944383e-25
1.2728345e+03	3.4013424e-25
1.2757697e+03	3.4082841e-25
1.2787116e+03	3.4152637e-25
1.2816603e+03	3.4222814e-25
1.2846158e+03	3.4293374e-25
1.2875782e+03	3.4364319e-25
1.2905473e+03	3.4435652e-25
1.2935233e+03	3.4507374e-25
1.2965062e+03	3.4579488e-25
1.2994960e+03	3.4651996e-25
1.3024926e+03	3.4724901e-25
1.3054962e+03	3.4798205e-25
1.3085067e+03	3.4871910e-25
1.3115241e+03	3.4946018e-25
1.3145485e+03	3.5020531e-25
1.3175798e+03	3.5095453e-25
1.3206182e+03	3.5170785e-25
1.3236635e+03	3.5246530e-25
1.3267159e+03	3.5322690e-25
1.3297753e+03	3.5399267e-25
1.3328418e+03	3.5476265e-25
1.3359154e+03	3.5553685e-25
1.3389960e+03	3.5631530e-25
1.3420837e+03	3.5709802e-25
1.3451786e+03	3.5788504e-25
1.3482806e+03	3.5867638e-25
1.3513897e+03	3.5947207e-25
1.3545060e+03	3.6027214e-25
1.3576295e+03	3.6107660e-25
1.3607602e+03	3.6188549e-25
1.3638982e+03	3.6269884e-25
1.3670433e+03	3.6351665e-25
1.3701957e+03	3.6433898e-25
1.3733554e+03	3.6516583e-25
1.3765224e+03	3.6599723e-25
1.3796966e+03	3.6683322e-25
1.3828782e+03	3.6767382e-25
1.3860672e+03	3.6851906e-25
1.3892634e+03	3.6936896e-25
1.3924671e+03	3.7022356e-25
1.3956781e+03	3.7108287e-25
1.3988966e+03	3.7194693e-25
1.4021224e+03	3.7281577e-25
1.4053558e+03	3.7368941e-25
1.4085965e+03	3.7456788e-25
1.4118448e+03	3.7545122e-25
1.4151005e+03	3.7633945e-25
1.4183637e+03	3.7723261e-25
1.4216345e+03	3.7813074e-25
1.4249128e+03	3.7903395e-25
1.4281986e+03	3.7994312e-25
1.4314921e+03	3.8086558e-25
1.4347931e+03	3.8177352e-25
1.4381017e+03	3.8269648e-25
1.4414180e+03	3.8362481e-25
1.4447419e+03	3.8455834e-25
1.4480735e+03	3.8549707e-25
1.4514128e+03	3.8644103e-25
1.4547598e+03	3.8739025e-25
1.4581144e+03	3.8834475e-25
1.4614769e+03	3.8930456e-25
1.4648470e+03	3.9026973e-25
1.4682250e+03	3.9124027e-25
1.4716107e+03	3.9221623e-25
1.4750043e+03	3.9319763e-25
1.4784056e+03	3.9418452e-25
1.4818149e+03	3.9517691e-25
1.4852319e+03	3.9617484e-25
1.4886569e+03	3.9717836e-25
1.4920897e+03	3.9818749e-25
1.4955305e+03	3.9920226e-25
1.4989792e+03	4.0022272e-25
1.5024359e+03	4.0124889e-25
1.5059005e+03	4.0228081e-25
1.5093731e+03	4.0331852e-25
1.5128538e+03	4.0436205e-25
1.5163424e+03	4.0541143e-25
1.5198391e+03	4.0646671e-25
1.5233439e+03	4.0752792e-25
1.5268567e+03	4.0859510e-25
1.5303776e+03	4.0966828e-25
1.5339067e+03	4.1074750e-25
1.5374439e+03	4.1183280e-25
1.5409893e+03	4.1292421e-25
1.5445428e+03	4.1402178e-25
1.5481045e+03	4.1512554e-25
1.5516745e+03	4.1623553e-25
1.5552526e+03	4.1735179e-25
1.5588391e+03	4.1847436e-25
1.5624338e+03	4.1960328e-25
1.5660367e+03	4.2073858e-25
1.5696480e+03	4.2188032e-25
1.5732677e+03	4.2302852e-25
1.5768956e+03	4.2418323e-25
1.5805320e+03	4.2534449e-25
1.5841767e+03	4.2651235e-25
1.5878298e+03	4.2768683e-25
1.5914913e+03	4.2886800e-25
1.5951613e+03	4.3005588e-25
1.5988398e+03	4.3125053e-25
1.6025267e+03	4.3245197e-25
1.6062222e+03	4.3366027e-25
1.6099261e+03	4.3487546e-25
1.6136386e+03	4.3609758e-25
1.6173597e+03	4.3732669e-25
1.6210893e+03	4.3856282e-25
1.6248276e+03	4.3980602e-25
1.6285744e+03	4.4105633e-25
1.6323300e+03	4.4231381e-25
1.6360941e+03	4.4357850e-25
1.6398670e+03	4.4485045e-25
1.6436485e+03	4.4612970e-25
1.6474388e+03	4.4741630e-25
1.6512378e+03	4.4871030e-25
1.6550456e+03	4.5001175e-25
1.6588621e+03	4.5132072e-25
1.6626874e+03	4.5263728e-25
1.6665216e+03	4.5396204e-25
1.6703646e+03	4.5529611e-25
1.6742165e+03	4.5663257e-25
1.6780773e+03	4.5797960e-25
1.6819469e+03	4.5933453e-25
1.6858255e+03	4.6069733e-25
1.6897130e+03	4.6206804e-25
1.6936095e+03	4.6344671e-25
1.6975150e+03	4.6483339e-25
1.7014295e+03	4.6622813e-25
1.7053530e+03	4.6763099e-25
1.7092855e+03	4.6904202e-25
1.7132272e+03	4.7046127e-25
1.7171779e+03	4.7188881e-25
1.7211377e+03	4.7332468e-25
1.7251067e+03	4.7476896e-25
1.7290848e+03	4.7622168e-25
1.7330721e+03	4.7768291e-25
1.7370685e+03	4.7915271e-25
1.7410742e+03	4.8063114e-25
1.7450892e+03	4.8211826e-25
1.7491133e+03	4.8361412e-25
1.7531468e+03	4.8511879e-25
1.7571896e+03	4.8663233e-25
1.7612417e+03	4.8815480e-25
1.7653031e+03	4.8968625e-25
1.7693739e+03	4.9122677e-25
1.7734541e+03	4.9277640e-25
1.7775437e+03	4.9433522e-25
1.7816427e+03	4.9590328e-25
1.7857512e+03	4.9748065e-25
1.7898692e+03	4.9906741e-25
1.7939966e+03	5.0066360e-25
1.7981336e+03	5.0226931e-25
1.8022801e+03	5.0388460e-25
1.8064362e+03	5.0550954e-25
1.8106018e+03	5.0714420e-25
1.8147771e+03	5.0878864e-25
1.8189620e+03	5.1044294e-25
1.8231565e+03	5.1210717e-25
1.8273607e+03	5.1378141e-25
1.8315746e+03	5.1546571e-25
1.8357983e+03	5.1716017e-25
1.8400316e+03	5.1886485e-25
1.8442748e+03	5.2057982e-25
1.8485277e+03	5.2230517e-25
1.8527904e+03	5.2404097e-25
1.8570629e+03	5.2578729e-25
1.8613453e+03	5.2754422e-25
1.8656376e+03	5.2931184e-25
1.8699398e+03	5.3109022e-25
1.8742519e+03	5.3287944e-25
1.8785739e+03	5.3467960e-25
1.8829059e+03	5.3649076e-25
1.8872479e+03	5.3831301e-25
1.8915999e+03	5.4014645e-25
1.8959620e+03	5.4199115e-25
1.9003341e+03	5.4384724e-25
1.9047163e+03	5.4571514e-25
1.9091086e+03	5.4759515e-25
1.9135110e+03	5.4948435e-25
1.9179235e+03	5.5138658e-25
1.9223463e+03	5.5330067e-25
1.9267792e+03	5.5522665e-25
1.9312224e+03	5.5716461e-25
1.9356758e+03	5.5911464e-25
1.9401395e+03	5.6107685e-25
1.9446135e+03	5.6305131e-25
1.9490978e+03	5.6503814e-25
1.9535924e+03	5.6703742e-25
1.9580974e+03	5.6904927e-25
1.9626128e+03	5.7107377e-25
1.9671386e+03	5.7311104e-25
1.9716748e+03	5.7516116e-25
1.9762215e+03	5.7722426e-25
1.9807787e+03	5.7930043e-25
1.9853464e+03	5.8138979e-25
1.9899246e+03	5.8349243e-25
1.9945134e+03	5.8560847e-25
1.9991128e+03	5.8773802e-25
2.0037227e+03	5.8988119e-25
2.0083433e+03	5.9203810e-25
2.0129746e+03	5.9420886e-25
2.0176165e+03	5.9639358e-25
2.0222692e+03	5.9859239e-25
2.0269325e+03	6.0080540e-25
2.0316067e+03	6.0303273e-25
2.0362916e+03	6.0527451e-25
2.0409873e+03	6.0753087e-25
2.0456938e+03	6.0980191e-25
2.0504112e+03	6.1208778e-25
2.0551394e+03	6.1438860e-25
2.0598786e+03	6.1670450e-25
2.0646287e+03	6.1903561e-25
2.0693898e+03	6.2138208e-25
2.0741618e+03	6.2374402e-25
2.0789448e+03	6.2612158e-25
2.0837389e+03	6.2851491e-25
2.0885440e+03	6.3092413e-25
2.0933602e+03	6.3334939e-25
2.0981875e+03	6.3579085e-25
2.1030259e+03	6.3824863e-25
2.1078755e+03	6.4072290e-25
2.1127363e+03	6.4321381e-25
2.1176083e+03	6.4572150e-25
2.1224915e+03	6.4824613e-25
2.1273860e+03	6.5078786e-25
2.1322918e+03	6.5334686e-25
2.1372088e+03	6.5592329e-25
2.1421373e+03	6.5851746e-25
2.1470771e+03	6.6113145e-25
2.1520282e+03	6.6375873e-25
2.1569908e+03	6.6640642e-25
2.1619649e+03	6.6907242e-25
2.1669504e+03	6.7175687e-25
2.1719474e+03	6.7445994e-25
2.1769559e+03	6.7718181e-25
2.1819760e+03	6.7992266e-25
2.1870076e+03	6.8268269e-25
2.1920509e+03	6.8546207e-25
2.1971058e+03	6.8826101e-25
2.2021723e+03	6.9107969e-25
2.2072505e+03	6.9391832e-25
2.2123405e+03	6.9677709e-25
2.2174421e+03	6.9965622e-25
2.2225556e+03	7.0255591e-25
2.2276808e+03	7.0547636e-25
2.2328179e+03	7.0841780e-25
2.2379668e+03	7.1138044e-25
2.2431275e+03	7.1436451e-25
2.2483002e+03	7.1737022e-25
2.2534848e+03	7.2039781e-25
2.2586814e+03	7.2344750e-25
2.2638899e+03	7.2651954e-25
2.2691104e+03	7.2961416e-25
2.2743430e+03	7.3273160e-25
2.2795877e+03	7.3587212e-25
2.2848444e+03	7.3904041e-25
2.2901133e+03	7.4223231e-25
2.2953943e+03	7.4544803e-25
2.3006875e+03	7.4868781e-25
2.3059929e+03	7.5195195e-25
2.3113105e+03	7.5524070e-25
2.3166404e+03	7.5855435e-25
2.3219826e+03	7.6189318e-25
2.3273371e+03	7.6525748e-25
2.3327040e+03	7.6864754e-25
2.3380832e+03	7.7206366e-25
2.3434749e+03	7.7550615e-25
2.3488789e+03	7.7897531e-25
2.3542955e+03	7.8247145e-25
2.3597245e+03	7.8599490e-25
2.3651660e+03	7.8954599e-25
2.3706201e+03	7.9312505e-25
2.3760868e+03	7.9673243e-25
2.3815661e+03	8.0036874e-25
2.3870580e+03	8.0403378e-25
2.3925626e+03	8.0772779e-25
2.3980798e+03	8.1145184e-25
2.4036098e+03	8.1520601e-25
2.4091526e+03	8.1899065e-25
2.4147081e+03	8.2280614e-25
2.4202764e+03	8.2665289e-25
2.4258576e+03	8.3053129e-25
2.4314516e+03	8.3444175e-25
2.4370586e+03	8.3838468e-25
2.4426785e+03	8.4236052e-25
2.4483113e+03	8.4636969e-25
2.4539571e+03	8.5041264e-25
2.4596160e+03	8.5448981e-25
2.4652879e+03	8.5860168e-25
2.4709728e+03	8.6274870e-25
2.4766709e+03	8.6693137e-25
2.4823821e+03	8.7115016e-25
2.4881065e+03	8.7540558e-25
2.4938441e+03	8.7969814e-25
2.4995949e+03	8.8402836e-25
2.5053590e+03	8.8839677e-25
2.5111364e+03	8.9280392e-25
2.5169271e+03	8.9725037e-25
2.5227312e+03	9.0173667e-25
2.5285486e+03	9.0626342e-25
2.5343794e+03	9.1083120e-25
2.5402237e+03	9.1544063e-25
2.5460815e+03	9.2009231e-25
2.5519528e+03	9.2478689e-25
2.5578376e+03	9.2952502e-25
2.5637360e+03	9.3430736e-25
2.5696480e+03	9.3913458e-25
2.5755736e+03	9.4400738e-25
2.5815129e+03	9.4892647e-25
2.5874659e+03	9.5389259e-25
2.5934326e+03	9.5890647e-25
2.5994131e+03	9.6396887e-25
2.6054074e+03	9.6908059e-25
2.6114155e+03	9.7424242e-25
2.6174374e+03	9.7945523e-25
2.6234732e+03	9.8472603e-25
2.6295230e+03	9.9003684e-25
2.6355867e+03	9.9540744e-25
2.6416644e+03	1.0008325e-24
2.6477561e+03	1.0063129e-24
2.6538618e+03	1.0118495e-24
2.6599816e+03	1.0174435e-24
2.6661156e+03	1.0230957e-24
2.6722637e+03	1.0288072e-24
2.6784259e+03	1.0345790e-24
2.6846024e+03	1.0404122e-24
2.6907931e+03	1.0463080e-24
2.6969981e+03	1.0522674e-24
2.7032174e+03	1.0582917e-24
2.7094510e+03	1.0643820e-24
2.7156991e+03	1.0705396e-24
2.7219615e+03	1.0767657e-24
2.7282383e+03	1.0830616e-24
2.7345297e+03	1.0894288e-24
2.7408355e+03	1.0958685e-24
2.7471559e+03	1.1023821e-24
2.7534909e+03	1.1089713e-24
2.7598405e+03	1.1156373e-24
2.7662047e+03	1.1223818e-24
2.7725836e+03	1.1292064e-24
2.7789772e+03	1.1361127e-24
2.7853855e+03	1.1431024e-24
2.7918086e+03	1.1501772e-24
2.7982465e+03	1.1573389e-24
2.8046993e+03	1.1645894e-24
2.8111670e+03	1.1719305e-24
2.8176496e+03	1.1793643e-24
2.8241471e+03	1.1868927e-24
2.8306596e+03	1.1945177e-24
2.8371871e+03	1.2022417e-24
2.8437297e+03	1.2100668e-24
2.8502873e+03	1.2179952e-24
2.8568601e+03	1.2260295e-24
2.8634481e+03	1.2341723e-24
2.8700512e+03	1.2424248e-24
2.8766696e+03	1.2507912e-24
2.8833032e+03	1.2592736e-24
2.8899521e+03	1.2678748e-24
2.8966164e+03	1.2765978e-24
2.9032960e+03	1.2854454e-24
2.9099910e+03	1.2944208e-24
2.9167015e+03	1.3035271e-24
2.9234274e+03	1.3127677e-24
2.9301688e+03	1.3221461e-24
2.9369258e+03	1.3316657e-24
2.9436984e+03	1.3413303e-24
2.9504866e+03	1.3511437e-24
2.9572904e+03	1.3611098e-24
2.9641100e+03	1.3712328e-24
2.9709452e+03	1.3815169e-24
2.9777963e+03	1.3919666e-24
2.9846631e+03	1.4025864e-24
2.9915457e+03	1.4133812e-24
2.9984443e+03	1.4243559e-24
3.0053587e+03	1.4355158e-24
3.0122891e+03	1.4468661e-24
3.0192354e+03	1.4584124e-24
3.0261978e+03	1.4701607e-24
3.0331763e+03	1.4821170e-24
3.0401708e+03	1.4942875e-24
3.0471814e+03	1.5066789e-24
3.0542083e+03	1.5192980e-24
3.0612513e+03	1.5321520e-24
3.0683106e+03	1.5452484e-24
3.0753861e+03	1.5585950e-24
3.0824780e+03	1.5721999e-24
3.0895862e+03	1.5860717e-24
3.0967108e+03	1.6002195e-24
3.1038518e+03	1.6146518e-24
3.1110093e+03	1.6293788e-24
3.1181833e+03	1.6444110e-24
3.1253739e+03	1.6597588e-24
3.1325810e+03	1.6754335e-24
3.1398048e+03	1.6914466e-24
3.1470452e+03	1.7078106e-24
3.1543023e+03	1.7245382e-24
3.1615762e+03	1.7416432e-24
3.1688668e+03	1.7591395e-24
3.1761742e+03	1.7770423e-24
3.1834985e+03	1.7953672e-24
3.1908397e+03	1.8141308e-24
3.1981978e+03	1.8333505e-24
3.2055728e+03	1.8530445e-24
3.2129649e+03	1.8732323e-24
3.2203740e+03	1.8939341e-24
3.2278002e+03	1.9151716e-24
3.2352436e+03	1.9369673e-24
3.2427041e+03	1.9593453e-24
3.2501818e+03	1.9823309e-24
3.2576767e+03	2.0059509e-24
3.2651889e+03	2.0302338e-24
3.2727185e+03	2.0552094e-24
3.2802654e+03	2.0809098e-24
3.2878297e+03	2.1073686e-24
3.2954115e+03	2.1346217e-24
3.3030107e+03	2.1627072e-24
3.3106275e+03	2.1916654e-24
3.3182618e+03	2.2215393e-24
3.3259138e+03	2.2523747e-24
3.3335833e+03	2.2842205e-24
3.3412706e+03	2.3171283e-24
3.3489756e+03	2.3511525e-24
3.3566984e+03	2.3863534e-24
3.3644389e+03	2.4227934e-24
3.3721974e+03	2.4605396e-24
3.3799737e+03	2.4996638e-24
3.3877679e+03	2.5402427e-24
3.3955801e+03	2.5823581e-24
3.4034104e+03	2.6260978e-24
3.4112587e+03	2.6715556e-24
3.4191251e+03	2.7188320e-24
3.4270096e+03	2.7680342e-24
3.4349123e+03	2.8192774e-24
3.4428332e+03	2.8726845e-24
3.4507724e+03	2.9283871e-24
3.4587299e+03	2.9865258e-24
3.4667058e+03	3.0472506e-24
3.4747000e+03	3.1107216e-24
3.4827127e+03	3.1771092e-24
3.4907439e+03	3.2465942e-24
3.4987936e+03	3.3193678e-24
3.5068618e+03	3.3956319e-24
3.5149487e+03	3.4755980e-24
3.5230542e+03	3.5594861e-24
3.5311784e+03	3.6475234e-24
3.5393213e+03	3.7399414e-24
3.5474830e+03	3.8369719e-24
3.5556635e+03	3.9388420e-24
3.5638629e+03	4.0457664e-24
3.5720812e+03	4.1579377e-24
3.5803184e+03	4.2755116e-24
3.5885747e+03	4.3985896e-24
3.5968500e+03	4.5271993e-24
3.6051443e+03	4.6612596e-24
3.6134578e+03	4.8005464e-24
3.6217905e+03	4.9446468e-24
3.6301424e+03	5.0929040e-24
3.6385135e+03	5.2443544e-24
3.6469039e+03	5.3976571e-24
3.6553137e+03	5.5510229e-24
3.6637429e+03	5.7021487e-24
3.6721915e+03	5.8481728e-24
3.6806596e+03	5.9856665e-24
3.6891472e+03	6.1106863e-24
3.6976544e+03	6.2189059e-24
3.7061813e+03	6.3058445e-24
3.7147277e+03	6.3671896e-24
3.7232939e+03	6.3991903e-24
3.7318799e+03	6.3990658e-24
3.7404856e+03	6.3653581e-24
3.7491112e+03	6.2981490e-24
3.7577567e+03	6.1990910e-24
3.7664221e+03	6.0712376e-24
3.7751075e+03	5.9187111e-24
3.7838129e+03	5.7462800e-24
3.7925384e+03	5.5589264e-24
3.8012841e+03	5.3614716e-24
3.8100498e+03	5.1583017e-24
3.8188359e+03	4.9531990e-24
3.8276421e+03	4.7492741e-24
3.8364687e+03	4.5489770e-24
3.8453156e+03	4.3541435e-24
3.8541829e+03	4.1660805e-24
3.8630707e+03	3.9856551e-24
3.8719790e+03	3.8133818e-24
3.8809078e+03	3.6495019e-24
3.8898572e+03	3.4940508e-24
3.8988272e+03	3.3469138e-24
3.9078180e+03	3.2078708e-24
3.9168294e+03	3.0766308e-24
3.9258617e+03	2.9528586e-24
3.9349147e+03	2.8361943e-24
3.9439887e+03	2.7262682e-24
3.9530835e+03	2.6227111e-24
3.9621994e+03	2.5251614e-24
3.9713362e+03	2.4332702e-24
3.9804942e+03	2.3467044e-24
3.9896732e+03	2.2651483e-24
3.9988734e+03	2.1883047e-24
4.0080949e+03	2.1158949e-24
4.0173376e+03	2.0476585e-24
4.0266016e+03	1.9833530e-24
4.0358870e+03	1.9227525e-24
4.0451937e+03	1.8656472e-24
4.0545220e+03	1.8118502e-24
4.0638718e+03	1.7611566e-24
4.0732431e+03	1.7134223e-24
4.0826360e+03	1.6684834e-24
4.0920506e+03	1.6261945e-24
4.1014869e+03	1.5864207e-24
4.1109450e+03	1.5490360e-24
4.1204248e+03	1.5139229e-24
4.1299266e+03	1.4809717e-24
4.1394502e+03	1.4500794e-24
4.1489958e+03	1.4211496e-24
4.1585634e+03	1.3940915e-24
4.1681531e+03	1.3688197e-24
4.1777649e+03	1.3452535e-24
4.1873988e+03	1.3233165e-24
4.1970550e+03	1.3029362e-24
4.2067335e+03	1.2840440e-24
4.2164342e+03	1.2665741e-24
4.2261574e+03	1.2504642e-24
4.2359029e+03	1.2356545e-24
4.2456709e+03	1.2220878e-24
4.2554615e+03	1.2097095e-24
4.2652746e+03	1.1984668e-24
4.2751104e+03	1.1883095e-24
4.2849688e+03	1.1791890e-24
4.2948500e+03	1.1710591e-24
4.3047539e+03	1.1638735e-24
4.3146807e+03	1.1575907e-24
4.3246304e+03	1.1521687e-24
4.3346030e+03	1.1475676e-24
4.3445987e+03	1.1437490e-24
4.3546173e+03	1.1406762e-24
4.3646591e+03	1.1383137e-24
4.3747241e+03	1.1366278e-24
4.3848122e+03	1.1355858e-24
4.3949236e+03	1.1351565e-24
4.4050583e+03	1.1353103e-24
4.4152164e+03	1.1360185e-24
4.4253980e+03	1.1372538e-24
4.4356030e+03	1.1389904e-24
4.4458315e+03	1.1412033e-24
4.4560836e+03	1.1438690e-24
4.4663594e+03	1.1469649e-24
4.4766588e+03	1.1504696e-24
4.4869821e+03	1.1543629e-24
4.4973291e+03	1.1586253e-24
4.5076999e+03	1.1632386e-24
4.5180947e+03	1.1681854e-24
4.5285135e+03	1.1734501e-24
4.5389563e+03	1.1790146e-24
4.5494231e+03	1.1848667e-24
4.5599142e+03	1.1909916e-24
4.5704294e+03	1.1973762e-24
4.5809688e+03	1.2040080e-24
4.5915325e+03	1.2108755e-24
4.6021207e+03	1.2179674e-24
4.6127332e+03	1.2252734e-24
4.6233702e+03	1.2327838e-24
4.6340317e+03	1.2404892e-24
4.6447178e+03	1.2483809e-24
4.6554286e+03	1.2564510e-24
4.6661640e+03	1.2646915e-24
4.6769242e+03	1.2730954e-24
4.6877093e+03	1.2816558e-24
4.6985192e+03	1.2903665e-24
4.7093540e+03	1.2992214e-24
4.7202138e+03	1.3082150e-24
4.7310986e+03	1.3173420e-24
4.7420086e+03	1.3265975e-24
4.7529437e+03	1.3359770e-24
4.7639040e+03	1.3454762e-24
4.7748896e+03	1.3550910e-24
4.7859005e+03	1.3648178e-24
4.7969369e+03	1.3746529e-24
4.8079986e+03	1.3845933e-24
4.8190859e+03	1.3946359e-24
4.8301988e+03	1.4047778e-24
4.8413372e+03	1.4150165e-24
4.8525014e+03	1.4253494e-24
4.8636913e+03	1.4357745e-24
4.8749070e+03	1.4462896e-24
4.8861486e+03	1.4568928e-24
4.8974161e+03	1.4675824e-24
4.9087096e+03	1.4783566e-24
4.9200291e+03	1.4892142e-24
4.9313747e+03	1.5001537e-24
4.9427465e+03	1.5111738e-24
4.9541445e+03	1.5222735e-24
4.9655688e+03	1.5334518e-24
4.9770194e+03	1.5447078e-24
4.9884965e+03	1.5560408e-24
5.0000000e+03	1.5674499e-24
