5.0000000e+00	2.6548920e-20
5.0115300e+00	2.8638745e-20
5.0230867e+00	3.1261446e-20
5.0346699e+00	3.4636891e-20
5.0462799e+00	3.9125930e-20
5.0579167e+00	4.5364928e-20
5.0695803e+00	5.4590674e-20
5.0812708e+00	6.9567007e-20
5.0929882e+00	9.7993682e-20
5.1047327e+00	1.7241198e-19
5.1165042e+00	8.6802806e-19
5.1283029e+00	2.6675354e-19
5.1401288e+00	1.1222147e-19
5.1519820e+00	6.9714325e-20
5.1638625e+00	4.9854322e-20
5.1757704e+00	3.8367728e-20
5.1877058e+00	3.0892798e-20
5.1996687e+00	2.5648649e-20
5.2116592e+00	2.1772372e-20
5.2236773e+00	1.8795088e-20
5.2357231e+00	1.6440091e-20
5.2477968e+00	1.4533549e-20
5.2598982e+00	1.2960766e-20
5.2720276e+00	1.1643009e-20
5.2841849e+00	1.0524441e-20
5.2963703e+00	9.5643639e-21
5.3085838e+00	8.7324155e-21
5.3208254e+00	8.0054858e-21
5.3330953e+00	7.3656750e-21
5.3453934e+00	6.7989049e-21
5.3577199e+00	6.2939517e-21
5.3700749e+00	5.8417581e-21
5.3824583e+00	5.4349357e-21
5.3948703e+00	5.0673982e-21
5.4073109e+00	4.7340870e-21
5.4197802e+00	4.4307638e-21
5.4322783e+00	4.1538511e-21
5.4448051e+00	3.9003088e-21
5.4573609e+00	3.6675375e-21
5.4699456e+00	3.4533011e-21
5.4825594e+00	3.2556666e-21
5.4952022e+00	3.0729541e-21
5.5078742e+00	2.9036970e-21
5.5205754e+00	2.7466098e-21
5.5333058e+00	2.6005605e-21
5.5460657e+00	2.4645493e-21
5.5588550e+00	2.3376894e-21
5.5716737e+00	2.2191918e-21
5.5845220e+00	2.1083524e-21
5.5974000e+00	2.0045410e-21
5.6103076e+00	1.9071919e-21
5.6232451e+00	1.8157958e-21
5.6362123e+00	1.7298933e-21
5.6492094e+00	1.6490689e-21
5.6622366e+00	1.5729460e-21
5.6752937e+00	1.5011824e-21
5.6883810e+00	1.4334666e-21
5.7014985e+00	1.3695146e-21
5.7146461e+00	1.3090668e-21
5.7278242e+00	1.2518856e-21
5.7410326e+00	1.1977531e-21
5.7542714e+00	1.1464692e-21
5.7675408e+00	1.0978498e-21
5.7808408e+00	1.0517254e-21
5.7941715e+00	1.0079396e-21
5.8075329e+00	9.6634771e-22
5.8209251e+00	9.2681620e-22
5.8343482e+00	8.8922120e-22
5.8478023e+00	8.5344790e-22
5.8612873e+00	8.1938969e-22
5.8748035e+00	7.8694748e-22
5.8883508e+00	7.5602909e-22
5.9019294e+00	7.2654863e-22
5.9155393e+00	6.9842603e-22
5.9291806e+00	6.7158656e-22
5.9428533e+00	6.4596041e-22
5.9565576e+00	6.2148230e-22
5.9702935e+00	5.9809114e-22
5.9840610e+00	5.7572971e-22
5.9978603e+00	5.5434437e-22
6.0116914e+00	5.3388478e-22
6.0255544e+00	5.1430371e-22
6.0394494e+00	4.9555675e-22
6.0533764e+00	4.7760215e-22
6.0673355e+00	4.6040064e-22
6.0813269e+00	4.4391523e-22
6.0953505e+00	4.2811106e-22
6.1094064e+00	4.1295529e-22
6.1234947e+00	3.9841690e-22
6.1376155e+00	3.8446665e-22
6.1517689e+00	3.7107689e-22
6.1659550e+00	3.5822150e-22
6.1801737e+00	3.4587577e-22
6.1944252e+00	3.3401635e-22
6.2087096e+00	3.2262109e-22
6.2230269e+00	3.1166906e-22
6.2373773e+00	3.0114040e-22
6.2517607e+00	2.9101627e-22
6.2661773e+00	2.8127884e-22
6.2806272e+00	2.7191115e-22
6.2951104e+00	2.6289712e-22
6.3096269e+00	2.5422146e-22
6.3241770e+00	2.4586967e-22
6.3387606e+00	2.3782795e-22
6.3533778e+00	2.3008316e-22
6.3680288e+00	2.2262283e-22
6.3827135e+00	2.1543506e-22
6.3974321e+00	2.0850855e-22
6.4121846e+00	2.0183252e-22
6.4269711e+00	1.9539669e-22
6.4417918e+00	1.8919129e-22
6.4566466e+00	1.8320697e-22
6.4715357e+00	1.7743485e-22
6.4864591e+00	1.7186641e-22
6.5014169e+00	1.6649356e-22
6.5164092e+00	1.6130856e-22
6.5314361e+00	1.5630402e-22
6.5464977e+00	1.5147286e-22
6.5615939e+00	1.4680835e-22
6.5767250e+00	1.4230403e-22
6.5918910e+00	1.3795374e-22
6.6070920e+00	1.3375156e-22
6.6223280e+00	1.2969187e-22
6.6375991e+00	1.2576925e-22
6.6529055e+00	1.2197853e-22
6.6682471e+00	1.1831477e-22
6.6836241e+00	1.1477321e-22
6.6990366e+00	1.1134932e-22
6.7144846e+00	1.0803874e-22
6.7299683e+00	1.0483730e-22
6.7454877e+00	1.0174099e-22
6.7610428e+00	9.8745991e-23
6.7766338e+00	9.5848612e-23
6.7922608e+00	9.3045324e-23
6.8079238e+00	9.0332742e-23
6.8236229e+00	8.7707613e-23
6.8393582e+00	8.5166817e-23
6.8551299e+00	8.2707357e-23
6.8709378e+00	8.0326355e-23
6.8867823e+00	7.8021047e-23
6.9026632e+00	7.5788776e-23
6.9185808e+00	7.3626989e-23
6.9345351e+00	7.1533234e-23
6.9505262e+00	6.9505152e-23
6.9665542e+00	6.7540475e-23
6.9826191e+00	6.5637021e-23
6.9987211e+00	6.3792695e-23
7.0148602e+00	6.2005476e-23
7.0310365e+00	6.0273424e-23
7.0472502e+00	5.8594669e-23
7.0635012e+00	5.6967414e-23
7.0797897e+00	5.5389925e-23
7.0961157e+00	5.3860535e-23
7.1124794e+00	5.2377640e-23
7.1288808e+00	5.0939692e-23
7.1453201e+00	4.9545201e-23
7.1617972e+00	4.8192732e-23
7.1783124e+00	4.6880901e-23
7.1948656e+00	4.5608375e-23
7.2114571e+00	4.4373870e-23
7.2280867e+00	4.3176146e-23
7.2447548e+00	4.2014008e-23
7.2614612e+00	4.0886306e-23
7.2782062e+00	3.9791927e-23
7.2949898e+00	3.8729800e-23
7.3118121e+00	3.7698891e-23
7.3286732e+00	3.6698202e-23
7.3455732e+00	3.5726771e-23
7.3625121e+00	3.4783669e-23
7.3794901e+00	3.3867999e-23
7.3965073e+00	3.2978894e-23
7.4135637e+00	3.2115519e-23
7.4306594e+00	3.1277068e-23
7.4477946e+00	3.0462759e-23
7.4649693e+00	2.9671841e-23
7.4821835e+00	2.8903586e-23
7.4994375e+00	2.8157291e-23
7.5167313e+00	2.7432278e-23
7.5340649e+00	2.6727890e-23
7.5514385e+00	2.6043493e-23
7.5688522e+00	2.5378475e-23
7.5863060e+00	2.4732243e-23
7.6038001e+00	2.4104225e-23
7.6213345e+00	2.3493866e-23
7.6389094e+00	2.2900631e-23
7.6565248e+00	2.2324003e-23
7.6741808e+00	2.1763481e-23
7.6918775e+00	2.1218580e-23
7.7096150e+00	2.0688832e-23
7.7273934e+00	2.0173783e-23
7.7452129e+00	1.9672994e-23
7.7630734e+00	1.9186042e-23
7.7809751e+00	1.8712515e-23
7.7989181e+00	1.8252016e-23
7.8169025e+00	1.7804159e-23
7.8349283e+00	1.7368573e-23
7.8529957e+00	1.6944897e-23
7.8711048e+00	1.6532780e-23
7.8892556e+00	1.6131886e-23
7.9074483e+00	1.5741887e-23
7.9256829e+00	1.5362465e-23
7.9439596e+00	1.4993313e-23
7.9622784e+00	1.4634133e-23
7.9806395e+00	1.4284638e-23
7.9990429e+00	1.3944548e-23
8.0174888e+00	1.3613592e-23
8.0359772e+00	1.3291508e-23
8.0545082e+00	1.2978041e-23
8.0730819e+00	1.2672946e-23
8.0916985e+00	1.2375984e-23
8.1103581e+00	1.2086923e-23
8.1290606e+00	1.1805539e-23
8.1478063e+00	1.1531613e-23
8.1665952e+00	1.1264936e-23
8.1854274e+00	1.1005303e-23
8.2043031e+00	1.0752515e-23
8.2232223e+00	1.0506381e-23
8.2421851e+00	1.0266712e-23
8.2611916e+00	1.0033329e-23
8.2802420e+00	9.8060557e-24
8.2993363e+00	9.5847219e-24
8.3184746e+00	9.3691624e-24
8.3376571e+00	9.1592167e-24
8.3568838e+00	8.9547293e-24
8.3761548e+00	8.7555492e-24
8.3954703e+00	8.5615298e-24
8.4148303e+00	8.3725288e-24
8.4342350e+00	8.1884083e-24
8.4536844e+00	8.0090341e-24
8.4731786e+00	7.8342762e-24
8.4927179e+00	7.6640081e-24
8.5123021e+00	7.4981074e-24
8.5319316e+00	7.3364548e-24
8.5516063e+00	7.1789346e-24
8.5713263e+00	7.0254346e-24
8.5910919e+00	6.8758457e-24
8.6109030e+00	6.7300618e-24
8.6307598e+00	6.5879801e-24
8.6506624e+00	6.4495006e-24
8.6706109e+00	6.3145260e-24
8.6906054e+00	6.1829620e-24
8.7106460e+00	6.0547169e-24
8.7307328e+00	5.9297016e-24
8.7508660e+00	5.8078295e-24
8.7710455e+00	5.6890164e-24
8.7912716e+00	5.5731805e-24
8.8115444e+00	5.4602422e-24
8.8318638e+00	5.3501245e-24
8.8522302e+00	5.2427519e-24
8.8726435e+00	5.1380517e-24
8.8931039e+00	5.0359527e-24
8.9136114e+00	4.9363859e-24
8.9341663e+00	4.8392841e-24
8.9547686e+00	4.7445822e-24
8.9754183e+00	4.6522165e-24
8.9961157e+00	4.5621255e-24
9.0168608e+00	4.4742489e-24
9.0376538e+00	4.3885285e-24
9.0584947e+00	4.3049074e-24
9.0793836e+00	4.2233303e-24
9.1003208e+00	4.1437436e-24
9.1213062e+00	4.0660948e-24
9.1423400e+00	3.9903332e-24
9.1634223e+00	3.9164092e-24
9.1845532e+00	3.8442747e-24
9.2057328e+00	3.7738828e-24
9.2269613e+00	3.7051878e-24
9.2482388e+00	3.6381455e-24
9.2695653e+00	3.5727126e-24
9.2909410e+00	3.5088471e-24
9.3123660e+00	3.4465080e-24
9.3338403e+00	3.3856556e-24
9.3553642e+00	3.3262512e-24
9.3769378e+00	3.2682569e-24
9.3985611e+00	3.2116361e-24
9.4202342e+00	3.1563530e-24
9.4419574e+00	3.1023729e-24
9.4637306e+00	3.0496618e-24
9.4855540e+00	2.9981868e-24
9.5074278e+00	2.9479159e-24
9.5293520e+00	2.8988177e-24
9.5513267e+00	2.8508618e-24
9.5733522e+00	2.8040186e-24
9.5954284e+00	2.7582594e-24
9.6175555e+00	2.7135559e-24
9.6397337e+00	2.6698809e-24
9.6619630e+00	2.6272078e-24
9.6842435e+00	2.5855106e-24
9.7065755e+00	2.5447641e-24
9.7289589e+00	2.5049439e-24
9.7513940e+00	2.4660259e-24
9.7738808e+00	2.4279868e-24
9.7964194e+00	2.3908041e-24
9.8190100e+00	2.3544556e-24
9.8416527e+00	2.3189199e-24
9.8643477e+00	2.2841761e-24
9.8870949e+00	2.2502037e-24
9.9098946e+00	2.2169830e-24
9.9327469e+00	2.1844947e-24
9.9556519e+00	2.1527199e-24
9.9786097e+00	2.1216404e-24
1.0001620e+01	2.0912385e-24
1.0024684e+01	2.0615062e-24
1.0047801e+01	2.0324328e-24
1.0070972e+01	2.0040004e-24
1.0094195e+01	1.9761917e-24
1.0117473e+01	1.9489900e-24
1.0140804e+01	1.9223788e-24
1.0164188e+01	1.8963423e-24
1.0187627e+01	1.8708650e-24
1.0211120e+01	1.8459320e-24
1.0234667e+01	1.8215288e-24
1.0258268e+01	1.7976413e-24
1.0281924e+01	1.7742556e-24
1.0305634e+01	1.7513587e-24
1.0329399e+01	1.7289374e-24
1.0353218e+01	1.7069793e-24
1.0377093e+01	1.6854722e-24
1.0401023e+01	1.6644044e-24
1.0425007e+01	1.6437642e-24
1.0449048e+01	1.6235407e-24
1.0473143e+01	1.6037230e-24
1.0497294e+01	1.5843006e-24
1.0521501e+01	1.5652633e-24
1.0545764e+01	1.5466013e-24
1.0570082e+01	1.5283051e-24
1.0594457e+01	1.5103653e-24
1.0618888e+01	1.4927728e-24
1.0643375e+01	1.4755191e-24
1.0667919e+01	1.4585954e-24
1.0692519e+01	1.4419938e-24
1.0717176e+01	1.4257060e-24
1.0741890e+01	1.4097244e-24
1.0766661e+01	1.3940415e-24
1.0791489e+01	1.3786500e-24
1.0816374e+01	1.3635427e-24
1.0841317e+01	1.3487128e-24
1.0866317e+01	1.3341537e-24
1.0891375e+01	1.3198589e-24
1.0916491e+01	1.3058220e-24
1.0941664e+01	1.2920370e-24
1.0966896e+01	1.2784981e-24
1.0992185e+01	1.2651994e-24
1.1017533e+01	1.2521353e-24
1.1042940e+01	1.2393006e-24
1.1068405e+01	1.2266898e-24
1.1093929e+01	1.2142981e-24
1.1119512e+01	1.2021203e-24
1.1145153e+01	1.1901517e-24
1.1170854e+01	1.1783877e-24
1.1196614e+01	1.1668237e-24
1.1222434e+01	1.1554552e-24
1.1248313e+01	1.1442782e-24
1.1274251e+01	1.1332884e-24
1.1300250e+01	1.1224817e-24
1.1326308e+01	1.1118543e-24
1.1352427e+01	1.1014024e-24
1.1378606e+01	1.0911222e-24
1.1404845e+01	1.0810102e-24
1.1431144e+01	1.0710629e-24
1.1457505e+01	1.0612769e-24
1.1483926e+01	1.0516488e-24
1.1510408e+01	1.0421756e-24
1.1536951e+01	1.0328539e-24
1.1563555e+01	1.0236810e-24
1.1590221e+01	1.0146536e-24
1.1616948e+01	1.0057691e-24
1.1643737e+01	9.9702446e-25
1.1670587e+01	9.8841713e-25
1.1697500e+01	9.7994438e-25
1.1724474e+01	9.7160364e-25
1.1751511e+01	9.6339238e-25
1.1778610e+01	9.5530816e-25
1.1805772e+01	9.4734856e-25
1.1832996e+01	9.3951128e-25
1.1860283e+01	9.3179401e-25
1.1887633e+01	9.2419456e-25
1.1915046e+01	9.1671076e-25
1.1942522e+01	9.0934049e-25
1.1970061e+01	9.0208169e-25
1.1997664e+01	8.9493237e-25
1.2025331e+01	8.8789054e-25
1.2053062e+01	8.8095430e-25
1.2080856e+01	8.7412178e-25
1.2108715e+01	8.6739115e-25
1.2136637e+01	8.6076062e-25
1.2164625e+01	8.5422844e-25
1.2192676e+01	8.4779292e-25
1.2220793e+01	8.4145238e-25
1.2248974e+01	8.3520519e-25
1.2277220e+01	8.2904975e-25
1.2305532e+01	8.2298451e-25
1.2333908e+01	8.1700794e-25
1.2362350e+01	8.1111855e-25
1.2390858e+01	8.0531486e-25
1.2419431e+01	7.9959546e-25
1.2448071e+01	7.9395893e-25
1.2476776e+01	7.8840390e-25
1.2505548e+01	7.8292903e-25
1.2534386e+01	7.7753300e-25
1.2563290e+01	7.7221452e-25
1.2592261e+01	7.6697231e-25
1.2621299e+01	7.6180515e-25
1.2650404e+01	7.5671181e-25
1.2679576e+01	7.5169109e-25
1.2708815e+01	7.4674183e-25
1.2738121e+01	7.4186289e-25
1.2767496e+01	7.3705312e-25
1.2796938e+01	7.3231143e-25
1.2826447e+01	7.2763673e-25
1.2856025e+01	7.2302795e-25
1.2885671e+01	7.1848406e-25
1.2915386e+01	7.1400402e-25
1.2945169e+01	7.0958682e-25
1.2975020e+01	7.0523148e-25
1.3004941e+01	7.0093702e-25
1.3034930e+01	6.9670249e-25
1.3064989e+01	6.9252695e-25
1.3095117e+01	6.8840947e-25
1.3125314e+01	6.8434916e-25
1.3155582e+01	6.8034512e-25
1.3185918e+01	6.7639647e-25
1.3216325e+01	6.7250235e-25
1.3246802e+01	6.6866193e-25
1.3277349e+01	6.6487436e-25
1.3307967e+01	6.6113883e-25
1.3338655e+01	6.5745454e-25
1.3369414e+01	6.5382069e-25
1.3400244e+01	6.5023651e-25
1.3431145e+01	6.4670124e-25
1.3462118e+01	6.4321411e-25
1.3493162e+01	6.3977440e-25
1.3524277e+01	6.3638137e-25
1.3555464e+01	6.3303430e-25
1.3586723e+01	6.2973250e-25
1.3618054e+01	6.2647527e-25
1.3649457e+01	6.2326193e-25
1.3680933e+01	6.2009180e-25
1.3712481e+01	6.1696423e-25
1.3744103e+01	6.1387856e-25
1.3775797e+01	6.1083416e-25
1.3807564e+01	6.0783040e-25
1.3839404e+01	6.0486665e-25
1.3871318e+01	6.0194231e-25
1.3903305e+01	5.9905678e-25
1.3935366e+01	5.9620946e-25
1.3967501e+01	5.9339978e-25
1.3999710e+01	5.9062716e-25
1.4031994e+01	5.8789104e-25
1.4064352e+01	5.8519086e-25
1.4096784e+01	5.8252607e-25
1.4129292e+01	5.7989615e-25
1.4161874e+01	5.7730055e-25
1.4194531e+01	5.7473877e-25
1.4227264e+01	5.7221027e-25
1.4260072e+01	5.6971457e-25
1.4292956e+01	5.6725116e-25
1.4325916e+01	5.6481956e-25
1.4358951e+01	5.6241927e-25
1.4392063e+01	5.6004983e-25
1.4425251e+01	5.5771076e-25
1.4458516e+01	5.5540162e-25
1.4491858e+01	5.5312193e-25
1.4525276e+01	5.5087127e-25
1.4558771e+01	5.4864918e-25
1.4592344e+01	5.4645524e-25
1.4625994e+01	5.4428902e-25
1.4659722e+01	5.4215010e-25
1.4693527e+01	5.4003807e-25
1.4727410e+01	5.3795252e-25
1.4761372e+01	5.3589305e-25
1.4795412e+01	5.3385926e-25
1.4829530e+01	5.3185077e-25
1.4863727e+01	5.2986720e-25
1.4898003e+01	5.2790817e-25
1.4932358e+01	5.2597330e-25
1.4966792e+01	5.2406224e-25
1.5001306e+01	5.2217462e-25
1.5035899e+01	5.2031009e-25
1.5070572e+01	5.1846830e-25
1.5105324e+01	5.1664892e-25
1.5140157e+01	5.1485159e-25
1.5175071e+01	5.1307599e-25
1.5210065e+01	5.1132180e-25
1.5245139e+01	5.0958868e-25
1.5280295e+01	5.0787632e-25
1.5315531e+01	5.0618442e-25
1.5350849e+01	5.0451265e-25
1.5386248e+01	5.0286073e-25
1.5421729e+01	5.0122834e-25
1.5457291e+01	4.9961520e-25
1.5492936e+01	4.9802102e-25
1.5528663e+01	4.9644552e-25
1.5564472e+01	4.9488840e-25
1.5600364e+01	4.9334941e-25
1.5636338e+01	4.9182825e-25
1.5672396e+01	4.9032468e-25
1.5708537e+01	4.8883842e-25
1.5744761e+01	4.8736922e-25
1.5781068e+01	4.8591682e-25
1.5817459e+01	4.8448097e-25
1.5853935e+01	4.8306142e-25
1.5890494e+01	4.8165794e-25
1.5927137e+01	4.8027027e-25
1.5963866e+01	4.7889818e-25
1.6000678e+01	4.7754145e-25
1.6037576e+01	4.7619984e-25
1.6074559e+01	4.7487313e-25
1.6111627e+01	4.7356109e-25
1.6148780e+01	4.7226352e-25
1.6186020e+01	4.7098018e-25
1.6223345e+01	4.6971088e-25
1.6260756e+01	4.6845541e-25
1.6298253e+01	4.6721355e-25
1.6335837e+01	4.6598512e-25
1.6373508e+01	4.6476990e-25
1.6411265e+01	4.6356771e-25
1.6449110e+01	4.6237835e-25
1.6487041e+01	4.6120164e-25
1.6525061e+01	4.6003738e-25
1.6563168e+01	4.5888540e-25
1.6601362e+01	4.5774551e-25
1.6639645e+01	4.5661753e-25
1.6678016e+01	4.5550130e-25
1.6716476e+01	4.5439664e-25
1.6755024e+01	4.5330338e-25
1.6793662e+01	4.5222135e-25
1.6832388e+01	4.5115039e-25
1.6871203e+01	4.5009034e-25
1.6910109e+01	4.4904103e-25
1.6949103e+01	4.4800232e-25
1.6988188e+01	4.4697405e-25
1.7027363e+01	4.4595606e-25
1.7066628e+01	4.4494822e-25
1.7105984e+01	4.4395036e-25
1.7145431e+01	4.4296235e-25
1.7184968e+01	4.4198404e-25
1.7224597e+01	4.4101530e-25
1.7264317e+01	4.4005598e-25
1.7304128e+01	4.3910595e-25
1.7344032e+01	4.3816508e-25
1.7384027e+01	4.3723324e-25
1.7424115e+01	4.3631029e-25
1.7464295e+01	4.3539611e-25
1.7504568e+01	4.3449058e-25
1.7544934e+01	4.3359356e-25
1.7585392e+01	4.3270495e-25
1.7625945e+01	4.3182461e-25
1.7666590e+01	4.3095244e-25
1.7707329e+01	4.3008831e-25
1.7748163e+01	4.2923212e-25
1.7789090e+01	4.2838375e-25
1.7830112e+01	4.2754308e-25
1.7871228e+01	4.2671002e-25
1.7912439e+01	4.2588445e-25
1.7953746e+01	4.2506627e-25
1.7995147e+01	4.2425538e-25
1.8036644e+01	4.2345167e-25
1.8078237e+01	4.2265504e-25
1.8119925e+01	4.2186540e-25
1.8161710e+01	4.2108265e-25
1.8203591e+01	4.2030668e-25
1.8245569e+01	4.1953742e-25
1.8287643e+01	4.1877476e-25
1.8329814e+01	4.1801861e-25
1.8372083e+01	4.1726889e-25
1.8414449e+01	4.1652550e-25
1.8456913e+01	4.1578836e-25
1.8499475e+01	4.1505739e-25
1.8542135e+01	4.1433249e-25
1.8584893e+01	4.1361359e-25
1.8627750e+01	4.1290060e-25
1.8670706e+01	4.1219345e-25
1.8713761e+01	4.1149205e-25
1.8756915e+01	4.1079632e-25
1.8800168e+01	4.1010620e-25
1.8843522e+01	4.0942160e-25
1.8886975e+01	4.0874245e-25
1.8930528e+01	4.0806867e-25
1.8974182e+01	4.0740020e-25
1.9017937e+01	4.0673697e-25
1.9061792e+01	4.0607890e-25
1.9105749e+01	4.0542592e-25
1.9149807e+01	4.0477797e-25
1.9193967e+01	4.0413498e-25
1.9238228e+01	4.0349689e-25
1.9282592e+01	4.0286363e-25
1.9327057e+01	4.0223513e-25
1.9371626e+01	4.0161134e-25
1.9416297e+01	4.0099219e-25
1.9461071e+01	4.0037763e-25
1.9505948e+01	3.9976759e-25
1.9550929e+01	3.9916201e-25
1.9596014e+01	3.9856084e-25
1.9641202e+01	3.9796402e-25
1.9686495e+01	3.9737149e-25
1.9731892e+01	3.9678319e-25
1.9777394e+01	3.9619909e-25
1.9823001e+01	3.9561911e-25
1.9868713e+01	3.9504321e-25
1.9914530e+01	3.9447133e-25
1.9960454e+01	3.9390343e-25
2.0006482e+01	3.9333945e-25
2.0052618e+01	3.9277935e-25
2.0098859e+01	3.9222307e-25
2.0145207e+01	3.9167057e-25
2.0191662e+01	3.9112180e-25
2.0238224e+01	3.9057671e-25
2.0284894e+01	3.9003526e-25
2.0331671e+01	3.8949740e-25
2.0378556e+01	3.8896309e-25
2.0425549e+01	3.8843228e-25
2.0472650e+01	3.8790494e-25
2.0519861e+01	3.8738101e-25
2.0567180e+01	3.8686046e-25
2.0614608e+01	3.8634325e-25
2.0662145e+01	3.8582933e-25
2.0709792e+01	3.8531866e-25
2.0757549e+01	3.8481121e-25
2.0805416e+01	3.8430694e-25
2.0853394e+01	3.8380580e-25
2.0901482e+01	3.8330776e-25
2.0949681e+01	3.8281279e-25
2.0997991e+01	3.8232085e-25
2.1046412e+01	3.8183189e-25
2.1094945e+01	3.8134589e-25
2.1143591e+01	3.8086282e-25
2.1192348e+01	3.8038262e-25
2.1241218e+01	3.7990528e-25
2.1290200e+01	3.7943076e-25
2.1339295e+01	3.7895903e-25
2.1388504e+01	3.7849005e-25
2.1437826e+01	3.7802379e-25
2.1487262e+01	3.7756022e-25
2.1536812e+01	3.7709931e-25
2.1586476e+01	3.7664103e-25
2.1636254e+01	3.7618535e-25
2.1686148e+01	3.7573224e-25
2.1736156e+01	3.7528167e-25
2.1786280e+01	3.7483361e-25
2.1836519e+01	3.7438803e-25
2.1886874e+01	3.7394491e-25
2.1937346e+01	3.7350422e-25
2.1987933e+01	3.7306592e-25
2.2038638e+01	3.7263000e-25
2.2089459e+01	3.7219643e-25
2.2140397e+01	3.7176518e-25
2.2191453e+01	3.7133622e-25
2.2242627e+01	3.7090954e-25
2.2293919e+01	3.7048510e-25
2.2345328e+01	3.7006288e-25
2.2396857e+01	3.6964286e-25
2.2448504e+01	3.6922502e-25
2.2500271e+01	3.6880932e-25
2.2552157e+01	3.6839575e-25
2.2604162e+01	3.6798429e-25
2.2656287e+01	3.6757491e-25
2.2708533e+01	3.6716758e-25
2.2760899e+01	3.6676230e-25
2.2813386e+01	3.6635903e-25
2.2865994e+01	3.6595776e-25
2.2918723e+01	3.6555846e-25
2.2971574e+01	3.6516111e-25
2.3024546e+01	3.6476570e-25
2.3077641e+01	3.6437221e-25
2.3130858e+01	3.6398060e-25
2.3184198e+01	3.6359088e-25
2.3237661e+01	3.6320300e-25
2.3291247e+01	3.6281697e-25
2.3344957e+01	3.6243275e-25
2.3398791e+01	3.6205033e-25
2.3452748e+01	3.6166969e-25
2.3506831e+01	3.6129082e-25
2.3561038e+01	3.6091369e-25
2.3615370e+01	3.6053829e-25
2.3669827e+01	3.6016460e-25
2.3724410e+01	3.5979261e-25
2.3779118e+01	3.5942229e-25
2.3833953e+01	3.5905364e-25
2.3888914e+01	3.5868663e-25
2.3944002e+01	3.5832125e-25
2.3999217e+01	3.5795749e-25
2.4054560e+01	3.5759532e-25
2.4110030e+01	3.5723473e-25
2.4165628e+01	3.5687572e-25
2.4221354e+01	3.5651825e-25
2.4277208e+01	3.5616233e-25
2.4333192e+01	3.5580792e-25
2.4389304e+01	3.5545503e-25
2.4445546e+01	3.5510363e-25
2.4501918e+01	3.5475372e-25
2.4558420e+01	3.5440527e-25
2.4615051e+01	3.5405827e-25
2.4671814e+01	3.5371272e-25
2.4728707e+01	3.5336859e-25
2.4785732e+01	3.5302588e-25
2.4842888e+01	3.5268456e-25
2.4900176e+01	3.5234464e-25
2.4957596e+01	3.5200610e-25
2.5015148e+01	3.5166891e-25
2.5072833e+01	3.5133308e-25
2.5130652e+01	3.5099859e-25
2.5188603e+01	3.5066543e-25
2.5246688e+01	3.5033359e-25
2.5304907e+01	3.5000305e-25
2.5363261e+01	3.4967380e-25
2.5421748e+01	3.4934583e-25
2.5480371e+01	3.4901914e-25
2.5539129e+01	3.4869371e-25
2.5598023e+01	3.4836952e-25
2.5657052e+01	3.4804658e-25
2.5716217e+01	3.4772486e-25
2.5775519e+01	3.4740436e-25
2.5834957e+01	3.4708507e-25
2.5894533e+01	3.4676698e-25
2.5954246e+01	3.4645007e-25
2.6014097e+01	3.4613435e-25
2.6074085e+01	3.4581979e-25
2.6134212e+01	3.4550638e-25
2.6194478e+01	3.4519413e-25
2.6254883e+01	3.4488302e-25
2.6315427e+01	3.4457304e-25
2.6376110e+01	3.4426417e-25
2.6436934e+01	3.4395642e-25
2.6497898e+01	3.4364978e-25
2.6559002e+01	3.4334423e-25
2.6620247e+01	3.4303976e-25
2.6681634e+01	3.4273637e-25
2.6743162e+01	3.4243405e-25
2.6804832e+01	3.4213279e-25
2.6866644e+01	3.4183259e-25
2.6928599e+01	3.4153342e-25
2.6990696e+01	3.4123530e-25
2.7052937e+01	3.4093820e-25
2.7115321e+01	3.4064212e-25
2.7177849e+01	3.4034705e-25
2.7240522e+01	3.4005299e-25
2.7303338e+01	3.3975993e-25
2.7366300e+01	3.3946785e-25
2.7429407e+01	3.3917676e-25
2.7492659e+01	3.3888664e-25
2.7556058e+01	3.3859749e-25
2.7619602e+01	3.3830931e-25
2.7683293e+01	3.3802207e-25
2.7747131e+01	3.3773579e-25
2.7811116e+01	3.3745044e-25
2.7875249e+01	3.3716602e-25
2.7939529e+01	3.3688254e-25
2.8003958e+01	3.3659997e-25
2.8068536e+01	3.3631831e-25
2.8133262e+01	3.3603757e-25
2.8198137e+01	3.3575772e-25
2.8263162e+01	3.3547877e-25
2.8328338e+01	3.3520070e-25
2.8393663e+01	3.3492352e-25
2.8459139e+01	3.3464722e-25
2.8524766e+01	3.3437178e-25
2.8590544e+01	3.3409721e-25
2.8656474e+01	3.3382349e-25
2.8722556e+01	3.3355063e-25
2.8788791e+01	3.3327861e-25
2.8855178e+01	3.3300744e-25
2.8921718e+01	3.3273710e-25
2.8988412e+01	3.3246759e-25
2.9055259e+01	3.3219890e-25
2.9122261e+01	3.3193103e-25
2.9189417e+01	3.3166398e-25
2.9256728e+01	3.3139773e-25
2.9324194e+01	3.3113229e-25
2.9391816e+01	3.3086764e-25
2.9459594e+01	3.3060379e-25
2.9527528e+01	3.3034072e-25
2.9595619e+01	3.3007844e-25
2.9663866e+01	3.2981694e-25
2.9732272e+01	3.2955620e-25
2.9800834e+01	3.2929624e-25
2.9869555e+01	3.2903704e-25
2.9938435e+01	3.2877860e-25
3.0007473e+01	3.2852091e-25
3.0076670e+01	3.2826397e-25
3.0146028e+01	3.2800777e-25
3.0215544e+01	3.2775232e-25
3.0285222e+01	3.2749760e-25
3.0355060e+01	3.2724361e-25
3.0425059e+01	3.2699034e-25
3.0495219e+01	3.2673781e-25
3.0565541e+01	3.2648598e-25
3.0636026e+01	3.2623488e-25
3.0706673e+01	3.2598448e-25
3.0777482e+01	3.2573479e-25
3.0848456e+01	3.2548580e-25
3.0919592e+01	3.2523750e-25
3.0990893e+01	3.2498991e-25
3.1062358e+01	3.2474300e-25
3.1133988e+01	3.2449677e-25
3.1205784e+01	3.2425123e-25
3.1277744e+01	3.2400637e-25
3.1349871e+01	3.2376217e-25
3.1422164e+01	3.2351865e-25
3.1494624e+01	3.2327580e-25
3.1567251e+01	3.2303361e-25
3.1640045e+01	3.2279208e-25
3.1713007e+01	3.2255120e-25
3.1786138e+01	3.2231098e-25
3.1859437e+01	3.2207141e-25
3.1932905e+01	3.2183248e-25
3.2006542e+01	3.2159419e-25
3.2080350e+01	3.2135654e-25
3.2154327e+01	3.2111953e-25
3.2228475e+01	3.2088314e-25
3.2302794e+01	3.2064739e-25
3.2377285e+01	3.2041226e-25
3.2451947e+01	3.2017775e-25
3.2526782e+01	3.1994386e-25
3.2601789e+01	3.1971058e-25
3.2676969e+01	3.1947792e-25
3.2752322e+01	3.1924587e-25
3.2827849e+01	3.1901442e-25
3.2903550e+01	3.1878358e-25
3.2979426e+01	3.1855333e-25
3.3055477e+01	3.1832368e-25
3.3131703e+01	3.1809463e-25
3.3208105e+01	3.1786616e-25
3.3284683e+01	3.1763829e-25
3.3361438e+01	3.1741100e-25
3.3438370e+01	3.1718429e-25
3.3515479e+01	3.1695816e-25
3.3592766e+01	3.1673261e-25
3.3670231e+01	3.1650763e-25
3.3747875e+01	3.1628322e-25
3.3825698e+01	3.1605938e-25
3.3903700e+01	3.1583611e-25
3.3981882e+01	3.1561340e-25
3.4060245e+01	3.1539125e-25
3.4138788e+01	3.1516966e-25
3.4217512e+01	3.1494862e-25
3.4296418e+01	3.1472814e-25
3.4375506e+01	3.1450820e-25
3.4454776e+01	3.1428882e-25
3.4534229e+01	3.1406998e-25
3.4613865e+01	3.1385168e-25
3.4693685e+01	3.1363392e-25
3.4773689e+01	3.1341670e-25
3.4853877e+01	3.1320001e-25
3.4934251e+01	3.1298386e-25
3.5014809e+01	3.1276823e-25
3.5095554e+01	3.1255314e-25
3.5176484e+01	3.1233857e-25
3.5257602e+01	3.1212453e-25
3.5338906e+01	3.1191100e-25
3.5420398e+01	3.1169800e-25
3.5502077e+01	3.1148551e-25
3.5583945e+01	3.1127354e-25
3.5666002e+01	3.1106208e-25
3.5748248e+01	3.1085112e-25
3.5830684e+01	3.1064068e-25
3.5913310e+01	3.1043075e-25
3.5996126e+01	3.1022131e-25
3.6079134e+01	3.1001238e-25
3.6162332e+01	3.0980395e-25
3.6245723e+01	3.0959602e-25
3.6329306e+01	3.0938858e-25
3.6413082e+01	3.0918163e-25
3.6497050e+01	3.0897518e-25
3.6581213e+01	3.0876921e-25
3.6665569e+01	3.0856374e-25
3.6750120e+01	3.0835875e-25
3.6834867e+01	3.0815424e-25
3.6919808e+01	3.0795021e-25
3.7004945e+01	3.0774667e-25
3.7090279e+01	3.0754360e-25
3.7175810e+01	3.0734101e-25
3.7261537e+01	3.0713889e-25
3.7347463e+01	3.0693724e-25
3.7433586e+01	3.0673607e-25
3.7519908e+01	3.0653536e-25
3.7606429e+01	3.0633512e-25
3.7693150e+01	3.0613535e-25
3.7780071e+01	3.0593604e-25
3.7867192e+01	3.0573719e-25
3.7954514e+01	3.0553880e-25
3.8042037e+01	3.0534086e-25
3.8129763e+01	3.0514339e-25
3.8217690e+01	3.0494637e-25
3.8305821e+01	3.0474980e-25
3.8394154e+01	3.0455368e-25
3.8482691e+01	3.0435801e-25
3.8571433e+01	3.0416279e-25
3.8660379e+01	3.0396802e-25
3.8749530e+01	3.0377369e-25
3.8838886e+01	3.0357981e-25
3.8928449e+01	3.0338636e-25
3.9018219e+01	3.0319336e-25
3.9108195e+01	3.0300079e-25
3.9198379e+01	3.0280866e-25
3.9288770e+01	3.0261697e-25
3.9379371e+01	3.0242571e-25
3.9470180e+01	3.0223488e-25
3.9561198e+01	3.0204449e-25
3.9652427e+01	3.0185452e-25
3.9743865e+01	3.0166498e-25
3.9835515e+01	3.0147587e-25
3.9927376e+01	3.0128718e-25
4.0019449e+01	3.0109891e-25
4.0111734e+01	3.0091107e-25
4.0204232e+01	3.0072364e-25
4.0296943e+01	3.0053664e-25
4.0389868e+01	3.0035005e-25
4.0483008e+01	3.0016388e-25
4.0576362e+01	2.9997813e-25
4.0669931e+01	2.9979278e-25
4.0763716e+01	2.9960785e-25
4.0857718e+01	2.9942333e-25
4.0951936e+01	2.9923922e-25
4.1046372e+01	2.9905552e-25
4.1141025e+01	2.9887222e-25
4.1235896e+01	2.9868933e-25
4.1330987e+01	2.9850685e-25
4.1426296e+01	2.9832476e-25
4.1521826e+01	2.9814308e-25
4.1617575e+01	2.9796180e-25
4.1713546e+01	2.9778092e-25
4.1809737e+01	2.9760043e-25
4.1906151e+01	2.9742034e-25
4.2002787e+01	2.9724065e-25
4.2099646e+01	2.9706135e-25
4.2196728e+01	2.9688244e-25
4.2294034e+01	2.9670392e-25
4.2391564e+01	2.9652580e-25
4.2489319e+01	2.9634806e-25
4.2587300e+01	2.9617071e-25
4.2685507e+01	2.9599375e-25
4.2783940e+01	2.9581717e-25
4.2882600e+01	2.9564098e-25
4.2981488e+01	2.9546517e-25
4.3080603e+01	2.9528974e-25
4.3179947e+01	2.9511469e-25
4.3279521e+01	2.9494003e-25
4.3379324e+01	2.9476574e-25
4.3479357e+01	2.9459182e-25
4.3579620e+01	2.9441829e-25
4.3680115e+01	2.9424513e-25
4.3780842e+01	2.9407234e-25
4.3881801e+01	2.9389993e-25
4.3982993e+01	2.9372789e-25
4.4084418e+01	2.9355622e-25
4.4186077e+01	2.9338492e-25
4.4287970e+01	2.9321398e-25
4.4390099e+01	2.9304342e-25
4.4492463e+01	2.9287322e-25
4.4595062e+01	2.9270339e-25
4.4697899e+01	2.9253392e-25
4.4800973e+01	2.9236481e-25
4.4904284e+01	2.9219607e-25
4.5007834e+01	2.9202769e-25
4.5111622e+01	2.9185967e-25
4.5215650e+01	2.9169201e-25
4.5319918e+01	2.9152470e-25
4.5424426e+01	2.9135776e-25
4.5529175e+01	2.9119116e-25
4.5634165e+01	2.9102493e-25
4.5739398e+01	2.9085905e-25
4.5844873e+01	2.9069352e-25
4.5950592e+01	2.9052835e-25
4.6056554e+01	2.9036352e-25
4.6162761e+01	2.9019905e-25
4.6269213e+01	2.9003493e-25
4.6375910e+01	2.8987115e-25
4.6482853e+01	2.8970772e-25
4.6590043e+01	2.8954464e-25
4.6697480e+01	2.8938191e-25
4.6805165e+01	2.8921952e-25
4.6913098e+01	2.8905747e-25
4.7021280e+01	2.8889577e-25
4.7129711e+01	2.8873441e-25
4.7238393e+01	2.8857339e-25
4.7347325e+01	2.8841271e-25
4.7456508e+01	2.8825237e-25
4.7565943e+01	2.8809236e-25
4.7675631e+01	2.8793270e-25
4.7785571e+01	2.8777337e-25
4.7895765e+01	2.8761438e-25
4.8006213e+01	2.8745572e-25
4.8116916e+01	2.8729740e-25
4.8227874e+01	2.8713941e-25
4.8339087e+01	2.8698175e-25
4.8450558e+01	2.8682443e-25
4.8562285e+01	2.8666743e-25
4.8674270e+01	2.8651077e-25
4.8786513e+01	2.8635443e-25
4.8899015e+01	2.8619842e-25
4.9011777e+01	2.8604274e-25
4.9124798e+01	2.8588739e-25
4.9238081e+01	2.8573236e-25
4.9351624e+01	2.8557766e-25
4.9465429e+01	2.8542328e-25
4.9579497e+01	2.8526922e-25
4.9693828e+01	2.8511549e-25
4.9808422e+01	2.8496208e-25
4.9923280e+01	2.8480898e-25
5.0038404e+01	2.8465621e-25
5.0153793e+01	2.8450376e-25
5.0269448e+01	2.8435163e-25
5.0385370e+01	2.8419981e-25
5.0501559e+01	2.8404832e-25
5.0618016e+01	2.8389713e-25
5.0734741e+01	2.8374627e-25
5.0851736e+01	2.8359572e-25
5.0969000e+01	2.8344548e-25
5.1086535e+01	2.8329555e-25
5.1204341e+01	2.8314594e-25
5.1322419e+01	2.8299664e-25
5.1440769e+01	2.8284765e-25
5.1559392e+01	2.8269897e-25
5.1678288e+01	2.8255060e-25
5.1797458e+01	2.8240254e-25
5.1916904e+01	2.8225479e-25
5.2036625e+01	2.8210735e-25
5.2156621e+01	2.8196021e-25
5.2276895e+01	2.8181337e-25
5.2397446e+01	2.8166685e-25
5.2518275e+01	2.8152062e-25
5.2639382e+01	2.8137470e-25
5.2760769e+01	2.8122909e-25
5.2882436e+01	2.8108377e-25
5.3004383e+01	2.8093876e-25
5.3126612e+01	2.8079405e-25
5.3249122e+01	2.8064964e-25
5.3371915e+01	2.8050552e-25
5.3494991e+01	2.8036171e-25
5.3618351e+01	2.8021820e-25
5.3741995e+01	2.8007498e-25
5.3865925e+01	2.7993206e-25
5.3990140e+01	2.7978943e-25
5.4114642e+01	2.7964711e-25
5.4239430e+01	2.7950507e-25
5.4364507e+01	2.7936333e-25
5.4489872e+01	2.7922189e-25
5.4615526e+01	2.7908073e-25
5.4741470e+01	2.7893987e-25
5.4867704e+01	2.7879930e-25
5.4994229e+01	2.7865902e-25
5.5121046e+01	2.7851904e-25
5.5248156e+01	2.7837934e-25
5.5375559e+01	2.7823993e-25
5.5503255e+01	2.7810081e-25
5.5631246e+01	2.7796197e-25
5.5759532e+01	2.7782343e-25
5.5888114e+01	2.7768517e-25
5.6016992e+01	2.7754719e-25
5.6146168e+01	2.7740950e-25
5.6275642e+01	2.7727210e-25
5.6405414e+01	2.7713498e-25
5.6535485e+01	2.7699814e-25
5.6665856e+01	2.7686159e-25
5.6796528e+01	2.7672532e-25
5.6927501e+01	2.7658933e-25
5.7058777e+01	2.7645362e-25
5.7190355e+01	2.7631819e-25
5.7322236e+01	2.7618304e-25
5.7454421e+01	2.7604817e-25
5.7586912e+01	2.7591358e-25
5.7719708e+01	2.7577926e-25
5.7852810e+01	2.7564523e-25
5.7986219e+01	2.7551147e-25
5.8119935e+01	2.7537798e-25
5.8253960e+01	2.7524478e-25
5.8388294e+01	2.7511184e-25
5.8522938e+01	2.7497918e-25
5.8657893e+01	2.7484680e-25
5.8793158e+01	2.7471469e-25
5.8928736e+01	2.7458285e-25
5.9064626e+01	2.7445128e-25
5.9200829e+01	2.7431999e-25
5.9337347e+01	2.7418897e-25
5.9474179e+01	2.7405821e-25
5.9611327e+01	2.7392773e-25
5.9748791e+01	2.7379752e-25
5.9886572e+01	2.7366757e-25
6.0024671e+01	2.7353789e-25
6.0163089e+01	2.7340848e-25
6.0301825e+01	2.7327934e-25
6.0440882e+01	2.7315047e-25
6.0580259e+01	2.7302186e-25
6.0719957e+01	2.7289351e-25
6.0859978e+01	2.7276544e-25
6.1000322e+01	2.7263762e-25
6.1140989e+01	2.7251007e-25
6.1281980e+01	2.7238278e-25
6.1423297e+01	2.7225576e-25
6.1564940e+01	2.7212900e-25
6.1706909e+01	2.7200250e-25
6.1849206e+01	2.7187626e-25
6.1991830e+01	2.7175028e-25
6.2134784e+01	2.7162456e-25
6.2278067e+01	2.7149910e-25
6.2421681e+01	2.7137390e-25
6.2565626e+01	2.7124896e-25
6.2709903e+01	2.7112428e-25
6.2854512e+01	2.7099986e-25
6.2999455e+01	2.7087569e-25
6.3144732e+01	2.7075178e-25
6.3290345e+01	2.7062812e-25
6.3436293e+01	2.7050472e-25
6.3582577e+01	2.7038158e-25
6.3729199e+01	2.7025869e-25
6.3876159e+01	2.7013605e-25
6.4023458e+01	2.7001367e-25
6.4171097e+01	2.6989154e-25
6.4319076e+01	2.6976966e-25
6.4467396e+01	2.6964804e-25
6.4616058e+01	2.6952667e-25
6.4765063e+01	2.6940555e-25
6.4914412e+01	2.6928468e-25
6.5064105e+01	2.6916405e-25
6.5214144e+01	2.6904368e-25
6.5364528e+01	2.6892356e-25
6.5515259e+01	2.6880369e-25
6.5666338e+01	2.6868406e-25
6.5817765e+01	2.6856469e-25
6.5969541e+01	2.6844556e-25
6.6121667e+01	2.6832667e-25
6.6274144e+01	2.6820804e-25
6.6426973e+01	2.6808964e-25
6.6580154e+01	2.6797150e-25
6.6733688e+01	2.6785360e-25
6.6887577e+01	2.6773594e-25
6.7041820e+01	2.6761853e-25
6.7196419e+01	2.6750136e-25
6.7351374e+01	2.6738443e-25
6.7506687e+01	2.6726775e-25
6.7662358e+01	2.6715131e-25
6.7818388e+01	2.6703511e-25
6.7974778e+01	2.6691915e-25
6.8131528e+01	2.6680344e-25
6.8288640e+01	2.6668796e-25
6.8446114e+01	2.6657272e-25
6.8603951e+01	2.6645772e-25
6.8762153e+01	2.6634297e-25
6.8920719e+01	2.6622845e-25
6.9079650e+01	2.6611416e-25
6.9238949e+01	2.6600012e-25
6.9398614e+01	2.6588631e-25
6.9558648e+01	2.6577274e-25
6.9719051e+01	2.6565941e-25
6.9879823e+01	2.6554631e-25
7.0040967e+01	2.6543345e-25
7.0202482e+01	2.6532082e-25
7.0364369e+01	2.6520843e-25
7.0526630e+01	2.6509627e-25
7.0689265e+01	2.6498434e-25
7.0852275e+01	2.6487265e-25
7.1015661e+01	2.6476119e-25
7.1179423e+01	2.6464996e-25
7.1343564e+01	2.6453897e-25
7.1508083e+01	2.6442821e-25
7.1672981e+01	2.6431767e-25
7.1838259e+01	2.6420737e-25
7.2003919e+01	2.6409730e-25
7.2169960e+01	2.6398746e-25
7.2336385e+01	2.6387785e-25
7.2503193e+01	2.6376847e-25
7.2670386e+01	2.6365931e-25
7.2837964e+01	2.6355039e-25
7.3005929e+01	2.6344169e-25
7.3174282e+01	2.6333322e-25
7.3343022e+01	2.6322498e-25
7.3512152e+01	2.6311696e-25
7.3681671e+01	2.6300917e-25
7.3851582e+01	2.6290161e-25
7.4021884e+01	2.6279427e-25
7.4192579e+01	2.6268715e-25
7.4363668e+01	2.6258027e-25
7.4535151e+01	2.6247360e-25
7.4707029e+01	2.6236716e-25
7.4879304e+01	2.6226094e-25
7.5051977e+01	2.6215495e-25
7.5225047e+01	2.6204917e-25
7.5398517e+01	2.6194362e-25
7.5572386e+01	2.6183830e-25
7.5746657e+01	2.6173319e-25
7.5921329e+01	2.6162830e-25
7.6096404e+01	2.6152364e-25
7.6271883e+01	2.6141919e-25
7.6447767e+01	2.6131497e-25
7.6624056e+01	2.6121096e-25
7.6800751e+01	2.6110718e-25
7.6977855e+01	2.6100361e-25
7.7155366e+01	2.6090026e-25
7.7333287e+01	2.6079713e-25
7.7511618e+01	2.6069422e-25
7.7690361e+01	2.6059152e-25
7.7869515e+01	2.6048904e-25
7.8049083e+01	2.6038678e-25
7.8229065e+01	2.6028473e-25
7.8409461e+01	2.6018290e-25
7.8590274e+01	2.6008129e-25
7.8771504e+01	2.5997989e-25
7.8953152e+01	2.5987870e-25
7.9135218e+01	2.5977773e-25
7.9317705e+01	2.5967697e-25
7.9500612e+01	2.5957643e-25
7.9683941e+01	2.5947610e-25
7.9867693e+01	2.5937598e-25
8.0051868e+01	2.5927607e-25
8.0236468e+01	2.5917638e-25
8.0421494e+01	2.5907690e-25
8.0606947e+01	2.5897763e-25
8.0792827e+01	2.5887857e-25
8.0979136e+01	2.5877972e-25
8.1165874e+01	2.5868108e-25
8.1353044e+01	2.5858265e-25
8.1540644e+01	2.5848443e-25
8.1728678e+01	2.5838643e-25
8.1917145e+01	2.5828862e-25
8.2106046e+01	2.5819103e-25
8.2295383e+01	2.5809365e-25
8.2485157e+01	2.5799647e-25
8.2675369e+01	2.5789950e-25
8.2866019e+01	2.5780274e-25
8.3057108e+01	2.5770619e-25
8.3248639e+01	2.5760984e-25
8.3440611e+01	2.5751370e-25
8.3633025e+01	2.5741776e-25
8.3825884e+01	2.5732203e-25
8.4019187e+01	2.5722650e-25
8.4212936e+01	2.5713118e-25
8.4407131e+01	2.5703607e-25
8.4601775e+01	2.5694115e-25
8.4796867e+01	2.5684644e-25
8.4992409e+01	2.5675194e-25
8.5188403e+01	2.5665764e-25
8.5384848e+01	2.5656354e-25
8.5581746e+01	2.5646964e-25
8.5779098e+01	2.5637594e-25
8.5976905e+01	2.5628245e-25
8.6175169e+01	2.5618916e-25
8.6373889e+01	2.5609607e-25
8.6573068e+01	2.5600318e-25
8.6772706e+01	2.5591049e-25
8.6972805e+01	2.5581800e-25
8.7173365e+01	2.5572571e-25
8.7374387e+01	2.5563362e-25
8.7575873e+01	2.5554173e-25
8.7777824e+01	2.5545004e-25
8.7980240e+01	2.5535855e-25
8.8183123e+01	2.5526725e-25
8.8386474e+01	2.5517615e-25
8.8590294e+01	2.5508525e-25
8.8794584e+01	2.5499455e-25
8.8999345e+01	2.5490405e-25
8.9204578e+01	2.5481374e-25
8.9410285e+01	2.5472362e-25
8.9616465e+01	2.5463371e-25
8.9823122e+01	2.5454399e-25
9.0030254e+01	2.5445446e-25
9.0237865e+01	2.5436513e-25
9.0445954e+01	2.5427600e-25
9.0654523e+01	2.5418706e-25
9.0863573e+01	2.5409831e-25
9.1073105e+01	2.5400976e-25
9.1283120e+01	2.5392140e-25
9.1493620e+01	2.5383323e-25
9.1704605e+01	2.5374526e-25
9.1916077e+01	2.5365748e-25
9.2128036e+01	2.5356989e-25
9.2340484e+01	2.5348250e-25
9.2553422e+01	2.5339529e-25
9.2766850e+01	2.5330828e-25
9.2980771e+01	2.5322146e-25
9.3195186e+01	2.5313483e-25
9.3410095e+01	2.5304839e-25
9.3625499e+01	2.5296214e-25
9.3841400e+01	2.5287608e-25
9.4057799e+01	2.5279021e-25
9.4274697e+01	2.5270453e-25
9.4492095e+01	2.5261904e-25
9.4709995e+01	2.5253374e-25
9.4928397e+01	2.5244863e-25
9.5147302e+01	2.5236370e-25
9.5366713e+01	2.5227897e-25
9.5586629e+01	2.5219442e-25
9.5807053e+01	2.5211006e-25
9.6027984e+01	2.5202588e-25
9.6249426e+01	2.5194189e-25
9.6471378e+01	2.5185809e-25
9.6693841e+01	2.5177448e-25
9.6916818e+01	2.5169105e-25
9.7140309e+01	2.5160781e-25
9.7364315e+01	2.5152475e-25
9.7588838e+01	2.5144188e-25
9.7813879e+01	2.5135919e-25
9.8039438e+01	2.5127669e-25
9.8265518e+01	2.5119437e-25
9.8492119e+01	2.5111224e-25
9.8719243e+01	2.5103029e-25
9.8946890e+01	2.5094853e-25
9.9175062e+01	2.5086694e-25
9.9403761e+01	2.5078554e-25
9.9632987e+01	2.5070433e-25
9.9862741e+01	2.5062329e-25
1.0009303e+02	2.5054244e-25
1.0032384e+02	2.5046177e-25
1.0055519e+02	2.5038129e-25
1.0078707e+02	2.5030098e-25
1.0101948e+02	2.5022086e-25
1.0125244e+02	2.5014091e-25
1.0148593e+02	2.5006115e-25
1.0171995e+02	2.4998157e-25
1.0195452e+02	2.4990216e-25
1.0218963e+02	2.4982294e-25
1.0242528e+02	2.4974390e-25
1.0266147e+02	2.4966504e-25
1.0289821e+02	2.4958635e-25
1.0313549e+02	2.4950785e-25
1.0337332e+02	2.4942952e-25
1.0361170e+02	2.4935137e-25
1.0385063e+02	2.4927340e-25
1.0409011e+02	2.4919561e-25
1.0433015e+02	2.4911800e-25
1.0457073e+02	2.4904056e-25
1.0481187e+02	2.4896330e-25
1.0505357e+02	2.4888622e-25
1.0529582e+02	2.4880932e-25
1.0553864e+02	2.4873259e-25
1.0578201e+02	2.4865604e-25
1.0602594e+02	2.4857966e-25
1.0627044e+02	2.4850346e-25
1.0651550e+02	2.4842744e-25
1.0676113e+02	2.4835159e-25
1.0700732e+02	2.4827591e-25
1.0725408e+02	2.4820041e-25
1.0750141e+02	2.4812509e-25
1.0774931e+02	2.4804994e-25
1.0799778e+02	2.4797496e-25
1.0824682e+02	2.4790016e-25
1.0849644e+02	2.4782553e-25
1.0874663e+02	2.4775107e-25
1.0899740e+02	2.4767679e-25
1.0924875e+02	2.4760268e-25
1.0950068e+02	2.4752875e-25
1.0975319e+02	2.4745498e-25
1.1000628e+02	2.4738139e-25
1.1025996e+02	2.4730797e-25
1.1051422e+02	2.4723473e-25
1.1076906e+02	2.4716165e-25
1.1102450e+02	2.4708875e-25
1.1128052e+02	2.4701602e-25
1.1153714e+02	2.4694345e-25
1.1179434e+02	2.4687106e-25
1.1205214e+02	2.4679884e-25
1.1231053e+02	2.4672679e-25
1.1256952e+02	2.4665491e-25
1.1282911e+02	2.4658320e-25
1.1308929e+02	2.4651166e-25
1.1335008e+02	2.4644029e-25
1.1361146e+02	2.4636909e-25
1.1387345e+02	2.4629806e-25
1.1413605e+02	2.4622720e-25
1.1439924e+02	2.4615650e-25
1.1466305e+02	2.4608598e-25
1.1492746e+02	2.4601562e-25
1.1519249e+02	2.4594543e-25
1.1545812e+02	2.4587541e-25
1.1572437e+02	2.4580555e-25
1.1599123e+02	2.4573587e-25
1.1625871e+02	2.4566635e-25
1.1652680e+02	2.4559699e-25
1.1679551e+02	2.4552781e-25
1.1706484e+02	2.4545879e-25
1.1733480e+02	2.4538994e-25
1.1760537e+02	2.4532125e-25
1.1787657e+02	2.4525273e-25
1.1814839e+02	2.4518438e-25
1.1842085e+02	2.4511619e-25
1.1869392e+02	2.4504817e-25
1.1896763e+02	2.4498031e-25
1.1924197e+02	2.4491262e-25
1.1951695e+02	2.4484509e-25
1.1979255e+02	2.4477772e-25
1.2006880e+02	2.4471053e-25
1.2034568e+02	2.4464349e-25
1.2062319e+02	2.4457662e-25
1.2090135e+02	2.4450992e-25
1.2118015e+02	2.4444337e-25
1.2145959e+02	2.4437700e-25
1.2173968e+02	2.4431078e-25
1.2202041e+02	2.4424473e-25
1.2230179e+02	2.4417884e-25
1.2258382e+02	2.4411311e-25
1.2286650e+02	2.4404755e-25
1.2314983e+02	2.4398215e-25
1.2343382e+02	2.4391691e-25
1.2371846e+02	2.4385184e-25
1.2400375e+02	2.4378692e-25
1.2428971e+02	2.4372217e-25
1.2457632e+02	2.4365758e-25
1.2486359e+02	2.4359315e-25
1.2515153e+02	2.4352888e-25
1.2544013e+02	2.4346478e-25
1.2572940e+02	2.4340083e-25
1.2601933e+02	2.4333705e-25
1.2630993e+02	2.4327342e-25
1.2660120e+02	2.4320996e-25
1.2689314e+02	2.4314666e-25
1.2718576e+02	2.4308351e-25
1.2747905e+02	2.4302053e-25
1.2777302e+02	2.4295771e-25
1.2806767e+02	2.4289504e-25
1.2836299e+02	2.4283254e-25
1.2865900e+02	2.4277020e-25
1.2895569e+02	2.4270801e-25
1.2925306e+02	2.4264598e-25
1.2955112e+02	2.4258412e-25
1.2984986e+02	2.4252241e-25
1.3014930e+02	2.4246086e-25
1.3044942e+02	2.4239947e-25
1.3075024e+02	2.4233823e-25
1.3105175e+02	2.4227716e-25
1.3135396e+02	2.4221624e-25
1.3165686e+02	2.4215548e-25
1.3196046e+02	2.4209488e-25
1.3226476e+02	2.4203444e-25
1.3256977e+02	2.4197415e-25
1.3287547e+02	2.4191402e-25
1.3318189e+02	2.4185405e-25
1.3348901e+02	2.4179423e-25
1.3379683e+02	2.4173458e-25
1.3410537e+02	2.4167507e-25
1.3441462e+02	2.4161573e-25
1.3472458e+02	2.4155654e-25
1.3503525e+02	2.4149751e-25
1.3534665e+02	2.4143863e-25
1.3565876e+02	2.4137991e-25
1.3597159e+02	2.4132135e-25
1.3628514e+02	2.4126294e-25
1.3659941e+02	2.4120469e-25
1.3691441e+02	2.4114659e-25
1.3723014e+02	2.4108865e-25
1.3754659e+02	2.4103086e-25
1.3786377e+02	2.4097323e-25
1.3818169e+02	2.4091575e-25
1.3850034e+02	2.4085843e-25
1.3881972e+02	2.4080126e-25
1.3913984e+02	2.4074425e-25
1.3946070e+02	2.4068739e-25
1.3978229e+02	2.4063069e-25
1.4010463e+02	2.4057414e-25
1.4042772e+02	2.4051775e-25
1.4075154e+02	2.4046150e-25
1.4107612e+02	2.4040542e-25
1.4140144e+02	2.4034948e-25
1.4172751e+02	2.4029370e-25
1.4205434e+02	2.4023808e-25
1.4238192e+02	2.4018261e-25
1.4271025e+02	2.4012729e-25
1.4303934e+02	2.4007212e-25
1.4336919e+02	2.4001711e-25
1.4369980e+02	2.3996225e-25
1.4403117e+02	2.3990754e-25
1.4436331e+02	2.3985299e-25
1.4469621e+02	2.3979858e-25
1.4502988e+02	2.3974434e-25
1.4536432e+02	2.3969024e-25
1.4569954e+02	2.3963630e-25
1.4603552e+02	2.3958250e-25
1.4637228e+02	2.3952886e-25
1.4670981e+02	2.3947538e-25
1.4704813e+02	2.3942204e-25
1.4738722e+02	2.3936886e-25
1.4772710e+02	2.3931583e-25
1.4806776e+02	2.3926295e-25
1.4840920e+02	2.3921022e-25
1.4875144e+02	2.3915764e-25
1.4909446e+02	2.3910522e-25
1.4943827e+02	2.3905294e-25
1.4978288e+02	2.3900082e-25
1.5012828e+02	2.3894885e-25
1.5047447e+02	2.3889703e-25
1.5082147e+02	2.3884536e-25
1.5116927e+02	2.3879384e-25
1.5151786e+02	2.3874248e-25
1.5186726e+02	2.3869126e-25
1.5221747e+02	2.3864019e-25
1.5256849e+02	2.3858928e-25
1.5292031e+02	2.3853851e-25
1.5327295e+02	2.3848790e-25
1.5362639e+02	2.3843744e-25
1.5398066e+02	2.3838712e-25
1.5433574e+02	2.3833696e-25
1.5469164e+02	2.3828695e-25
1.5504836e+02	2.3823708e-25
1.5540590e+02	2.3818737e-25
1.5576427e+02	2.3813781e-25
1.5612346e+02	2.3808840e-25
1.5648348e+02	2.3803913e-25
1.5684434e+02	2.3799002e-25
1.5720602e+02	2.3794106e-25
1.5756854e+02	2.3789224e-25
1.5793189e+02	2.3784358e-25
1.5829608e+02	2.3779507e-25
1.5866112e+02	2.3774670e-25
1.5902699e+02	2.3769848e-25
1.5939371e+02	2.3765042e-25
1.5976127e+02	2.3760250e-25
1.6012968e+02	2.3755473e-25
1.6049894e+02	2.3750712e-25
1.6086905e+02	2.3745965e-25
1.6124002e+02	2.3741233e-25
1.6161184e+02	2.3736516e-25
1.6198452e+02	2.3731814e-25
1.6235805e+02	2.3727126e-25
1.6273245e+02	2.3722454e-25
1.6310772e+02	2.3717797e-25
1.6348384e+02	2.3713154e-25
1.6386084e+02	2.3708526e-25
1.6423870e+02	2.3703913e-25
1.6461744e+02	2.3699316e-25
1.6499705e+02	2.3694732e-25
1.6537753e+02	2.3690164e-25
1.6575889e+02	2.3685611e-25
1.6614114e+02	2.3681072e-25
1.6652426e+02	2.3676549e-25
1.6690826e+02	2.3672040e-25
1.6729316e+02	2.3667546e-25
1.6767894e+02	2.3663067e-25
1.6806560e+02	2.3658603e-25
1.6845316e+02	2.3654154e-25
1.6884162e+02	2.3649719e-25
1.6923097e+02	2.3645300e-25
1.6962122e+02	2.3640895e-25
1.7001236e+02	2.3636505e-25
1.7040441e+02	2.3632130e-25
1.7079737e+02	2.3627770e-25
1.7119123e+02	2.3623424e-25
1.7158600e+02	2.3619093e-25
1.7198168e+02	2.3614778e-25
1.7237827e+02	2.3610477e-25
1.7277577e+02	2.3606191e-25
1.7317419e+02	2.3601919e-25
1.7357354e+02	2.3597663e-25
1.7397380e+02	2.3593421e-25
1.7437498e+02	2.3589195e-25
1.7477709e+02	2.3584983e-25
1.7518013e+02	2.3580785e-25
1.7558410e+02	2.3576603e-25
1.7598899e+02	2.3572436e-25
1.7639483e+02	2.3568283e-25
1.7680159e+02	2.3564145e-25
1.7720930e+02	2.3560022e-25
1.7761795e+02	2.3555914e-25
1.7802753e+02	2.3551821e-25
1.7843807e+02	2.3547742e-25
1.7884955e+02	2.3543679e-25
1.7926198e+02	2.3539630e-25
1.7967535e+02	2.3535596e-25
1.8008969e+02	2.3531577e-25
1.8050498e+02	2.3527573e-25
1.8092122e+02	2.3523583e-25
1.8133843e+02	2.3519609e-25
1.8175659e+02	2.3515649e-25
1.8217573e+02	2.3511704e-25
1.8259583e+02	2.3507774e-25
1.8301689e+02	2.3503859e-25
1.8343893e+02	2.3499958e-25
1.8386194e+02	2.3496073e-25
1.8428593e+02	2.3492202e-25
1.8471089e+02	2.3488347e-25
1.8513684e+02	2.3484506e-25
1.8556377e+02	2.3480680e-25
1.8599168e+02	2.3476869e-25
1.8642058e+02	2.3473073e-25
1.8685046e+02	2.3469291e-25
1.8728134e+02	2.3465525e-25
1.8771321e+02	2.3461773e-25
1.8814608e+02	2.3458037e-25
1.8857995e+02	2.3454315e-25
1.8901482e+02	2.3450608e-25
1.8945068e+02	2.3446916e-25
1.8988756e+02	2.3443239e-25
1.9032544e+02	2.3439577e-25
1.9076433e+02	2.3435930e-25
1.9120424e+02	2.3432298e-25
1.9164516e+02	2.3428681e-25
1.9208709e+02	2.3425079e-25
1.9253005e+02	2.3421491e-25
1.9297402e+02	2.3417919e-25
1.9341902e+02	2.3414362e-25
1.9386505e+02	2.3410819e-25
1.9431210e+02	2.3407292e-25
1.9476019e+02	2.3403779e-25
1.9520930e+02	2.3400282e-25
1.9565946e+02	2.3396799e-25
1.9611065e+02	2.3393332e-25
1.9656288e+02	2.3389880e-25
1.9701616e+02	2.3386442e-25
1.9747048e+02	2.3383020e-25
1.9792585e+02	2.3379613e-25
1.9838227e+02	2.3376220e-25
1.9883974e+02	2.3372843e-25
1.9929826e+02	2.3369481e-25
1.9975785e+02	2.3366134e-25
2.0021849e+02	2.3362802e-25
2.0068020e+02	2.3359485e-25
2.0114297e+02	2.3356184e-25
2.0160680e+02	2.3352897e-25
2.0207171e+02	2.3349625e-25
2.0253769e+02	2.3346369e-25
2.0300474e+02	2.3343128e-25
2.0347287e+02	2.3339902e-25
2.0394208e+02	2.3336691e-25
2.0441237e+02	2.3333495e-25
2.0488375e+02	2.3330314e-25
2.0535621e+02	2.3327149e-25
2.0582977e+02	2.3323999e-25
2.0630441e+02	2.3320864e-25
2.0678015e+02	2.3317744e-25
2.0725699e+02	2.3314640e-25
2.0773492e+02	2.3311551e-25
2.0821396e+02	2.3308477e-25
2.0869411e+02	2.3305418e-25
2.0917536e+02	2.3302375e-25
2.0965772e+02	2.3299347e-25
2.1014119e+02	2.3296334e-25
2.1062578e+02	2.3293337e-25
2.1111148e+02	2.3290354e-25
2.1159831e+02	2.3287388e-25
2.1208625e+02	2.3284436e-25
2.1257533e+02	2.3281500e-25
2.1306553e+02	2.3278580e-25
2.1355686e+02	2.3275675e-25
2.1404932e+02	2.3272785e-25
2.1454292e+02	2.3269911e-25
2.1503766e+02	2.3267052e-25
2.1553354e+02	2.3264208e-25
2.1603056e+02	2.3261381e-25
2.1652873e+02	2.3258568e-25
2.1702804e+02	2.3255771e-25
2.1752851e+02	2.3252990e-25
2.1803013e+02	2.3250224e-25
2.1853291e+02	2.3247474e-25
2.1903685e+02	2.3244739e-25
2.1954195e+02	2.3242020e-25
2.2004822e+02	2.3239317e-25
2.2055565e+02	2.3236629e-25
2.2106425e+02	2.3233957e-25
2.2157403e+02	2.3231300e-25
2.2208498e+02	2.3228659e-25
2.2259711e+02	2.3226034e-25
2.2311042e+02	2.3223425e-25
2.2362491e+02	2.3220831e-25
2.2414060e+02	2.3218253e-25
2.2465747e+02	2.3215691e-25
2.2517553e+02	2.3213145e-25
2.2569478e+02	2.3210614e-25
2.2621524e+02	2.3208100e-25
2.2673689e+02	2.3205601e-25
2.2725975e+02	2.3203118e-25
2.2778381e+02	2.3200650e-25
2.2830908e+02	2.3198199e-25
2.2883556e+02	2.3195764e-25
2.2936326e+02	2.3193345e-25
2.2989217e+02	2.3190941e-25
2.3042231e+02	2.3188554e-25
2.3095366e+02	2.3186182e-25
2.3148624e+02	2.3183827e-25
2.3202005e+02	2.3181488e-25
2.3255509e+02	2.3179164e-25
2.3309137e+02	2.3176857e-25
2.3362888e+02	2.3174566e-25
2.3416763e+02	2.3172291e-25
2.3470762e+02	2.3170033e-25
2.3524886e+02	2.3167790e-25
2.3579134e+02	2.3165564e-25
2.3633508e+02	2.3163354e-25
2.3688007e+02	2.3161160e-25
2.3742632e+02	2.3158982e-25
2.3797382e+02	2.3156821e-25
2.3852259e+02	2.3154676e-25
2.3907263e+02	2.3152548e-25
2.3962393e+02	2.3150435e-25
2.4017651e+02	2.3148340e-25
2.4073036e+02	2.3146260e-25
2.4128548e+02	2.3144197e-25
2.4184189e+02	2.3142151e-25
2.4239958e+02	2.3140121e-25
2.4295855e+02	2.3138108e-25
2.4351882e+02	2.3136111e-25
2.4408037e+02	2.3134130e-25
2.4464322e+02	2.3132167e-25
2.4520737e+02	2.3130220e-25
2.4577282e+02	2.3128289e-25
2.4633958e+02	2.3126376e-25
2.4690764e+02	2.3124479e-25
2.4747701e+02	2.3122599e-25
2.4804769e+02	2.3120735e-25
2.4861969e+02	2.3118889e-25
2.4919301e+02	2.3117059e-25
2.4976765e+02	2.3115246e-25
2.5034362e+02	2.3113450e-25
2.5092091e+02	2.3111671e-25
2.5149954e+02	2.3109909e-25
2.5207950e+02	2.3108164e-25
2.5266080e+02	2.3106435e-25
2.5324343e+02	2.3104724e-25
2.5382742e+02	2.3103030e-25
2.5441274e+02	2.3101353e-25
2.5499942e+02	2.3099694e-25
2.5558745e+02	2.3098051e-25
2.5617684e+02	2.3096426e-25
2.5676758e+02	2.3094817e-25
2.5735969e+02	2.3093226e-25
2.5795317e+02	2.3091653e-25
2.5854801e+02	2.3090097e-25
2.5914422e+02	2.3088558e-25
2.5974181e+02	2.3087036e-25
2.6034078e+02	2.3085532e-25
2.6094112e+02	2.3084046e-25
2.6154286e+02	2.3082576e-25
2.6214598e+02	2.3081125e-25
2.6275049e+02	2.3079691e-25
2.6335639e+02	2.3078275e-25
2.6396369e+02	2.3076876e-25
2.6457240e+02	2.3075495e-25
2.6518250e+02	2.3074131e-25
2.6579401e+02	2.3072786e-25
2.6640694e+02	2.3071458e-25
2.6702127e+02	2.3070148e-25
2.6763703e+02	2.3068856e-25
2.6825420e+02	2.3067582e-25
2.6887280e+02	2.3066326e-25
2.6949282e+02	2.3065087e-25
2.7011427e+02	2.3063867e-25
2.7073716e+02	2.3062665e-25
2.7136148e+02	2.3061481e-25
2.7198724e+02	2.3060315e-25
2.7261444e+02	2.3059167e-25
2.7324310e+02	2.3058038e-25
2.7387320e+02	2.3056926e-25
2.7450475e+02	2.3055833e-25
2.7513776e+02	2.3054759e-25
2.7577223e+02	2.3053702e-25
2.7640816e+02	2.3052665e-25
2.7704556e+02	2.3051645e-25
2.7768443e+02	2.3050644e-25
2.7832477e+02	2.3049662e-25
2.7896659e+02	2.3048698e-25
2.7960989e+02	2.3047753e-25
2.8025467e+02	2.3046827e-25
2.8090094e+02	2.3045919e-25
2.8154870e+02	2.3045031e-25
2.8219796e+02	2.3044161e-25
2.8284871e+02	2.3043310e-25
2.8350096e+02	2.3042477e-25
2.8415471e+02	2.3041664e-25
2.8480998e+02	2.3040870e-25
2.8546675e+02	2.3040095e-25
2.8612504e+02	2.3039339e-25
2.8678485e+02	2.3038602e-25
2.8744617e+02	2.3037884e-25
2.8810903e+02	2.3037185e-25
2.8877341e+02	2.3036506e-25
2.8943932e+02	2.3035846e-25
2.9010677e+02	2.3035206e-25
2.9077576e+02	2.3034585e-25
2.9144629e+02	2.3033984e-25
2.9211837e+02	2.3033402e-25
2.9279200e+02	2.3032840e-25
2.9346718e+02	2.3032297e-25
2.9414391e+02	2.3031774e-25
2.9482221e+02	2.3031271e-25
2.9550207e+02	2.3030788e-25
2.9618350e+02	2.3030325e-25
2.9686651e+02	2.3029881e-25
2.9755108e+02	2.3029458e-25
2.9823724e+02	2.3029055e-25
2.9892498e+02	2.3028672e-25
2.9961430e+02	2.3028309e-25
3.0030521e+02	2.3027966e-25
3.0099772e+02	2.3027644e-25
3.0169182e+02	2.3027342e-25
3.0238752e+02	2.3027060e-25
3.0308483e+02	2.3026799e-25
3.0378375e+02	2.3026559e-25
3.0448428e+02	2.3026339e-25
3.0518642e+02	2.3026140e-25
3.0589018e+02	2.3025962e-25
3.0659557e+02	2.3025805e-25
3.0730258e+02	2.3025669e-25
3.0801122e+02	2.3025553e-25
3.0872150e+02	2.3025459e-25
3.0943341e+02	2.3025387e-25
3.1014697e+02	2.3025335e-25
3.1086217e+02	2.3025305e-25
3.1157902e+02	2.3025297e-25
3.1229752e+02	2.3025310e-25
3.1301768e+02	2.3025345e-25
3.1373950e+02	2.3025402e-25
3.1446299e+02	2.3025481e-25
3.1518814e+02	2.3025582e-25
3.1591497e+02	2.3025706e-25
3.1664347e+02	2.3025852e-25
3.1737365e+02	2.3026021e-25
3.1810552e+02	2.3026213e-25
3.1883907e+02	2.3026428e-25
3.1957432e+02	2.3026667e-25
3.2031126e+02	2.3026929e-25
3.2104990e+02	2.3027216e-25
3.2179024e+02	2.3027528e-25
3.2253229e+02	2.3027865e-25
3.2327606e+02	2.3028228e-25
3.2402153e+02	2.3028617e-25
3.2476873e+02	2.3029034e-25
3.2551765e+02	2.3029480e-25
3.2626829e+02	2.3029956e-25
3.2702067e+02	2.3030463e-25
3.2777478e+02	2.3031005e-25
3.2853063e+02	2.3031584e-25
3.2928823e+02	2.3032205e-25
3.3004757e+02	2.3032872e-25
3.3080866e+02	2.3033593e-25
3.3157151e+02	2.3034378e-25
3.3233612e+02	2.3035244e-25
3.3310249e+02	2.3036212e-25
3.3387062e+02	2.3037319e-25
3.3464053e+02	2.3038624e-25
3.3541221e+02	2.3040227e-25
3.3618568e+02	2.3042314e-25
3.3696092e+02	2.3045262e-25
3.3773796e+02	2.3049929e-25
3.3851679e+02	2.3058643e-25
3.3929741e+02	2.3079723e-25
3.4007983e+02	2.3163520e-25
3.4086406e+02	2.5155852e-25
3.4165009e+02	2.3468679e-25
3.4243794e+02	2.3114643e-25
3.4322760e+02	2.3072213e-25
3.4401909e+02	2.3059944e-25
3.4481240e+02	2.3055226e-25
3.4560754e+02	2.3053272e-25
3.4640451e+02	2.3052571e-25
3.4720333e+02	2.3052527e-25
3.4800398e+02	2.3052866e-25
3.4880648e+02	2.3053446e-25
3.4961083e+02	2.3054190e-25
3.5041703e+02	2.3055053e-25
3.5122510e+02	2.3056005e-25
3.5203503e+02	2.3057029e-25
3.5284682e+02	2.3058112e-25
3.5366049e+02	2.3059246e-25
3.5447603e+02	2.3060425e-25
3.5529346e+02	2.3061644e-25
3.5611277e+02	2.3062901e-25
3.5693397e+02	2.3064193e-25
3.5775706e+02	2.3065517e-25
3.5858205e+02	2.3066874e-25
3.5940894e+02	2.3068262e-25
3.6023774e+02	2.3069679e-25
3.6106845e+02	2.3071127e-25
3.6190108e+02	2.3072603e-25
3.6273563e+02	2.3074107e-25
3.6357210e+02	2.3075640e-25
3.6441050e+02	2.3077202e-25
3.6525083e+02	2.3078791e-25
3.6609310e+02	2.3080407e-25
3.6693731e+02	2.3082052e-25
3.6778347e+02	2.3083724e-25
3.6863159e+02	2.3085424e-25
3.6948165e+02	2.3087151e-25
3.7033368e+02	2.3088906e-25
3.7118767e+02	2.3090688e-25
3.7204364e+02	2.3092498e-25
3.7290157e+02	2.3094336e-25
3.7376148e+02	2.3096201e-25
3.7462338e+02	2.3098094e-25
3.7548727e+02	2.3100015e-25
3.7635314e+02	2.3101964e-25
3.7722102e+02	2.3103940e-25
3.7809089e+02	2.3105945e-25
3.7896277e+02	2.3107977e-25
3.7983666e+02	2.3110038e-25
3.8071257e+02	2.3112127e-25
3.8159049e+02	2.3114244e-25
3.8247044e+02	2.3116390e-25
3.8335242e+02	2.3118564e-25
3.8423644e+02	2.3120767e-25
3.8512249e+02	2.3122998e-25
3.8601059e+02	2.3125259e-25
3.8690073e+02	2.3127548e-25
3.8779292e+02	2.3129866e-25
3.8868718e+02	2.3132213e-25
3.8958349e+02	2.3134589e-25
3.9048188e+02	2.3136994e-25
3.9138233e+02	2.3139429e-25
3.9228486e+02	2.3141893e-25
3.9318947e+02	2.3144387e-25
3.9409617e+02	2.3146911e-25
3.9500496e+02	2.3149464e-25
3.9591584e+02	2.3152048e-25
3.9682883e+02	2.3154661e-25
3.9774392e+02	2.3157304e-25
3.9866112e+02	2.3159978e-25
3.9958044e+02	2.3162682e-25
4.0050187e+02	2.3165417e-25
4.0142543e+02	2.3168182e-25
4.0235112e+02	2.3170978e-25
4.0327895e+02	2.3173804e-25
4.0420891e+02	2.3176662e-25
4.0514102e+02	2.3179550e-25
4.0607528e+02	2.3182470e-25
4.0701169e+02	2.3185421e-25
4.0795026e+02	2.3188404e-25
4.0889100e+02	2.3191418e-25
4.0983390e+02	2.3194464e-25
4.1077898e+02	2.3197541e-25
4.1172624e+02	2.3200651e-25
4.1267569e+02	2.3203792e-25
4.1362732e+02	2.3206966e-25
4.1458115e+02	2.3210172e-25
4.1553718e+02	2.3213411e-25
4.1649541e+02	2.3216682e-25
4.1745585e+02	2.3219985e-25
4.1841851e+02	2.3223322e-25
4.1938338e+02	2.3226691e-25
4.2035048e+02	2.3230094e-25
4.2131982e+02	2.3233530e-25
4.2229138e+02	2.3236999e-25
4.2326519e+02	2.3240501e-25
4.2424124e+02	2.3244038e-25
4.2521955e+02	2.3247608e-25
4.2620010e+02	2.3251212e-25
4.2718293e+02	2.3254849e-25
4.2816801e+02	2.3258522e-25
4.2915537e+02	2.3262228e-25
4.3014501e+02	2.3265969e-25
4.3113692e+02	2.3269744e-25
4.3213113e+02	2.3273555e-25
4.3312763e+02	2.3277400e-25
4.3412642e+02	2.3281280e-25
4.3512752e+02	2.3285195e-25
4.3613093e+02	2.3289146e-25
4.3713665e+02	2.3293132e-25
4.3814469e+02	2.3297154e-25
4.3915506e+02	2.3301211e-25
4.4016775e+02	2.3305305e-25
4.4118278e+02	2.3309434e-25
4.4220015e+02	2.3313600e-25
4.4321987e+02	2.3317802e-25
4.4424194e+02	2.3322040e-25
4.4526636e+02	2.3326316e-25
4.4629315e+02	2.3330628e-25
4.4732231e+02	2.3334977e-25
4.4835383e+02	2.3339363e-25
4.4938774e+02	2.3343786e-25
4.5042403e+02	2.3348247e-25
4.5146271e+02	2.3352746e-25
4.5250379e+02	2.3357282e-25
4.5354727e+02	2.3361857e-25
4.5459315e+02	2.3366469e-25
4.5564145e+02	2.3371120e-25
4.5669216e+02	2.3375809e-25
4.5774529e+02	2.3380537e-25
4.5880086e+02	2.3385303e-25
4.5985886e+02	2.3390109e-25
4.6091930e+02	2.3394953e-25
4.6198218e+02	2.3399837e-25
4.6304751e+02	2.3404760e-25
4.6411530e+02	2.3409723e-25
4.6518556e+02	2.3414726e-25
4.6625828e+02	2.3419768e-25
4.6733347e+02	2.3424851e-25
4.6841115e+02	2.3429974e-25
4.6949131e+02	2.3435137e-25
4.7057396e+02	2.3440342e-25
4.7165911e+02	2.3445587e-25
4.7274676e+02	2.3450873e-25
4.7383691e+02	2.3456200e-25
4.7492958e+02	2.3461568e-25
4.7602478e+02	2.3466979e-25
4.7712249e+02	2.3472430e-25
4.7822274e+02	2.3477924e-25
4.7932553e+02	2.3483460e-25
4.8043085e+02	2.3489038e-25
4.8153873e+02	2.3494659e-25
4.8264916e+02	2.3500323e-25
4.8376216e+02	2.3506029e-25
4.8487772e+02	2.3511778e-25
4.8599585e+02	2.3517571e-25
4.8711656e+02	2.3523407e-25
4.8823985e+02	2.3529286e-25
4.8936574e+02	2.3535210e-25
4.9049422e+02	2.3541178e-25
4.9162530e+02	2.3547189e-25
4.9275899e+02	2.3553246e-25
4.9389530e+02	2.3559346e-25
4.9503423e+02	2.3565492e-25
4.9617578e+02	2.3571683e-25
4.9731996e+02	2.3577919e-25
4.9846679e+02	2.3584200e-25
4.9961626e+02	2.3590527e-25
5.0076837e+02	2.3596900e-25
5.0192315e+02	2.3603319e-25
5.0308059e+02	2.3609784e-25
5.0424070e+02	2.3616296e-25
5.0540348e+02	2.3622854e-25
5.0656894e+02	2.3629459e-25
5.0773710e+02	2.3636112e-25
5.0890794e+02	2.3642812e-25
5.1008149e+02	2.3649559e-25
5.1125774e+02	2.3656354e-25
5.1243670e+02	2.3663197e-25
5.1361839e+02	2.3670089e-25
5.1480279e+02	2.3677028e-25
5.1598993e+02	2.3684017e-25
5.1717981e+02	2.3691054e-25
5.1837243e+02	2.3698140e-25
5.1956780e+02	2.3705276e-25
5.2076593e+02	2.3712461e-25
5.2196682e+02	2.3719696e-25
5.2317048e+02	2.3726982e-25
5.2437691e+02	2.3734317e-25
5.2558613e+02	2.3741703e-25
5.2679814e+02	2.3749139e-25
5.2801294e+02	2.3756627e-25
5.2923054e+02	2.3764166e-25
5.3045095e+02	2.3771756e-25
5.3167417e+02	2.3779398e-25
5.3290022e+02	2.3787092e-25
5.3412909e+02	2.3794838e-25
5.3536079e+02	2.3802636e-25
5.3659534e+02	2.3810487e-25
5.3783273e+02	2.3818391e-25
5.3907298e+02	2.3826348e-25
5.4031609e+02	2.3834359e-25
5.4156206e+02	2.3842423e-25
5.4281090e+02	2.3850541e-25
5.4406263e+02	2.3858713e-25
5.4531724e+02	2.3866940e-25
5.4657475e+02	2.3875221e-25
5.4783515e+02	2.3883558e-25
5.4909847e+02	2.3891949e-25
5.5036469e+02	2.3900396e-25
5.5163384e+02	2.3908899e-25
5.5290591e+02	2.3917458e-25
5.5418091e+02	2.3926073e-25
5.5545886e+02	2.3934744e-25
5.5673975e+02	2.3943472e-25
5.5802360e+02	2.3952258e-25
5.5931040e+02	2.3961100e-25
5.6060018e+02	2.3970001e-25
5.6189293e+02	2.3978959e-25
5.6318866e+02	2.3987975e-25
5.6448737e+02	2.3997050e-25
5.6578909e+02	2.4006183e-25
5.6709380e+02	2.4015376e-25
5.6840152e+02	2.4024628e-25
5.6971226e+02	2.4033939e-25
5.7102602e+02	2.4043310e-25
5.7234281e+02	2.4052742e-25
5.7366264e+02	2.4062234e-25
5.7498551e+02	2.4071786e-25
5.7631143e+02	2.4081400e-25
5.7764041e+02	2.4091075e-25
5.7897245e+02	2.4100811e-25
5.8030757e+02	2.4110610e-25
5.8164576e+02	2.4120471e-25
5.8298704e+02	2.4130394e-25
5.8433141e+02	2.4140380e-25
5.8567889e+02	2.4150429e-25
5.8702947e+02	2.4160542e-25
5.8838316e+02	2.4170718e-25
5.8973998e+02	2.4180959e-25
5.9109992e+02	2.4191264e-25
5.9246300e+02	2.4201633e-25
5.9382923e+02	2.4212068e-25
5.9519860e+02	2.4222568e-25
5.9657113e+02	2.4233133e-25
5.9794683e+02	2.4243765e-25
5.9932570e+02	2.4254463e-25
6.0070775e+02	2.4265227e-25
6.0209299e+02	2.4276059e-25
6.0348142e+02	2.4286957e-25
6.0487305e+02	2.4297924e-25
6.0626789e+02	2.4308958e-25
6.0766595e+02	2.4320060e-25
6.0906723e+02	2.4331231e-25
6.1047175e+02	2.4342472e-25
6.1187950e+02	2.4353781e-25
6.1329050e+02	2.4365160e-25
6.1470475e+02	2.4376609e-25
6.1612226e+02	2.4388128e-25
6.1754305e+02	2.4399718e-25
6.1896711e+02	2.4411380e-25
6.2039445e+02	2.4423112e-25
6.2182508e+02	2.4434916e-25
6.2325902e+02	2.4446793e-25
6.2469626e+02	2.4458741e-25
6.2613681e+02	2.4470763e-25
6.2758069e+02	2.4482858e-25
6.2902789e+02	2.4495026e-25
6.3047844e+02	2.4507269e-25
6.3193232e+02	2.4519585e-25
6.3338957e+02	2.4531977e-25
6.3485017e+02	2.4544443e-25
6.3631414e+02	2.4556985e-25
6.3778148e+02	2.4569602e-25
6.3925221e+02	2.4582296e-25
6.4072633e+02	2.4595067e-25
6.4220385e+02	2.4607914e-25
6.4368478e+02	2.4620839e-25
6.4516912e+02	2.4633842e-25
6.4665688e+02	2.4646922e-25
6.4814808e+02	2.4660082e-25
6.4964271e+02	2.4673320e-25
6.5114080e+02	2.4686638e-25
6.5264233e+02	2.4700036e-25
6.5414733e+02	2.4713515e-25
6.5565580e+02	2.4727074e-25
6.5716775e+02	2.4740714e-25
6.5868318e+02	2.4754436e-25
6.6020211e+02	2.4768241e-25
6.6172454e+02	2.4782129e-25
6.6325048e+02	2.4796101e-25
6.6477994e+02	2.4810158e-25
6.6631293e+02	2.4824300e-25
6.6784945e+02	2.4838530e-25
6.6938952e+02	2.4852850e-25
6.7093314e+02	2.4867264e-25
6.7248031e+02	2.4881777e-25
6.7403106e+02	2.4896404e-25
6.7558538e+02	2.4911173e-25
6.7714328e+02	2.4926164e-25
6.7870478e+02	2.4941671e-25
6.8026988e+02	2.4959589e-25
6.8183859e+02	2.5094696e-25
6.8341091e+02	2.4996123e-25
6.8498686e+02	2.5002503e-25
6.8656645e+02	2.5016547e-25
6.8814967e+02	2.5031508e-25
6.8973655e+02	2.5046774e-25
6.9132709e+02	2.5062211e-25
6.9292130e+02	2.5077775e-25
6.9451918e+02	2.5093449e-25
6.9612074e+02	2.5109225e-25
6.9772600e+02	2.5125101e-25
6.9933497e+02	2.5141073e-25
7.0094764e+02	2.5157142e-25
7.0256403e+02	2.5173306e-25
7.0418415e+02	2.5189566e-25
7.0580800e+02	2.5205921e-25
7.0743560e+02	2.5222373e-25
7.0906695e+02	2.5238921e-25
7.1070206e+02	2.5255565e-25
7.1234095e+02	2.5272307e-25
7.1398361e+02	2.5289146e-25
7.1563006e+02	2.5306083e-25
7.1728031e+02	2.5323118e-25
7.1893437e+02	2.5340253e-25
7.2059223e+02	2.5357486e-25
7.2225393e+02	2.5374820e-25
7.2391945e+02	2.5392253e-25
7.2558881e+02	2.5409788e-25
7.2726203e+02	2.5427424e-25
7.2893910e+02	2.5445162e-25
7.3062004e+02	2.5463002e-25
7.3230485e+02	2.5480945e-25
7.3399355e+02	2.5498991e-25
7.3568615e+02	2.5517142e-25
7.3738265e+02	2.5535397e-25
7.3908306e+02	2.5553757e-25
7.4078739e+02	2.5572222e-25
7.4249565e+02	2.5590794e-25
7.4420785e+02	2.5609473e-25
7.4592400e+02	2.5628258e-25
7.4764410e+02	2.5647152e-25
7.4936818e+02	2.5666153e-25
7.5109623e+02	2.5685264e-25
7.5282826e+02	2.5704484e-25
7.5456429e+02	2.5723815e-25
7.5630432e+02	2.5743256e-25
7.5804836e+02	2.5762808e-25
7.5979643e+02	2.5782472e-25
7.6154852e+02	2.5802248e-25
7.6330466e+02	2.5822137e-25
7.6506485e+02	2.5842140e-25
7.6682909e+02	2.5862257e-25
7.6859741e+02	2.5882489e-25
7.7036980e+02	2.5902836e-25
7.7214628e+02	2.5923299e-25
7.7392685e+02	2.5943879e-25
7.7571153e+02	2.5964575e-25
7.7750033e+02	2.5985390e-25
7.7929325e+02	2.6006323e-25
7.8109031e+02	2.6027375e-25
7.8289151e+02	2.6048547e-25
7.8469686e+02	2.6069839e-25
7.8650638e+02	2.6091252e-25
7.8832007e+02	2.6112786e-25
7.9013794e+02	2.6134443e-25
7.9196000e+02	2.6156222e-25
7.9378627e+02	2.6178125e-25
7.9561675e+02	2.6200153e-25
7.9745144e+02	2.6222305e-25
7.9929037e+02	2.6244582e-25
8.0113354e+02	2.6266986e-25
8.0298096e+02	2.6289516e-25
8.0483264e+02	2.6312174e-25
8.0668859e+02	2.6334960e-25
8.0854882e+02	2.6357875e-25
8.1041334e+02	2.6380919e-25
8.1228216e+02	2.6404094e-25
8.1415529e+02	2.6427399e-25
8.1603274e+02	2.6450836e-25
8.1791452e+02	2.6474405e-25
8.1980064e+02	2.6498107e-25
8.2169110e+02	2.6521943e-25
8.2358593e+02	2.6545913e-25
8.2548512e+02	2.6570019e-25
8.2738870e+02	2.6594260e-25
8.2929666e+02	2.6618637e-25
8.3120903e+02	2.6643152e-25
8.3312580e+02	2.6667805e-25
8.3504700e+02	2.6692597e-25
8.3697262e+02	2.6717528e-25
8.3890269e+02	2.6742599e-25
8.4083720e+02	2.6767812e-25
8.4277618e+02	2.6793166e-25
8.4471963e+02	2.6818662e-25
8.4666756e+02	2.6844302e-25
8.4861998e+02	2.6870086e-25
8.5057690e+02	2.6896014e-25
8.5253834e+02	2.6922088e-25
8.5450430e+02	2.6948308e-25
8.5647479e+02	2.6974676e-25
8.5844983e+02	2.7001191e-25
8.6042942e+02	2.7027855e-25
8.6241358e+02	2.7054668e-25
8.6440231e+02	2.7081632e-25
8.6639563e+02	2.7108746e-25
8.6839354e+02	2.7136013e-25
8.7039607e+02	2.7163432e-25
8.7240321e+02	2.7191005e-25
8.7441498e+02	2.7218732e-25
8.7643138e+02	2.7246614e-25
8.7845244e+02	2.7274653e-25
8.8047816e+02	2.7302848e-25
8.8250855e+02	2.7331200e-25
8.8454362e+02	2.7359712e-25
8.8658338e+02	2.7388382e-25
8.8862785e+02	2.7417213e-25
8.9067703e+02	2.7446205e-25
8.9273094e+02	2.7475359e-25
8.9478959e+02	2.7504676e-25
8.9685298e+02	2.7534156e-25
8.9892113e+02	2.7563801e-25
9.0099405e+02	2.7593612e-25
9.0307175e+02	2.7623588e-25
9.0515424e+02	2.7653732e-25
9.0724153e+02	2.7684045e-25
9.0933364e+02	2.7714526e-25
9.1143057e+02	2.7745177e-25
9.1353233e+02	2.7775999e-25
9.1563894e+02	2.7806993e-25
9.1775041e+02	2.7838160e-25
9.1986675e+02	2.7869500e-25
9.2198797e+02	2.7901015e-25
9.2411408e+02	2.7932706e-25
9.2624510e+02	2.7964573e-25
9.2838103e+02	2.7996617e-25
9.3052188e+02	2.8028840e-25
9.3266767e+02	2.8061242e-25
9.3481841e+02	2.8093825e-25
9.3697411e+02	2.8126589e-25
9.3913478e+02	2.8159535e-25
9.4130043e+02	2.8192664e-25
9.4347108e+02	2.8225978e-25
9.4564673e+02	2.8259477e-25
9.4782740e+02	2.8293163e-25
9.5001309e+02	2.8327035e-25
9.5220383e+02	2.8361096e-25
9.5439962e+02	2.8395347e-25
9.5660047e+02	2.8429787e-25
9.5880640e+02	2.8464419e-25
9.6101742e+02	2.8499244e-25
9.6323353e+02	2.8534262e-25
9.6545475e+02	2.8569475e-25
9.6768110e+02	2.8604883e-25
9.6991258e+02	2.8640488e-25
9.7214920e+02	2.8676290e-25
9.7439099e+02	2.8712292e-25
9.7663794e+02	2.8748493e-25
9.7889008e+02	2.8784896e-25
9.8114740e+02	2.8821500e-25
9.8340994e+02	2.8858308e-25
9.8567769e+02	2.8895320e-25
9.8795067e+02	2.8932537e-25
9.9022889e+02	2.8969961e-25
9.9251237e+02	2.9007593e-25
9.9480111e+02	2.9045434e-25
9.9709513e+02	2.9083485e-25
9.9939443e+02	2.9121747e-25
1.0016990e+03	2.9160222e-25
1.0040090e+03	2.9198911e-25
1.0063242e+03	2.9237816e-25
1.0086448e+03	2.9276938e-25
1.0109708e+03	2.9316281e-25
1.0133021e+03	2.9355848e-25
1.0156387e+03	2.9395652e-25
1.0179808e+03	2.9435730e-25
1.0203283e+03	2.9476314e-25
1.0226812e+03	2.9529636e-25
1.0250395e+03	2.9558330e-25
1.0274032e+03	2.9598023e-25
1.0297724e+03	2.9638975e-25
1.0321471e+03	2.9680265e-25
1.0345272e+03	2.9721812e-25
1.0369129e+03	2.9763600e-25
1.0393040e+03	2.9805624e-25
1.0417006e+03	2.9847883e-25
1.0441028e+03	2.9890378e-25
1.0465105e+03	2.9933108e-25
1.0489238e+03	2.9976077e-25
1.0513426e+03	3.0019283e-25
1.0537670e+03	3.0062729e-25
1.0561970e+03	3.0106416e-25
1.0586326e+03	3.0150345e-25
1.0610738e+03	3.0194518e-25
1.0635207e+03	3.0238935e-25
1.0659731e+03	3.0283598e-25
1.0684313e+03	3.0328509e-25
1.0708951e+03	3.0373668e-25
1.0733646e+03	3.0419077e-25
1.0758398e+03	3.0464738e-25
1.0783207e+03	3.0510652e-25
1.0808073e+03	3.0556820e-25
1.0832996e+03	3.0603243e-25
1.0857977e+03	3.0649924e-25
1.0883016e+03	3.0696863e-25
1.0908112e+03	3.0744062e-25
1.0933266e+03	3.0791522e-25
1.0958479e+03	3.0839245e-25
1.0983749e+03	3.0887233e-25
1.1009078e+03	3.0935486e-25
1.1034465e+03	3.0984006e-25
1.1059910e+03	3.1032794e-25
1.1085414e+03	3.1081853e-25
1.1110977e+03	3.1131184e-25
1.1136599e+03	3.1180788e-25
1.1162281e+03	3.1230666e-25
1.1188021e+03	3.1280821e-25
1.1213820e+03	3.1331253e-25
1.1239680e+03	3.1381964e-25
1.1265598e+03	3.1432956e-25
1.1291577e+03	3.1484231e-25
1.1317615e+03	3.1535790e-25
1.1343714e+03	3.1587634e-25
1.1369873e+03	3.1639765e-25
1.1396092e+03	3.1692185e-25
1.1422371e+03	3.1744895e-25
1.1448711e+03	3.1797897e-25
1.1475112e+03	3.1851192e-25
1.1501574e+03	3.1904783e-25
1.1528096e+03	3.1958671e-25
1.1554680e+03	3.2012857e-25
1.1581325e+03	3.2067343e-25
1.1608032e+03	3.2122131e-25
1.1634800e+03	3.2177223e-25
1.1661630e+03	3.2232619e-25
1.1688522e+03	3.2288323e-25
1.1715476e+03	3.2344335e-25
1.1742492e+03	3.2400658e-25
1.1769570e+03	3.2457293e-25
1.1796711e+03	3.2514241e-25
1.1823914e+03	3.2571506e-25
1.1851180e+03	3.2629087e-25
1.1878509e+03	3.2686988e-25
1.1905901e+03	3.2745210e-25
1.1933356e+03	3.2803754e-25
1.1960875e+03	3.2862623e-25
1.1988456e+03	3.2921819e-25
1.2016102e+03	3.2981342e-25
1.2043811e+03	3.3041196e-25
1.2071584e+03	3.3101382e-25
1.2099421e+03	3.3161901e-25
1.2127323e+03	3.3222756e-25
1.2155288e+03	3.3283949e-25
1.2183319e+03	3.3345481e-25
1.2211413e+03	3.3407354e-25
1.2239573e+03	3.3469571e-25
1.2267798e+03	3.3532133e-25
1.2296087e+03	3.3595043e-25
1.2324442e+03	3.3658301e-25
1.2352862e+03	3.3721911e-25
1.2381348e+03	3.3785874e-25
1.2409900e+03	3.3850192e-25
1.2438517e+03	3.3914867e-25
1.2467200e+03	3.3979901e-25
1.2495950e+03	3.4045297e-25
1.2524766e+03	3.4111055e-25
1.2553648e+03	3.4177180e-25
1.2582597e+03	3.4243671e-25
1.2611612e+03	3.4310532e-25
1.2640695e+03	3.4377765e-25
1.2669844e+03	3.4445371e-25
1.2699061e+03	3.4513353e-25
1.2728345e+03	3.4581714e-25
1.2757697e+03	3.4650454e-25
1.2787116e+03	3.4719577e-25
1.2816603e+03	3.4789084e-25
1.2846158e+03	3.4858978e-25
1.2875782e+03	3.4929261e-25
1.2905473e+03	3.4999935e-25
1.2935233e+03	3.5071002e-25
1.2965062e+03	3.5142465e-25
1.2994960e+03	3.5214326e-25
1.3024926e+03	3.5286587e-25
1.3054962e+03	3.5359251e-25
1.3085067e+03	3.5432320e-25
1.3115241e+03	3.5505795e-25
1.3145485e+03	3.5579680e-25
1.3175798e+03	3.5653977e-25
1.3206182e+03	3.5728689e-25
1.3236635e+03	3.5803817e-25
1.3267159e+03	3.5879364e-25
1.3297753e+03	3.5955332e-25
1.3328418e+03	3.6031725e-25
1.3359154e+03	3.6108544e-25
1.3389960e+03	3.6185791e-25
1.3420837e+03	3.6263471e-25
1.3451786e+03	3.6341585e-25
1.3482806e+03	3.6420136e-25
1.3513897e+03	3.6499127e-25
1.3545060e+03	3.6578565e-25
1.3576295e+03	3.6658461e-25
1.3607602e+03	3.6738889e-25
1.3638982e+03	3.6831042e-25
1.3670433e+03	3.6900977e-25
1.3701957e+03	3.6982455e-25
1.3733554e+03	3.7064555e-25
1.3765224e+03	3.7147137e-25
1.3796966e+03	3.7230186e-25
1.3828782e+03	3.7313703e-25
1.3860672e+03	3.7397689e-25
1.3892634e+03	3.7482146e-25
1.3924671e+03	3.7567076e-25
1.3956781e+03	3.7652483e-25
1.3988966e+03	3.7738369e-25
1.4021224e+03	3.7824737e-25
1.4053558e+03	3.7911590e-25
1.4085965e+03	3.7998930e-25
1.4118448e+03	3.8086761e-25
1.4151005e+03	3.8175085e-25
1.4183637e+03	3.8263906e-25
1.4216345e+03	3.8353226e-25
1.4249128e+03	3.8443047e-25
1.4281986e+03	3.8533374e-25
1.4314921e+03	3.8624210e-25
1.4347931e+03	3.8715556e-25
1.4381017e+03	3.8807416e-25
1.4414180e+03	3.8899794e-25
1.4447419e+03	3.8992693e-25
1.4480735e+03	3.9086114e-25
1.4514128e+03	3.9180063e-25
1.4547598e+03	3.9274541e-25
1.4581144e+03	3.9369552e-25
1.4614769e+03	3.9465100e-25
1.4648470e+03	3.9561187e-25
1.4682250e+03	3.9657816e-25
1.4716107e+03	3.9754992e-25
1.4750043e+03	3.9852717e-25
1.4784056e+03	3.9950994e-25
1.4818149e+03	4.0049827e-25
1.4852319e+03	4.0149220e-25
1.4886569e+03	4.0249175e-25
1.4920897e+03	4.0349696e-25
1.4955305e+03	4.0450787e-25
1.4989792e+03	4.0552451e-25
1.5024359e+03	4.0654692e-25
1.5059005e+03	4.0757512e-25
1.5093731e+03	4.0860916e-25
1.5128538e+03	4.0964908e-25
1.5163424e+03	4.1069490e-25
1.5198391e+03	4.1174667e-25
1.5233439e+03	4.1280441e-25
1.5268567e+03	4.1386818e-25
1.5303776e+03	4.1493799e-25
1.5339067e+03	4.1601391e-25
1.5374439e+03	4.1709595e-25
1.5409893e+03	4.1818416e-25
1.5445428e+03	4.1927857e-25
1.5481045e+03	4.2037923e-25
1.5516745e+03	4.2148618e-25
1.5552526e+03	4.2259944e-25
1.5588391e+03	4.2371907e-25
1.5624338e+03	4.2484511e-25
1.5660367e+03	4.2597758e-25
1.5696480e+03	4.2711654e-25
1.5732677e+03	4.2826202e-25
1.5768956e+03	4.2941406e-25
1.5805320e+03	4.3057271e-25
1.5841767e+03	4.3173801e-25
1.5878298e+03	4.3291000e-25
1.5914913e+03	4.3408873e-25
1.5951613e+03	4.3527422e-25
1.5988398e+03	4.3646654e-25
1.6025267e+03	4.3766572e-25
1.6062222e+03	4.3887180e-25
1.6099261e+03	4.4008483e-25
1.6136386e+03	4.4130486e-25
1.6173597e+03	4.4253192e-25
1.6210893e+03	4.4376607e-25
1.6248276e+03	4.4500735e-25
1.6285744e+03	4.4625581e-25
1.6323300e+03	4.4751148e-25
1.6360941e+03	4.4877443e-25
1.6398670e+03	4.5004469e-25
1.6436485e+03	4.5132232e-25
1.6474388e+03	4.5260736e-25
1.6512378e+03	4.5389986e-25
1.6550456e+03	4.5519987e-25
1.6588621e+03	4.5650744e-25
1.6626874e+03	4.5782261e-25
1.6665216e+03	4.5914545e-25
1.6703646e+03	4.6047599e-25
1.6742165e+03	4.6181429e-25
1.6780773e+03	4.6316041e-25
1.6819469e+03	4.6451439e-25
1.6858255e+03	4.6587629e-25
1.6897130e+03	4.6724616e-25
1.6936095e+03	4.6862407e-25
1.6975150e+03	4.7001011e-25
1.7014295e+03	4.7140469e-25
1.7053530e+03	4.7599221e-25
1.7092855e+03	4.7421741e-25
1.7132272e+03	4.7563575e-25
1.7171779e+03	4.7706281e-25
1.7211377e+03	4.7849833e-25
1.7251067e+03	4.7994234e-25
1.7290848e+03	4.8139487e-25
1.7330721e+03	4.8285598e-25
1.7370685e+03	4.8432574e-25
1.7410742e+03	4.8580420e-25
1.7450892e+03	4.8729141e-25
1.7491133e+03	4.8878744e-25
1.7531468e+03	4.9029235e-25
1.7571896e+03	4.9180621e-25
1.7612417e+03	4.9332906e-25
1.7653031e+03	4.9486099e-25
1.7693739e+03	4.9640204e-25
1.7734541e+03	4.9795228e-25
1.7775437e+03	4.9951178e-25
1.7816427e+03	5.0108061e-25
1.7857512e+03	5.0265882e-25
1.7898692e+03	5.0424649e-25
1.7939966e+03	5.0584368e-25
1.7981336e+03	5.0745046e-25
1.8022801e+03	5.0906689e-25
1.8064362e+03	5.1069306e-25
1.8106018e+03	5.1232902e-25
1.8147771e+03	5.1397485e-25
1.8189620e+03	5.1563062e-25
1.8231565e+03	5.1729640e-25
1.8273607e+03	5.1897226e-25
1.8315746e+03	5.2065828e-25
1.8357983e+03	5.2235452e-25
1.8400316e+03	5.2406108e-25
1.8442748e+03	5.2577801e-25
1.8485277e+03	5.2750541e-25
1.8527904e+03	5.2924333e-25
1.8570629e+03	5.3099188e-25
1.8613453e+03	5.3275111e-25
1.8656376e+03	5.3452111e-25
1.8699398e+03	5.3630197e-25
1.8742519e+03	5.3809375e-25
1.8785739e+03	5.3989656e-25
1.8829059e+03	5.4171046e-25
1.8872479e+03	5.4353555e-25
1.8915999e+03	5.4537190e-25
1.8959620e+03	5.4721960e-25
1.9003341e+03	5.4907875e-25
1.9047163e+03	5.5094942e-25
1.9091086e+03	5.5283171e-25
1.9135110e+03	5.5472571e-25
1.9179235e+03	5.5663150e-25
1.9223463e+03	5.5854919e-25
1.9267792e+03	5.6047885e-25
1.9312224e+03	5.6242059e-25
1.9356758e+03	5.6437450e-25
1.9401395e+03	5.6634067e-25
1.9446135e+03	5.6831921e-25
1.9490978e+03	5.7031021e-25
1.9535924e+03	5.7231376e-25
1.9580974e+03	5.7432998e-25
1.9626128e+03	5.7635896e-25
1.9671386e+03	5.7840081e-25
1.9716748e+03	5.8045563e-25
1.9762215e+03	5.8252352e-25
1.9807787e+03	5.8460459e-25
1.9853464e+03	5.8669895e-25
1.9899246e+03	5.8880670e-25
1.9945134e+03	5.9092797e-25
1.9991128e+03	5.9306285e-25
2.0037227e+03	5.9521147e-25
2.0083433e+03	5.9737393e-25
2.0129746e+03	5.9955036e-25
2.0176165e+03	6.0174087e-25
2.0222692e+03	6.0394558e-25
2.0269325e+03	6.0616461e-25
2.0316067e+03	6.0839809e-25
2.0362916e+03	6.1064616e-25
2.0409873e+03	6.1290904e-25
2.0456938e+03	6.1520777e-25
2.0504112e+03	6.1747919e-25
2.0551394e+03	6.1978646e-25
2.0598786e+03	6.2210918e-25
2.0646287e+03	6.2444726e-25
2.0693898e+03	6.2680082e-25
2.0741618e+03	6.2917000e-25
2.0789448e+03	6.3155493e-25
2.0837389e+03	6.3395574e-25
2.0885440e+03	6.3637259e-25
2.0933602e+03	6.3880561e-25
2.0981875e+03	6.4125495e-25
2.1030259e+03	6.4372076e-25
2.1078755e+03	6.4620320e-25
2.1127363e+03	6.4870240e-25
2.1176083e+03	6.5121853e-25
2.1224915e+03	6.5375174e-25
2.1273860e+03	6.5630219e-25
2.1322918e+03	6.5887004e-25
2.1372088e+03	6.6145546e-25
2.1421373e+03	6.6405860e-25
2.1470771e+03	6.6667965e-25
2.1520282e+03	6.6931876e-25
2.1569908e+03	6.7197611e-25
2.1619649e+03	6.7465188e-25
2.1669504e+03	6.7734624e-25
2.1719474e+03	6.8005938e-25
2.1769559e+03	6.8279147e-25
2.1819760e+03	6.8554270e-25
2.1870076e+03	6.8831327e-25
2.1920509e+03	6.9110335e-25
2.1971058e+03	6.9391316e-25
2.2021723e+03	6.9674287e-25
2.2072505e+03	6.9959270e-25
2.2123405e+03	7.0246285e-25
2.2174421e+03	7.0535352e-25
2.2225556e+03	7.0826492e-25
2.2276808e+03	7.1119727e-25
2.2328179e+03	7.1415078e-25
2.2379668e+03	7.1712567e-25
2.2431275e+03	7.2012217e-25
2.2483002e+03	7.2314050e-25
2.2534848e+03	7.2618088e-25
2.2586814e+03	7.2924357e-25
2.2638899e+03	7.3232879e-25
2.2691104e+03	7.3543678e-25
2.2743430e+03	7.3856780e-25
2.2795877e+03	7.4172208e-25
2.2848444e+03	7.4489989e-25
2.2901133e+03	7.4810149e-25
2.2953943e+03	7.5132713e-25
2.3006875e+03	7.5457708e-25
2.3059929e+03	7.5785162e-25
2.3113105e+03	7.6115102e-25
2.3166404e+03	7.6447556e-25
2.3219826e+03	7.6782553e-25
2.3273371e+03	7.7120121e-25
2.3327040e+03	7.7460291e-25
2.3380832e+03	7.7803093e-25
2.3434749e+03	7.8148557e-25
2.3488789e+03	7.8496715e-25
2.3542955e+03	7.8847598e-25
2.3597245e+03	7.9201239e-25
2.3651660e+03	7.9557670e-25
2.3706201e+03	7.9916926e-25
2.3760868e+03	8.0279041e-25
2.3815661e+03	8.0644060e-25
2.3870580e+03	8.1176816e-25
2.3925626e+03	8.1382895e-25
2.3980798e+03	8.1756784e-25
2.4036098e+03	8.2133722e-25
2.4091526e+03	8.2513739e-25
2.4147081e+03	8.2896873e-25
2.4202764e+03	8.3283162e-25
2.4258576e+03	8.3672648e-25
2.4314516e+03	8.4065372e-25
2.4370586e+03	8.4461376e-25
2.4426785e+03	8.4860703e-25
2.4483113e+03	8.5263396e-25
2.4539571e+03	8.5669501e-25
2.4596160e+03	8.6079062e-25
2.4652879e+03	8.6492127e-25
2.4709728e+03	8.6908744e-25
2.4766709e+03	8.7328959e-25
2.4823821e+03	8.7752824e-25
2.4881065e+03	8.8180388e-25
2.4938441e+03	8.8611704e-25
2.4995949e+03	8.9046823e-25
2.5053590e+03	8.9485800e-25
2.5111364e+03	8.9928690e-25
2.5169271e+03	9.0375548e-25
2.5227312e+03	9.0826433e-25
2.5285486e+03	9.1281403e-25
2.5343794e+03	9.1740518e-25
2.5402237e+03	9.2203839e-25
2.5460815e+03	9.2671429e-25
2.5519528e+03	9.3143353e-25
2.5578376e+03	9.3619675e-25
2.5637360e+03	9.4100462e-25
2.5696480e+03	9.4585784e-25
2.5755736e+03	9.5075711e-25
2.5815129e+03	9.5570315e-25
2.5874659e+03	9.6069669e-25
2.5934326e+03	9.7473995e-25
2.5994131e+03	9.7082928e-25
2.6054074e+03	9.7596989e-25
2.6114155e+03	9.8116113e-25
2.6174374e+03	9.8640383e-25
2.6234732e+03	9.9169882e-25
2.6295230e+03	9.9704698e-25
2.6355867e+03	1.0024492e-24
2.6416644e+03	1.0079064e-24
2.6477561e+03	1.0134195e-24
2.6538618e+03	1.0189895e-24
2.6599816e+03	1.0246173e-24
2.6661156e+03	1.0303040e-24
2.6722637e+03	1.0360506e-24
2.6784259e+03	1.0418582e-24
2.6846024e+03	1.0477279e-24
2.6907931e+03	1.0536607e-24
2.6969981e+03	1.0596579e-24
2.7032174e+03	1.0657206e-24
2.7094510e+03	1.0718500e-24
2.7156991e+03	1.0780474e-24
2.7219615e+03	1.0843142e-24
2.7282383e+03	1.0906941e-24
2.7345297e+03	1.0970606e-24
2.7408355e+03	1.1035430e-24
2.7471559e+03	1.1101003e-24
2.7534909e+03	1.1167350e-24
2.7598405e+03	1.1234498e-24
2.7662047e+03	1.1302440e-24
2.7725836e+03	1.1371190e-24
2.7789772e+03	1.1440766e-24
2.7853855e+03	1.1511185e-24
2.7918086e+03	1.1582463e-24
2.7982465e+03	1.1654620e-24
2.8046993e+03	1.1727674e-24
2.8111670e+03	1.1801643e-24
2.8176496e+03	1.1876549e-24
2.8241471e+03	1.1952411e-24
2.8306596e+03	1.2029250e-24
2.8371871e+03	1.2107089e-24
2.8437297e+03	1.2185949e-24
2.8502873e+03	1.2265854e-24
2.8568601e+03	1.2346828e-24
2.8634481e+03	1.2428895e-24
2.8700512e+03	1.2512081e-24
2.8766696e+03	1.2596413e-24
2.8833032e+03	1.2681917e-24
2.8899521e+03	1.2768623e-24
2.8966164e+03	1.2856559e-24
2.9032960e+03	1.2945755e-24
2.9099910e+03	1.3036243e-24
2.9167015e+03	1.3128055e-24
2.9234274e+03	1.3221224e-24
2.9301688e+03	1.3315786e-24
2.9369258e+03	1.3411777e-24
2.9436984e+03	1.3509233e-24
2.9504866e+03	1.3608193e-24
2.9572904e+03	1.3708698e-24
2.9641100e+03	1.3810789e-24
2.9709452e+03	1.3914510e-24
2.9777963e+03	1.4019905e-24
2.9846631e+03	1.4127020e-24
2.9915457e+03	1.4235905e-24
2.9984443e+03	1.4346610e-24
3.0053587e+03	1.4459187e-24
3.0122891e+03	1.4573690e-24
3.0192354e+03	1.4690177e-24
3.0261978e+03	1.4808705e-24
3.0331763e+03	1.4929337e-24
3.0401708e+03	1.5052137e-24
3.0471814e+03	1.5177171e-24
3.0542083e+03	1.5304509e-24
3.0612513e+03	1.5434224e-24
3.0683106e+03	1.5566887e-24
3.0753861e+03	1.5701087e-24
3.0824780e+03	1.5838396e-24
3.0895862e+03	1.5978406e-24
3.0967108e+03	1.6121206e-24
3.1038518e+03	1.6266890e-24
3.1110093e+03	1.6415556e-24
3.1181833e+03	1.6567308e-24
3.1253739e+03	1.6722254e-24
3.1325810e+03	1.6880507e-24
3.1398048e+03	1.7042185e-24
3.1470452e+03	1.7207414e-24
3.1543023e+03	1.7376324e-24
3.1615762e+03	1.7549051e-24
3.1688668e+03	1.7725741e-24
3.1761742e+03	1.7906544e-24
3.1834985e+03	1.8091619e-24
3.1908397e+03	1.8281135e-24
3.1981978e+03	1.8475266e-24
3.2055728e+03	1.8674200e-24
3.2129649e+03	1.8878132e-24
3.2203740e+03	1.9087268e-24
3.2278002e+03	1.9301826e-24
3.2352436e+03	1.9522035e-24
3.2427041e+03	1.9748140e-24
3.2501818e+03	1.9980396e-24
3.2576767e+03	2.0219076e-24
3.2651889e+03	2.0464466e-24
3.2727185e+03	2.0716871e-24
3.2802654e+03	2.0976615e-24
3.2878297e+03	2.1244038e-24
3.2954115e+03	2.1519505e-24
3.3030107e+03	2.1803400e-24
3.3106275e+03	2.2096134e-24
3.3182618e+03	2.2398141e-24
3.3259138e+03	2.2709886e-24
3.3335833e+03	2.3031861e-24
3.3412706e+03	2.3364592e-24
3.3489756e+03	2.3708640e-24
3.3566984e+03	2.4064601e-24
3.3644389e+03	2.4433113e-24
3.3721974e+03	2.4814856e-24
3.3799737e+03	2.5210559e-24
3.3877679e+03	2.5620998e-24
3.3955801e+03	2.6047004e-24
3.4034104e+03	2.6489469e-24
3.4112587e+03	2.6949360e-24
3.4191251e+03	2.7427632e-24
3.4270096e+03	2.7925441e-24
3.4349123e+03	2.8443932e-24
3.4428332e+03	2.8984352e-24
3.4507724e+03	2.9548034e-24
3.4587299e+03	3.0136406e-24
3.4667058e+03	3.0750990e-24
3.4747000e+03	3.1393409e-24
3.4827127e+03	3.2065392e-24
3.4907439e+03	3.2768775e-24
3.4987936e+03	3.3505500e-24
3.5068618e+03	3.4277615e-24
3.5149487e+03	3.5087267e-24
3.5230542e+03	3.5936694e-24
3.5311784e+03	3.6828203e-24
3.5393213e+03	3.7764147e-24
3.5474830e+03	3.8746886e-24
3.5556635e+03	3.9778731e-24
3.5638629e+03	4.0861870e-24
3.5720812e+03	4.1998266e-24
3.5803184e+03	4.3189521e-24
3.5885747e+03	4.4436694e-24
3.5968500e+03	4.5740072e-24
3.6051443e+03	4.7098868e-24
3.6134578e+03	4.8510845e-24
3.6217905e+03	4.9971860e-24
3.6301424e+03	5.1475304e-24
3.6385135e+03	5.3011460e-24
3.6469039e+03	5.4566801e-24
3.6553137e+03	5.6123257e-24
3.6637429e+03	5.7657559e-24
3.6721915e+03	5.9140775e-24
3.6806596e+03	6.0538228e-24
3.6891472e+03	6.1810014e-24
3.6976544e+03	6.2912336e-24
3.7061813e+03	6.3799812e-24
3.7147277e+03	6.4428736e-24
3.7232939e+03	6.4761056e-24
3.7318799e+03	6.4768517e-24
3.7404856e+03	6.4436232e-24
3.7491112e+03	6.3765497e-24
3.7577567e+03	6.2771061e-24
3.7664221e+03	6.1485532e-24
3.7751075e+03	5.9949918e-24
3.7838129e+03	5.8212395e-24
3.7925384e+03	5.6323329e-24
3.8012841e+03	5.4331487e-24
3.8100498e+03	5.2281245e-24
3.8188359e+03	5.0210902e-24
3.8276421e+03	4.8151977e-24
3.8364687e+03	4.6129270e-24
3.8453156e+03	4.4161406e-24
3.8541829e+03	4.2261648e-24
3.8630707e+03	4.0438810e-24
3.8719790e+03	3.8698134e-24
3.8809078e+03	3.7042093e-24
3.8898572e+03	3.5471074e-24
3.8988272e+03	3.3983945e-24
3.9078180e+03	3.2578499e-24
3.9168294e+03	3.1251811e-24
3.9258617e+03	3.0000505e-24
3.9349147e+03	2.8820955e-24
3.9439887e+03	2.7709431e-24
3.9530835e+03	2.6662205e-24
3.9621994e+03	2.5675629e-24
3.9713362e+03	2.4746178e-24
3.9804942e+03	2.3870485e-24
3.9896732e+03	2.3045362e-24
3.9988734e+03	2.2267802e-24
4.0080949e+03	2.1534990e-24
4.0173376e+03	2.0844292e-24
4.0266016e+03	2.0193253e-24
4.0358870e+03	1.9579590e-24
4.0451937e+03	1.9001181e-24
4.0545220e+03	1.8456052e-24
4.0638718e+03	1.7942374e-24
4.0732431e+03	1.7458446e-24
4.0826360e+03	1.7002690e-24
4.0920506e+03	1.6573665e-24
4.1014869e+03	1.6169909e-24
4.1109450e+03	1.5790247e-24
4.1204248e+03	1.5433457e-24
4.1299266e+03	1.5098429e-24
4.1394502e+03	1.4784123e-24
4.1489958e+03	1.4489565e-24
4.1585634e+03	1.4213837e-24
4.1681531e+03	1.3956078e-24
4.1777649e+03	1.3715474e-24
4.1873988e+03	1.3491254e-24
4.1970550e+03	1.3282689e-24
4.2067335e+03	1.3089088e-24
4.2164342e+03	1.2909791e-24
4.2261574e+03	1.2744170e-24
4.2359029e+03	1.2591627e-24
4.2456709e+03	1.2451588e-24
4.2554615e+03	1.2323505e-24
4.2652746e+03	1.2206851e-24
4.2751104e+03	1.2101123e-24
4.2849688e+03	1.2005835e-24
4.2948500e+03	1.1920522e-24
4.3047539e+03	1.1844736e-24
4.3146807e+03	1.1778047e-24
4.3246304e+03	1.1720042e-24
4.3346030e+03	1.1670322e-24
4.3445987e+03	1.1628505e-24
4.3546173e+03	1.1594224e-24
4.3646591e+03	1.1567127e-24
4.3747241e+03	1.1546875e-24
4.3848122e+03	1.1533144e-24
4.3949236e+03	1.1525622e-24
4.4050583e+03	1.1524011e-24
4.4152164e+03	1.1528028e-24
4.4253980e+03	1.1537401e-24
4.4356030e+03	1.1551866e-24
4.4458315e+03	1.1571175e-24
4.4560836e+03	1.1595096e-24
4.4663594e+03	1.1623400e-24
4.4766588e+03	1.1655872e-24
4.4869821e+03	1.1692310e-24
4.4973291e+03	1.1732519e-24
4.5076999e+03	1.1776313e-24
4.5180947e+03	1.1823520e-24
4.5285135e+03	1.1873973e-24
4.5389563e+03	1.1927514e-24
4.5494231e+03	1.1983996e-24
4.5599142e+03	1.2043277e-24
4.5704294e+03	1.2105225e-24
4.5809688e+03	1.2169714e-24
4.5915325e+03	1.2236625e-24
4.6021207e+03	1.2305846e-24
4.6127332e+03	1.2377271e-24
4.6233702e+03	1.2450801e-24
4.6340317e+03	1.2526342e-24
4.6447178e+03	1.2603805e-24
4.6554286e+03	1.2683108e-24
4.6661640e+03	1.2764171e-24
4.6769242e+03	1.2846921e-24
4.6877093e+03	1.2931290e-24
4.6985192e+03	1.3017211e-24
4.7093540e+03	1.3104623e-24
4.7202138e+03	1.3193471e-24
4.7310986e+03	1.3283699e-24
4.7420086e+03	1.3375257e-24
4.7529437e+03	1.3468098e-24
4.7639040e+03	1.3562179e-24
4.7748896e+03	1.3657457e-24
4.7859005e+03	1.3753893e-24
4.7969369e+03	1.3851452e-24
4.8079986e+03	1.3950101e-24
4.8190859e+03	1.4049808e-24
4.8301988e+03	1.4150543e-24
4.8413372e+03	1.4252279e-24
4.8525014e+03	1.4354992e-24
4.8636913e+03	1.4458658e-24
4.8749070e+03	1.4563255e-24
4.8861486e+03	1.4668762e-24
4.8974161e+03	1.4775163e-24
4.9087096e+03	1.4882439e-24
4.9200291e+03	1.4990575e-24
4.9313747e+03	1.5099557e-24
4.9427465e+03	1.5209371e-24
4.9541445e+03	1.5320007e-24
4.9655688e+03	1.5431452e-24
4.9770194e+03	1.5543698e-24
4.9884965e+03	1.5656737e-24
5.0000000e+03	1.5770559e-24
