# Id	q	chi1	chi2	chi1_x	chi1_y	chi1_z	chi2_x chi2_y	chi2_z	eccentricity	omega0	num_orbs	af	af_x	af_y	af_z	M_f	m1	m2	Lx	Ly	Lz	L
SXS:BBH:0001 0.999999989944003 1.20934838741642e-07 1.22205281651101e-07 7.09752141352352e-10 -6.66051760900737e-10 1.20930921804212e-07 5.84453420302603e-10 1.30504445112796e-09 1.22196915413626e-07 0.00027 0.012275409653554 28.1190834141 0.621632567933 -6.60625106334e-10 6.70538896538e-10 0.621632567933 0.951609417715 0.499999999999249 0.500000000000854 4.27581822e-08 -2.342625073e-07 1.18471556635066 1.18471556635068
SXS:BBH:0002 0.999999998330001 9.48427864861594e-08 9.31596306882018e-08 6.50756283833664e-10 -3.03798339473161e-10 9.48400673306762e-08 1.04268898120221e-09 1.0406653646617e-09 9.31479822929592e-08 0.00017 0.0113390396156673 32.4210679419 0.621620341575 3.39783464121e-10 1.20090414287e-09 0.621620341575 0.951609624635 0.500000000083316 0.49999999991769 2.7620419806e-06 -2.4287931932e-06 1.21013052284848 1.21013052285407
SXS:BBH:0003 1.00043969924388 0.499391495895269 1.12830797546181e-07 0.496597740224453 0.0527490759398311 -0.000292513205638836 5.75293372556626e-08 4.64810884587644e-08 8.52095807143782e-08 0.00028 0.0113202231345528 32.3375744724 0.62839648696292 0.060117053206 0.00866210250158 0.625454277083 0.951082695452 0.499999999868023 0.500000000047857 0.125177401553091 -0.0006755685628109 1.21020380397115 1.21666062868768
SXS:BBH:0004 1.00045915401437 0.499501999998503 1.40561628990535e-07 -2.4244276992504e-12 -1.44916865037725e-11 -0.499501999998503 -1.09050429699013e-09 -8.82338184208211e-10 1.40554629323191e-07 0.00037 0.0115086268780405 30.1887486629 0.557867303283 8.38132542272e-10 -3.46071522391e-10 0.557867303283 0.957720872946 0.500000000113953 0.499999999931152 8.163645183e-07 7.736321355e-07 1.09445748712262 1.0944574871232
SXS:BBH:0005 1.00045809027834 0.499499999997407 1.16257409590065e-07 5.36334817497024e-14 2.99056416916691e-11 0.499499999997407 -2.03257211654475e-09 -1.87455118421385e-09 1.1622452406029e-07 0.00025 0.0124011305926727 30.2565911548 0.676536820704588 -0.000136090173632 0.000191570338323 0.676536779894 0.942939493632 0.499999999899483 0.500000000074783 9.790607752e-07 1.026494432e-07 1.30090968940697 1.30090968940734
SXS:BBH:0006 1.34509801389695 0.320174737958485 0.150374108163063 0.233999919924737 0.147679673684164 -0.16107952781946 0.0911301985338389 0.064010465375693 -0.101046126315692 0.00025 0.0145182377168117 20.0780737015 0.581605519328063 0.0466094549397 0.0275813208324 0.579078414003 0.956545323918 0.573560766913926 0.426439232695657 0.100573032330839 0.0447975576151179 1.04259791627476 1.04839504530543
SXS:BBH:0007 1.49999927986295 8.64459363959988e-08 1.55364298449341e-07 -5.97535162782946e-10 -4.37418262031579e-10 8.64427645114058e-08 3.19756848120203e-10 -1.57963937970072e-10 1.55363889097848e-07 0.00042 0.012288132835668 29.0922488341 0.606009583319 2.78902913204e-09 1.50231762125e-08 0.606009583319 0.955269623847 0.600000000214254 0.399999999780508 2.044698506e-07 5.1456568e-07 1.13715348869604 1.13715348869617
SXS:BBH:0008 1.49999897500088 1.4735897326191e-07 2.36909541949071e-07 -1.71655005639102e-09 -7.40668572557358e-10 1.47347113533906e-07 -4.20259055638843e-09 -7.11391027444822e-09 2.36765414661308e-07 0.00151 0.0146468937289938 21.2800498763 0.606006216131003 4.9020586551e-08 2.4917857264e-08 0.606006216131 0.955267129967 0.599999999917219 0.400000000087093 7.9360295477e-06 -8.823079551e-07 1.08638149495627 1.08638149498561
SXS:BBH:0009 1.50068441819299 0.499512906015216 4.11124736382978e-07 -2.37902937782112e-12 2.83657568796299e-11 0.499512906015216 -5.41000522179643e-09 -1.7847324135319e-09 4.11085265413011e-07 0.00011 0.0175937983908841 17.0954696238 0.697379996867001 -3.72234202311e-08 -8.00679721389e-09 0.697379996867 0.94460853583 0.600000000268512 0.399999999926235 1.2656585322e-06 2.185127269e-07 1.20091232583237 1.20091232583306
SXS:BBH:0010 1.50069353114066 0.499567858624647 3.81706660261469e-07 0.247781870676964 0.0284336026317396 -0.432855310901945 -4.26715742857664e-08 3.38011905263313e-08 3.77804963909874e-07 0.00044 0.0145592945379197 19.4002995234 0.520835991129387 0.0570362017774 0.00996960868951 0.517607581325 0.961575097951 0.599999999928208 0.400000000002064 0.090107276195909 -0.0002896338226621 0.942869221105519 0.947165124579302
SXS:BBH:0011 1.50066965783531 0.499480142949316 2.35400853623518e-07 0.248056705263259 0.0256132806015112 0.432772739473542 2.33360077819099e-08 8.62830188580548e-10 2.34239723683984e-07 5.0e-05 0.0144306264773699 23.4214829164 0.688748706238321 0.0526528182087 -0.00411482593471 0.686720852521 0.945887072058 0.599999999978972 0.399999999987074 0.0900970009004209 -0.0002085216179272 1.23241062881838 1.2356995877142
SXS:BBH:0012 1.50068035264749 0.499515000000179 2.97159175766473e-07 4.24393524061235e-12 -5.50860112406197e-12 -0.499515000000179 -3.97938596615362e-10 -1.34815727819348e-09 2.97155851127041e-07 7.0e-05 0.0147481409194411 19.0781100499 0.500742013372001 2.9461015833e-08 8.4788923149e-09 0.500742013372 0.962622285899 0.600000000048318 0.399999999977434 8.006550502e-07 5.88115691e-08 0.920592737903702 0.920592737904052
SXS:BBH:0013 1.50067960150688 0.49952400000071 2.35042295425354e-07 -5.13838891730444e-13 -1.67394696616614e-12 0.49952400000071 1.34855433834186e-10 -5.30905504885884e-10 2.35041657142252e-07 0.00014 0.0144392544113497 23.7549019484 0.697199834712001 1.50176047725e-08 3.09121201704e-08 0.697199834712 0.944600272751 0.60000000016381 0.39999999999388 2.2104311546e-06 2.484040009e-07 1.25494631477418 1.25494631477615
SXS:BBH:0014 1.50067859723196 0.499520000001644 2.16914376393619e-07 4.85992469924385e-13 -2.21288846616803e-13 -0.499520000001644 1.02333055263176e-10 5.10818960900876e-11 2.16914346240211e-07 7.0e-05 0.0133393174484576 22.6358000435 0.500720576434 -1.27913837363e-09 1.64713330585e-10 0.500720576434 0.962684511552 0.599999999996468 0.400000000009179 1.7107772832e-06 1.5672810511e-06 0.945181512937965 0.945181512940813
SXS:BBH:0015 1.50067621992298 0.499523918940136 1.44871158683213e-07 0.48732689285765 0.109704265789252 0.0012724616541336 5.717098665398e-09 3.19934326314939e-09 1.44722947744133e-07 0.00033 0.0123493554202714 29.1476905465 0.624256970367432 0.105081670851 -0.0128844093965 0.615214271208 0.954807164156 0.600000000062069 0.399999999973754 0.180178331521484 -0.0005227469193119 1.13731445345388 1.15149844569991
SXS:BBH:0016 1.50067571892016 0.499523999999073 1.33706397162074e-07 1.82501988721675e-12 -4.35010239850123e-12 -0.499523999999073 -4.54676918046172e-10 -8.22294100381936e-10 1.33703095489128e-07 0.00042 0.0114932433345796 30.670731634 0.50070442236 1.33437228273e-08 -3.72918064438e-09 0.50070442236 0.962682990649 0.60000000000486 0.399999999996438 -1.7257994799e-06 4.510425448e-07 0.992968428908769 0.992968428910371
SXS:BBH:0017 1.5006147197721 0.499248009412439 2.50434390045264e-07 0.496640931955603 0.0509531127443153 -0.000374045742857617 1.2672830127845e-08 5.33270804888189e-09 2.5005668421132e-07 0.00015 0.0144765075754473 21.4653169779 0.624113541638512 0.0864820081284 0.00223060850313 0.618088666384 0.954712534693 0.60000000002692 0.400000000002135 0.18020381490939 -0.0005054679008054 1.08713549892419 1.10196971983211
SXS:BBH:0018 1.50067621532241 0.499523889061762 1.44848807344688e-07 0.48732375225555 0.109718069172973 0.00127339228571532 5.71242098119935e-09 3.19658668044679e-09 1.44700819172894e-07 0.00038 0.0123510083266969 29.1435756556 0.624216478688619 0.10505845609 -0.0129190530198 0.615176422776 0.954800263258 0.599999999869773 0.40000000002438 0.180177270776325 -0.0005206143055669 1.13729169826135 1.15147580386122
SXS:BBH:0019 1.49996433682184 0.499517000000179 0.499464999998855 -5.70438741729847e-13 -1.05249429323198e-12 -0.499517000000179 -1.84754165413086e-12 -5.77384953984293e-13 0.499464999998855 7.6e-05 0.0146112594581447 20.4442758252 0.540282735003004 7.53387413529e-09 6.77795677849e-08 0.540282735003 0.959582080374 0.599999999691477 0.400000000372781 1.1286069479e-06 3.0832898738e-06 0.992935560801683 0.992935560807111
SXS:BBH:0020 1.50001193785936 0.499526857864861 0.49927649377867 0.000131240778615466 -0.000395304632329851 0.49952668421061 0.494200434210384 0.0710131617292671 -0.000280940213045139 0.00011 0.0144250136706985 23.7880431077 0.704981822941392 0.0405002497091 0.00794738103698 0.703772647654 0.944989964375 0.59999999935512 0.400000000735007 0.0801930249999903 -0.0007151090458 1.25536170107733 1.25792067840995
SXS:BBH:0021 1.49989289048002 0.499223721618103 0.49946459105067 0.496445092481176 0.0525974421428536 -0.000321648277707245 -0.000482668213156858 0.000815023198496263 -0.499463692856643 0.0003 0.0145235070719909 20.0955099246 0.589765616499572 0.0852617116515 0.0154796141741 0.583364641092 0.95809318399 0.600000001112818 0.399999998946613 0.180207584717717 -0.00050773187788 1.01580146304163 1.03166256290464
SXS:BBH:0022 1.49990317706146 0.499271996439745 0.499475529673603 0.496820916915873 0.0494097687593907 -0.000421538780074743 0.000616900028948177 -0.000757161000751593 0.499474574812672 0.00026 0.014437340709972 22.7852501039 0.652667389205667 0.0878963040199 -0.00237895966267 0.64671732714 0.949928425988 0.600000001318644 0.39999999841487 0.180201770014843 -0.0005021759361432 1.15991881153249 1.17383328434837
SXS:BBH:0023 1.50089391088996 0.499404503894194 0.49517838305425 0.496795363158371 0.0509792605638497 0.000583649305262472 0.077206688759262 -0.489122233833709 0.000445673169547954 0.00027 0.0144810504467782 21.4720458061 0.622029261756669 0.0907746850234 -0.0417165127427 0.613954470303 0.953512795609 0.599999998339287 0.400000001519282 0.180199675207619 -0.0750869039689115 1.08743549887117 1.10481941071732
SXS:BBH:0024 1.50082665199472 0.499029455995849 0.495097994718281 0.496422089472799 0.0509287942105552 -0.00132851617669297 -0.0771630918042333 0.489043415788473 0.00210216821804331 0.00029 0.0144734430149066 21.4597965863 0.627831410775418 0.0837863998541 0.0479034220188 0.620368746565 0.955006523132 0.599999999067759 0.40000000089152 0.180206124995307 0.0740842923067084 1.08741822499818 1.10473577198831
SXS:BBH:0025 1.49996609211755 0.499522999997977 0.499459000001028 -1.12833387217819e-12 -1.3722192406e-12 0.499522999997977 -2.02838933496296e-13 -8.67622261656063e-13 -0.499459000001028 7.6e-05 0.0145667191181891 22.4087474897 0.666966645061 -8.51865548267e-10 -1.85641065076e-09 0.666966645061 0.950372504154 0.599999998942331 0.400000001190581 -9.58752119e-08 1.99233016e-06 1.1831525288848 1.18315252888648
SXS:BBH:0026 1.50000404324659 0.49951817389811 0.499296079309841 -0.000127428054732932 0.000396852931202839 0.499518000000345 -0.494219340977347 -0.071019284248158 -0.000281216953759087 0.00012 0.0144250708319164 23.8204867069 0.705006993765168 -0.0406505742039 -0.00768797815101 0.703792076587 0.94499312229 0.600000000403194 0.399999999527815 -0.0801928902262428 0.0007132041424347 1.25536102379354 1.25791999283061
SXS:BBH:0027 1.49994844752741 0.499439491488092 0.499455015037517 0.496826990224123 0.0510171219548824 -2.66488979323059e-05 -0.494438218045496 -0.070612340977454 0.000240590531766881 8.0e-05 0.0144783427384624 21.3580031957 0.614739696584393 0.04023684295 0.00355480568171 0.613411162584 0.954487777116 0.599999999464983 0.400000000694988 0.100009364346981 0.0002135536557352 1.08799011396776 1.09257695685651
SXS:BBH:0028 1.50091711689339 0.499528162932253 0.495224297211876 -0.00108548584586446 0.000577905034960543 0.499526649247786 0.0782901985339895 -0.488995478572274 0.00108226539173128 0.00016 0.0144168172880961 23.7868631617 0.699618328294809 0.00839304428441 -0.0366635232169 0.698606576092 0.943521620781 0.599999999937493 0.400000000048404 -9.423928127e-07 -0.0746358361721329 1.25528924483412 1.25750610186918
SXS:BBH:0029 1.50003573036084 0.498992060105128 0.498627707324064 0.496389519549061 0.0508928824812412 -0.000659880718420951 0.493632270301716 0.0703957591357607 -0.00109969255977491 0.00044 0.0144568902036735 21.5632366309 0.631515153063296 0.137403281441 -0.000759798165217 0.616385552641 0.953643759562 0.600000001877041 0.399999998441504 0.260406282912425 -0.0012239077033439 1.08727012585213 1.118020239844
SXS:BBH:0030 2.99999337770702 2.89329100741653e-07 5.03530507844139e-07 5.98204669549093e-09 3.57374208645387e-09 2.89245176313808e-07 -2.85524183458974e-09 5.17844953009412e-09 5.03495783084929e-07 0.00201 0.0177452033922206 18.2227985811 0.509965147595 -9.28909853972e-09 -2.34974133806e-09 0.509965147595 0.971212971306 0.750000000023138 0.249999999975772 -2.1886085007e-06 1.7320351e-06 0.808666593221547 0.808666593226364
SXS:BBH:0031 3.00132554603296 0.499546999999772 4.56576175482825e-07 4.79706070676013e-12 9.87284654510884e-13 0.499546999999772 -5.85992387593072e-10 7.00524393984493e-10 4.56575262029184e-07 8.2e-05 0.0175549964517954 21.8918488332 0.697002848188 -1.59583651453e-08 -7.6326862833e-09 0.697002848188 0.960673027626 0.749999999985576 0.250000000010985 6.903254673e-07 4.31368999e-08 1.07604795589686 1.07604795589708
SXS:BBH:0032 3.00124549778055 0.499370099659724 5.86426334222915e-07 0.248013662030898 0.037461978909756 -0.431805882331808 1.7756428345931e-09 -6.22340593985193e-09 5.86390622180435e-07 6.8e-05 0.0177021194045813 15.5578928144 0.35565011869636 0.0574998978595 0.00168260147353 0.350967145937 0.976555147546 0.750000000164798 0.249999999926904 0.140700620720505 -0.0001531942481573 0.579548399525049 0.59638329581877
SXS:BBH:0033 3.00126177078437 0.499407715882843 5.02293426388046e-07 0.248231084586419 0.0296947865414328 0.43232813345956 -9.71251562026341e-10 -4.96484086088296e-09 5.02267949622781e-07 8.0e-05 0.017437706879257 21.415381876 0.683796394082259 0.0856286402737 0.00642934126366 0.6783833047 0.962102844741 0.749999999952238 0.250000000004176 0.140695948658155 -9.08819850052e-05 1.0401797903806 1.04965201592937
SXS:BBH:0034 3.0011695843959 0.499218176632078 5.87562357787022e-07 0.497011696993274 0.0468807943233283 0.0005933425116544 9.08494570146101e-10 -9.78396157890901e-09 5.87480189471682e-07 0.00023 0.017480562113381 18.4500175441 0.567843082237915 0.20907315027 -0.00142507306657 0.527950900225 0.969969377287 0.750000000071643 0.249999999969571 0.281399867664423 -0.0002493051861582 0.809042368799055 0.856583622413257
SXS:BBH:0035 3.00125329714304 0.499404651765664 2.78221759264472e-07 0.4985470631563 0.0292512630827793 -0.000442302468796994 2.39152360601415e-09 -2.35157674736722e-09 2.78201542105468e-07 0.00036 0.0132274769915011 31.2149222542 0.569780243627954 0.15745430606 0.0215399833334 0.547168800874 0.970401513678 0.749999999973417 0.250000000018621 0.281366370434412 -0.0002574713499419 0.869472561673279 0.913865217745825
SXS:BBH:0036 3.00132086396168 0.499548000001246 2.0656810303441e-07 -5.68791873685209e-13 -9.49143251504182e-12 -0.499548000001246 2.1728331503721e-11 2.33957037969365e-12 2.06568101878389e-07 0.00051 0.0122649290482465 31.7235453844 0.30227921205 -7.76201931198e-11 1.34179298647e-10 0.30227921205 0.977512029256 0.750000000042197 0.249999999989897 1.013432633e-06 -3.171930066e-07 0.619953017360549 0.619953017361459
SXS:BBH:0037 3.00132093850439 0.49954686540342 3.2841469595641e-07 0.498110431954484 0.0378553753759547 0.000197148789623566 6.52991648608199e-10 -4.11746373306959e-09 3.28388234585917e-07 0.00033 0.0144453922930444 26.5251067104 0.570399712083041 0.181188343601 0.0301709757572 0.540015118223 0.970530680937 0.749999999888709 0.250000000063505 0.281376968279212 -0.000254984103554 0.849660674731539 0.89503984574998
SXS:BBH:0038 3.00132762531543 0.499540000001343 5.56784838199285e-07 3.13654572933221e-12 4.01857933458679e-12 -0.499540000001343 4.66270710151257e-10 -6.5992333909729e-10 5.5678425187986e-07 9.0e-05 0.01768012532435 15.1298927755 0.302272308229 2.1194302709e-09 -4.28506762069e-09 0.302272308229 0.977515082083 0.749999999929942 0.250000000024339 -1.0971518187e-06 -1.7638835912e-06 0.544195111530976 0.54419511153494
SXS:BBH:0039 3.00131792458875 0.499538999999617 3.63513719135715e-07 1.65874243984689e-12 -3.7362831616471e-12 -0.499538999999617 3.75713078570432e-10 -7.90866956389507e-10 3.63512664661108e-07 0.00298 0.0147520693077344 22.3605275273 0.302290871272 -3.28936919995e-09 1.99574346247e-09 0.302290871272 0.977500207124 0.749999999043763 0.250000000137696 9.698141646e-07 -1.692533145e-07 0.58165952150126 0.581659521502093
SXS:BBH:0040 3.00132672597458 0.499522999999251 1.37844401322449e-06 1.68413387969974e-11 -2.4231967857054e-11 -0.499522999999251 8.08459378194007e-09 -1.4242956165378e-08 1.37834671804212e-06 0.00082 0.0222996912816554 9.35256835644 0.302290093119 1.70680285034e-09 7.31588521859e-11 0.302290093119 0.977519380264 0.750000000051036 0.249999999981157 5.66084593e-08 -8.750446879e-07 0.504946435284356 0.504946435285117
SXS:BBH:0041 3.00132352957022 0.499534999999963 1.01209425690527e-06 -8.70924233459573e-12 1.44301359398579e-11 0.499534999999963 5.35892958269626e-09 -1.20107980450717e-08 1.01200879811624e-06 0.00011 0.0217280034125552 14.8453819328 0.69694742072901 -1.02591115549e-07 6.1019936455e-08 0.696947420729 0.960780342086 0.749999999963944 0.250000000020398 2.958341118e-07 -5.336311591e-07 1.03134005869781 1.03134005869799
SXS:BBH:0042 3.00134479423452 0.499567314116227 1.39879673517053e-06 0.248690098119576 0.0398715614661152 -0.431429015038199 1.70160535337819e-08 -2.08407889473169e-08 1.39853795864178e-06 0.00039 0.022140685751303 9.72081844934 0.356156341069485 0.0731646179269 0.0280614745237 0.347428887134 0.97669660629 0.750000000041394 0.249999999977905 0.140717017766064 -0.000155013443518 0.539963847865615 0.557998440965549
SXS:BBH:0043 3.00128468222041 0.499452431727167 1.04716347286036e-06 0.246991814285991 0.0373060472179846 0.432499750375494 -3.66177128195028e-09 -1.57506046991949e-08 1.04703860901863e-06 0.00013 0.0217516780004749 14.4618232647 0.684627361083954 0.102191807189 0.00579212637974 0.676932721443 0.962298174118 0.749999999987383 0.249999999997815 0.140708358749175 -8.23229347503e-05 0.99575790704305 1.00565036590144
SXS:BBH:0044 3.00131828791899 0.499528853586097 1.32577734751638e-06 0.494362387593195 0.0716346466917494 0.00183920948872337 -6.92913778949069e-09 -2.38612800752164e-08 1.32554449248233e-06 0.00029 0.02188238845597 12.0673588191 0.570539174786607 0.18949977917 -0.0197030051363 0.537788597173 0.970334263632 0.750000000195923 0.249999999909929 0.28143262456998 -0.0002428199027827 0.76682884300947 0.81684200161665
SXS:BBH:0045 2.99980438647431 0.499543999999903 0.499371000001755 6.59052215788876e-12 -1.21785498120147e-12 0.499543999999903 -2.09377628947459e-12 -1.52109233459221e-12 -0.499371000001755 0.00064 0.0174881689293316 20.9910756645 0.686907026687 -1.46754214759e-08 -2.1026594689e-08 0.686907026687 0.96280376568 0.750000000260343 0.249999999617802 2.7433551641e-06 -4.228196344e-07 1.04902232927835 1.04902232928203
SXS:BBH:0046 2.99978785404348 0.499535000000689 0.49935500000098 6.80363654511217e-12 1.85986784963151e-12 -0.499535000000689 -1.87850300751936e-12 8.09645098498861e-13 -0.49935500000098 0.00026 0.0177197733953066 14.3991233879 0.286475893146 2.14136432053e-10 -3.54080027648e-09 0.286475893146 0.978408290087 0.750000000238039 0.249999999489525 3.2687668253e-06 1.210834667e-07 0.518064925824362 0.518064925834688
SXS:BBH:0047 2.99980739703502 0.499546000000104 0.499386000000564 7.94359155263532e-12 2.87003864661409e-13 0.499546000000104 -1.52387729699592e-12 -7.08535978196764e-13 0.499386000000564 0.00047 0.0174381272506908 22.7176857636 0.706300913482 4.2181521761e-09 -1.47296929677e-08 0.706300913482 0.958605730062 0.750000000518097 0.249999999725595 3.0118941831e-06 -1.5605343222e-06 1.10375128894508 1.10375128895029
SXS:BBH:0048 2.99980569319825 0.499545841179677 0.499379069047046 -0.000119147690413417 -0.000908965986841372 0.499544999999573 0.471383970677227 0.164850722931819 0.00091974981466224 0.00018 0.0174621203513256 21.8732495708 0.69724983262536 0.0212315021727 -0.00219865375233 0.696923036162 0.960729230418 0.750000000120743 0.249999999991791 0.0313796409135229 -0.00063252132897 1.07638172763902 1.07683921991272
SXS:BBH:0049 2.99979558281061 0.499544422146143 0.499379665741575 0.494137960149863 0.073288091804501 0.00107779214661746 -0.000199653414247654 -0.00797822587217209 0.499315890600944 0.00041 0.0175264889030073 19.4156127606 0.5809777694613 0.20823009322 0.00353444492407 0.542367868319 0.969257773179 0.750000000086408 0.250000000115297 0.281398844126068 -0.0002453790461451 0.83671610974261 0.882767929859922
SXS:BBH:0050 2.99979262289379 0.499544365472607 0.499371619913437 0.494387434586319 0.0715771683834728 0.00153185012030011 0.467350558648965 0.175874363158173 0.00486605478573328 0.00051 0.0175572057243207 18.6238108241 0.574407835751383 0.228740255185 0.00261814787302 0.526892211683 0.969533616103 0.749999999974279 0.249999999794934 0.312786309255878 -0.0008904504105547 0.809192910816818 0.86754206530637
SXS:BBH:0051 2.99980361613234 0.49954576869379 0.49937891365526 0.000167957066541362 0.000860107267294114 0.499545000000782 -0.474200753008608 -0.156563181955228 0.000956716066167688 0.00014 0.0174427229751349 21.8774364285 0.697246890501638 -0.0212428890119 0.00223460480593 0.696919631322 0.960729484733 0.750000000115522 0.249999999522825 -0.0313827177890715 0.0006319445942222 1.0764216953098 1.07687925992816
SXS:BBH:0052 2.99979203138721 0.499542410559858 0.499363686965328 0.494161198120513 0.0731141713910614 0.00128380756015186 0.000826442557894404 0.00809651146615629 -0.499297361653737 0.00039 0.0176261050232668 17.7260904518 0.558419999391401 0.212357715554 -0.00745722437421 0.516412128217 0.971656685016 0.750000000246201 0.249999999558814 0.281401311220101 -0.0002485029262006 0.782501144337334 0.831561663738375
SXS:BBH:0053 2.99979263391195 0.499543667013736 0.499371110784429 0.493906230073956 0.0748315781202989 0.000863749783458164 -0.464047769924529 -0.184458070676487 -0.00252857201879218 0.00019 0.0175863950295538 18.5323889302 0.562430605133869 0.188979064023 -0.00541229377191 0.529703507661 0.970659688305 0.74999999991494 0.249999999941348 0.250016393295426 0.0003942472765672 0.809854406944602 0.847568588843971
SXS:BBH:0054 4.99998166060655 3.06790346475488e-07 6.98417761751352e-07 2.40850526805299e-08 -9.93109927332276e-10 3.05841855638823e-07 -5.28735564288624e-11 4.53878578572767e-11 6.98417758275158e-07 0.00375 0.021603776111237 15.4283112626 0.402062554252 -3.24601011871e-09 -2.58982033029e-09 0.402062554252 0.982368747028 0.833333333321698 0.166666666698042 -9.292773711e-07 1.550063089e-07 0.569966384425648 0.569966384426427
SXS:BBH:0055 4.99998664505053 2.96876348152143e-07 3.70835749320781e-07 4.64774821648444e-09 -1.55678148458324e-10 2.96839923684437e-07 5.28878438348649e-11 1.75257832707122e-10 3.70835704135771e-07 0.00024 0.0175362816099012 23.753937123 0.402055702056 -3.77635783908e-10 -9.28503249743e-10 0.402055702056 0.98236827231 0.833333333358204 0.166666666636976 5.696046993e-07 -5.834062177e-07 0.600030072314539 0.600030072315093
SXS:BBH:0056 4.99998832768057 2.32161268972426e-07 2.69647769619998e-07 1.02351360187432e-09 2.32041677259879e-11 2.32159011654427e-07 -1.60370401127605e-11 -1.97399520676212e-11 2.69647768420558e-07 0.00049 0.0158876786042684 28.8102224144 0.40205273357 -1.10496978247e-09 7.44592490769e-10 0.40205273357 0.982368274666 0.833333333279323 0.166666666722865 3.861257277e-07 1.2660061852e-06 0.615064904763517 0.615064904764941
SXS:BBH:0057 5.00187562735425 0.48260564086568 2.61870035186598e-06 0.401789253383476 -0.176684828947742 -0.200639157894539 -1.76811710902453e-07 1.54656355338576e-08 2.61267869549018e-06 999.0 0.0315030680103507 6.49125732084 0.405104065851034 0.227550518557 -0.110557921383 0.316396921118 0.984110209343 0.833333333261406 0.166666666711601 0.23827286160353 -0.179993934557778 0.393543289155068 0.494012240226206
SXS:BBH:0058 5.00185425492847 0.499143094875273 3.27139629184886e-07 0.498409311654171 0.0270550583834075 0.000105042620142827 2.01937971803553e-09 -4.15644499622683e-09 3.27106990224564e-07 0.0021 0.0158410266488673 28.9906683877 0.518568371401597 0.27641793256 0.0132055235208 0.43855660584 0.98151271939 0.833333333429595 0.166666666625398 0.347299959049008 -0.0001256959916268 0.614393575169414 0.70575969179628
SXS:BBH:0059 5.00029988255599 0.323205026441399 2.62772792239813e-05 0.265321123922978 -0.0963302558354132 -0.15743783575722 5.72038421045389e-06 -8.0172181488916e-06 2.43617901857181e-05 0.00643 0.0308933890914977 6.90425428861 0.363319677993534 0.150371557453 -0.049574746981 0.327004476404 0.98363055632 0.83333333348851 0.166666666534689 0.166724379973139 -0.0991158740592164 0.427123144453197 0.469100368679813
SXS:BBH:0060 5.00217315426783 0.499548684209511 3.75122433482096e-07 -3.09188907142255e-12 4.42828977066779e-12 -0.499548684209511 -3.70619355640071e-12 -2.21294870676352e-12 3.7512243345726e-07 0.0034 0.016082714290058 23.1708280549 0.113526870284 -2.15355541817e-09 -5.25417062218e-09 0.113526870284 0.986646559357 0.833333333283668 0.166666666712185 1.088433203e-07 1.1987734426e-06 0.279894081600638 0.279894081603226
SXS:BBH:0061 5.00217150958349 0.499551999999438 2.9172550940755e-07 1.0847079323308e-12 -3.6133996766932e-13 0.499551999999438 -2.29045560526557e-12 2.46039525564167e-13 2.91725509398455e-07 0.00421 0.015783055639227 34.4868763593 0.671395807922002 1.72670324862e-08 5.25345261761e-08 0.671395807922 0.974833355856 0.833333333365959 0.16666666664459 -1.1228582448e-06 -2.2515627468e-06 0.950063970515928 0.95006397051926
SXS:BBH:0062 5.00311011400003 0.500763514818886 1.36573632272119e-06 0.383920163909592 -0.236179468045684 -0.218148262406681 6.89493726688086e-08 -3.45211342855376e-08 1.36355783833918e-06 0.00026 0.0218559795884536 13.6064561999 0.407919978967315 0.184840091619 -0.10538415707 0.348033086372 0.984146159933 0.833333333284531 0.166666666708001 0.245199967742753 -0.188120727768221 0.424607548464224 0.525170451006043
SXS:BBH:0063 7.99996928340788 2.06830816426457e-07 4.29282230123928e-07 1.26635047765647e-09 -1.48897377999502e-10 2.0682688608997e-07 -9.27878134583866e-11 6.08100712405662e-11 4.29282215789019e-07 0.00028 0.0193833422569499 25.8255298679 0.300290530172 5.94266613659e-09 -1.48450550494e-08 0.300290530172 0.989425258975 0.888888888841327 0.111111111167597 -7.718632077e-07 8.231753848e-07 0.416168778858712 0.416168778860242
SXS:BBH:0064 8.0034646393568 0.499559000000218 4.9775847479496e-07 1.53621178947535e-10 -1.69875323683525e-10 -0.499559000000218 -8.55785357140345e-11 -1.20697764886471e-11 4.97758467291959e-07 0.00049 0.0196892035357149 19.1646910664 0.0517669780185 1.36300599075e-09 -4.84957016109e-12 -0.0517669780185 0.992253518496 0.88888888888246 0.111111111129013 4.106103597e-07 7.1124550833e-06 0.0326729004635261 0.0326729012402496
SXS:BBH:0065 8.00345070689272 0.499553999999597 4.07923117688889e-07 -8.72674987969699e-11 -2.16428271052495e-11 0.499553999999597 1.71055553384656e-10 1.3064187819622e-10 4.0792306090453e-07 0.00374 0.0188764683130476 33.9735127928 0.637334192601002 3.60724514398e-08 3.03526189029e-08 0.637334192601 0.984630094446 0.888888888985964 0.111111111103869 1.088985708e-07 3.2827494386e-06 0.801472291249446 0.801472291256176
SXS:BBH:0066 0.999999990018003 1.20920625399875e-07 1.22200411538607e-07 7.08806898871232e-10 -6.65439572558274e-10 1.20916716917275e-07 5.85034089849381e-10 1.30607389473754e-09 1.22192031189845e-07 8.0e-05 0.0122836028408753 28.1051765532 0.621631430432 -4.47440647761e-10 9.29936000249e-10 0.621631430432 0.951609426767 0.500000000004412 0.499999999993418 5.8994449593e-06 -5.254024735e-07 1.18462407392718 1.18462407394199
SXS:BBH:0067 0.999999990068003 1.2090333509015e-07 1.22184350365978e-07 7.06969703758237e-10 -6.65910934586286e-10 1.20899434210365e-07 5.87336559777053e-10 1.30768811654264e-09 1.22175940601706e-07 0.00025 0.0122752949625045 28.1192485537 0.621634702965 -6.00095892652e-10 6.42885100826e-10 0.621634702965 0.951606709 0.500000000026346 0.499999999974003 6.2136800674e-06 -1.3771842421e-06 1.18473113964937 1.18473113966647
SXS:BBH:0068 0.999999990354003 1.20710149148708e-07 1.22036855295667e-07 7.06985751505488e-10 -6.59648871051224e-10 1.20706276315764e-07 6.01413856389607e-10 1.3205934436037e-09 1.22028227819573e-07 0.00196 0.0121924540918428 28.2934102931 0.62163131265 -5.49621199063e-10 -3.76743592836e-10 0.62163131265 0.951604370214 0.500000000003792 0.499999999996416 1.0335094154e-06 -6.06166722e-07 1.18582360611295 1.18582360611355
SXS:BBH:0069 0.999999990554003 1.18869493441776e-07 1.20452523341607e-07 6.92016331202915e-10 -6.20671186465576e-10 1.18865858646544e-07 7.38329816166611e-10 1.41777248120491e-09 1.20441916165571e-07 0.01857 0.0113875081209959 30.0675882054 0.621660865748 -3.84355227889e-10 8.25936838762e-10 0.621660865748 0.951633629834 0.499999999975419 0.500000000023366 -4.2610683904e-06 -3.401952852e-07 1.19676459961718 1.19676459962481
SXS:BBH:0070 0.999999989740003 1.20925677068584e-07 1.22198636720697e-07 7.0932633383356e-10 -6.65765605637007e-10 1.2092176390876e-07 5.84711211281095e-10 1.30543066541429e-09 1.22190264669384e-07 7.5e-05 0.0122845262038409 28.1033167559 0.621630433297 -3.86646297109e-10 9.07229864611e-10 0.621630433297 0.95160928413 0.500000000164508 0.499999999835768 2.4781235396e-06 5.88698574e-08 1.18461155643946 1.18461155644205
SXS:BBH:0071 0.999999990288003 1.20921922095337e-07 1.2220493282237e-07 7.08995595866825e-10 -6.65328795114081e-10 1.20918013157967e-07 5.85591245491452e-10 1.30629644736973e-09 1.22196547736034e-07 7.5e-05 0.0122854496196697 28.1016090723 0.621630142221 -4.89775709618e-10 7.08868690171e-10 0.621630142221 0.951609310651 0.499999999980333 0.500000000019983 -3.2836020111e-06 -1.8571754847e-06 1.18459819191372 1.18459819191972
SXS:BBH:0072 0.999999989794004 1.20949320374637e-07 1.22213310280895e-07 7.08801855261149e-10 -6.66816931577704e-10 1.20945405262855e-07 5.84178859023802e-10 1.30437880075056e-09 1.2220495301263e-07 0.00014 0.0122937627318412 28.08325212 0.621630582934 -4.67601122288e-10 8.04754500914e-10 0.621630582934 0.951609758808 0.499999999952969 0.50000000004721 -4.7087338402e-06 7.34042599e-07 1.18448960345487 1.18448960346446
SXS:BBH:0073 0.999999989842003 1.21133329112601e-07 1.22359672796639e-07 7.11371023685034e-10 -6.71512412406809e-10 1.21129378947671e-07 5.69066823686173e-10 1.29099314661683e-09 1.22351538717525e-07 0.0018 0.0123771271256831 27.9105770892 0.621622421997 6.65057402368e-10 9.78801507677e-10 0.621622421997 0.951608554954 0.500000000018168 0.499999999981891 -4.3349978112e-06 -4.917798659e-07 1.18339870674302 1.18339870675106
SXS:BBH:0074 0.999999985924005 1.33063805202431e-07 1.33892486596561e-07 8.45703872931913e-10 -6.28079262781809e-10 1.33059635338255e-07 2.72343063157768e-10 1.21878054886862e-09 1.33886662406081e-07 0.01908 0.0125303648902589 26.2281801219 0.621717973796 -8.4072424583e-10 -6.17659098184e-11 0.621717973796 0.951601605346 0.49999999995796 0.500000000042028 -2.7269381699e-06 9.73566131e-08 1.17251795559849 1.17251795560166
SXS:BBH:0075 1.50061472637187 0.499247971005035 2.50563907812661e-07 0.496641085338547 0.0509512406766763 -0.000374138879699523 1.15659183432254e-08 5.48856804135594e-09 2.50236642105198e-07 0.00014 0.0144757014886297 21.4275795878 0.624103596361076 0.0864911793946 0.00225210949559 0.618077262873 0.954708559379 0.599999999937744 0.400000000035714 0.180202904987713 -0.0005043247307031 1.08714767899872 1.10198158662554
SXS:BBH:0076 1.50061480138447 0.499248050086352 2.50639371061897e-07 0.496642854512525 0.0509347620302467 -0.000374958128195458 1.14835090380655e-08 5.50391365788538e-09 2.5031566127776e-07 0.00017 0.0144684508370454 21.4415344904 0.623876046975681 0.0865676439294 0.0021836715306 0.617837030772 0.954651450415 0.600000000150391 0.399999999913282 0.180205008737436 -0.00050340240251 1.08725996351295 1.10209270338126
SXS:BBH:0077 1.50061553461459 0.499250640226499 2.50958664808282e-07 0.49666230075043 0.0507702078946838 -0.000383105975564438 1.13392766496608e-08 5.54435593233649e-09 2.50641042857537e-07 0.00215 0.0143963261817585 21.5965967718 0.621090865116246 0.0862226617413 0.00219422833533 0.615072923071 0.954056635034 0.599999999861529 0.400000000066304 0.180203496724655 -0.0005066102350298 1.08837514565043 1.10319264616626
SXS:BBH:0078 1.50062323327259 0.499276839839747 2.48396340617057e-07 0.496845780829005 0.049208045789659 -0.000448444358648185 7.84636123118458e-09 5.27118015788799e-09 2.48216420301152e-07 0.02016 0.0137115524108629 23.2094307875 0.621088505195691 0.0864640528986 -0.00459390480168 0.615023410027 0.954059239805 0.599999999862941 0.400000000058028 0.180205559768937 -0.0005094778199115 1.09957574706835 1.11424464408863
SXS:BBH:0079 1.5006147089481 0.49924786996806 2.50558070400453e-07 0.496640606767601 0.0509549166919079 -0.000373954643234289 1.14955907517771e-08 5.49606088344999e-09 2.50233873308215e-07 0.00015 0.0144773136934648 21.4240954205 0.6241480653952 0.0864731921416 0.00226991032495 0.618124616954 0.954720001785 0.600000000012049 0.399999999998106 0.180206335221502 -0.000505547397621 1.08712206928457 1.10195688316635
SXS:BBH:0080 1.50061463313705 0.499247515986744 2.505122642857e-07 0.496638546992024 0.0509715277820211 -0.00037311680639076 1.15872552435516e-08 5.48111362030866e-09 2.50184107143021e-07 0.00026 0.0144845728927065 21.411024308 0.624313403163706 0.0863890566968 0.00235624530523 0.618303003681 0.954764689507 0.600000000139838 0.399999999984551 0.180205774302107 -0.0005056052736424 1.08701077202588 1.1018469926577
SXS:BBH:0081 1.50061429168793 0.499244659431797 2.50070208613319e-07 0.4966185687969 0.0511379915787566 -0.000364574519660171 1.17224621424727e-08 5.41829419549209e-09 2.49736531579259e-07 0.00216 0.0145575559152921 21.2574656453 0.623037458517883 0.0856781588256 0.00362479479586 0.617107598948 0.954557193985 0.600000000006527 0.400000000008291 0.180201099733287 -0.0005044495256194 1.08589458640649 1.1007450856585
SXS:BBH:0082 1.50060722487403 0.499215792421284 3.35114142418578e-07 0.496405321804964 0.0528970204134146 -0.000262902840131403 1.40139553232637e-08 6.30454409773939e-09 3.34761631954524e-07 0.02203 0.0153278049721372 19.7674783828 0.624269685627999 0.0891913459465 0.0100697056251 0.617783251012 0.954835316158 0.600000000032793 0.399999999990344 0.180197441410978 -0.0004989035167178 1.07476710756398 1.08976864622598
SXS:BBH:0083 1.00046151101294 0.499502999997751 1.13010496131519e-07 -6.35560385338629e-12 3.77994388721071e-12 0.499502999997751 -2.4898071616537e-09 -1.22825187218006e-09 1.12976389097582e-07 0.02578 0.0114893052621431 32.3996167374 0.677653513606 6.18874910893e-10 1.21715350768e-08 0.677653513606 0.943876853681 0.500000000068009 0.499999999974522 -1.8708886278e-06 -4.475006558e-07 1.31437733693328 1.31437733693468
SXS:BBH:0084 1.00046018181914 0.499504999998725 1.04517258406062e-07 -1.0428182225567e-12 1.51313342105504e-11 0.499504999998725 -2.20577637218e-09 -1.63718184962159e-09 1.04481153759454e-07 0.00623 0.012248968220477 30.6904138889 0.677549183084 -9.30075405913e-09 -1.26340584812e-09 0.677549183084 0.943860861329 0.500000000017151 0.50000000003724 1.5985135393e-06 1.4903615524e-06 1.30399055949942 1.30399055950125
SXS:BBH:0085 1.0004601529235 0.499504999999274 1.03744602855757e-07 -1.00108435789509e-12 1.43037027819409e-11 0.499504999999274 -2.22090990601025e-09 -1.61136858646432e-09 1.03708310526046e-07 0.00751 0.0121843780753278 30.828557644 0.677475976456 -5.32544523895e-09 -1.2798116573e-08 0.677475976456 0.943877343631 0.500000000004151 0.499999999958931 -2.6024590519e-06 -6.43654113e-08 1.30465190815404 1.30465190815663
SXS:BBH:0086 0.999999990060003 1.20976023224811e-07 1.2228341825764e-07 7.04553572557134e-10 -6.6421285601528e-10 1.20972148120281e-07 5.87075946241501e-10 1.30884922932385e-09 1.22275004135355e-07 0.00118 0.0122375655044824 28.1881612725 0.621630714867 -8.25777034069e-10 3.21310311377e-10 0.621630714867 0.951609387939 0.500000000042182 0.499999999957968 -3.1366920702e-06 5.564705914e-07 1.18516243117095 1.18516243117523
SXS:BBH:0087 0.999999990032003 1.2191582990008e-07 1.2318324658872e-07 7.10740031204062e-10 -6.83373989847737e-10 1.21911842857137e-07 5.93242590979725e-10 1.29212365037698e-09 1.23175040977618e-07 0.02171 0.0113488495734492 29.9645679189 0.621575909073 2.47070906117e-11 -1.10300511e-11 0.621575909073 0.951636784124 0.499999999927239 0.500000000072771 2.4581079317e-06 -2.8890163e-08 1.19581377802925 1.19581377803177
SXS:BBH:0088 1.00045908521236 0.499505505943578 1.16219334710746e-07 0.495028468042526 0.0667266017293608 0.000356254222179846 7.13652430450207e-08 4.68733437216861e-08 7.88468483459053e-08 0.06416 0.012451945749016 31.8745704752 0.628503946074243 0.061506099728 0.00926334424295 0.625418580137 0.951115894558 0.499999999979666 0.499999999993996 0.125176429480729 -0.0006669061919188 1.20766516795033 1.21413538830804
SXS:BBH:0089 1.00046034865684 0.499500999999461 1.37682551176128e-07 1.17194411654106e-13 -1.10176335338469e-12 -0.499500999999461 -2.28713135714392e-10 9.22052272931295e-12 1.3768236090237e-07 0.06572 0.0116886822095266 31.0617005487 0.557988681914 1.74202662011e-10 2.70299324532e-09 0.557988681914 0.957703850694 0.500000000038193 0.499999999999296 1.8810031219e-06 6.38342094e-07 1.09987270397205 1.09987270397384
SXS:BBH:0090 0.999999992722002 9.66018733483756e-08 9.51614904379253e-08 6.55149798494264e-10 -2.94014542104826e-10 9.65992042855746e-08 1.04919987969761e-09 1.08644136466158e-09 9.51495038722796e-08 0.00099 0.0113180128614698 32.4230785714 0.621613862536 2.48469327453e-10 -9.78730291451e-10 0.621613862536 0.95160901398 0.500000000109223 0.499999999889589 -7.77693346e-08 1.5035852049e-06 1.21052728685036 1.2105272868513
SXS:BBH:0091 0.999999991568003 9.66716167255591e-08 9.94106781022241e-08 6.97873003383385e-10 -3.08914461277739e-10 9.66686041352628e-08 1.5202249661653e-09 1.61083470676914e-09 9.93860002633355e-08 0.02181 0.0105565758437695 34.1826421918 0.62164729158 -6.97077547309e-10 -2.00771233852e-10 0.62164729158 0.95158562927 0.499999999967602 0.500000000032528 4.2067863054e-06 3.286387114e-07 1.22047180842306 1.22047180843035
SXS:BBH:0092 1.50069332573701 0.499565109761714 3.78465911867158e-07 0.247780181202923 0.0285419534962392 -0.432845974435363 -4.28072213158498e-08 3.38418575563849e-08 3.74511304136189e-07 0.00337 0.014577261776906 19.5062812626 0.521136513204934 0.0566691597576 0.010576479869 0.517938229716 0.961710791898 0.599999999989131 0.399999999997566 0.0901088635081867 -0.0002837485938267 0.943509858548035 0.947803007472194
SXS:BBH:0093 1.49999920376175 8.73408525812556e-08 1.65991975239912e-07 -6.63915056767185e-10 -5.15817867291508e-10 8.73368059774675e-08 -1.39347786841867e-09 5.92557798120668e-10 1.65985068421028e-07 0.00229 0.012385628144815 28.9290060611 0.605870693746001 2.02701443038e-08 -3.64584663633e-08 0.605870693746 0.955223400839 0.599999999931648 0.40000000007082 -2.409176273e-07 1.0684448135e-06 1.13626270076425 1.13626270076477
SXS:BBH:0094 1.50067966209051 0.499517652295517 2.50531274776701e-07 0.496027640602045 0.0589440861279146 0.000243770667680587 9.88991347739952e-09 5.16607843231553e-09 2.50282681954385e-07 0.01301 0.0148055046071838 21.4186789475 0.624127186637396 0.0863000515435 0.00214985518555 0.618128161732 0.954690738695 0.600000000099731 0.39999999996131 0.180202964487644 -0.0005037753428063 1.08708811011799 1.10192282913081
SXS:BBH:0095 1.50061445535596 0.499246682429984 2.49903777515809e-07 0.496625380451353 0.0510915547368645 -0.000366665330339836 1.17218627130867e-08 5.46445714660848e-09 2.4956889962353e-07 0.00135 0.0145140582553959 21.409223289 0.624097161853568 0.0864388020079 0.00209322420925 0.61807865143 0.954701570676 0.600000000019648 0.400000000027235 0.180202143515104 -0.0005054068582753 1.08710906008791 1.10194336355765
SXS:BBH:0096 1.50061466231214 0.499247765335243 2.50475261516066e-07 0.496639054510827 0.0509690244360732 -0.000373195472181479 1.1582673214713e-08 5.48344609023484e-09 2.50147216917795e-07 0.00021 0.0144826155429409 21.4062728661 0.624128955530684 0.0864269806947 0.00210837562125 0.618112356204 0.954711509727 0.600000000162676 0.399999999964801 0.180203846507523 -0.0005038787086278 1.08708599507075 1.10192088684661
SXS:BBH:0097 1.5006786420692 0.499519091347252 2.4251888415722e-07 0.495300462780759 0.0647795354135028 0.000621273821052873 9.02483388349242e-09 5.08194846617749e-09 2.42297617293331e-07 0.03971 0.0160867949733727 19.2392223323 0.624287130105271 0.0908360795843 0.0119758038581 0.617527171534 0.954734679207 0.600000000190701 0.399999999941035 0.180196108437501 -0.0004978162584545 1.07094294044261 1.08599708425064
SXS:BBH:0098 1.50067585878641 0.499524797336286 1.43545141707167e-07 0.486226007519182 0.114485214661839 0.00155832912030261 2.02833696992274e-09 5.19808916165337e-09 1.43436653007293e-07 0.02051 0.0127711181644527 27.5277282436 0.623152681091401 0.0990194250514 -0.0149185424709 0.615054350854 0.954547791405 0.600000000213458 0.399999999943429 0.180173151389317 -0.0005180461986036 1.12766986039171 1.14197283106441
SXS:BBH:0099 1.50067608786545 0.499524537651948 1.47799891785824e-07 0.496127445113313 0.0581556769549224 0.000489039511278475 6.78038067672164e-09 9.92949169925456e-09 1.47310012030325e-07 0.00205 0.0123027643907371 29.0367885408 0.621189271060486 0.104189038715 -0.0132355117994 0.612246335979 0.95410326802 0.600000000178845 0.39999999990538 0.180174839202895 -0.000521037178204 1.13652984232031 1.1507229582511
SXS:BBH:0100 1.49999917932677 9.59854620805196e-08 1.60433718347626e-07 -5.28556555262078e-10 -5.00253231578084e-10 9.59827031578245e-08 5.86957250750993e-10 -1.52075600376042e-10 1.60432572556333e-07 0.02188 0.0124436429919647 27.357143456 0.605976328610001 -1.0147295181e-10 3.82542904699e-08 0.60597632861 0.955249458801 0.599999999983051 0.400000000016962 -2.8332474964e-06 1.0890738539e-06 1.12690612619726 1.12690612620135
SXS:BBH:0101 1.50067562411551 0.499524000000137 1.38033182216956e-07 1.12818789924948e-13 -5.05019128947381e-12 -0.499524000000137 -2.86211432330411e-10 -7.12274347746175e-10 1.38031047743647e-07 0.00247 0.0115070055874967 30.4877590367 0.500647530429 -7.06943730683e-10 -5.64332848351e-09 0.500647530429 0.962663250804 0.600000000060262 0.399999999999929 -1.7109663001e-06 1.2227393206e-06 0.992044480101895 0.992044480104124
SXS:BBH:0102 1.50003619496547 0.498990231422397 0.498623799610655 0.496379195114148 0.0509756757519752 -0.000652835689850082 0.493612472930974 0.0705069427815779 -0.00109138660902093 0.00088 0.0144794186151839 21.6390890256 0.631641137983696 0.137359839553 -0.000752580928958 0.616524318493 0.953667711242 0.600000000605815 0.399999999270327 0.260401366196347 -0.0012213848627745 1.0872543470715 1.11800374709738
SXS:BBH:0103 1.50067608715858 0.499524437300926 1.47667780765774e-07 0.496122930825117 0.0581932997366423 0.000490750511277781 6.76666026316158e-09 9.92174686465689e-09 1.47178615037394e-07 0.00227 0.0123134654672543 29.0566472003 0.621402122565144 0.103504056576 -0.013399174712 0.612574869153 0.954185063873 0.599999999947712 0.400000000041119 0.18017738945073 -0.0005212219695064 1.13640325949353 1.15059833631426
SXS:BBH:0104 2.99980449451338 0.499545774298269 0.499378962870356 0.000167099553383322 0.000863522987593544 0.499545000000046 -0.474053152256479 -0.157009673308584 0.000959104112782885 0.00096 0.0174749999233606 21.9342980161 0.697269083530039 -0.0212003479257 0.00216595108706 0.696943346873 0.960709618122 0.750000000123889 0.249999999438653 -0.0313802713819389 0.0006335435779029 1.07625162318313 1.07670918971363
SXS:BBH:0105 3.00132094319097 0.499547999999972 2.49394368253145e-07 1.84356174059208e-12 -1.05462967293416e-11 -0.499547999999972 -7.5049078158204e-12 -6.87912471806806e-12 2.4939436804535e-07 0.02191 0.0123786209020162 29.6539124182 0.302179381295 -2.67240484024e-09 -2.06193962694e-09 0.302179381295 0.977505432352 0.75000000007927 0.249999999953011 1.570357783e-06 -1.6606554663e-06 0.612209200895585 0.612209200899851
SXS:BBH:0106 4.99998653174124 1.46491932145827e-07 3.85960882882581e-07 4.90210586091345e-10 1.39086916691677e-11 1.46491111279651e-07 4.16153613158082e-13 1.45018599247585e-10 3.85960855638151e-07 0.0359 0.0177515886043272 21.3169324708 0.402098503611 -5.06951361311e-10 6.58957148808e-10 0.402098503611 0.982389702768 0.833333333377111 0.166666666613163 6.444021819e-07 -4.653059868e-07 0.592079610782594 0.592079610783127
SXS:BBH:0107 4.99998799204793 2.32381769970351e-07 2.72220202214056e-07 5.6447329473633e-10 2.80114608270561e-11 2.32381082706426e-07 -2.01391156767744e-11 -1.97468416166132e-11 2.72220200752883e-07 0.00231 0.0159608832130466 28.651227546 0.402045045638 -1.82283756638e-10 -2.68459772244e-10 0.402045045638 0.982368658414 0.833333333375753 0.166666666620503 -2.4094652135e-06 9.515526891e-07 0.614610244751829 0.614610244757288
SXS:BBH:0108 5.00218387322502 0.499553000000557 3.01577743693859e-07 -3.44442833083067e-11 -1.88024715414025e-11 -0.499553000000557 7.35066850380402e-12 6.02020870302626e-11 3.01577737595392e-07 0.03529 0.0175532001261213 20.7279065412 0.113710391729 1.6521172394e-10 -1.88481992367e-10 0.113710391729 0.986606822393 0.833333333334069 0.166666666655071 2.5005070936e-06 -4.3500366186e-06 0.272712835007878 0.272712835054035
SXS:BBH:0109 5.00218379444791 0.499548999999924 5.58927267803976e-07 2.68923390601678e-11 -8.24271574812639e-12 -0.499548999999924 -9.44260481199576e-12 -8.04494001500618e-12 5.58927267666316e-07 0.00124 0.0196889437871232 14.7228083808 0.113533999434 -3.792618103e-09 1.09154361938e-09 0.113533999434 0.986670154384 0.833333333233573 0.166666666709768 -1.2249999254e-06 9.490620486e-07 0.252159990814972 0.252159990819734
SXS:BBH:0110 5.00217276740031 0.499550000000263 5.35882238709362e-07 1.60932115413375e-12 -7.34393660150615e-13 0.499550000000263 -8.76599564280553e-11 -1.15133490976698e-10 5.35882219171498e-07 0.00041 0.0192459831382902 24.2368642452 0.671627915504004 7.27094432771e-08 -8.48458881491e-09 0.671627915504 0.974853720523 0.833333333358636 0.166666666674079 2.0937267512e-06 -1.6914502244e-06 0.918433751889007 0.918433751892951
SXS:BBH:0111 5.00218365408512 0.499548999999286 5.5822109028558e-07 3.03505372932581e-11 -7.13354878947032e-12 -0.499548999999286 -3.78353565413867e-12 -7.40954957140528e-12 5.58221090223582e-07 0.00569 0.0199213296199243 14.4927476428 0.113567527693 8.32603115847e-10 4.11534553093e-09 0.113567527693 0.986668428035 0.833333333300162 0.166666666701714 3.089092005e-07 -1.732660902e-07 0.251296527148391 0.251296527148641
SXS:BBH:0112 4.99998628366641 2.96794681133087e-07 3.72123233546269e-07 1.05186224436186e-09 -3.87303692481365e-11 2.96792814661454e-07 5.42316166161634e-11 1.74418984209537e-10 3.72123188718307e-07 0.00119 0.0175933654401259 23.6885791871 0.402049796445 6.04119930041e-10 4.44158504608e-10 0.402049796445 0.982368051119 0.833333333339054 0.166666666664014 -1.6901444775e-06 -2.2328094834e-06 0.599825146374895 0.599825146381432
SXS:BBH:0113 4.99998631842974 3.15964957106963e-07 3.87685716908584e-07 1.1571202443617e-09 1.4635771962414e-11 3.15962837970131e-07 -9.72294524065223e-14 3.80628283837738e-11 3.87685715040075e-07 0.00774 0.0177843311626715 23.3560926348 0.40205728387 1.15122215991e-09 -8.55061238842e-10 0.40205728387 0.98236298292 0.833333333312488 0.166666666693331 -1.8166811504e-06 9.393877125e-07 0.598768035966374 0.598768035969867
SXS:BBH:0114 8.00346468261491 0.499559000000101 4.9647565033408e-07 2.41524131955132e-11 -1.30750557894488e-10 -0.499559000000101 2.53520980714607e-12 -1.09069254511701e-10 4.96475638347058e-07 0.00174 0.0197309142037785 19.065083705 0.0517638043985 3.17764354429e-10 -1.40469023907e-11 -0.0517638043985 0.992253550128 0.888888888960811 0.111111111084699 7.048449876e-07 -1.6580449547e-06 0.032491447418782 0.0324914474687324
SXS:BBH:0115 1.06984127866512 0.205228766982204 0.385048634645457 0.019040883684174 0.0126146907894653 -0.203953821052335 0.24288996466139 -0.0672580502630722 0.291106974811545 0.0001 0.0161192099883232 17.6383834862 0.627719520713019 0.0274151851344 -0.0174109702856 0.626878825948 0.950703430117 0.516908212580165 0.483091787783007 0.0553575055517544 -0.0303917630890001 1.11576981347192 1.11755554194846
SXS:BBH:0116 1.07998215360712 0.106677881132792 0.211893130416687 -0.0779751222557687 0.0646702128573675 0.033433728496278 0.185084948496567 0.00660975593609627 0.102949364661815 0.0001 0.0165286084556516 17.8686195464 0.636708416152424 0.0137357896709 -0.00164680067532 0.636558106797 0.949820616402 0.51923076960034 0.480769231193203 0.0278176023300923 0.0014241730574291 1.13306947010095 1.13341178366168
SXS:BBH:0117 1.07961717783709 0.153839719859684 0.469518513303627 0.118258295488703 -0.0687578109397083 0.0703846459775983 -0.302166512782064 -0.298360957143024 -0.200309191353451 0.00018 0.016586091441255 17.067209972 0.612001961409318 -0.037937181671 -0.0187696435375 0.610536543949 0.953078682643 0.519230769192717 0.480769230288204 -0.0815013595333101 -0.0425583399363291 1.0772863447095 1.08120282667105
SXS:BBH:0118 1.11998518404724 0.344228842994245 0.352024705186716 -0.0102270847030145 0.0296220951128113 0.342799408647042 -0.190017675188177 -0.146181573684026 0.257770486466424 0.0001 0.0161943001432918 19.4637437499 0.689896247938516 -0.0323322033083 -0.00195652999914 0.689135424673 0.941988564509 0.528301885828729 0.471698114282495 -0.052182120076151 -0.0027323918395066 1.24130639596315 1.24240573416248
SXS:BBH:0119 1.12004402218685 0.269117491428656 0.0786902682375446 -0.0122139819925028 0.0680412150752605 0.260087362030187 0.0783895326693249 -0.00278714024436318 0.00628262146240189 0.0001 0.0158811116140182 18.4000070032 0.656318305173621 0.0101370021506 0.00664041028287 0.656206418625 0.947513035592 0.528301886598984 0.471698113061854 0.0160367383395984 0.0156078172268048 1.1692764120911 1.1694905338684
SXS:BBH:0120 1.11998733464663 0.24333600101245 0.268801838459199 0.138355221428733 -0.200001934962708 -0.00833475274437957 -0.0653244806018327 -0.241364027444247 -0.0986435342485204 0.00021 0.0165870588676375 17.1133840385 0.615227694857983 -0.0184980278297 -0.0447772725299 0.613317157229 0.953193705146 0.528301886449369 0.471698113737319 -0.043046407888294 -0.0944042313829434 1.07780176594599 1.08278428082946
SXS:BBH:0121 1.11979903793283 0.376766484233801 0.457331004496336 -0.060885212556523 -0.10884407330822 0.355526289097615 -0.323438053758605 -0.127065108270452 -0.297311169172455 0.00019 0.0159218408328108 17.8380692303 0.64386295480519 -0.0528213235992 -0.0142894423248 0.641533494201 0.949652776525 0.528301886253814 0.471698114309561 -0.0978617714818679 -0.0405463787726386 1.13271658514451 1.13765891083865
SXS:BBH:0122 1.17029662403532 0.480807852718225 0.369715723397502 -0.019414572218025 0.0605576049999252 -0.476583719925235 0.0411518086090944 0.0500797207517956 -0.363989376692454 0.00024 0.0160608639396529 14.8119835938 0.504531155973156 0.00357722698948 0.0171266295781 0.504227695941 0.961622906803 0.53917050677556 0.46082949314826 0.0083171461080681 0.0241536527218976 0.903304541775158 0.903665684338418
SXS:BBH:0123 1.10047961887993 0.493844495137663 0.142322864946565 0.266756234962302 0.020314788646625 -0.415103367667323 0.0376004849999925 -0.0536507661279967 0.126347127819521 8.8e-05 0.0159795802506055 16.4621796348 0.579074621719901 0.0443893363998 -0.00237941544792 0.577365865562 0.955826374012 0.523809523830852 0.476190476273648 0.0792457201929709 -0.0190274599776593 1.02499698704335 1.02823185704881
SXS:BBH:0124 1.259954190906 0.26665879662754 0.310812931987527 0.250232687217588 -0.058321080450959 0.0713384022931908 0.075097908308256 -0.0953029889473546 0.286150874812761 0.00011 0.0160583320991281 18.6912670732 0.655931002703503 0.0407064909365 -0.0316992694967 0.653898782853 0.947968174131 0.557522124165856 0.442477875728517 0.0790533150725935 -0.057996723885053 1.16120635576462 1.16533825444525
SXS:BBH:0125 1.26955582437292 0.0748552007337928 0.463066920886103 0.0116829196240717 0.0452747142105786 -0.0584552026692605 0.388838004887039 0.241466495112403 0.0702133243233441 0.00018 0.0159808180893017 17.6225027076 0.617268854490689 0.0503470990274 0.0169239427647 0.614979339901 0.952963726188 0.559471365597784 0.440528633807386 0.0902059750336718 0.0389355571144476 1.08565547328286 1.09009215308093
SXS:BBH:0126 1.28972243359901 0.356725007072878 0.451790769449044 -0.25047212857168 -0.23708447180457 0.0911449214661188 -0.358370600375793 0.171573548495968 0.215053318044978 0.00032 0.0163745330558396 18.6485324441 0.657221267254467 -0.0772393174921 0.0239661338392 0.652226575964 0.948640063953 0.563318777806193 0.436681222147708 -0.145836721461697 0.0332817805539336 1.14874178821906 1.15844021090614
SXS:BBH:0127 1.33997887928219 0.0793843042081886 0.200000999313377 0.00966422188343658 -0.076954069586454 -0.0169275439473399 -0.0609734139096542 -0.0654894684209811 -0.178868029699242 0.00011 0.0160239116778676 17.1803516074 0.59620767093574 -0.00582492437762 -0.0162453925667 0.595957837736 0.955447524441 0.572649572537721 0.427350427718692 -0.0155876585562428 -0.0316219000421981 1.04763640012999 1.04822943411205
SXS:BBH:0128 1.34970774265114 0.140020962447634 0.412671715664361 0.0406171260148892 0.00524316745487378 0.133897827443511 -0.0481645984587283 0.102829783834696 0.396741921053455 7.2e-05 0.0164354365138706 19.3540318265 0.665903359320034 0.00909565657105 0.0105780872844 0.665757205785 0.946748789432 0.574468085024081 0.425531914661749 0.0171700870976301 0.0157608646175523 1.18630297263607 1.18653190417688
SXS:BBH:0129 1.35981056530522 0.0885107777814275 0.35554675978436 -0.00145546413909865 -0.000283566934586894 0.0884983559022802 0.193005057518386 -0.289083397744285 -0.0747886041727045 0.00031 0.0160598432994518 17.901847779 0.624083119296545 0.00587240620914 -0.0334048690364 0.623160789332 0.952892394302 0.576271186632269 0.423728813567701 0.0180739683187849 -0.054883449970195 1.0946362294172 1.09616026937858
SXS:BBH:0130 1.37955807502835 0.168650122583111 0.455116703974378 0.163932254511241 0.0371586597744749 -0.0137227468797185 0.293493555638804 0.0596216789850742 0.342692285337727 0.00013 0.0164763600710357 18.6415547817 0.639008523351553 0.0579501567287 -0.0219248193261 0.635997621496 0.950637140704 0.579831932556436 0.420168066218952 0.102002814755912 -0.0414232378723565 1.12572735389727 1.1310979330573
SXS:BBH:0131 1.54997133404949 0.0826940922657199 0.205349161987157 0.0419731114285203 -0.0136321725564015 -0.0699337878571789 0.105257486842234 0.0171453526315936 -0.175485545489145 9.1e-05 0.016070433668892 17.380910092 0.57682007540866 0.0189416559289 -0.0054365833826 0.576483353295 0.95822227371 0.607843137482229 0.392156862691509 0.0303615235966168 -0.0105630337333322 1.00640060333771 1.00691388618654
SXS:BBH:0132 1.62985355715452 0.114589799382764 0.325021933772954 -0.00500886631202419 -0.114282282330567 -0.00673003166165271 0.040868070075245 -0.0869598164289304 0.310494844737367 0.00013 0.0164558966542743 18.9915475358 0.617915164113945 -0.0106990322958 -0.0307796263183 0.617055342213 0.954446900757 0.619771863295529 0.380228136973803 -0.0256849933436314 -0.0500694527382636 1.07934450053719 1.08081044583241
SXS:BBH:0133 1.6299969967195 0.171206797925127 0.154715521183237 0.0984011831954579 0.0416247289474053 -0.133777265413688 -0.106665976315887 -0.110016560150388 -0.0213452215789746 9.3e-05 0.0165375911400583 17.6228679959 0.56823282530452 0.0124746124375 0.00170551843793 0.568093318923 0.959066753542 0.619771862980552 0.380228137066614 0.0185790926475086 -0.0048163820404471 0.991697139803348 0.991882854632393
SXS:BBH:0134 1.63007296822237 0.295328119433826 0.179250411446792 -0.230491313158109 0.184256563158071 -0.0119151844361072 -0.000552066496241146 0.0322311342857452 0.176327987594376 0.00018 0.0164533325193046 18.6454480574 0.612701556591423 -0.0342389456321 0.0531285654766 0.609432726051 0.955212253783 0.619771863542902 0.380228136675531 -0.0437830766512604 0.102301766864964 1.05942208310248 1.06525009245245
SXS:BBH:0135 1.63980607832926 0.115590658610346 0.343033174440984 -0.109803051503757 0.0272210018046445 0.0237383086842401 0.211370317293529 -0.144093150376264 -0.228542144360586 0.00016 0.016297288827686 17.855401456 0.589774348816102 -0.0162442357498 -0.00929270337482 0.589477355791 0.957972143808 0.621212121156621 0.378787878479854 -0.0201319157899706 -0.0057861505919901 1.02004316680787 1.02025822012051
SXS:BBH:0136 1.68016615462602 0.364617751367606 0.216997503464138 0.117631999999851 -0.113626862405919 0.325879967669371 -0.14549583571386 -0.0707211076690896 0.144628500751584 9.0e-05 0.0158319257327505 20.2905191061 0.675437688311845 0.00774378132706 -0.0297705216585 0.674736852916 0.949080978784 0.626865670522469 0.373134328918512 0.0187414697631175 -0.0541929335680301 1.17149736432027 1.17289990678954
SXS:BBH:0137 1.76025808848467 0.40543792102786 0.252477864087485 -0.248180156389859 -0.318798773683986 -0.0339685101128328 -0.0705110308269734 0.150991307518354 -0.189670481203043 0.00018 0.0162399728276792 18.0094148131 0.585522255803214 -0.0740606958507 -0.0574412125061 0.577972172753 0.959463020461 0.637681157712658 0.362318841712989 -0.134238422910968 -0.0679632381571242 0.985826370233186 0.997242492162044
SXS:BBH:0138 1.70041871326151 0.429071055928711 0.112051517049852 -0.0440523671804793 0.424750076316232 0.0418178508645584 -0.0124829398872327 -0.00803380851505339 -0.111063840225739 0.00052 0.0159533300385782 18.3778618657 0.614485138556171 -0.0155724694835 0.0916180687996 0.607417165686 0.95724408133 0.629629630949722 0.370370370496769 0.004851345092026 0.161041068665035 1.03289221916777 1.0453822735073
SXS:BBH:0139 1.82032877843586 0.402545694701548 0.146589440970244 0.0315841219173355 -0.341890263157419 0.210134546240292 -0.132366754511182 -0.047238525263095 -0.0416656721428222 0.00025 0.0158807493174526 19.7087785322 0.644923814929196 -0.00558894864192 -0.074761654391 0.640551470023 0.954411693227 0.645390070554779 0.354609929100938 -0.0226159266667871 -0.140367183546956 1.08883344933048 1.09807682187395
SXS:BBH:0140 1.82047053714498 0.437365802420145 0.125552822899555 0.115046689097772 -0.366738341353756 -0.208700966541493 -0.0656260792481503 0.0617227246616896 0.087447323120264 0.00031 0.0159500972081078 17.892079365 0.553047910876779 0.0232771497512 -0.0944252756444 0.544430007755 0.961397649691 0.645390069646297 0.35460992910557 0.0206608401207709 -0.140401974414249 0.940968089228815 0.951609441777898
SXS:BBH:0141 1.8399999575392 0.208027598603813 0.160315805565584 -0.182162981579123 0.0519089940977181 0.0860092219173981 -0.0928865621429966 0.124404931578771 0.0399581917293408 0.00011 0.0158707082051957 19.328553911 0.613444475265996 -0.0505134114718 0.0195864986622 0.611047370149 0.957145142616 0.647887324026037 0.352112675901622 -0.0817286842602895 0.0456925791805697 1.04689377513574 1.05107276914639
SXS:BBH:0142 1.91025134398732 0.374814067046195 0.11008427821117 -0.291162415037893 -0.230320731202919 -0.051598388571386 0.00377734259022625 0.00118561323308042 0.110013064285529 0.00016 0.016036948326038 18.9728506062 0.588531162406712 -0.0834948177822 -0.0576026501493 0.579723623137 0.95978364596 0.656357388690316 0.34364261177799 -0.143122442290608 -0.0672302005370255 0.987837582156317 1.0004134255756
SXS:BBH:0143 1.91991611372848 0.450424165820119 0.443149011479021 -0.0942997801505453 -0.0623137809398447 0.436012010526419 -0.0186756124435916 -0.43446792594066 -0.0852636452628603 0.00048 0.016058448746451 21.0842787911 0.687179102215207 -0.0352338652428 -0.0349030145468 0.685387097075 0.950962119334 0.657534247344235 0.342465752604475 -0.069823602450856 -0.0570056956855281 1.16339068000186 1.16687739677954
SXS:BBH:0144 1.94007493461047 0.312307909886171 0.222033608406456 0.0612539960901859 0.103567577067627 -0.2881977368419 -0.0503552298873616 -0.0216861490601786 0.215158046616718 8.0e-05 0.0159166978522875 18.0390598887 0.514485539356821 0.0183019199643 0.0266482428382 0.513468870611 0.963967202782 0.659863946454731 0.340136053805193 0.0257342266012406 0.0382040645887106 0.897826727644895 0.899007582750781
SXS:BBH:0145 1.95999295115415 0.0591676953108998 0.0952596610354271 0.0167482704887123 0.0289235059398262 -0.0488235845487531 0.091219261428323 -0.00237985669172093 0.0273456696239569 8.8e-05 0.0160057770970793 18.9013247693 0.567099772910474 0.0116601065867 0.00590753162758 0.566949111843 0.961416987231 0.662162162108707 0.337837837721721 0.0184760234852186 0.0068957604935448 0.972603996047027 0.972803910396774
SXS:BBH:0146 1.96971595997965 0.190092642750362 0.371440122156116 -0.156439719172704 -0.101541122180268 -0.0367590478570135 -0.0982471792484772 0.0265196645864359 -0.357228167292685 8.5e-05 0.0162612081955733 18.1686853628 0.554384691567312 -0.056346239802 -0.0154022655275 0.551298700997 0.963100945611 0.663299663253388 0.336700337098123 -0.0869339094841548 -0.0125927412370894 0.936609417561881 0.940719555880322
SXS:BBH:0147 0.999999991789979 0.499429421451942 0.499429412910624 0.403884557223109 0.293778629172059 -0.0010623042413495 -0.403884552377576 -0.293778621333124 -0.00106229874556175 0.02913 0.0289586772439477 7.11841977608 0.615713146106 3.27492891598e-09 8.49992234845e-10 0.615713146106 0.950706292809 0.499999999756287 0.500000000248928 4.73944253e-08 -2.46119507e-08 0.984401993088684 0.984401993088686
SXS:BBH:0148 1.00000000421205 0.437585851204661 0.437585791869313 1.74368794440027e-08 4.56840271657665e-10 -0.437585851204661 -1.74039246479812e-08 -5.83266169496875e-10 -0.437585791869312 2.0e-05 0.0163412724577047 15.4545054662 0.506011834339 -3.59862246753e-11 -6.52944304075e-12 0.506011834339 0.961095913682 0.499999999273672 0.499999997996061 6.17113956e-08 3.461231195e-07 0.913733728617662 0.91373372861773
SXS:BBH:0149 1.00000000872038 0.199980174995769 0.199980162464575 4.37386240363995e-08 -1.20347620384877e-08 -0.199980174995764 -4.1392135728372e-08 1.06256312635239e-08 -0.199980162464571 0.00018 0.0161362960474649 17.1172336745 0.571021089888 1.14658977518e-09 -7.17011553404e-10 0.571021089888 0.956438831138 0.49999999393018 0.499999994350538 -4.0465219e-09 1.4142517e-09 1.02214972471846 1.02214972471846
SXS:BBH:0150 0.999999998779953 0.200034973560451 0.200034975990174 2.76169501297521e-08 -2.07781873361982e-08 0.200034973560448 -2.68208461469433e-08 1.86135577929646e-08 0.200034975990171 0.00029 0.0159134451903999 19.8186442391 0.667245963367 6.28683585989e-10 -6.68195229043e-10 0.667245963367 0.945470861825 0.499999993440237 0.499999993622384 5.27440126e-08 2.489619297e-07 1.20458393450832 1.20458393450835
SXS:BBH:0151 1.00000015456042 0.599932704130302 0.59993272251376 2.87964663766409e-09 -1.58133989354005e-09 -0.599932704130302 -1.29340300790226e-09 1.37561502258095e-09 -0.59993272251376 0.00025 0.0157492485784818 14.4755972672 0.459066161299 1.29931980505e-10 3.40764056678e-10 0.459066161299 0.963768322424 0.499999836208171 0.499999759113964 4.95417050767672e-06 -3.43599367836236e-07 0.84086748734987 0.840867487364534
SXS:BBH:0152 0.999999996590066 0.59996331282775 0.599963311735964 7.51778161701525e-10 -2.60698478619678e-10 0.59996331282775 -7.12752961304982e-10 2.30332309116027e-10 0.599963311735964 0.00043 0.0155297397487784 22.6434438811 0.736929199097 -6.05149744506e-11 2.64305079057e-10 0.736929199097 0.926867981157 0.499999997467155 0.499999998745987 -4.71002010465001e-06 -9.58740933050364e-07 1.38819174429313 1.38819174430145
SXS:BBH:0153 1.00000000142585 0.849825672616862 0.849825668473725 -1.02719767899116e-09 -2.91168397831376e-11 0.849825672616862 6.32200135694703e-10 1.19765212391921e-10 0.849825668473725 0.00083 0.015390108569084 24.4862893314 0.754698216487 -1.28460815231e-11 5.51845201783e-11 0.754698216487 0.906167495388 0.500000000479693 0.499999999593234 1.77273365e-08 1.492091717e-07 1.50410220156292 1.50410220156292
SXS:BBH:0154 1.00000003043738 0.799759895662852 0.79975992625916 -7.90239841365215e-10 -4.1516600587552e-10 -0.799759895662852 1.91139306686774e-09 -5.15134943302411e-10 -0.79975992625916 0.00033 0.0160493656263813 13.242325264 0.398846309456 2.24249979917e-10 -1.63860931738e-10 0.398846309456 0.966593721388 0.499999884118949 0.499999869215766 5.09251453681969e-06 -1.27611366828788e-07 0.750651878616639 0.750651878633923
SXS:BBH:0155 1.00000004975018 0.799873613923004 0.799873563674652 -1.35187802901159e-09 -6.08493159688294e-10 0.799873613923004 4.31464116684794e-09 6.46462107872612e-09 0.799873563674652 0.00047 0.0154285775673887 24.0885526795 0.753629064259 8.19473599701e-10 7.25592298977e-10 0.753629064259 0.911275540888 0.499999968683743 0.4999999208435 5.10054708271467e-06 -2.25724477730349e-06 1.48063766077801 1.48063766078852
SXS:BBH:0156 1.00000924000558 0.949046943440344 0.94904701014353 5.85939053385537e-06 0.000140101053759406 -0.949046933081195 6.6007393157737e-06 0.000138607877819443 -0.949046999998767 0.00054 0.0164250639539828 12.4232574066 0.352105000698475 2.11123412758e-05 6.79279664165e-06 0.352105 0.968133623466 0.499783550230162 0.499778729962596 3.28587844960554e-05 3.50883527329591e-05 0.683857137737164 0.683857139426765
SXS:BBH:0157 1.00000002692214 0.949586305767378 0.949586327517958 -1.14843291167836e-09 7.95991826335946e-10 0.949586305767378 8.30573162696048e-10 -7.27579784749756e-10 0.949586327517958 0.00014 0.0153554646210657 25.1507192987 0.751461281756 2.14116310562e-10 5.43075771283e-11 0.751461281756 0.893702404465 0.500000017477483 0.500000024136862 5.90764506909088e-07 -1.89905815285797e-07 1.55042262520865 1.55042262520878
SXS:BBH:0158 1.00000000816605 0.969503999999099 0.969504000000698 1.88967856390766e-09 -4.82373705636832e-09 0.969503999999099 -2.33715673308477e-09 5.48209592480056e-09 0.969504000000698 0.00079 0.0156488993627053 25.2739604711 0.749667482993 -1.25677390023e-10 9.30239582766e-11 0.749667482993 0.890690839936 0.500000041872896 0.500000038662896 2.95933085166572e-07 -2.638468803548e-07 1.55951217553798 1.55951217553803
SXS:BBH:0159 0.99999930987429 0.899568306490869 0.899568805382421 3.62912152884592e-09 1.99824982758388e-08 -0.899568306490868 -4.78719705629415e-09 -2.70429395603109e-08 -0.899568805382421 0.00056 0.0158788472461452 12.6689613971 0.367943969074 -6.92188952482e-10 -4.19675143976e-10 0.367943969074 0.967908437142 0.499998982491524 0.49999932732133 2.6958154038792e-08 5.07586388669942e-10 0.706050281069083 0.706050281069084
SXS:BBH:0160 1.00000000389741 0.899737307658408 0.899737301627648 7.17274384848067e-10 -3.28185517113799e-10 0.899737307658408 5.54789899255833e-10 5.94693230701574e-10 0.899737301627648 0.00042 0.015379994011376 24.8307413102 0.75408446113 2.46543983909e-10 -9.41374022525e-11 0.75408446113 0.900366326265 0.500000010404241 0.500000008282455 3.0406257594342e-08 -6.46707210940804e-09 1.52712325198201 1.52712325198201
SXS:BBH:0161 0.999999992377867 0.599972216285137 0.599972168799273 0.445520209648243 0.280836111968907 -0.287418651662121 0.445520133206187 0.280836143106602 -0.287418640604002 0.00231 0.0151396595192264 18.7315643354 0.581612010112224 0.124350890358 0.00597340997178 0.568131767064 0.956227397958 0.499999989761489 0.500000004930893 0.261836006818297 -0.0117816563030355 0.993139740443746 1.02714334245054
SXS:BBH:0162 1.99999919769055 0.600006285535355 3.32805976530703e-05 4.80786857303065e-08 -2.07692681835185e-08 0.600006285535353 2.35750256142012e-08 2.29914870635253e-08 3.32805813614371e-05 0.00655 0.0177981398736215 18.6106310672 0.723393284489 8.55845090023e-09 6.96820742496e-10 0.723393284489 0.946062380835 0.666666665754435 0.333333334271282 9.28523626e-08 5.71792154e-07 1.20244775989482 1.20244775989496
SXS:BBH:0163 0.999997592071375 0.599961292959015 0.600014076581482 0.441477274575064 0.290087060200799 -0.284430776441096 0.424288780611038 0.265984470585557 0.330527130733391 0.00276 0.0160321868113131 18.6916718653 0.657209217623941 0.141861303649 -0.0200964979018 0.641401167 0.950412469353 0.500000003384142 0.500000002790822 0.261815964956996 -0.0111090387562377 1.11236014132306 1.14281061171688
SXS:BBH:0164 1.00000001400026 0.600006600821953 0.600006559078786 0.424774176921557 0.265925750899087 0.329936834347554 0.424774109276499 0.265925765864226 0.329936833462781 0.00129 0.017001551316743 18.7241271979 0.706946747327312 0.157048724883 -0.00850946236751 0.689229272898 0.937449580258 0.50000000033108 0.499999999872154 0.261779312800624 -0.0104016421657861 1.23132811375009 1.25889059353125
SXS:BBH:0165 6.00082673991958 0.909636152648785 0.300012088784511 0.703729096604661 0.313163755340084 -0.483871626714119 -0.170487128752262 -0.0717871040073281 -0.236194843391839 0.0037 0.0293742853161291 6.51598290464 0.548501380226734 0.50250138343 0.183015824774 0.121866039748 0.987857218647 0.857142848195017 0.142857183655068 0.540328009990433 0.135474141643271 0.123051313557887 0.57048157481423
SXS:BBH:0166 5.99997866468524 4.52729478926185e-07 4.67194826217599e-07 -2.17890253383098e-10 -2.17890253383098e-10 4.52729374059658e-07 1.41955616165991e-10 1.41955616165991e-10 4.67194783084849e-07 4.4e-05 0.0194016872697766 21.5588781341 0.361708002419273 -2.9581590708e-05 -2.9581590708e-05 0.361708 0.985471054121 0.857142895354907 0.142857145997677 5.09407090053005e-08 -1.71858999922513e-08 0.5157245477314 0.515724547731403
SXS:BBH:0167 3.99998739603861 5.30633503169147e-07 6.70258398380161e-07 -3.6625222255927e-10 -3.6625222255927e-10 5.30633250375606e-07 5.00133450000595e-10 5.00133450000595e-10 6.70258025190451e-07 9.9e-05 0.0205388554804413 15.5908191069 0.450958000057979 -5.11332404959e-06 -5.11332404959e-06 0.450958 0.977919206362 0.800000005691815 0.199999993630221 7.44417070787909e-09 -1.73337107960472e-09 0.665486966929421 0.665486966929421
SXS:BBH:0168 2.99999224111652 5.13207970506676e-07 6.50173700453738e-07 -2.9417835639104e-10 -2.9417835639104e-10 5.13207801879288e-07 1.47452232330839e-09 1.47452232330839e-09 6.50170356390957e-07 0.00011 0.019816400185657 15.6388176908 0.509972000187216 9.77113237154e-06 9.77113237154e-06 0.509972 0.97127613401 0.749999993576656 0.250000005982592 1.14484883790231e-08 8.43289794335677e-09 0.792205690264474 0.792205690264474
SXS:BBH:0169 1.99999692528126 2.4913135884756e-07 5.29196678207564e-07 -2.43781551503876e-10 -2.43781551503876e-10 2.49131120300821e-07 3.81100904886397e-10 3.81100904886397e-10 5.29196403757736e-07 0.00012 0.01799298878339 15.6805252633 0.576054013848809 -8.93177574144e-05 -8.93177574144e-05 0.576054 0.961246130167 0.666666666897367 0.333333332087215 1.19858535196961e-08 1.41871743884816e-08 0.955449269226597 0.955449269226597
SXS:BBH:0170 0.999999999634769 0.436551581021012 0.436551581021752 -0.000830781183830451 -0.000830781183830451 0.436549999996786 0.000830781138714106 0.000830781138714106 0.436549999997699 0.00013 0.0189052842481078 15.5294172294 3.59294919160483 -9.3146972973e-05 -9.3146972973e-05 3.59294918919 2.10098370807 1.12227549829042 1.12227549829042 3.04045323553164e-05 1.00281209754852e-05 6.33422129370731 6.33422129378822
SXS:BBH:0171 0.99999999895864 0.437571443829992 0.437571444338153 -0.00122756572178969 -0.00122756572178969 -0.437567999995728 0.00122765507143884 0.00122765507143884 -0.437568000002546 0.00013 0.0191863277316472 10.5591163227 2.55502364925812 3.94178468919e-05 3.94178468919e-05 2.55502364865 2.15955930856 1.1232237493345 1.12322374933436 -8.59688413734732e-05 1.53667632971228e-05 4.36528451120439 4.36528451207796
SXS:BBH:0172 1.00000046137888 0.979412619185465 0.97941288717136 3.51850779095285e-08 -2.47427505552373e-08 0.979412619185464 -3.55947939006767e-08 2.37193972542343e-08 0.979412887171359 0.00078 0.0154014617147426 25.3519793536 0.748795326673 -1.63597651264e-10 -8.37351057478e-11 0.748795326673 0.88923432712 0.50000089274582 0.500000740588655 -1.04549159607e-05 -0.0001778676100117 1.56689477283023 1.56689478296051
SXS:BBH:0173 1.50010533045252 0.320164316755411 0.150438979717906 0.234947025939665 0.146264980075094 -0.16097093007496 0.0907689995115023 0.0645053952257967 -0.101152999624377 0.00025 0.0145137098595377 20.4503261768 0.573516660207846 0.0503010387104 0.0340746237764 0.570289474789 0.958345844798 0.599999999860655 0.40000000002893 0.106146219585568 0.0474667188884244 1.01910396310118 1.02571584610109
SXS:BBH:0174 3.00131662429877 0.499542999998898 2.05725999892307e-07 1.74510652631398e-12 -1.01663490601443e-11 0.499542999998898 -2.89109396616849e-10 5.32740001505438e-11 2.05725789849808e-07 0.00029 0.0133784204303244 35.5370169596 0.697358473517 1.2486060673e-10 -2.49264489895e-09 0.697358473517 0.960729804912 0.750000000243573 0.250000000037 1.550458844e-06 -3.737307458e-07 1.13907732882776 1.13907732882888
SXS:BBH:0175 0.99999989513589 0.749935730861237 0.749934892309097 4.05801586511832e-08 -3.92858299765032e-08 0.749935730861235 -3.71487520170978e-08 3.22719211406373e-08 0.749934892309095 0.00344 0.0156970515030322 23.9254779017 0.751035227392 3.38478337094e-09 -2.37712081646e-09 0.751035227392 0.915751541311 0.499999998177279 0.499999998419277 -2.34631402e-08 -2.223043178e-07 1.45888570476141 1.45888570476143
SXS:BBH:0176 1.00000003573825 0.959555089677595 0.959555155080979 2.88919339126051e-08 -1.42291564826873e-08 0.959555089677595 -2.90047824458808e-08 1.29091260729591e-08 0.959555155080978 0.0005241 0.0157149046623963 25.2397545928 0.750667575535 -3.86230187001e-10 2.08513224329e-11 0.750667575535 0.892254495153 0.500000049923262 0.500000049169556 8.6315502989e-06 5.33863639232e-05 1.5552919794358 1.55529198037601
SXS:BBH:0177 0.99999993099836 0.989253079462888 0.989252911616845 6.02572368303693e-08 2.92133679806588e-09 0.989253079462886 -5.92570251126898e-08 -4.34545308966569e-09 0.989252911616844 0.00126 0.0154313005337817 25.404265025 0.747687782714 3.63477679416e-10 -5.99346090229e-10 0.747687782714 0.887653915538 0.499992518440433 0.499992534156425 -0.0001703118094708 -0.0010612889212277 1.56883313080518 1.56883349902157
SXS:BBH:0178 1.00000003042321 0.994246477573883 0.994246846516598 4.71097311620174e-09 2.31068284187609e-10 0.994246477573883 -4.73681333437775e-09 -5.78703841628689e-10 0.994246846516598 0.0008556 0.0156992105854937 25.4295308127 0.746851620633 1.33158151173e-10 -1.23516916925e-10 0.746851620633 0.886688798558 0.499911514803461 0.499911576573266 0.000114634286705 0.0006570222282432 1.56639251016674 1.56639265215516
SXS:BBH:0179 1.50029364074863 0.990620579011089 0.199939233767325 -0.000585802571927354 -0.00112230935967508 0.990619770051715 0.128243210878232 0.0513144153085023 0.14455520345063 0.0322398 0.0147906835911531 23.7507875769 0.761735458503245 0.0102092711561 -0.00113538305179 0.761666193571 0.921563492731 0.599987734320917 0.400000032764143 0.0228463278184012 -0.0012280349891774 1.41963999597343 1.41982434861928
SXS:BBH:0180 1.000000000542 3.67050797175462e-09 2.15728738905506e-09 -2.78241749107386e-12 1.56053889450462e-12 -3.67050658541645e-09 2.27899839037045e-12 -2.35907568866193e-12 -2.15728489539611e-09 5.14e-05 0.012267110380857 28.1825121856 0.621610792514 -1.94281137224e-13 -8.11741001902e-12 0.621610792514 0.951614826833 0.500000000000029 0.5000000000001 -1.5698901172e-06 -3.87578732e-07 1.18461067478375 1.18461067478485
SXS:BBH:0181 5.99994861274863 4.34481508517764e-06 9.28221259370217e-06 4.73521248922091e-08 3.62472556576635e-08 -4.34440583246002e-06 -6.05912794333053e-08 -1.06197502896714e-07 -9.28140729749095e-06 5.76e-05 0.0177071068722019 26.4684907617 0.361722677294001 2.25202181078e-09 2.83702581758e-08 0.361722677294 0.98545001476 0.857143751483519 0.14285811194958 -0.0003206180330643 -0.0014360833002252 0.468767854603632 0.468770163983226
SXS:BBH:0182 3.9999765924198 1.19530772400356e-05 1.5050468239578e-05 1.02500072123869e-07 -3.0408801068862e-08 1.19525990707582e-05 3.99465024348973e-08 7.37704067692619e-09 -1.50504134191311e-05 0.00012 0.0207726515358735 15.5562869105 0.451030148538002 2.80049679984e-08 -2.60328644457e-08 0.451030148538 0.977899284822 0.800000000001716 0.200000000003028 5.335566667e-07 3.811319427e-07 0.665487245045109 0.665487245045432
SXS:BBH:0183 2.99998939428386 2.42347480927948e-06 1.56054724954916e-07 7.97404189119946e-08 2.05436131618943e-08 2.42207546884118e-06 -4.46052466980486e-10 -3.37740447463836e-09 -1.56017535414984e-07 4.77e-05 0.0195878679990131 15.6071576792 0.509961341909 8.51736962237e-09 5.04957428728e-09 0.509961341909 0.97126220148 0.750000000003314 0.250000000011424 2.008754689e-07 -5.333240468e-07 0.79220562841298 0.792205628413185
SXS:BBH:0184 1.99998050356705 1.85837374838702e-06 9.30288499993727e-06 -3.99764501548674e-08 4.10504613335619e-08 1.85749017002818e-06 3.87794082872083e-09 9.7328923165455e-09 -9.30287910028073e-06 0.00015 0.0184318735332983 15.6338156355 0.576045760857 -3.51547849861e-09 8.59412696029e-09 0.576045760857 0.961239544339 0.666666666668221 0.333333333336402 -2.351862697e-07 1.300578306e-07 0.955448906030764 0.955448906030801
SXS:BBH:0185 9.98950857441341 1.28114109954917e-05 1.43395143386791e-05 -2.5586773188877e-08 2.73996214742885e-08 1.28113561449671e-05 -6.21375212519653e-08 -1.17455775383179e-07 -1.43388986515167e-05 0.0003055 0.0214186669071176 24.9066623497 0.256560540084002 -3.10748165058e-08 1.3856699971e-08 0.256560540084 0.991749353904 0.908994002205013 0.0909984319501517 -0.0061940564505561 -0.0343045382883765 0.783851660638402 0.784626403817812
SXS:BBH:0186 8.26745726906233 1.36964703884252e-06 9.15296582199846e-08 4.4278536527865e-07 8.03058947340233e-07 1.01733497846183e-06 1.12044889565425e-08 2.15926421725988e-08 -8.82377218943011e-08 0.0001618 0.0204493325963463 23.6694245629 0.293632196326221 1.86224222812e-07 3.08483674696e-07 0.293632196326 0.989751442771 0.892096034529347 0.107903965471499 6.927765788e-07 7.4832248e-09 0.400303405243365 0.400303405243964
SXS:BBH:0187 5.03880132213862 8.79884948179395e-06 1.20477508411664e-05 1.09372615960986e-07 -3.19157742706322e-08 8.79811179841995e-06 -2.34324628727345e-07 -2.0504509164133e-07 -1.20437265333281e-05 3.0e-05 0.0197099470565751 19.19347518 0.400332285290003 4.47030239085e-08 -1.01915927365e-08 0.40033228529 0.982457325512 0.834403407327391 0.165597855759132 -7.91465054529e-05 -0.000363059877515 0.582986280924664 0.582986399346516
SXS:BBH:0188 7.18741315183494 1.55307732357099e-06 2.44547711859117e-05 3.11420843483579e-08 -2.69822394626426e-08 1.55253061236371e-06 -5.68947604945278e-09 8.2344552420871e-09 -2.44547691377144e-05 0.000196 0.0202943511806123 22.3379564975 0.322720669718 1.35571571427e-08 -9.4415822622e-09 0.322720669718 0.988019420749 0.877861424500933 0.122137310003732 0.0003393437631746 0.0009513112192812 0.505275793023874 0.505276802518313
SXS:BBH:0189 9.16729984214553 1.18266943154679e-05 6.78875569303585e-06 -1.36417904340113e-08 7.63687507481588e-08 1.18264398762681e-05 3.0901865161269e-08 1.06627010908205e-07 -6.78784793693856e-06 0.0001282 0.0206857659324133 25.2061655887 0.273059494395005 4.73640616859e-08 1.88127689023e-08 0.273059494395 0.990894420929 0.901652435475763 0.0983552855117285 0.0024720399812239 0.0088818229289388 -0.102281929398694 0.102696596057169
SXS:BBH:0190 4.49877334473312 3.10589151207412e-05 1.18128256902731e-05 -3.69432425098647e-08 8.36602079447827e-08 -3.10587804757985e-05 5.44882171841296e-08 7.74191616401162e-08 1.18124463214178e-05 9.99999 0.018743663350618 20.0974043975 0.425384587166009 7.06593786955e-08 5.39689629479e-08 0.425384587166 0.980305971293 0.818140536345187 0.181859562988873 -6.22292982974e-05 -0.000424695436825 0.634664800411447 0.634664945557892
SXS:BBH:0191 2.50740461598841 4.65916821971107e-05 6.04888582784904e-05 -1.05292924694901e-09 8.52995309527132e-09 -4.65916814043859e-05 4.8853025016139e-07 5.21868234973276e-08 6.04868629585419e-05 0.00065 0.0155522153544791 22.4934366475 0.542180826206 1.06465630496e-08 -1.30284879487e-08 0.542180826206 0.966761965476 0.714896646704969 0.285103354260276 2.6829849324e-06 1.57923771489e-05 0.91133634506158 0.911336345202361
SXS:BBH:0192 6.57976519278279 2.50980404686479e-05 5.07109763794978e-05 -9.14761050146519e-09 2.93198425204003e-08 2.50980216757008e-05 -1.7452431180436e-07 -1.24097144907288e-07 -5.07105242185999e-05 4.0e-05 0.0203253382640912 21.0883332957 0.341615181969002 -1.50237020084e-08 3.60959603485e-08 0.341615181969 0.986795774702 0.868074368566971 0.131926191543065 -0.0002331327730222 -0.0011187064766417 0.535876011779092 0.535877230207942
SXS:BBH:0193 3.49758719337826 5.86244753464507e-05 2.43296080360626e-05 -7.25448886462262e-09 1.41339027557609e-07 -5.86243045186746e-05 7.8739560523589e-09 2.57788527952045e-08 -2.43295931046947e-05 9.99999 0.0178231856241995 19.5857943231 0.479312039461005 -5.05197947303e-08 4.89588830015e-08 0.479312039461 0.974860833109 0.777654272177072 0.222345713056826 -5.1936278761e-06 -2.55074210132e-05 0.744259534522081 0.7442595349773
SXS:BBH:0194 1.5175140082349 3.19251928719365e-05 8.56915096338812e-05 4.24952372580669e-08 -2.79795175138076e-08 3.19251523287166e-05 -5.77714909126637e-08 4.18298514516482e-09 -8.56914900575957e-05 0.00074 0.0155706374198725 19.5868822357 0.605099548682 -1.93559446645e-08 -1.09691648401e-08 0.605099548682 0.955481283565 0.602780536102097 0.397219463879506 -9.87320866e-08 -3.386934663e-07 1.06988789900984 1.0698878990099
SXS:BBH:0195 7.76086773564686 1.31920850686252e-05 4.00791204735326e-05 -2.79690705822915e-08 -1.11282959102233e-08 1.31920507257199e-05 -2.81991218681096e-08 1.1598376184652e-07 -4.00789427319192e-05 0.0002152 0.0215534825337025 21.9265809254 0.306574708379002 1.93136745158e-08 -3.08076704667e-08 0.306574708379 0.988999165264 0.885859358453676 0.114138744914716 -0.0003808038542352 -0.0037444535623606 0.581937990216085 0.581950161440645
SXS:BBH:0196 9.66281618040366 1.67367095372337e-06 2.73074514408012e-05 -2.00562424902244e-08 4.28533249936979e-08 1.6730020325784e-06 3.31880862638476e-08 4.69259962692336e-08 -2.7307390953614e-05 0.00023 0.0217813831039697 23.0774361706 0.262854655647001 -6.6704188663e-09 1.59310055029e-08 0.262854655647 0.991413687936 0.906208938200047 0.0937827135751834 0.0179071852727271 0.103469336071467 0.409201926531259 0.422460397514792
SXS:BBH:0197 5.52238181943924 3.70291404041457e-05 1.52422830256366e-05 -1.74315778188323e-10 3.68602954950842e-08 -3.70291220576206e-05 3.54049326392093e-08 7.97410366392265e-08 -1.52420333188007e-05 0.00022 0.0197603418528808 20.2807164988 0.379992345292001 -1.37168203611e-08 2.49822262905e-08 0.379992345292 0.984067194427 0.846683718807208 0.15331703300428 0.0002457692617723 0.0011898294530418 0.505886580002325 0.505888038920774
SXS:BBH:0198 1.20246156413194 5.04190513297493e-05 8.54381206899596e-05 -2.36686567157543e-10 -2.99739852254417e-08 -5.04190424194677e-05 -6.46850734357631e-08 -4.82458095314591e-08 8.54380825815704e-05 0.0001745 0.0152398453304479 20.7265670816 0.618370965393001 -3.80869991511e-08 -1.15298996211e-09 0.618370965393 0.952383593709 0.545970487868485 0.454029511668667 3.70056789e-08 2.813314085e-07 1.12089816007673 1.12089816007677
SXS:BBH:0199 8.72877066093856 1.11278507669366e-06 3.31258810143926e-05 8.68883639813101e-09 2.25087702257519e-08 -1.11252347673975e-06 1.23390084244305e-09 4.02872967892398e-08 -3.31258564929407e-05 9.99999 0.0213198746518661 22.6209056685 0.282724111939002 2.53215152386e-08 1.97885283902e-08 0.282724111939 0.990379052165 0.897216937037182 0.102788491750626 0.0004844858853107 0.0030405700520586 0.980243320502962 0.980248155919453
SXS:BBH:0200 3.27249733593264 5.0297149673866e-05 1.09460160943574e-05 -3.93178648502039e-08 5.92265185137255e-08 -5.02970994356562e-05 4.39440371415527e-08 8.7363890700778e-08 -1.0945579235935e-05 0.00037 0.0173016395556859 20.1589631323 0.492853347330001 -6.24010579893e-09 3.11485635985e-08 0.49285334733 0.973300880253 0.765945010673375 0.234054984388416 1.43999492091e-05 8.99556519139e-05 0.77853084319183 0.778530848521983
SXS:BBH:0201 2.31620095629885 6.22617960737307e-05 4.15579081529017e-05 -9.52726616299013e-09 5.47925816109224e-08 6.22617712350928e-05 3.75761298495425e-08 2.78092907905444e-08 -4.15578818603983e-05 -0.99999 0.0162363978964372 20.016754407 0.555024383455004 -4.82900013422e-08 4.40308506547e-08 0.555024383455 0.964781660062 0.698454581347664 0.30154541814978 6.344978997e-07 4.3689552488e-06 0.930350624651719 0.930350624662194
