1.01719750113305577225e-46
1.01400498208987406224e-46
1.01082558285172972342e-46
1.00765923980506898331e-46
1.00450588969238322131e-46
1.00136546960995079198e-46
9.98237917005585071467e-47
9.95123169676406034536e-47
9.92021165766626222482e-47
9.88931843765346823347e-47
9.85855142504379227640e-47
9.82791001156070667906e-47
9.79739359231155139291e-47
9.76700156576615988268e-47
9.73673333373559197160e-47
9.70658830135110588387e-47
9.67656587704318473849e-47
9.64666547252077890391e-47
9.61688650275068837053e-47
9.58722838593703263437e-47
9.55769054350095394381e-47
9.52827240006036916360e-47
9.49897338340994333386e-47
9.46979292450117407648e-47
9.44073045742258879367e-47
9.41178541938011299949e-47
9.38295725067760200545e-47
9.35424539469741733412e-47
9.32564929788125594264e-47
9.29716840971101639548e-47
9.26880218268984005942e-47
9.24055007232331954213e-47
9.21241153710075185861e-47
9.18438603847660745856e-47
9.15647304085207315196e-47
9.12867201155674283133e-47
9.10098242083046571404e-47
9.07340374180524125721e-47
9.04593545048734160167e-47
9.01857702573946124155e-47
8.99132794926305727375e-47
8.96418770558080632891e-47
8.93715578201912762198e-47
8.91023166869090630602e-47
8.88341485847826349866e-47
8.85670484701549355208e-47
8.83010113267211994925e-47
8.80360321653602315373e-47
8.77721060239671625610e-47
8.75092279672876841705e-47
8.72473930867525748081e-47
8.69865965003143844940e-47
8.67268333522842556979e-47
8.64680988131704944331e-47
8.62103880795183762304e-47
8.59536963737502827099e-47
8.56980189440077828447e-47
8.54433510639942587386e-47
8.51896880328186982192e-47
8.49370251748410237378e-47
8.46853578395174990572e-47
8.44346814012484112291e-47
8.41849912592256164434e-47
8.39362828372820208462e-47
8.36885515837416642123e-47
8.34417929712708440280e-47
8.31960024967302702614e-47
8.29511756810284550111e-47
8.27073080689756952875e-47
8.24643952291394462481e-47
8.22224327537003167344e-47
8.19814162583092607950e-47
8.17413413819458776827e-47
8.15022037867771494082e-47
8.12639991580178701752e-47
8.10267232037911827739e-47
8.07903716549907776867e-47
8.05549402651437825592e-47
8.03204248102742642496e-47
8.00868210887681893969e-47
7.98541249212388419926e-47
7.96223321503933785963e-47
7.93914386409003461746e-47
7.91614402792577250071e-47
7.89323329736624592815e-47
7.87041126538800946469e-47
7.84767752711160395857e-47
7.82503167978872837871e-47
7.80247332278949430157e-47
7.78000205758977568795e-47
7.75761748775867145180e-47
7.73531921894598066973e-47
7.71310685886984989562e-47
7.69098001730442533703e-47
7.66893830606762074083e-47
7.64698133900900293263e-47
7.62510873199766763283e-47
7.60332010291030196309e-47
7.58161507161922653351e-47
7.55999325998059407759e-47
7.53845429182263864916e-47
7.51699779293397732599e-47
7.49562339105204123544e-47
7.47433071585152505476e-47
7.45311939893296388857e-47
7.43198907381136848730e-47
7.41093937590491005514e-47
7.38996994252372562899e-47
7.36908041285874971069e-47
7.34827042797066258088e-47
7.32753963077888820241e-47
7.30688766605065727103e-47
7.28631418039016069417e-47
7.26581882222777794051e-47
7.24540124180934331092e-47
7.22506109118552986333e-47
7.20479802420124986753e-47
7.18461169648517388612e-47
7.16450176543929944517e-47
7.14446789022856540511e-47
7.12450973177057717912e-47
7.10462695272536598361e-47
7.08481921748522101466e-47
7.06508619216461205262e-47
7.04542754459013345845e-47
7.02584294429056679608e-47
7.00633206248695317845e-47
6.98689457208277743320e-47
6.96753014765419116228e-47
6.94823846544029997637e-47
6.92901920333352171062e-47
6.90987204087000881515e-47
6.89079665922011644590e-47
6.87179274117896487302e-47
6.85285997115701161271e-47
6.83399803517074121298e-47
6.81520662083338420974e-47
6.79648541734568858962e-47
6.77783411548678557040e-47
6.75925240760506996653e-47
6.74073998760916709353e-47
6.72229655095897162604e-47
6.70392179465669909623e-47
6.68561541723804046108e-47
6.66737711876334292286e-47
6.64920660080885686923e-47
6.63110356645806060098e-47
6.61306772029299672797e-47
6.59509876838570482730e-47
6.57719641828968813364e-47
6.55936037903143273616e-47
6.54159036110200456328e-47
6.52388607644867067598e-47
6.50624723846657695719e-47
6.48867356199052692524e-47
6.47116476328673234920e-47
6.45372056004468832458e-47
6.43634067136905321070e-47
6.41902481777160732821e-47
6.40177272116326416315e-47
6.38458410484609421162e-47
6.36745869350545869954e-47
6.35039621320214427473e-47
6.33339639136455798447e-47
6.31645895678101268124e-47
6.29958363959198423047e-47
6.28277017128249998490e-47
6.26601828467451461862e-47
6.24932771391935694219e-47
6.23269819449024186507e-47
6.21612946317479208148e-47
6.19962125806764337805e-47
6.18317331856306549893e-47
6.16678538534765204759e-47
6.15045720039305706111e-47
6.13418850694874714215e-47
6.11797904953484304663e-47
6.10182857393497877372e-47
6.08573682718919566027e-47
6.06970355758692593108e-47
6.05372851465996069163e-47
6.03781144917551029373e-47
6.02195211312929095443e-47
6.00615025973864054542e-47
5.99040564343571314240e-47
5.97471801986066774037e-47
5.95908714585494156308e-47
5.94351277945455545986e-47
5.92799467988343291532e-47
5.91253260754681434894e-47
5.89712632402465099546e-47
5.88177559206508435165e-47
5.86648017557796159991e-47
5.85123983962836075538e-47
5.83605435043018971129e-47
5.82092347533982126116e-47
5.80584698284973881679e-47
5.79082464258225505221e-47
5.77585622528325582864e-47
5.76094150281597523452e-47
5.74608024815482993864e-47
5.73127223537926618380e-47
5.71651723966767192765e-47
5.70181503729129287290e-47
5.68716540560822239582e-47
5.67256812305741286643e-47
5.65802296915270252616e-47
5.64352972447692890432e-47
5.62908817067602278768e-47
5.61469809045317706068e-47
5.60035926756304666072e-47
5.58607148680595631224e-47
5.57183453402218507608e-47
5.55764819608625770536e-47
5.54351226090126419932e-47
5.52942651739326492364e-47
5.51539075550564905818e-47
5.50140476619360291979e-47
5.48746834141857828511e-47
5.47358127414278210505e-47
5.45974335832373525581e-47
5.44595438890882837281e-47
5.43221416182993505313e-47
5.41852247399805422830e-47
5.40487912329797198397e-47
5.39128390858297491399e-47
5.37773662966957611496e-47
5.36423708733228590870e-47
5.35078508329842340326e-47
5.33738042024292708157e-47
5.32402290178323637142e-47
5.31071233247417127066e-47
5.29744851780286447914e-47
5.28423126418372075636e-47
5.27106037895339183659e-47
5.25793567036580579547e-47
5.24485694758719836119e-47
5.23182402069120451124e-47
5.21883670065396173724e-47
5.20589479934923567375e-47
5.19299812954359142737e-47
5.18014650489159991028e-47
5.16733973993103445028e-47
5.15457765007815491212e-47
5.14186005162296264823e-47
5.12918676172451670749e-47
5.11655759840628310357e-47
5.10397238055148019403e-47
5.09143092789849017887e-47
5.07893306103626670971e-47
5.06647860139978819930e-47
5.05406737126553835663e-47
5.04169919374699061149e-47
5.02937389279016838200e-47
5.01709129316916742066e-47
5.00485122048176080979e-47
4.99265350114500395701e-47
4.98049796239085806527e-47
4.96838443226187388833e-47
4.95631273960685701172e-47
4.94428271407658564030e-47
4.93229418611956630743e-47
4.92034698697777402648e-47
4.90844094868245078322e-47
4.89657590404992736447e-47
4.88475168667744421434e-47
4.87296813093903938250e-47
4.86122507198140924663e-47
4.84952234571984021615e-47
4.83785978883414140841e-47
4.82623723876459871635e-47
4.81465453370796777009e-47
4.80311151261347662193e-47
4.79160801517885468480e-47
4.78014388184640250910e-47
4.76871895379904989148e-47
4.75733307295647718612e-47
4.74598608197122300311e-47
4.73467782422484052422e-47
4.72340814382407229313e-47
4.71217688559703083985e-47
4.70098389508941819893e-47
4.68982901856077557041e-47
4.67871210298071547852e-47
4.66763299602523560748e-47
4.65659154607299277115e-47
4.64558760220164494677e-47
4.63462101418419817062e-47
4.62369163248535829523e-47
4.61279930825794108751e-47
4.60194389333926385219e-47
4.59112524024758567262e-47
4.58034320217856029208e-47
4.56959763300170163556e-47
4.55888838725688725303e-47
4.54821532015085690106e-47
4.53757828755375876925e-47
4.52697714599570445797e-47
4.51641175266332590058e-47
4.50588196539639548836e-47
4.49538764268441216316e-47
4.48492864366325460199e-47
4.47450482811182856758e-47
4.46411605644873176112e-47
4.45376218972895562412e-47
4.44344308964059102976e-47
4.43315861850155731043e-47
4.42290863925635462167e-47
4.41269301547282505718e-47
4.40251161133894196185e-47
4.39236429165962063645e-47
4.38225092185352904232e-47
4.37217136794994128921e-47
4.36212549658558383066e-47
4.35211317500152541483e-47
4.34213427104007043859e-47
4.33218865314166202510e-47
4.32227619034182934311e-47
4.31239675226812277190e-47
4.30255020913708309843e-47
4.29273643175123356449e-47
4.28295529149606851079e-47
4.27320666033708431798e-47
4.26349041081679916574e-47
4.25380641605181800600e-47
4.24415454972990093931e-47
4.23453468610703985617e-47
4.22494670000456716582e-47
4.21539046680627716549e-47
4.20586586245555372989e-47
4.19637276345253251902e-47
4.18691104685125686576e-47
4.17748059025686720929e-47
4.16808127182280900319e-47
4.15871297024803187243e-47
4.14937556477424030460e-47
4.14006893518312586665e-47
4.13079296179363588464e-47
4.12154752545925622240e-47
4.11233250756529843583e-47
4.10314779002621561138e-47
4.09399325528292112160e-47
4.08486878630012925843e-47
4.07577426656371920283e-47
4.06670958007809170181e-47
4.05767461136355783288e-47
4.04866924545374624306e-47
4.03969336789300747089e-47
4.03074686473384841112e-47
4.02182962253437115503e-47
4.01294152835573127755e-47
4.00408246975961605765e-47
3.99525233480572026768e-47
3.98645101204925842583e-47
3.97767839053846586656e-47
3.96893435981213335693e-47
3.96021880989715581201e-47
3.95153163130607323153e-47
3.94287271503465636436e-47
3.93424195255947681556e-47
3.92563923583550875461e-47
3.91706445729374326419e-47
3.90851750983880366122e-47
3.89999828684659047460e-47
3.89150668216192301958e-47
3.88304259009620722558e-47
3.87460590542511756302e-47
3.86619652338627167748e-47
3.85781433967694148694e-47
3.84945925045177497477e-47
3.84113115232050436987e-47
3.83282994234570634736e-47
3.82455551804054132379e-47
3.81630777736652143661e-47
3.80808661873129456731e-47
3.79989194098642350282e-47
3.79172364342520010144e-47
3.78358162578044681818e-47
3.77546578822235226230e-47
3.76737603135630772711e-47
3.75931225622075441567e-47
3.75127436428504962713e-47
3.74326225744733926345e-47
3.73527583803243908714e-47
3.72731500878974271851e-47
3.71937967289111893720e-47
3.71146973392884252960e-47
3.70358509591351832978e-47
3.69572566327202567985e-47
3.68789134084548185090e-47
3.68008203388719525442e-47
3.67229764806065074109e-47
3.66453808943749733047e-47
3.65680326449554274706e-47
3.64909308011677226506e-47
3.64140744358535685731e-47
3.63374626258569732104e-47
3.62610944520046548658e-47
3.61849689990864737072e-47
3.61090853558362133463e-47
3.60334426149122311501e-47
3.59580398728783273304e-47
3.58828762301847550246e-47
3.58079507911492060661e-47
3.57332626639380447042e-47
3.56588109605474975682e-47
3.55845947967850818560e-47
3.55106132922510821402e-47
3.54368655703200660682e-47
3.53633507581225945311e-47
3.52900679865269901739e-47
3.52170163901211982780e-47
3.51441951071947643260e-47
3.50716032797208747678e-47
3.49992400533385436404e-47
3.49271045773348964203e-47
3.48551960046274490158e-47
3.47835134917466492918e-47
3.47120561988183553923e-47
3.46408232895464890859e-47
3.45698139311958203766e-47
3.44990272945747180842e-47
3.44284625540181386478e-47
3.43581188873705954837e-47
3.42879954759692596097e-47
3.42180915046272012589e-47
3.41484061616166023240e-47
3.40789386386522313344e-47
3.40096881308748017527e-47
3.39406538368345684946e-47
3.38718349584750314079e-47
3.38032307011165463788e-47
3.37348402734402232792e-47
3.36666628874718336385e-47
3.35986977585657474854e-47
3.35309441053890597972e-47
3.34634011499056975019e-47
3.33960681173607355355e-47
3.33289442362646788663e-47
3.32620287383778612015e-47
3.31953208586950041299e-47
3.31288198354297227871e-47
3.30625249099992502968e-47
3.29964353270091087347e-47
3.29305503342380717948e-47
3.28648691826228892321e-47
3.27993911262433905197e-47
3.27341154223075350266e-47
3.26690413311365059520e-47
3.26041681161500473448e-47
3.25394950438516163789e-47
3.24750213838138662246e-47
3.24107464086640754425e-47
3.23466693940696794722e-47
3.22827896187239188040e-47
3.22191063643314628408e-47
3.21556189155942087829e-47
3.20923265601971242685e-47
3.20292285887941289072e-47
3.19663242949941945928e-47
3.19036129753472173130e-47
3.18410939293303265164e-47
3.17787664593339854245e-47
3.17166298706483149829e-47
3.16546834714494567070e-47
3.15929265727860181766e-47
3.15313584885654699139e-47
3.14699785355408436878e-47
3.14087860332972557969e-47
3.13477803042386880234e-47
3.12869606735747783110e-47
3.12263264693076163044e-47
3.11658770222186652938e-47
3.11056116658557668084e-47
3.10455297365202035516e-47
3.09856305732538303994e-47
3.09259135178262102612e-47
3.08663779147218909308e-47
3.08070231111277694480e-47
3.07478484569204078433e-47
3.06888533046536016927e-47
3.06300370095457639265e-47
3.05713989294675906186e-47
3.05129384249296830200e-47
3.04546548590702619656e-47
3.03965475976430281323e-47
3.03386160090048521375e-47
3.02808594641037855105e-47
3.02232773364670036011e-47
3.01658690021887971044e-47
3.01086338399187823638e-47
3.00515712308499074818e-47
2.99946805587067501339e-47
2.99379612097337716274e-47
2.98814125726836487476e-47
2.98250340388057417329e-47
2.97688250018344358444e-47
2.97127848579777357459e-47
2.96569130059058161276e-47
2.96012088467396549807e-47
2.95456717840397786899e-47
2.94903012237949342014e-47
2.94350965744109459363e-47
2.93800572466995872887e-47
2.93251826538674521242e-47
2.92704722115050839503e-47
2.92159253375758085211e-47
2.91615414524049845502e-47
2.91073199786690842643e-47
2.90532603413849343925e-47
2.89993619678989474335e-47
2.89456242878764987734e-47
2.88920467332912308787e-47
2.88386287384145130640e-47
2.87853697398049109832e-47
2.87322691762977193236e-47
2.86793264889946257662e-47
2.86265411212532290944e-47
2.85739125186767906660e-47
2.85214401291040247782e-47
2.84691234025988015226e-47
2.84169617914401364814e-47
2.83649547501119713695e-47
2.83131017352931588694e-47
2.82614022058475009448e-47
2.82098556228137677079e-47
2.81584614493958767230e-47
2.81072191509529653527e-47
2.80561281949896284026e-47
2.80051880511461946600e-47
2.79543981911889985706e-47
2.79037580890008366613e-47
2.78532672205712100468e-47
2.78029250639869023954e-47
2.77527310994224509368e-47
2.77026848091306612257e-47
2.76527856774333017894e-47
2.76030331907116286141e-47
2.75534268373971575806e-47
2.75039661079623688352e-47
2.74546504949115035333e-47
2.74054794927714675413e-47
2.73564525980825552546e-47
2.73075693093895234599e-47
2.72588291272324901755e-47
2.72102315541379501730e-47
2.71617760946099071804e-47
2.71134622551208894038e-47
2.70652895441031352098e-47
2.70172574719398177015e-47
2.69693655509562547094e-47
2.69216132954111965701e-47
2.68740002214881868309e-47
2.68265258472868986457e-47
2.67791896928145295113e-47
2.67319912799773272716e-47
2.66849301325720237473e-47
2.66380057762774579747e-47
2.65912177386460535910e-47
2.65445655490955441695e-47
2.64980487389005915951e-47
2.64516668411844870908e-47
2.64054193909110029563e-47
2.63593059248760255302e-47
2.63133259816995236103e-47
2.62674791018173515762e-47
2.62217648274731935011e-47
2.61761827027105558817e-47
2.61307322733646825798e-47
2.60854130870546204779e-47
2.60402246931753434758e-47
2.59951666428897841135e-47
2.59502384891211082814e-47
2.59054397865447614290e-47
2.58607700915808113388e-47
2.58162289623861644958e-47
2.57718159588468748292e-47
2.57275306425705691363e-47
2.56833725768787023453e-47
2.56393413267990655883e-47
2.55954364590582407957e-47
2.55516575420740358426e-47
2.55080041459481481977e-47
2.54644758424585903466e-47
2.54210722050523680255e-47
2.53777928088381341464e-47
2.53346372305788086892e-47
2.52916050486844076498e-47
2.52486958432046775174e-47
2.52059091958219339458e-47
2.51632446898438809765e-47
2.51207019101964788805e-47
2.50782804434168071372e-47
2.50359798776460684041e-47
2.49937998026224466342e-47
2.49517398096741645249e-47
2.49097994917125166578e-47
2.48679784432249026387e-47
2.48262762602680109509e-47
2.47846925404608326485e-47
2.47432268829778986888e-47
2.47018788885425026802e-47
2.46606481594198409794e-47
2.46195342994104299086e-47
2.45785369138432409920e-47
2.45376556095691473420e-47
2.44968899949542436421e-47
2.44562396798732390544e-47
2.44157042757029327772e-47
2.43752833953156215381e-47
2.43349766530726189070e-47
2.42947836648177600240e-47
2.42547040478709792532e-47
2.42147374210219461769e-47
2.41748834045235508771e-47
2.41351416200856906429e-47
2.40955116908688719335e-47
2.40559932414779387456e-47
2.40165858979558593211e-47
2.39772892877774253446e-47
2.39381030398430921306e-47
2.38990267844728236722e-47
2.38600601533999085197e-47
2.38212027797649360966e-47
2.37824542981096271629e-47
2.37438143443708198547e-47
2.37052825558744703082e-47
2.36668585713296095284e-47
2.36285420308224801424e-47
2.35903325758104884058e-47
2.35522298491163555412e-47
2.35142334949222399053e-47
2.34763431587638688804e-47
2.34385584875247825852e-47
2.34008791294304560421e-47
2.33633047340425623353e-47
2.33258349522532746623e-47
2.32884694362795149066e-47
2.32512078396572799977e-47
2.32140498172360217510e-47
2.31769950251729683657e-47
2.31400431209275528818e-47
2.31031937632558416368e-47
2.30664466122049481368e-47
2.30298013291076025039e-47
2.29932575765765653468e-47
2.29568150184991874850e-47
2.29204733200319988421e-47
2.28842321475952389989e-47
2.28480911688675481832e-47
2.28120500527805172703e-47
2.27761084695133836344e-47
2.27402660904877367237e-47
2.27045225883621944660e-47
2.26688776370271963544e-47
2.26333309115996847143e-47
2.25978820884179755774e-47
2.25625308450365031510e-47
2.25272768602206809684e-47
2.24921198139418213807e-47
2.24570593873718994725e-47
2.24220952628785746497e-47
2.23872271240200615140e-47
2.23524546555400979711e-47
2.23177775433629765424e-47
2.22831954745884784414e-47
2.22487081374869243319e-47
2.22143152214942639800e-47
2.21800164172070881185e-47
2.21458114163778153333e-47
2.21116999119097330983e-47
2.20776815978521603535e-47
2.20437561693956586998e-47
2.20099233228671609454e-47
2.19761827557252649501e-47
2.19425341665553864799e-47
2.19089772550650530518e-47
2.18755117220792099330e-47
2.18421372695354702293e-47
2.18088536004794792258e-47
2.17756604190602762952e-47
2.17425574305256203441e-47
2.17095443412173857536e-47
2.16766208585670020765e-47
2.16437866910908718557e-47
2.16110415483858370606e-47
2.15783851411246455228e-47
2.15458171810514270963e-47
2.15133373809772597587e-47
2.14809454547756652179e-47
2.14486411173782212000e-47
2.14164240847700765028e-47
2.13842940739856021780e-47
2.13522508031039916643e-47
2.13202939912449071081e-47
2.12884233585641743010e-47
2.12566386262493998291e-47
2.12249395165157340752e-47
2.11933257526015685868e-47
2.11617970587642626151e-47
2.11303531602759717499e-47
2.10989937834193525806e-47
2.10677186554834034856e-47
2.10365275047592811130e-47
2.10054200605361363083e-47
2.09743960530970132447e-47
2.09434552137146610417e-47
2.09125972746474742204e-47
2.08818219691354112806e-47
2.08511290313959059849e-47
2.08205181966198831709e-47
2.07899892009676530190e-47
2.07595417815649487426e-47
2.07291756764989326759e-47
2.06988906248142193783e-47
2.06686863665089497869e-47
2.06385626425308143208e-47
2.06085191947731610656e-47
2.05785557660710990964e-47
2.05486721001976139548e-47
2.05188679418597244510e-47
2.04891430366945981408e-47
2.04594971312657640376e-47
2.04299299730592791375e-47
2.04004413104799532855e-47
2.03710308928475497332e-47
2.03416984703930999467e-47
2.03124437942550531158e-47
2.02832666164756468725e-47
2.02541666899971564651e-47
2.02251437686582095671e-47
2.01961976071901594254e-47
2.01673279612133607751e-47
2.01385345872335843130e-47
2.01098172426383606758e-47
2.00811756856934094994e-47
2.00526096755390368762e-47
2.00241189721865546905e-47
1.99957033365147315549e-47
1.99673625302662607633e-47
1.99390963160442136583e-47
1.99109044573085878021e-47
1.98827867183727481900e-47
1.98547428643999851448e-47
1.98267726614000649193e-47
1.97988758762257438347e-47
1.97710522765694234106e-47
1.97433016309596426259e-47
1.97156237087577330483e-47
1.96880182801544326385e-47
1.96604851161665019862e-47
1.96330239886334183328e-47
1.96056346702139699293e-47
1.95783169343829962456e-47
1.95510705554280503928e-47
1.95238953084461101620e-47
1.94967909693403498353e-47
1.94697573148167904534e-47
1.94427941223811372596e-47
1.94159011703354931701e-47
1.93890782377751573241e-47
1.93623251045854698209e-47
1.93356415514385422056e-47
1.93090273597901435310e-47
1.92824823118765086311e-47
1.92560061907112168902e-47
1.92295987800820296869e-47
1.92032598645478420893e-47
1.91769892294354959900e-47
