269.91017866332356334169
-72.96837149459641125304
-413.39644816183721331981
-741.38530166932503107091
-1047.40652505127400218043
-1322.66364464354842311877
-1559.33743791187089300365
-1750.79844711666646617232
-1891.78128423872681196372
-1978.51657096884241582302
-2008.81768704302885453217
-1982.12086959071029923507
-1899.47857472634768782882
-1763.50734125993153611489
-1578.29264871005943859927
-1349.25440496896931108495
-1082.97770456554758311540
-787.01434307895317488146
-469.66123889231778321118
-139.72238787802581327924
193.73874667017520323498
521.64942823281330674945
835.17356004581415618304
1125.94675048968315422826
1386.29443256706508691423
1609.42755769269433585578
1789.61113105505205567169
1922.30170676147577069059
2004.25088940175078278116
2033.57286708402762087644
2009.77500166993331731646
1933.75149760602971582557
1807.74113535953392783995
1635.25096478465297877847
1420.94868594193940225523
1170.52718099110961702536
890.54528505238943125732
588.24938414984524115425
271.38079596671076387793
-52.02588064014499025234
-373.84816973334147860442
-686.07964271711648507335
-981.02730439170670706517
-1251.49767787146811315324
-1490.96723125464654913230
-1693.73329044130196052720
-1855.04216407744115713285
-1971.19185113434855338710
-2039.60739107329959551862
-2058.88763244684332676115
-2028.82291976333794991660
-1950.38391261508445495565
-1825.68243848742372392735
-1657.90592567469661844370
-1451.22755130071459461760
-1210.69475944027453806484
-942.09924573338389564015
-651.83185990682420651865
-346.72614083910400495370
-33.89436717749579486281
279.43992066103214710893
586.10899243261451374565
879.16377073018259125092
1152.02881721523544911179
1398.64610857941420363204
1613.60459003705182112753
1792.25289399755729391472
1930.79305856375572147954
2026.35356290032200377027
2077.04050225686660269275
2081.96624235813078485080
2041.25540904567287725513
1956.02857300988307542866
1828.36447042338613755419
1661.24204843171855827677
1458.46403103487705266161
1224.56405839811986879795
964.69975492825506080408
684.53432384176903724438
390.10944520846317118412
87.71236884701387737096
-216.25985727986224560482
-515.43609724516306869191
-803.60392622979452426080
-1074.83680287219522142550
-1323.61308641216032810917
-1544.92460461876180488616
-1734.37275380515302458662
-1888.25042127964138671814
-2003.60835581736114363594
-2078.30496534071835412760
-2111.03888508521367839421
-2101.36402627449660940329
-2049.68717715710181437316
-1957.24857797425283933990
-1826.08622235164239100413
-1658.98494369055651986855
-1459.41162105472426446795
-1231.43808029324645758606
-979.65346905662772769574
-709.06804619838499093021
-425.01044498494087520157
-133.02054463606037870704
161.25988400821688628639
452.19660463013639173369
734.27031237707365107781
1002.17999259112355048273
1250.94036017376879499352
1475.97165851816498616245
1673.18028511440274996858
1839.02892267925108171767
1970.59508518469965565600
2065.61723247129839364788
2122.52786018413280544337
2140.47322852329580200603
2119.31964883892487705452
2059.64649670967355632456
1962.72635939192014120636
1830.49295034442911855876
1665.49763025772654145840
1470.85555946491626855277
1250.18266809663305139111
1007.52476572143461908126
747.28021989950093484367
474.11771203006321684370
192.89062863175678330663
-91.45033318517062070896
-373.94477521560907007370
-649.70888717706395709683
-914.01894113921480311546
-1162.39060260103110522323
-1390.65277654844089738617
-1595.01483306304407960852
-1772.12619963778001874743
-1919.12746327229820053617
-2033.69229154653248770046
-2114.05965502834487779182
-2159.05601035578456503572
-2168.10728101886570584611
-2141.24064820127978236997
-2079.07633414816746153519
-1982.80972270529878187517
-1854.18431346386933000758
-1695.45614514929934557586
-1509.35044859935669592232
-1299.01139829402632130950
-1067.94592265120013507840
-819.96260625670379340590
-559.10677124172889307374
-289.59285989778663861216
-15.73525637341474947561
258.12131771194350449150
527.67072000067321368988
788.71254103535829926841
1037.21647365513626937172
1269.38294594359558686847
1481.69914750838870531879
1670.98967223247382207774
1834.46110348999809502857
1969.73997827746165967255
2074.90368279207859814051
2148.50395170157798929722
2189.58276473345176782459
2197.68055532323569423170
2172.83676506116808013758
2115.58289279654809433850
2026.92829687467678922985
1908.33911159666445200855
1761.71073328232205312815
1589.33441611708462914976
1393.85859231333643037942
1178.24559423065670671349
945.72450738984946383425
699.74092241422351889923
443.90438062618625281175
181.93432234555038462531
-82.39465097113854596955
-345.30739934062074780741
-603.08197129133429825742
-852.10168673247983406327
-1088.90486866776268470858
-1310.23156731876406411175
-1513.06667872259663454315
-1694.67892522371039376594
-1852.65523634217834114679
-1984.93014408140265913971
-2089.80988562819311482599
-2165.99098738000293451478
-2212.57318610944230385940
-2229.06662466837951797061
-2215.39333982219659446855
-2171.88313751823216080084
-2099.26402513727680343436
-1998.64744014231268920412
-1871.50857920327780448133
-1719.66219062524169203243
-1545.23424512122801388614
-1350.62994515732771105831
-1138.49857085703229131468
-911.69569052233100592275
-673.24328603639548873616
-426.28835771901833595621
-174.06057966165877815001
80.17042466137331757636
333.13762536991066554037
581.61840235613931326952
822.47511166955666794820
1052.69390768057814966596
1269.42136073234064497228
1469.99844912245384875860
1651.99154768836183393432
1813.22008233330666371330
1951.78056980027440658887
2066.06681414597005641554
2154.78608496825199836167
2216.97115676143585005775
2251.98814311940850529936
2259.54011318369020955288
2239.66653009890569592244
2192.73860167431621448486
2119.45068139571685605915
2020.80790286588921844668
1898.11027222077382248244
1752.93348066212956837262
1587.10673263350986417208
1402.68791406743707739224
1201.93644932705979044840
987.28421482391524932609
761.30489171497731604177
526.68214955834230295295
286.17705736841509178703
42.59511826587594640614
-201.24668099825720446461
-442.55242373257266308428
-678.57905188339532287500
-906.66703867788419302087
-1124.26961561719326709863
-1328.98024844437600222591
-1518.55808391616869812424
-1690.95111886733297978935
-1844.31687475033481860009
-1977.04039414725980350340
-2087.74941023695737385424
-2175.32657544832090934506
-2238.91867110238672466949
-2277.94275533502286634757
-2292.08924160279275383800
-2281.32193422471118537942
-2245.87508034820712055080
-2186.24752911902305640979
-2103.19411838026735495077
-1997.71443665424567370792
-1871.03913323608617247373
-1724.61397174273042764980
-1560.08184225549121038057
-1379.26296412136343860766
-1184.13352545848101726733
-976.80301636798708386777
-759.49052077042733799317
-534.50023666588890591811
-304.19649650150631714496
-70.97855828771481867534
162.74456576140943298014
394.57898284737683525236
622.17024436943302134750
843.22688225170543319109
1055.54293086748521091067
1257.01922425663428839471
1445.68327572097791744454
1619.70756579482872439257
1777.42608477591375049087
1917.34899721916758608131
2038.17531779884961906646
2138.80351047572912648320
2218.33994573466816291329
2276.10517352698298054747
2311.63799224296735701500
2324.69731632263028586749
2315.26186677780378886382
2283.52772974948993578437
2229.90384807619648199761
2155.00552953572150727268
2059.64607279563779229647
1944.82662803360108227935
1811.72442355440966821334
1661.67950244720509545004
1496.18012431146007656935
1316.84699628555495110049
1125.41650500209311758226
923.72312664355342803901
713.68119599603846836544
497.26621730396800558083
276.49589985980787787412
53.41109966261738861704
-169.94315476710792722770
-391.53637917579641225529
-609.37092603535404577997
-821.49969345226202221966
-1026.04310027365613677830
-1221.20518726614113802498
-1405.28871537797931523528
-1576.70914413202513060241
-1734.00738597555255182669
-1875.86124580289720142900
-2001.09546873512317688437
-2108.69033342842931233463
-2197.78874257433744787704
-2267.70177669244503704249
-2317.91269168737426298321
-2348.07935480515243398258
-2358.03512746730257276795
-2347.78821686962373860297
-2317.51953109564055921510
-2267.57908472084091044962
-2198.48101337991784021142
-2110.89726645672317317803
-2005.65005686792642336513
-1883.70315578337954320887
-1746.15212801305142420460
-1594.21361064833763521165
-1429.21374335431278268516
-1252.57586343544403462147
-1065.80758244982030191750
-870.48736371084680740751
-668.25072150866446918371
-460.77616332730832482412
-249.77099574400043024980
-36.95711312417620320048
175.94311430278480656852
387.22073982379180279167
595.19381818833323904983
798.22055828466534421750
994.71195248305014047219
1183.14379101250142412027
1362.06797674142899268190
1530.12306324491692066658
1686.04394697968677974131
1828.67065268499754893128
1956.95615968869515199913
2069.97322557022607725230
2166.92017251247079911991
2247.12561061198402967420
2310.05208132131110687624
2355.29861301075243318337
2382.60218928270160176908
2391.83813909294985933229
2383.01946586915755688096
2356.29514060678502573865
2311.94739132389213409624
2250.38802821498984485515
2172.15385032371432316722
2077.90118551620162179461
1968.39962095258601948444
1844.52498609212375413335
1707.25165451846851283335
1557.64423450515801050642
1396.84872125878564474988
1226.08318617935719885281
1046.62808023087700348697
859.81622968375802429364
667.02260301104467998812
469.65392767881695590404
269.13823492188242880729
66.91440940836224626764
-135.57818103358587791263
-336.90990268700227261434
-535.67084997957192626927
-730.48054919301796417130
-919.99730831112867690535
-1102.92715338961056659173
-1278.03229608160791030969
-1444.13908147953725347179
-1600.14537022634954155365
-1745.02731383429795641860
-1877.84548730081610301568
-1997.75034839066552194708
-2103.98699831045269093011
-2195.89922389942785230232
-2272.93280686662092193728
-2334.63809096817976751481
-2380.67180331235886114882
-2410.79813116958121099742
-2424.88906070990742591675
-2422.92398896619170045597
-2404.98862499762753941468
-2371.27320067729760921793
-2322.07001572585386384162
-2257.77034554035935798311
-2178.86074400222696567653
-2085.91877677573666005628
-1979.60822361553437076509
-1860.67379087469930709631
-1729.93537773692833070527
-1588.28194168312234069163
-1436.66501033776626172767
-1276.09188812070146923361
-1107.61860707087612354371
-932.34267178600009629008
-751.39564867897217936843
-565.93564966110454861337
-377.13975995342650548992
-186.19645901649056440874
5.70191743513272619737
197.36662765673858643822
387.61984122985882095236
575.30178024669839942362
759.27764306879168998421
938.44427165143679303583
1111.73652586603566305712
1278.13333086528905369050
1436.66336629022089255159
1586.41036900493691064185
1726.51802402641646949633
1856.19442139645843781182
1974.71605986748454597546
2081.43138144626027496997
2175.76382403518937280751
2257.21438259726755859447
2325.36367243902623158647
2379.87349133914176491089
2420.48788031991171010304
2447.03368585621910824557
2459.42062922376317146700
2457.64089148853827282437
2441.76822531898596935207
2411.95660735116371142794
2368.43844723984375377768
2311.52237177692086333991
2241.59060454441305410000
2159.09596348152990685776
2064.55850047975400229916
1958.56180867556031444110
1841.74902446784813037084
1714.81855246888812871475
1578.51954257371289713774
1433.64714912543809077761
1281.03760275557942804880
1121.56312588036666966218
956.12672306395450050331
785.65687749549817908701
611.10218468775860856113
433.42595419897298825163
253.60080969851890131395
72.60331706673210305780
-108.59133056859946009354
-289.01454287927111863610
-467.70945055140612112154
-643.73588592891735515877
-816.17520164792335890525
-984.13490421416292974754
-1146.75308097399374673842
-1303.20260049666876511765
-1452.69506802286878155428
-1594.48451934897707360506
-1727.87083824748174265551
-1852.20288432972415648692
-1966.88132005925467638008
-2071.36112745622222064412
-2165.15380687752622179687
-2247.82925207732341732481
-2319.01729758168721673428
-2378.40893620024780830136
-2425.75720626303791505052
-2460.87774989305808048812
-2483.64904529800560339936
-2494.01231768372053920757
-2491.97113494498671570909
-2477.59069577556147123687
-2450.99681924805645394372
-2412.37464624332551466068
-2361.96706435315036287648
-2300.07286903295607771724
-2227.04467484251199493883
-2143.28659157891888753511
-2049.25168097018195112469
-1945.43921036731649110152
-1832.39172053648098881240
-1710.69192521696163566958
-1580.95946057246510463301
-1443.84750302477505101706
-1300.03927421591788515798
-1150.24445200840295910893
-995.19550649656434870849
-835.64397996729178430542
-672.35672963095089471608
-506.11215172683421315014
-337.69640530747301454539
-167.89965363632487083123
2.48765933812063444464
172.67848048644341929503
341.89275064105879664567
509.36092370244097082832
674.32738675041446185787
836.05376698305531135702
993.82211212909817277250
1146.93793184817809560627
1294.73308853795856521174
1436.56852691159838286694
1571.83683266776415621280
1699.96461157262046981486
1820.41468127266375631734
1932.68806917677920864662
2036.32581077078089037968
2130.91054375109024476842
2216.06789438714667994645
2291.46765353739328929805
2356.82474074323545210063
2411.89995581448829398141
2456.50051827833840434323
2490.48039601104574103374
2513.74042527594656348811
2526.22822527654170698952
2527.93791117572118309909
2518.90961034023666798021
2499.22878733677362106391
2469.02538392964697777643
2428.47278101052370402613
2377.78659002204994976637
2317.22328202300104749156
2247.07866307699896424310
2167.68620513113455672283
2079.41524198411480028881
1982.66904032464003648784
1877.88275614840904381708
1765.52128714342893545108
1646.07703184807905927300
1520.06756657293794887664
1388.03325118651082448196
1250.53477494454295992909
1108.15065356232457816077
961.47468870589773359825
811.11340100243830875115
657.68344755775262910902
501.80903480574016839455
344.11933731401421709961
185.24593292653099751988
25.82026435113018791867
-133.52886302285327246864
-292.17773762943238580192
-449.51014349218303323141
-604.91969858898028178373
-757.81212158958476265980
-907.60741919581028014363
-1053.74198678522338923358
-1195.67061555950226647838
-1332.86839990686735291092
-1464.83253921146979337209
-1591.08402887805777936592
-1711.16923588325948912825
-1824.66135471505367604550
-1931.16174011149655598274
-2030.30111356961356250395
-2121.74064114253314983216
-2205.17288059683869505534
-2280.32259654559675254859
-2346.94744271057561491034
-2404.83851099382172833430
-2453.82074755856456249603
-2493.75323662162873006309
-2524.52935315031027130317
-2546.07678613107100318302
-2558.35743453257691726321
-2561.36717852492438396439
-2555.13552893362520990195
-2539.72515830404199732584
-2515.23131732676984029240
-2481.78114072635344200535
-2439.53284704334373600432
-2388.67483704497544749756
-2329.42469577728297736030
-2262.02810352648702973966
-2186.75766118626734169084
-2103.91163572805908188457
-2013.81263165258769731736
-1916.80619444689523334091
-1813.25935220145947823767
-1703.55910163827002179460
-1588.11084487875245940813
-1467.33678332649265030341
-1341.67427507176603285188
-1211.57416221847961423919
-1077.49907452029992782627
-939.92171566584488573426
-799.32313848625676655502
-656.19101527322550282406
-511.01790929170203980902
-364.29955343928924094143
-216.53314186672540131440
-68.21564021053828241747
80.15788009134811886724
228.09587811763279319166
375.11194534282373069800
520.72636822221579677716
664.46764686081780837412
805.87396538269661050435
944.49460987649945309386
1079.89133004377617908176
1211.63964095159303724358
1339.33006156210262815875
1462.56928699031755058968
1580.98129172535482211970
1694.20836133580883142713
1801.91205046760046570853
1903.77406523128252047172
1999.49706836498990014661
2088.80540584532036518794
2171.44575390291493022232
2247.18768568507221061736
2315.82415708170037760283
2377.17191150635198937380
2431.07180369272964526317
2477.38904282693147251848
2516.01335559166909661144
2546.85906994432070860057
2569.86512069084437825950
2584.99497814588721666951
2592.23650139045412288397
2591.60171784860403931816
2583.12653110501742048655
2566.87035907420113289845
2542.91570481058397490415
2511.36766241564782831119
2472.35336065353385492926
2426.02134702960847789655
2372.54091521878581261262
2312.10137884848836620222
2244.91129474954550460097
2171.19763888273746488267
2091.20493823152128243237
2005.19436202067458907550
1913.44277568380243792490
1816.24176104137291076768
1713.89660619528103779885
1606.72526865932240980328
1495.05731526663726072002
1379.23284238584119520965
1259.60137997820993405185
1136.52078299643812897557
1010.35611360494851851399
881.47851765364669063274
750.26409879015875503683
617.09279353701811032806
482.34725058946077069777
346.41171751566213288243
209.67093795897883978796
72.50906234446092923918
-64.69142500011214735878
-201.55075950378687821285
-337.69292810233054069613
-472.74667650033552490640
-606.34648948843357629812
-738.13354198492902469297
-867.75661860166326277977
-994.87299966375292115117
-1119.14931175030255872116
-1240.26234096395546657732
-1357.89980727179727182374
-1471.76109840900357994542
-1581.55796197402537472954
-1687.01515449322846507130
-1787.87104637262609685422
-1883.87818180134945578175
-1974.80379281340879060735
-2060.43026685948325393838
-2140.55556737672668532468
-2214.99360699016142461915
-2283.57457311158759694081
-2346.14520583985586199560
-2402.56902819753304356709
-2452.72652886852938536322
-2496.51529772726416922524
-2533.85011457085556685342
-2564.66299158747915498680
-2588.90317020428483374417
-2606.53707307154536465532
-2617.54821204395375389140
-2621.93705312039674026892
-2619.72083940059383166954
-2610.93337320730415740400
-2595.62475860881249900558
-2573.86110565734452393372
-2545.72419773397723474773
-2511.31112346113468447584
-2470.73387470774332541623
-2424.11891227165051532211
-2371.60670087670314387651
-2313.35121517149536884972
-2249.51941845725605162443
-2180.29071591048978007166
-2105.85638409874582066550
-2026.41897861119946355757
-1942.19172164907126898470
-1853.39787143673311220482
-1760.27007532188417826546
-1663.04970844297918119992
-1561.98619983762250740256
-1457.33634786658535631432
-1349.36362681384730421996
-1238.33748651501900894800
-1124.53264684100327031047
-1008.22838885111798390426
-889.70784439462033788004
-769.25728591459051131096
-647.16541817265306235640
-523.72267357550992983306
-399.22051274214732075052
-273.95073190921533523579
-148.20477872331957769347
-22.27307791560121685848
103.55563168965238673991
228.99494744516380251298
353.76143909505572082708
477.57526965660633777588
600.16079975750790254097
721.24717427558084636985
840.56889019646928318252
957.86634466346890803834
1072.88636226865537537378
1185.38270069195550604491
1295.11653387257956637768
1401.85691195611639159324
1505.38119733799589994305
1605.47547618489033993683
1701.93494489074691955466
1794.56427098856147495098
1883.17792810929336155823
1967.60050464617006582557
2047.66698584895925705496
2123.22300914153129269835
2194.12509251718847735901
2260.24083593386512802681
2321.44909569404308058438
2377.64013185144722228870
2428.71572875390484114178
2474.58928888336231466383
2515.18590021562795300269
2550.44237737609637406422
2580.30727692024674979621
2604.74088712048660454457
2623.71519268996189566678
2637.21381492090722531429
2645.23192776138648696360
2647.77615039639658789383
2644.86441694110726530198
2636.52582389225790393539
2622.80045602040627272800
2603.73919141971646240563
2579.40348646367237961385
2549.86514144527382086380
2515.20604770586533049936
2475.51791708350856424659
2430.90199453232889936771
2381.46875478554557048483
2327.33758395201948587783
2268.63644695187713296036
2205.50154170915629947558
2138.07694103185076528462
2066.51422311593296399224
1990.97209161846171809884
1911.61598624790758549352
1828.61768482289903658966
1742.15489774815819146170
1652.41085585902419552440
1559.57389257699946938374
1463.83702131502172960609
1365.39750906486824533204
1264.45644708789041033015
1161.21831961685938949813
1055.89057146966251821141
