             630720000   144000.0000000000             232
    629856000.0000000      -3.589073674357090      -1.285260017280488    
  -0.4445818557194951      3.0548355078268293E-08 -3.9496041695623110E-08
  -1.7704152813655346E-08  5.7575020253649606E-16  5.2076612463742512E-16
   2.1165578696655531E-16
    630000000.0000000      -3.584668751830268      -1.290942058135736    
  -0.4471290642504110      3.0631056638963548E-08 -3.9421262850201867E-08
  -1.7673777960702435E-08  5.7292544337534279E-16  5.1782945524110062E-16
   2.1021705565134616E-16
    630144000.0000000      -3.580251948970909      -1.296613361280191    
  -0.4496719137226853      3.0713363879746370E-08 -3.9346906843587420E-08
  -1.7643610393482377E-08  5.7027503721489312E-16  5.1489210500688950E-16
   2.0877585987187969E-16
    630288000.0000000      -3.575823320732026      -1.302273987625813    
  -0.4522104340236526      3.0795302363007023E-08 -3.9272974084203752E-08
  -1.7613650717929435E-08  5.6780559925829597E-16  5.1195046307708635E-16
   2.0732905156306789E-16
    630432000.0000000      -3.571382918313460      -1.307923998171354    
  -0.4547446551559456      3.0876898674429589E-08 -3.9199465306071198E-08
  -1.7583899898647302E-08  5.6552459258348784E-16  5.0900353001765524E-16
   2.0587476151069046E-16
    630576000.0000000      -3.566930789007227      -1.313563454023238    
  -0.4572746072763192      3.0958180516893865E-08 -3.9126381214349438E-08
  -1.7554359083538851E-08  5.6344002482304680E-16  5.0605264830417450E-16
   2.0441228927449556E-16
    630720000.0000000      -3.562466976031751      -1.319192416367978    
  -0.4598003207102828      3.1039176771607880E-08 -3.9053722166599163E-08
  -1.7525029443211815E-08  5.6156018446011668E-16  5.0310123694869371E-16
   2.0294199169374285E-16
    630864000.0000000      -3.557991518360164      -1.324810946401466    
  -0.4623218259447802      3.1119917521632714E-08 -3.8981487890813516E-08
  -1.7495912026051685E-08  5.5989344453339201E-16  5.0015458178982621E-16
   2.0146519229695620E-16
    631008000.0000000      -3.553504450546748      -1.330419105219456    
  -0.4648391536007854      3.1200434056950638E-08 -3.8909677226196160E-08
  -1.7467007623234378E-08  5.5844818400560539E-16  4.9721972371652180E-16
   1.9998413235066192E-16
    631152000.0000000      -3.549005802553208      -1.336016953671598    
  -0.4673523343868410      3.1280758872626818E-08 -3.8838287874335819E-08
  -1.7438316638182722E-08  5.5723275131666257E-16  4.9430541839227502E-16
   1.9850195561162367E-16
    631296000.0000000      -3.544495599575622      -1.341604552179883    
  -0.4698613990338628      3.1360925660581962E-08 -3.8767316152837070E-08
  -1.7409838956399383E-08  5.5625539237531840E-16  4.9142213266663258E-16
   1.9702271487128881E-16
    631440000.0000000      -3.539973861873560      -1.347181960521572    
  -0.4723663782110748      3.1440969287704875E-08 -3.8696756746770260E-08
  -1.7381573812659059E-08  5.5552420658409564E-16  4.8858212898051813E-16
   1.9555142342190913E-16
    631584000.0000000      -3.535440604601933      -1.352749237574621    
  -0.4748673024219046      3.1520925781326730E-08 -3.8626602433032549E-08
  -1.7353519643861619E-08  5.5504715982882412E-16  4.8579967906517368E-16
   1.9409417151139311E-16
    631728000.0000000      -3.530895837646148      -1.358306441021668    
  -0.4773642018776280      3.1600832296930932E-08 -3.8556843778112773E-08
  -1.7325673925754804E-08  5.5483193138046806E-16  4.8309129481070355E-16
   1.9265826611557559E-16
    631872000.0000000      -3.526339565462993      -1.363853627007338    
  -0.4798571063456712      3.1680727062505096E-08 -3.8487468794365043E-08
  -1.7298032984839074E-08  5.5488568636802347E-16  4.8047604088216766E-16
   1.9125242277734790E-16
    632016000.0000000      -3.521771786932208      -1.369390849742437    
  -0.4823460449686105      3.1760649292620707E-08 -3.8418462536692088E-08
  -1.7270591774900735E-08  5.5521486260644664E-16  4.7797605549057519E-16
   1.8988707016408191E-16
    632160000.0000000      -3.517192495223502      -1.374918161044476    
  -0.4848310460476453      3.1840639048005229E-08 -3.8349806624169354E-08
  -1.7243343607439452E-08  5.5582460805561227E-16  4.7561706088206843E-16
   1.8857468181537673E-16
    632304000.0000000      -3.512601677690474      -1.380435609803746    
  -0.4873121367835844      3.1920736997809517E-08 -3.8281478680899251E-08
  -1.7216279828708845E-08  5.5671799104269511E-16  4.7342899272370495E-16
   1.8733019610118513E-16
    632448000.0000000      -3.507999315807976      -1.385943241361948    
  -0.4897893429666456      3.2000984045341328E-08 -3.8213451678540254E-08
  -1.7189389429752698E-08  5.5789484572997648E-16  4.7144671277070275E-16
   1.8617151890581359E-16
    632592000.0000000      -3.503385385177024      -1.391441096788713    
  -0.4922626886046907      3.2081420750383950E-08 -3.8145693176533982E-08
  -1.7162658580412251E-08  5.5935004606334594E-16  4.6971067645693702E-16
   1.8512006071011304E-16
    632736000.0000000      -3.498759855633273      -1.396929212042331    
  -0.4947321954788277      3.2162086449322234E-08 -3.8078164479441326E-08
  -1.7136070087606177E-08  5.6107103237065667E-16  4.6826728909026293E-16
   1.8420124724924736E-16
    632880000.0000000      -3.494122691510299      -1.402407617007210    
  -0.4971978826158638      3.2243017964923299E-08 -3.8010819771076043E-08
  -1.7109602784845156E-08  5.6303419638383255E-16  4.6716951535200270E-16
   1.8344482537795859E-16
    633024000.0000000      -3.489473852132857      -1.407876334397265    
  -0.4996597656711722      3.2324247683022290E-08 -3.7943605167146873E-08
  -1.7083230901671342E-08  5.6520111823098631E-16  4.6647471713358555E-16
   1.8288514902426239E-16
    633168000.0000000      -3.484813292619222      -1.413335378566238    
  -0.5021178562174715      3.2405801122020772E-08 -3.7876458332244433E-08
  -1.7056923421501191E-08  5.6751188847351400E-16  4.6624406123777731E-16
   1.8256012236612666E-16
    633312000.0000000      -3.480140965128539      -1.418784754245179    
  -0.5045721609598018      3.2487693202975972E-08 -3.7809307999422499E-08
  -1.7030643701010771E-08  5.6987881590787686E-16  4.6653711534533176E-16
   1.8250960062062964E-16
    633456000.0000000      -3.475456820684004      -1.424224455315127    
  -0.5070226809124085      3.2569923989862579E-08 -3.7742075010051583E-08
  -1.7004349382476533E-08  5.7218126199537281E-16  4.6740198509474279E-16
   1.8277175438983824E-16
    633600000.0000000      -3.470760811680193      -1.429654463818603    
  -0.5094694106128556      3.2652473421245752E-08 -3.7674674619306267E-08
  -1.6977993063955272E-08  5.7425939655560649E-16  4.6886465382941555E-16
   1.8337647892876335E-16
    633744000.0000000      -3.466052895197038      -1.435074749436098    
  -0.5119123375103666      3.2735295542251646E-08 -3.7607020821419432E-08
  -1.6951524121503891E-08  5.7591480740940075E-16  4.7091143905764395E-16
   1.8433586720754104E-16
    633888000.0000000      -3.461333037104081      -1.440485269789616    
  -0.5143514417256958      3.2818313567077388E-08 -3.7539033635743447E-08
  -1.6924892112811524E-08  5.7692227674532320E-16  4.7346656467664287E-16
   1.8563203304165369E-16
    634032000.0000000      -3.456601216708652      -1.445885972032092    
  -0.5167866964334773      3.2901417592308715E-08 -3.7470649631680646E-08
  -1.6898052041710798E-08  5.7705521736192787E-16  4.7637205793300586E-16
   1.8720408004167396E-16
    634176000.0000000      -3.451857431419956      -1.451276796128828    
  -0.5192180691344075      3.2984467009307912E-08 -3.7401834557441038E-08
  -1.6870971395768270E-08  5.7612641076454882E-16  4.7938053989465099E-16
   1.8893791074685446E-16
    634320000.0000000      -3.447101700578004      -1.456657679983501    
  -0.5216455240201294      3.3067300222439326E-08 -3.7332596083737218E-08
  -1.6843637986991935E-08  5.7404597297729661E-16  4.8216311130770849E-16
   1.9066729637544387E-16
    634464000.0000000      -3.442334067274903      -1.462028566217834    
  -0.5240690254077033      3.3149752457396676E-08 -3.7262992994655667E-08
  -1.6816066673259394E-08  5.7087162193118361E-16  4.8435302628768588E-16
   1.9218936647917712E-16
    634608000.0000000      -3.437554597130825      -1.467389409718135    
  -0.5264885419153571      3.3231679927236508E-08 -3.7193136143646092E-08
  -1.6788302386773503E-08  5.6683756165875370E-16  4.8561285116147057E-16
   1.9329912148765410E-16
    634752000.0000000      -3.432763373453889      -1.472740184563732    
  -0.5289040506756248      3.3312984586656220E-08 -3.7123178666961007E-08
  -1.6760417468552047E-08  5.6233456623724636E-16  4.8571195881233855E-16
   1.9383230335567889E-16
    634896000.0000000      -3.427960489198008      -1.478080888756161    
  -0.5313155407067257      3.3393632670516412E-08 -3.7053295629479667E-08
  -1.6732502715603780E-08  5.5784157947160827E-16  4.8458557318362978E-16
   1.9370412225392248E-16
    635040000.0000000      -3.423146037119629      -1.483411545552795    
  -0.5337230146565122      3.3473660410640775E-08 -3.6983658423249578E-08
  -1.6704654295443598E-08  5.5382677649024705E-16  4.8234604483860799E-16
   1.9292554099304372E-16
    635184000.0000000      -3.418320100147739      -1.488732201168699    
  -0.5361264885839021      3.3553165630589949E-08 -3.6914411066576370E-08
  -1.6676960211106175E-08  5.5065906215090019E-16  4.7924737861456691E-16
   1.9159350632227754E-16
    635328000.0000000      -3.413482743779404      -1.494042919569445    
  -0.5385259899758875      3.3632288928875069E-08 -3.6845654284454694E-08
  -1.6649489842773079E-08  5.4855653049884854E-16  4.7561785076547475E-16
   1.8986030138086183E-16
    635472000.0000000      -3.408634011560932      -1.499343775728908    
  -0.5409215546240987      3.3711190789288783E-08 -3.6777440245001693E-08
  -1.6622288758980803E-08  5.4758186397773436E-16  4.7178763002135590E-16
   1.8789536096023517E-16
    635616000.0000000      -3.403773923757250      -1.504634848823226    
  -0.5433132231361482      3.3790031132302722E-08 -3.6709776280889960E-08
  -1.6595378580133705E-08  5.4767503862827961E-16  4.6804001107660286E-16
   1.8585583394156941E-16
    635760000.0000000      -3.398902478559089      -1.509916216383796    
  -0.5457010376955439      3.3868954733359805E-08 -3.6642634066191610E-08
  -1.6568760365638346E-08  5.4869778914456922E-16  4.6458390932275309E-16
   1.8386726490277621E-16
    635904000.0000000      -3.394019654908899      -1.515187949960148    
  -0.5480850394599016      3.3948083375147071E-08 -3.6575960624844687E-08
  -1.6542419675972200E-08  5.5047830261585668E-16  4.6155412278731559E-16
   1.8201913004798789E-16
    636048000.0000000      -3.389125416037730      -1.520450112317911    
  -0.5504652667046270      3.4027513445559268E-08 -3.6509688482281754E-08
  -1.6516331742116770E-08  5.5284218969388166E-16  4.5902130465558813E-16
   1.8036692525348874E-16
    636192000.0000000      -3.384219713064775      -1.525702755958238    
  -0.5528417536655769      3.4107317191040176E-08 -3.6443743680988363E-08
  -1.6490465874204997E-08  5.5563172081665928E-16  4.5700899513812105E-16
   1.7893927758444745E-16
    636336000.0000000      -3.379302488261137      -1.530945922615964    
  -0.5552145299388387      3.4187545862572619E-08 -3.6378051395758598E-08
  -1.6464788783586332E-08  5.5871408216145957E-16  4.5550933086746015E-16
   1.7774548087447593E-16
    636480000.0000000      -3.374373677802737      -1.536179643411510    
  -0.5575836202821746      3.4268233503783510E-08 -3.6312539469267467E-08
  -1.6439266860603892E-08  5.6198288676183316E-16  4.5449591007079557E-16
   1.7678221111535476E-16
    636624000.0000000      -3.369433213978404      -1.541403939390267    
  -0.5599490446794162      3.4349400641513684E-08 -3.6247140343183146E-08
  -1.6413867585214611E-08  5.6535595518271707E-16  4.5393315971624692E-16
   1.7603876014372382E-16
    636768000.0000000      -3.364481026897319      -1.546618822255077    
  -0.5623108185594047      3.4431057511556616E-08 -3.6181791889908222E-08
  -1.6388560302171418E-08  5.6877149906496622E-16  4.5378237388597775E-16
   1.7550065687866381E-16
    636912000.0000000      -3.359517045773893      -1.551824295165804    
  -0.5646689530940623      3.4513206694309240E-08 -3.6116437571427585E-08
  -1.6363316575553627E-08  5.7218397304067721E-16  4.5400531517954820E-16
   1.7515202671616237E-16
    637056000.0000000      -3.354541199875170      -1.557020353529791    
  -0.5670234555260389      3.4595845184768109E-08 -3.6051026176897264E-08
  -1.6338110260367035E-08  5.7556054163652659E-16  4.5456663627858676E-16
   1.7497720648173158E-16
    637200000.0000000      -3.349553419204996      -1.562206985736440    
  -0.5693743294936900      3.4678965970502122E-08 -3.5985511393574575E-08
  -1.6312917431510885E-08  5.7887762699251679E-16  4.5543367441621277E-16
   1.7496114379058835E-16
    637344000.0000000      -3.344553634994216      -1.567384173830602    
  -0.5717215753415510      3.4762559200168252E-08 -3.5919851287657500E-08
  -1.6287716221860761E-08  5.8211887338086860E-16  4.5657839337097236E-16
   1.7509039709352818E-16
    637488000.0000000      -3.339541780042067      -1.572551894097011    
  -0.5740651904000071      3.4846613059448458E-08 -3.5854007726072265E-08
  -1.6262486608833442E-08  5.8527294795280183E-16  4.5797583683311292E-16
   1.7535275163027075E-16
    637632000.0000000      -3.334517788952150      -1.577710117576950    
  -0.5764051692382041      3.4931114391864143E-08 -3.5787945934506260E-08
  -1.6237210229840629E-08  5.8833226555989040E-16  4.5960436579438975E-16
   1.7573740142833455E-16
    637776000.0000000      -3.329481598290603      -1.582858810517256    
  -0.5787415038881945      3.5016049161583128E-08 -3.5721634024036654E-08
  -1.6211870177359850E-08  5.9129197286965601E-16  4.6144540146217003E-16
   1.7623489754108431E-16
    637920000.0000000      -3.324433146687388      -1.587997934756075    
  -0.5810741840410433      3.5101402787391392E-08 -3.5655042591877458E-08
  -1.6186450817199647E-08  5.9414919990065692E-16  4.6348288115928086E-16
   1.7683696412458129E-16
    638064000.0000000      -3.319372374896195      -1.593127448056170    
  -0.5834031972185220      3.5187160390437297E-08 -3.5588144384760667E-08
  -1.6160937628876629E-08  5.9690259273097317E-16  4.6570298133297605E-16
   1.7753639523483071E-16
    638208000.0000000      -3.314299225822801      -1.598247304391656    
  -0.5857285289225754      3.5273306987900131E-08 -3.5520913985342925E-08
  -1.6135317055511608E-08  5.9955196840056912E-16  4.6809394416712732E-16
   1.7832697932907709E-16
    638352000.0000000      -3.309213644529229      -1.603357454192435    
  -0.5880501627643678      3.5359827635058712E-08 -3.5453327549285932E-08
  -1.6109576374372238E-08  6.0209803283512184E-16  4.7064562733205375E-16
   1.7920332187703696E-16
    638496000.0000000      -3.304115578218768      -1.608457844553761    
  -0.5903680805758662      3.5446707558062571E-08 -3.5385362560503048E-08
  -1.6083703575101700E-08  6.0454238535976201E-16  4.7334971008980673E-16
   1.8016091460954145E-16
    638640000.0000000      -3.299004976203372      -1.613548419409785    
  -0.5926822625037100      3.5533932262360187E-08 -3.5316997596201749E-08
  -1.6057687242893805E-08  6.0688731634381280E-16  4.7619932096776810E-16
   1.8119599108733284E-16
    638784000.0000000      -3.293881789856053      -1.618629119675626    
  -0.5949926870871538      3.5621487629538707E-08 -3.5248212113247372E-08
  -1.6031516449956305E-08  6.0913574772765249E-16  4.7918911488671727E-16
   1.8230555681712520E-16
    638928000.0000000      -3.288745972550200      -1.623699883358106    
  -0.5972993313201079      3.5709360012838261E-08 -3.5178986221202259E-08
  -1.6005180640541741E-08  6.1129130252302683E-16  4.8231540224043523E-16
   1.8348745498183452E-16
    639072000.0000000      -3.283597479584579      -1.628760645632236    
  -0.5996021706958341      3.5797536331723776E-08 -3.5109300438361563E-08
  -1.5978669506797951E-08  6.1335819703440286E-16  4.8557622787771329E-16
   1.8474041913625731E-16
    639216000.0000000      -3.278436268095973      -1.633811338881563    
  -0.6019011792331012      3.5886004151290986E-08 -3.5039135429705194E-08
  -1.5951972853379544E-08  6.1534116706085508E-16  4.8897158094603340E-16
   1.8606419260514662E-16
    639360000.0000000      -3.273262296961034      -1.638851892698111    
  -0.6041963294813431      3.5974751752118021E-08 -3.4968471704283848E-08
  -1.5925080439485104E-08  6.1724538344887539E-16  4.9250373474074593E-16
   1.8745971810322339E-16
    639504000.0000000      -3.268075526689239      -1.643882233834871    
  -0.6064875925009018      3.6063768181459805E-08 -3.4897289257461171E-08
  -1.5897981789584422E-08  6.1907624891714619E-16  4.9617765636782982E-16
   1.8892937740308453E-16
    639648000.0000000      -3.262875919311225      -1.648902286102454    
  -0.6087749378134082      3.6153043260269948E-08 -3.4825567152866267E-08
  -1.5870665967310315E-08  6.2083897196872943E-16  5.0000143048903566E-16
   1.9047726286162771E-16
    639792000.0000000      -3.257663438271124      -1.653911970200772    
  -0.6110583333165316      3.6242567521286522E-08 -3.4753283030313206E-08
  -1.5843121302587298E-08  6.2253811733572908E-16  5.0398697324350464E-16
   1.9210960377517906E-16
    639936000.0000000      -3.252438048332889      -1.658911203471649    
  -0.6133377451545454      3.6332332062331286E-08 -3.4680412505373019E-08
  -1.5815335052342157E-08  6.2417667319570020E-16  5.0815062643517678E-16
   1.9383518111163034E-16
    640080000.0000000      -3.247199715519193      -1.663899899558986    
  -0.6156131375356425      3.6422328235838654E-08 -3.4606928477014072E-08
  -1.5787292995103387E-08  6.2575475596719119E-16  5.1251390879306678E-16
   1.9566586192658069E-16
    640224000.0000000      -3.241948407110723      -1.668877967962167    
  -0.6178844724854751      3.6512547104934024E-08 -3.4532800343594426E-08
  -1.5758978952382407E-08  6.2726774034572978E-16  5.1710414504685302E-16
   1.9761712916505157E-16
    640368000.0000000      -3.236684091744388      -1.673845313468985    
  -0.6201517095256155      3.6602978593874016E-08 -3.4457993115990671E-08
  -1.5730374223802254E-08  6.2870362114154058E-16  5.2195497522395694E-16
   1.9970862539319842E-16
    640512000.0000000      -3.231406739665395      -1.678801835458169    
  -0.6224148052659688      3.6693610177229189E-08 -3.4382466508108357E-08
  -1.5701456962281811E-08  6.3003934035346895E-16  5.2710621167155760E-16
   2.0196445769030642E-16
    640656000.0000000      -3.226116323209485      -1.683747427074693    
  -0.6246737129049202      3.6784424967559664E-08 -3.4306174100669018E-08
  -1.5672201526027439E-08  6.3123603367242352E-16  5.3260279552615524E-16
   2.0441313237668054E-16
    640800000.0000000      -3.220812817613940      -1.688681974300170    
  -0.6269283816389244      3.6875399033451425E-08 -3.4229062760515528E-08
  -1.5642577887357427E-08  6.3223313698582041E-16  5.3849206768485429E-16
   2.0708670730663804E-16
    640944000.0000000      -3.215496202279223      -1.693605354975801    
  -0.6291787559996157      3.6966497804228724E-08 -3.4151072626525756E-08
  -1.5612551249598330E-08  6.3294175186836121E-16  5.4481834965740397E-16
   2.1001858491552492E-16
    641088000.0000000      -3.210166462618092      -1.698517437891296    
  -0.6314247751648417      3.7057671508169255E-08 -3.4072138133706334E-08
  -1.5582082118206075E-08  6.3323830295644737E-16  5.5161373730208439E-16
   2.1323925259573143E-16
    641232000.0000000      -3.204823592621473      -1.703418082131031    
  -0.6336663723323744      3.7148849838311048E-08 -3.3992190662284432E-08
  -1.5551127160269942E-08  6.3296068510609431E-16  5.5888433869649850E-16
   2.1676932745551650E-16
    641376000.0000000      -3.199467598217450      -1.708307136963525    
  -0.6359034743012608      3.7239936463138101E-08 -3.3911163567635425E-08
  -1.5519641319439951E-08  6.3191110445122087E-16  5.6659173015596163E-16
   2.2060935736272496E-16
    641520000.0000000      -3.194098501362854      -1.713184442657531    
  -0.6381360014718152      3.7330804485339108E-08 -3.3829000088981200E-08
  -1.5487581567366314E-08  6.2986866953361376E-16  5.7463145012620617E-16
   2.2472702668578121E-16
    641664000.0000000      -3.188716344597184      -1.718049832663860    
  -0.6403638685268571      3.7421295087670596E-08 -3.3745664326188274E-08
  -1.5454912624492703E-08  6.2661957570278089E-16  5.8281486899832179E-16
   2.2904433745827377E-16
    641808000.0000000      -3.183321195437322      -1.722903137533262    
  -0.6425869860565460      3.7511221402860925E-08 -3.3661154106580298E-08
  -1.5421614232739845E-08  6.2200184722222730E-16  5.9086289862376536E-16
   2.3342960861845587E-16
    641952000.0000000      -3.177913149684851      -1.727744190689227    
  -0.6448052632865746      3.7600380099762880E-08 -3.3575513306161114E-08
  -1.5387688936999816E-08  6.1596312734045060E-16  5.9842316925266886E-16
   2.3770065695768074E-16
    642096000.0000000      -3.172492332468609      -1.732572835692931    
  -0.6470186118380709      3.7688571022145028E-08 -3.3488839495543941E-08
  -1.5353168204638501E-08  6.0860909562455499E-16  6.0511794283625121E-16
   2.4164536719321785E-16
    642240000.0000000      -3.167058896036493      -1.737388934012322    
  -0.6492269500937429      3.7775621970866565E-08 -3.3401282691254998E-08
  -1.5318114327549800E-08  6.0022173006485591E-16  6.1061639848495359E-16
   2.4505840836462988E-16
    642384000.0000000      -3.161613013932711      -1.742192371813974    
  -0.6514302074167507      3.7861412980469273E-08 -3.3313032915598146E-08
  -1.5282616293885207E-08  5.9123014490395423E-16  6.1471095264996168E-16
   2.4778502573945744E-16
    642528000.0000000      -3.156154872172978      -1.746983064223424    
  -0.6536283273285348      3.7945892406481211E-08 -3.3224298142961178E-08
  -1.5246779675251899E-08  5.8213018184381270E-16  6.1736658629873912E-16
   2.4975572574601227E-16
    642672000.0000000      -3.150684659045075      -1.751760956050042    
  -0.6558212689406064      3.8029079625653241E-08 -3.3135278408902933E-08
  -1.5210713076439953E-08  5.7338780741937244E-16  6.1872286791903502E-16
   2.5099737481554249E-16
    642816000.0000000      -3.145202555525780      -1.756526018934043    
  -0.6580090064111941      3.8111053956758710E-08 -3.3046143221965466E-08
  -1.5174514920323865E-08  5.6535366115964529E-16  6.1904781971955410E-16
   2.5161741599055307E-16
    642960000.0000000      -3.139708728042575      -1.761278245850576    
  -0.6601915267469346      3.8191934368262041E-08 -3.2957017980798558E-08
  -1.5138264087500453E-08  5.5822346176175428E-16  6.1866790686758869E-16
   2.5177057887320493E-16
    643104000.0000000      -3.134203324410135      -1.766017644401361    
  -0.6623688266276313      3.8271856761278499E-08 -3.2867980715766545E-08
  -1.5102015820065529E-08  5.5204297227022498E-16  6.1789957373325063E-16
   2.5162178899760865E-16
    643248000.0000000      -3.128686472848610      -1.770744230291891    
  -0.6645409090105868      3.8350954643137289E-08 -3.2779067315645951E-08
  -1.5065802509610163E-08  5.4674441835487326E-16  6.1700387515569428E-16
   2.5131815660482662E-16
    643392000.0000000      -3.123158283347919      -1.775458021934208    
  -0.6667077800929366      3.8429346102612480E-08 -3.2690281295787628E-08
  -1.5029637564796377E-08  5.4219294970757212E-16  6.1616750961867920E-16
   2.5097402464100664E-16
    643536000.0000000      -3.117618850427731      -1.780159036573922    
  -0.6688694469435459      3.8507127319478229E-08 -3.2601604711667397E-08
  -1.4993520568832593E-08  5.3822809078372633E-16  6.1550410298497482E-16
   2.5066735261819722E-16
    643680000.0000000      -3.112068256440167      -1.784847287921751    
  -0.6710259158824478      3.8584371203841780E-08 -3.2513007844100010E-08
  -1.4957442313220368E-08  5.3469257779691970E-16  6.1506777702739290E-16
   2.5044397180914743E-16
    643824000.0000000      -3.106506574817316      -1.789522785016595    
  -0.6731771915240551      3.8661129208221407E-08 -3.2424456554180451E-08
  -1.4921388915877465E-08  5.3144845194644158E-16  6.1486959997903804E-16
   2.5032470346151414E-16
    643968000.0000000      -3.100933872925899      -1.794185531983099    
  -0.6753232763391432      3.8737434762816601E-08 -3.2335917387146648E-08
  -1.4885344905566386E-08  5.2838389700569178E-16  6.1489298718364673E-16
   2.5031287098396020E-16
    644112000.0000000      -3.095350214386090      -1.798835528364472    
  -0.6774641705799967      3.8813307106663180E-08 -3.2247360539981472E-08
  -1.4849295206615246E-08  5.2541342759735724E-16  6.1510589082287708E-16
   2.5040079070731013E-16
    644256000.0000000      -3.089755660846872      -1.803472769780077    
  -0.6795998724357341      3.8888754944371756E-08 -3.2158761474261625E-08
  -1.4813226382281715E-08  5.2247515257159085E-16  6.1546918639595413E-16
   2.5057453526345782E-16
    644400000.0000000      -3.084150273272530      -1.808097248731849    
  -0.6817303783181917      3.8963779554710147E-08 -3.2070101465017532E-08
  -1.4777127252759255E-08  5.1952684914331585E-16  6.1594230745888258E-16
   2.5081734656797029E-16
    644544000.0000000      -3.078534112821878      -1.812708955442740    
  -0.6838556832075732      3.9038377330140104E-08 -3.1981367539509842E-08
  -1.4740989129151661E-08  5.1654187415601188E-16  6.1648649159591967E-16
   2.5111179166320103E-16
    644688000.0000000      -3.072907241403899      -1.817307878659081    
  -0.6859757810128537      3.9112541744120724E-08 -3.1892552077216803E-08
  -1.4704805807081719E-08  5.1350549848547094E-16  6.1706645138713995E-16
   2.5144103500701900E-16
    644832000.0000000      -3.067269721985743      -1.821894006381660    
  -0.6880906649202750      3.9186264840031097E-08 -3.1803652241287089E-08
  -1.4668573420921113E-08  5.1041192933921943E-16  6.1765114139313850E-16
   2.5178955429632205E-16
    644976000.0000000      -3.061621618714848      -1.826467326509333    
  -0.6902003277149307      3.9259538339258189E-08 -3.1714669346074687E-08
  -1.4632290224819508E-08  5.0726197495479050E-16  6.1821394229531566E-16
   2.5214347822494035E-16
    645120000.0000000      -3.055962996903758      -1.831027827391186    
  -0.6923047620683390      3.9332354452385155E-08 -3.1625608228867835E-08
  -1.4595956345454228E-08  5.0406120815826166E-16  6.1873244806340865E-16
   2.5249066300813668E-16
    645264000.0000000      -3.050293922915836      -1.835575498291550    
  -0.6944039607903361      3.9404706454749523E-08 -3.1536476671354395E-08
  -1.4559573536761282E-08  5.0081860368768509E-16  6.1918813548507180E-16
   2.5282065594710420E-16
    645408000.0000000      -3.044614463979646      -1.840110329774032    
  -0.6964979170457513      3.9476589113838232E-08 -3.1447284851355523E-08
  -1.4523144936300252E-08  4.9754566335846226E-16  6.1956610739394193E-16
   2.5312464432741410E-16
    645552000.0000000      -3.038924687951413      -1.844632314011113    
  -0.6985866245374059      3.9547998988912320E-08 -3.1358044856759873E-08
  -1.4486674841541725E-08  4.9425563692106116E-16  6.1985466277008769E-16
   2.5339530702079164E-16
    645696000.0000000      -3.033224663040654      -1.849141445027007    
  -0.7006700776580103      3.9618934639859340E-08 -3.1268770253750841E-08
  -1.4450168505766755E-08  4.9096296674181430E-16  6.2004490880935066E-16
   2.5362666599269719E-16
    645840000.0000000      -3.027514457510830      -1.853637718882102    
  -0.7027482716141368      3.9689396781868439E-08 -3.1179475690427276E-08
  -1.4413631947648582E-08  4.8768307337748352E-16  6.2013065388075238E-16
   2.5381404503723787E-16
    645984000.0000000      -3.021794139359904      -1.858121133801647    
  -0.7048212025233096      3.9759388402816329E-08 -3.1090176528597143E-08
  -1.4377071772378800E-08  4.8443203828803190E-16  6.2010811824507368E-16
   2.5395394966844047E-16
    646128000.0000000      -3.016063775987018      -1.862591690254252    
  -0.7068888674865187      3.9828914843410926E-08 -3.1000888510082425E-08
  -1.4340495007213632E-08  4.8122643251603092E-16  6.1997578577473432E-16
   2.5404400494311785E-16
    646272000.0000000      -3.010323433848930      -1.867049390983341    
  -0.7089512646374718      3.9897983861623588E-08 -3.0911627434094991E-08
  -1.4303908941584715E-08  4.7808324470011766E-16  6.1973437725175890E-16
   2.5408294617782351E-16
    646416000.0000000      -3.004573178107795      -1.871494240992201    
  -0.7110083931688094      3.9966605688486544E-08 -3.0822408834465633E-08
  -1.4267320966563493E-08  4.7501980803540760E-16  6.1938685541128138E-16
   2.5407062798675300E-16
    646560000.0000000      -2.998813072271889      -1.875926247482589    
  -0.7130602533351265      4.0034793067876116E-08 -3.0733247659157854E-08
  -1.4230738413780944E-08  4.7205364176307827E-16  6.1893838170844440E-16
   2.5400802075040657E-16
    646704000.0000000      -2.993043177832225      -1.880345419747382    
  -0.7151068464326937      4.0102561279868772E-08 -3.0644157943011951E-08
  -1.4194168388750792E-08  4.6920250780820840E-16  6.1839661574201910E-16
   2.5389735882711167E-16
    646848000.0000000      -2.987263553894649      -1.884751769011942    
  -0.7171481747531828      4.0169928170956506E-08 -3.0555152431053790E-08
  -1.4157617579748841E-08  4.6648420177724610E-16  6.1777181940719730E-16
   2.5374221951706256E-16
    646992000.0000000      -2.981474256810625      -1.889145308220612    
  -0.7191842415091289      4.0236914148420975E-08 -3.0466242180876429E-08
  -1.4121092050574300E-08  4.6391640181101885E-16  6.1707720001750825E-16
   2.5354772600229508E-16
    647136000.0000000      -2.975675339811089      -1.893526051762761    
  -0.7212150507276091      4.0303542136294431E-08 -3.0377436125164505E-08
  -1.4084597008117811E-08  4.6151637697250155E-16  6.1632927515382929E-16
   2.5332076794078619E-16
    647280000.0000000      -2.969866852648653      -1.897894015129740    
  -0.7232406071070608      4.0369837502305812E-08 -3.0288740543062559E-08
  -1.4048136519194403E-08  4.5930063057862294E-16  6.1554847311267799E-16
   2.5307035775845329E-16
    647424000.0000000      -2.964048841256007      -1.902249214490852    
  -0.7252609158301023      4.0435827897722800E-08 -3.0200158465950816E-08
  -1.4011713182733855E-08  4.5728417398527268E-16  6.1475962669540193E-16
   2.5280797332553074E-16
    647568000.0000000      -2.958221347435455      -1.906591666177805    
  -0.7272759823251205      4.0501542979524525E-08 -3.0111688995972261E-08
  -1.3975327742978870E-08  4.5547956819911569E-16  6.1399266261634501E-16
   2.5254802527094734E-16
    647712000.0000000      -2.952384408599654      -1.910921386063511    
  -0.7292858119669821      4.0567013966521300E-08 -3.0023326518635933E-08
  -1.3938978629046768E-08  4.5389551924637648E-16  6.1328333716805746E-16
   2.5230839455093382E-16
    647856000.0000000      -2.946538057592873      -1.915238388820137    
  -0.7312904097057986      4.0632272948362417E-08 -2.9935059817368840E-08
  -1.3902661416489852E-08  4.5253478754438043E-16  6.1267379879597566E-16
   2.5211095188268330E-16
    648000000.0000000      -2.940682322636364      -1.919542687045004    
  -0.7332897796130770      4.0697351829999485E-08 -2.9846871134498831E-08
  -1.3866368221658917E-08  4.5139124350395783E-16  6.1221283605104911E-16
   2.5198199965967711E-16
    648144000.0000000      -2.934817227458468      -1.923834290248676    
  -0.7352839243358934      4.0762280811836420E-08 -2.9758735193003243E-08
  -1.3830087027861018E-08  4.5044613393003705E-16  6.1195577236133744E-16
   2.5195259720330636E-16
    648288000.0000000      -2.928942791688210      -1.928113203709173    
  -0.7372728444530935      4.0827086196765363E-08 -2.9670618358225968E-08
  -1.3793801015045393E-08  4.4966285530282514E-16  6.1196298969255334E-16
   2.5205831880508675E-16
    648432000.0000000      -2.923059031619560      -1.932379427222974    
  -0.7392565377387154      4.0891787430556841E-08 -2.9582478096578257E-08
  -1.3757487969787364E-08  4.4898090437235494E-16  6.1229650657484330E-16
   2.5233805917791442E-16
    648576000.0000000      -2.917165961471835      -1.936632953823774    
  -0.7412349983574313      4.0956393145573282E-08 -2.9494263107772869E-08
  -1.3721119950155848E-08  4.4830910516911871E-16  6.1301405252604418E-16
   2.5283156439372995E-16
    648720000.0000000      -2.911263595285554      -1.940873768594370    
  -0.7432082160446127      4.1020896312985749E-08 -2.9405914606891746E-08
  -1.3684663473291908E-08  4.4751977537102127E-16  6.1415875542725006E-16
   2.5357453272315447E-16
    648864000.0000000      -2.905351949573021      -1.945101847785205    
  -0.7451761753726406      4.1085268670334840E-08 -2.9317369408025884E-08
  -1.3648080589257266E-08  4.4644564451912674E-16  6.1574425029898385E-16
   2.5459098315332280E-16
    649008000.0000000      -2.899431046783205      -1.949317158548683    
  -0.7471388552623347      4.1149455168095094E-08 -2.9228565509032576E-08
  -1.3611331292697777E-08  4.4488438756270876E-16  6.1773514886684129E-16
   2.5588235275594691E-16
    649152000.0000000      -2.893500919483049      -1.953519659691727    
  -0.7490962289646279      4.1213369863088253E-08 -2.9139450694890754E-08
  -1.3574377696996561E-08  4.4261522349252340E-16  6.2002578795898956E-16
   2.5741442438828557E-16
    649296000.0000000      -2.887561614907691      -1.957709303881858    
  -0.7510482647810215      4.1276895283934731E-08 -2.9049994018803880E-08
  -1.3537190105234773E-08  4.3943142574864947E-16  6.2242348218049332E-16
   2.5910501597404220E-16
    649440000.0000000      -2.881613199203713      -1.961886041645853    
  -0.7529949277738902      4.1339887767274530E-08 -2.8960198872607449E-08
  -1.3499754548320758E-08  4.3519010907669403E-16  6.2464651713445491E-16
   2.6081774349325795E-16
    649584000.0000000      -2.875655760341828      -1.966049827189645    
  -0.7549361825881283      4.1402190735096170E-08 -2.8870114585180209E-08
  -1.3462080361353833E-08  4.2986800104230154E-16  6.2634758605399652E-16
   2.6236875768564371E-16
    649728000.0000000      -2.869689408558334      -1.970200625553827    
  -0.7568719972430238      4.1463655583715662E-08 -2.8779842580451187E-08
  -1.3424205642754305E-08  4.2360758163104150E-16  6.2716852955345854E-16
   2.6355120031286760E-16
    649872000.0000000      -2.863714273395091      -1.974338419975338    
  -0.7588023473874543      4.1524166965718656E-08 -2.8689532669086655E-08
  -1.3386197897387587E-08  4.1672390471069772E-16  6.2681455474644284E-16
   2.6417414917523365E-16
    650016000.0000000      -2.857730497199529      -1.978463217932353    
  -0.7607272202191450      4.1583665640857848E-08 -2.8599368353280517E-08
  -1.3348148559816106E-08  4.0966461848299301E-16  6.2512860438985565E-16
   2.6410648344458117E-16
    650160000.0000000      -2.851738225920417      -1.982575054366555    
  -0.7626466171770672      4.1642161941629267E-08 -2.8509543241504606E-08
  -1.3310161794719153E-08  4.0292307700617074E-16  6.2213091541756375E-16
   2.6330703386354063E-16
    650304000.0000000      -2.845737598965245      -1.986673991272941    
  -0.7645605547910779      4.1699735075860034E-08 -2.8420235398195315E-08
  -1.3272340724619305E-08  3.9693954869099506E-16  6.1800869651205574E-16
   2.6182931704501040E-16
    650448000.0000000      -2.839728740136494      -1.990760113863933    
  -0.7664690635899989      4.1756519442735304E-08 -2.8331586429410637E-08
  -1.3234774840443122E-08  3.9202657072822625E-16  6.1306421866682564E-16
   2.5980154910330316E-16
    650592000.0000000      -2.833711751177984      -1.994833524366941    
  -0.7683721854750747      4.1812683131422032E-08 -2.8243690063283309E-08
  -1.3197531672961717E-08  3.8833772613781918E-16  6.0764129517172024E-16
   2.5739061528557067E-16
    650736000.0000000      -2.827686708576696      -1.998894334952609    
  -0.7702699702915756      4.1868405330403817E-08 -2.8156591273091450E-08
  -1.3160653981758489E-08  3.8588196705975715E-16  6.0206097605100470E-16
   2.5476624293388457E-16
    650880000.0000000      -2.821653663340555      -2.002942661108770    
  -0.7721624723298250      4.1923858216992040E-08 -2.8070292650298024E-08
  -1.3124161281435350E-08  3.8456383916970899E-16  5.9658276649756173E-16
   2.5207610706551642E-16
    651024000.0000000      -2.815612642936965      -2.006978616273595    
  -0.7740497472748563      4.1979195196233791E-08 -2.7984764994206298E-08
  -1.3088054278776725E-08  3.8422998643085932E-16  5.9138970554577754E-16
   2.4943304270530868E-16
    651168000.0000000      -2.809563654439463      -2.011002308034879    
  -0.7759318498673107      4.2034545658919664E-08 -2.7899957988921595E-08
  -1.3052320032110790E-08  3.8470795569816011E-16  5.8659383547212510E-16
   2.4691394924021669E-16
    651312000.0000000      -2.803506688080599      -2.015013835792988    
  -0.7778088323039267      4.2090014308773631E-08 -2.7815809588345910E-08
  -1.3016936893374319E-08  3.8583233450439836E-16  5.8225052303459057E-16
   2.4456472458272760E-16
    651456000.0000000      -2.797441720670398      -2.019013289598397    
  -0.7796807432793126      4.2145683379586030E-08 -2.7732252933875103E-08
  -1.2981878433086312E-08  3.8745859630942977E-16  5.7837521889466863E-16
   2.4240778413642794E-16
    651600000.0000000      -2.791368718589244      -2.023000749818668    
  -0.7815476275147977      4.2201616119618661E-08 -2.7649221003054873E-08
  -1.2947116283506377E-08  3.8946799314363468E-16  5.7495801985264339E-16
   2.4044933813770215E-16
    651744000.0000000      -2.785287640250773      -2.026976287333965    
  -0.7834095256243480      4.2257860541881594E-08 -2.7566649379719879E-08
  -1.2912622005549659E-08  3.9176712676214958E-16  5.7197502990419233E-16
   2.3868550519391090E-16
    651888000.0000000      -2.779198438041383      -2.030939964025797    
  -0.7852664741911498      4.2314452879856033E-08 -2.7484477641620291E-08
  -1.2878368186740619E-08  3.9428483234994819E-16  5.6939621581437457E-16
   2.3710683161840978E-16
    652032000.0000000      -2.773101059799467      -2.034891833395742    
  -0.7871185059611003      4.2371420502669152E-08 -2.7402649852861428E-08
  -1.2844329004642240E-08  3.9696810785571051E-16  5.6719018204855218E-16
   2.3570126981896178E-16
    652176000.0000000      -2.766995449918020      -2.038831941214031    
  -0.7889656500909551      4.2428784233071352E-08 -2.7321114529677806E-08
  -1.2810480445859022E-08  3.9977812806253311E-16  5.6532710628018476E-16
   2.3445616182556117E-16
    652320000.0000000      -2.760881550152423      -2.042760326136532    
  -0.7908079324097883      4.2486560139044045E-08 -2.7239824274671531E-08
  -1.2776800294495535E-08  4.0268685995332193E-16  5.6378018467937461E-16
   2.3335935846252787E-16
    652464000.0000000      -2.754759300204455      -2.046677020260221    
  -0.7926453756704380      4.2544760866986990E-08 -2.7158735296227588E-08
  -1.2743268010862744E-08  4.0567420530658593E-16  5.6252623503950170E-16
   2.3239984030630697E-16
    652608000.0000000      -2.748628638140903      -2.050582049604044    
  -0.7944779997778894      4.2603396611947570E-08 -2.7077806889145153E-08
  -1.2709864551469043E-08  4.0872574705806909E-16  5.6154555800069498E-16
   2.3156788745376597E-16
    652752000.0000000      -2.742489500693781      -2.054475434517292    
  -0.7963058219906523      4.2662475817528961E-08 -2.6997000928011038E-08
  -1.2676572167613638E-08  4.1183122639313798E-16  5.6082194420078643E-16
   2.3085523117646558E-16
    652896000.0000000      -2.736341823474186      -2.058357190016189    
  -0.7981288570923443      4.2722005676980054E-08 -2.6916281395441253E-08
  -1.2643374202291819E-08  4.1498326886897018E-16  5.6034221031625379E-16
   2.3025494588852825E-16
    653040000.0000000      -2.730185541125965      -2.062227326057593    
  -0.7999471175353984      4.2781992478979665E-08 -2.6835613976746532E-08
  -1.2610254905514426E-08  4.1817651168032398E-16  5.6009580818222677E-16
   2.2976133324105674E-16
    653184000.0000000      -2.724020587437399      -2.066085847757976    
  -0.8017606135593122      4.2842441852041426E-08 -2.6754965703066680E-08
  -1.2577199265069067E-08  4.2140703265556689E-16  5.6007452334795105E-16
   2.2936981856545146E-16
    653328000.0000000      -2.717846895422879      -2.069932755564019    
  -0.8035693532856075      4.2903358940907636E-08 -2.6674304636046922E-08
  -1.2544192852626966E-08  4.2467194372323080E-16  5.6027217432708275E-16
   2.2907683291611130E-16
    653472000.0000000      -2.711664397383101      -2.073768045381133    
  -0.8053733427919820      4.2964748529326996E-08 -2.6593599601657320E-08
  -1.2511221689926399E-08  4.2796903767179227E-16  5.6068422519100393E-16
   2.2887965114375089E-16
    653616000.0000000      -2.705473024950825      -2.077591708667413    
  -0.8071725861687771      4.3026615126071277E-08 -2.6512819964886838E-08
  -1.2478272132370863E-08  4.3129673725301970E-16  5.6130780073474233E-16
   2.2877639457552341E-16
    653760000.0000000      -2.699272709123973      -2.081403732493882    
  -0.8089670855581974      4.3088963048185343E-08 -2.6431935399011219E-08
  -1.2445330750899582E-08  4.3465389966565768E-16  5.6214140946944089E-16
   2.2876591247522510E-16
    653904000.0000000      -2.693063380289006      -2.085204099574838    
  -0.8107568411779295      4.3151796482510012E-08 -2.6350915684976934E-08
  -1.2412384226653158E-08  4.3803980485812785E-16  5.6318496366731082E-16
   2.2884779053139748E-16
    654048000.0000000      -2.686844968236096      -2.088992788270037    
  -0.8125418513298823      4.3215119532588220E-08 -2.6269730529612071E-08
  -1.2379419253163392E-08  4.4145408428465783E-16  5.6443972026061096E-16
   2.2902233168445281E-16
    654192000.0000000      -2.680617402166710      -2.092769772558413    
  -0.8143221123938009      4.3278936280881240E-08 -2.6188349344263235E-08
  -1.2346422420652806E-08  4.4489677354402219E-16  5.6590849998727354E-16
   2.2929066147384619E-16
    654336000.0000000      -2.674380610692949      -2.096535021979541    
  -0.8160976188038882      4.3343250837577777E-08 -2.6106741021524160E-08
  -1.2313380096868484E-08  4.4836820621380613E-16  5.6759573265664004E-16
   2.2965477085134739E-16
    654480000.0000000      -2.668134521830685      -2.100288501541529    
  -0.8178683630073851      4.3408067379329397E-08 -2.6024873686649283E-08
  -1.2280278292991407E-08  4.5186895511019615E-16  5.6950773633743948E-16
   2.3011767034834377E-16
    654624000.0000000      -2.661879062987771      -2.104030171589660    
  -0.8196343354019489      4.3473390177388962E-08 -2.5942714397977591E-08
  -1.2247102501628513E-08  4.5539971671062862E-16  5.7165311653794218E-16
   2.3068361230934324E-16
    654768000.0000000      -2.655614160949837      -2.107759987627595    
  -0.8213955242472634      4.3539223598997353E-08 -2.5860228787869729E-08
  -1.2213837500426083E-08  4.5896102589200790E-16  5.7404316072945423E-16
   2.3135833376598822E-16
    654912000.0000000      -2.649339741869692      -2.111477900083085    
  -0.8231519155458902      4.3605572049003155E-08 -2.5777380654368115E-08
  -1.2180467121964662E-08  4.6255277903185614E-16  5.7669227904590566E-16
   2.3214934715536901E-16
    655056000.0000000      -2.643055731269744      -2.115183854008055    
  -0.8249034928868976      4.3672439853402152E-08 -2.5694131432737080E-08
  -1.2146973955408799E-08  4.6617367793490589E-16  5.7961887061119942E-16
   2.3306644680479218E-16
    655200000.0000000      -2.636762054069979      -2.118877788696806    
  -0.8266502372424948      4.3739830999568604E-08 -2.5610439611429873E-08
  -1.2113339001471552E-08  4.6982013847802086E-16  5.8284588853348583E-16
   2.3412213298071730E-16
    655344000.0000000      -2.630458634663773      -2.122559637209792    
  -0.8283921267085071      4.3807748717758465E-08 -2.5526260004419563E-08
  -1.2079541236122538E-08  4.7348469524588222E-16  5.8640141261085149E-16
   2.3533209024962580E-16
    655488000.0000000      -2.624145397074262      -2.126229325790261    
  -0.8301291361784242      4.3876194781008249E-08 -2.5441542966895574E-08
  -1.2045557112864068E-08  4.7715394817625333E-16  5.9031947974278499E-16
   2.3671583048016089E-16
    655632000.0000000      -2.617822265234980      -2.129886773158466    
  -0.8318612369385030      4.3945168444359858E-08 -2.5356233510608686E-08
  -1.2011359975862061E-08  4.8080543012878948E-16  5.9464023038847760E-16
   2.3829710215584146E-16
    655776000.0000000      -2.611489163459262      -2.133531889679692    
  -0.8335883961751511      4.4014664863404062E-08 -2.5270270446101129E-08
  -1.1976919432170977E-08  4.8440350519545203E-16  5.9940942430574483E-16
   2.4010406004710787E-16
    655920000.0000000      -2.605146017183750      -2.137164576416745    
  -0.8353105763913719      4.4084672840195210E-08 -2.5183585663572727E-08
  -1.1942200728421869E-08  4.8789410382403053E-16  6.0467679118208823E-16
   2.4216892672484456E-16
    656064000.0000000      -2.598792754095050      -2.140784724101937    
  -0.8370277347397266      4.4155171730477944E-08 -2.5096103784016530E-08
  -1.1907164238875025E-08  4.9119843274200986E-16  6.1049227484963963E-16
   2.4452663637388125E-16
    656208000.0000000      -2.592429305769449      -2.144392212107423    
  -0.8387398223005215      4.4226127400017847E-08 -2.5007742563470555E-08
  -1.1871765256953585E-08  4.9420626962588930E-16  6.1689901220495745E-16
   2.4721178690723177E-16
    656352000.0000000      -2.586055609962943      -2.147986907560214    
  -0.8404467833689994      4.4297487261451909E-08 -2.4918414594604726E-08
  -1.1835954383408305E-08  4.9677038853393624E-16  6.2392234118825454E-16
   2.5025333807157214E-16
    656496000.0000000      -2.579671613667486      -2.151568664830870    
  -0.8421485548619962      4.4369174695568608E-08 -2.4828030924425182E-08
  -1.1799678876223795E-08  4.9870521268222307E-16  6.3155367595136754E-16
   2.5366614243646617E-16
    656640000.0000000      -2.573277276952425      -2.155137325728468    
  -0.8438450660197313      4.4441083871427983E-08 -2.4736507322775047E-08
  -1.1762885456954840E-08  4.9979262474437840E-16  6.3973057108373942E-16
   2.5743968859631822E-16
    656784000.0000000      -2.566872577469177      -2.158692720815055    
  -0.8455362386360902      4.4513076154764673E-08 -2.4643773634157639E-08
  -1.1725524927497648E-08  4.9980305904478124E-16  6.4831527378934968E-16
   2.6152446800089669E-16
    656928000.0000000      -2.560457515182466      -2.162234672274276    
  -0.8472219880947698      4.4584980807499040E-08 -2.4549785806403956E-08
  -1.1687558663664269E-08  4.9853088750010904E-16  6.5708090597775272E-16
   2.6582090972783607E-16
    657072000.0000000      -2.554032116587252      -2.165762998614927    
  -0.8489022254383199      4.4656601922910168E-08 -2.4454538979527020E-08
  -1.1648966321252447E-08  4.9584698062677791E-16  6.6571369788518071E-16
   2.7017513116042861E-16
    657216000.0000000      -2.547596437336055      -2.169277521151078    
  -0.8505768605502677      4.4727733663266753E-08 -2.4358078374139562E-08
  -1.1609753227254490E-08  4.9175530561296818E-16  6.7384343898162849E-16
   2.7438933271769448E-16
    657360000.0000000      -2.541150562123016      -2.172778071626014    
  -0.8522458062320163      4.4798182661500373E-08 -2.4260503557288382E-08
  -1.1569954977094076E-08  4.8643053554491731E-16  6.8110363057907311E-16
   2.7825002388924631E-16
    657504000.0000000      -2.534694601061435      -2.176264499743493    
  -0.8539089825932613      4.4867793399571208E-08 -2.4161962456600571E-08
  -1.1529636864995361E-08  4.8021748305538036E-16  6.8720884903676276E-16
   2.8156940673275898E-16
    657648000.0000000      -2.528228682579669      -2.179736679024968    
  -0.8555663209086359      4.4936469899331845E-08 -2.4062634298033017E-08
  -1.1488887014440029E-08  4.7357793746113743E-16  6.9202317604803906E-16
   2.8422745181677270E-16
    657792000.0000000      -2.521752943929338      -2.183194509602326    
  -0.8572177660842547      4.5004186180507330E-08 -2.3962705073111979E-08
  -1.1447804353287527E-08  4.6699842890288685E-16  6.9558991882473081E-16
   2.8619732144089417E-16
    657936000.0000000      -2.515267521180255      -2.186637917335488    
  -0.8588632772138962      4.5070982869301901E-08 -2.3862342227762989E-08
  -1.1406484739088228E-08  4.6089421784525820E-16  6.9811199176621919E-16
   2.8754485308687120E-16
    658080000.0000000      -2.508772540668693      -2.190066849662226    
  -0.8605028262383139      4.5136951162621786E-08 -2.3761675637816385E-08
  -1.1365009128204267E-08  4.5554220146526200E-16  6.9989067557207818E-16
   2.8840282088293183E-16
    658224000.0000000      -2.502268113272955      -2.193481269412429    
  -0.8621363952231960      4.5202210691171253E-08 -2.3660788578482936E-08
  -1.1323436451245521E-08  4.5106114784762050E-16  7.0125409483140125E-16
   2.8893476027535641E-16
    658368000.0000000      -2.495754331930366      -2.196881148057857    
  -0.8637639729988877      4.5266887696723183E-08 -2.3559718651152042E-08
  -1.1281801841819866E-08  4.4743322688321674E-16  7.0249667367654865E-16
   2.8930039877252732E-16
    658512000.0000000      -2.489231271968562      -2.200266459635400    
  -0.8653855518674530      4.5331098270461454E-08 -2.3458465523362881E-08
  -1.1240119028102546E-08  4.4454712215545753E-16  7.0384582868413480E-16
   2.8963339834577013E-16
    658656000.0000000      -2.482698993373535      -2.203637176038896    
  -0.8670011248392606      4.5394938267310539E-08 -2.3357001616627881E-08
  -1.1198384991502861E-08  4.4224374315386041E-16  7.0545274194534742E-16
   2.9003168177295867E-16
    658800000.0000000      -2.476157544056747      -2.206993263877032    
  -0.8686106836019136      4.5458479283156139E-08 -2.3255282760918042E-08
  -1.1156585237086134E-08  4.4035269782229682E-16  7.0740007101274348E-16
   2.9055776404766896E-16
    658944000.0000000      -2.469606963368796      -2.210334682744946    
  -0.8702142172182715      4.5521768917155610E-08 -2.3153256975106745E-08
  -1.1114698507501079E-08  4.3871518897647983E-16  7.0971789892020207E-16
   2.9124490256237792E-16
    659088000.0000000      -2.463047285382139      -2.213661384587333    
  -0.8718117114308660      4.5584833452841069E-08 -2.3050870871164228E-08
  -1.1072700477139887E-08  4.3719586243410728E-16  7.1239946488126884E-16
   2.9210427158292304E-16
    659232000.0000000      -2.456478541695454      -2.216973313823794    
  -0.8734031484225462      4.5647681608084616E-08 -2.2948073831179050E-08
  -1.1030566369815670E-08  4.3568607906972843E-16  7.1541623865545964E-16
   2.9313266303086119E-16
    659376000.0000000      -2.449900763687001      -2.220270407934338    
  -0.8749885068796390      4.5710308349928682E-08 -2.2844820378430226E-08
  -1.0988272617500349E-08  4.3410284729004898E-16  7.1872755269373398E-16
   2.9431774936683216E-16
    659520000.0000000      -2.443313984239133      -2.223552598295041    
  -0.8765677622431342      4.5772698347378156E-08 -2.2741071324112969E-08
  -1.0945797827079049E-08  4.3238516554607845E-16  7.2228809705631336E-16
   2.9564247323615657E-16
    659664000.0000000      -2.436718239006566      -2.226819811113854    
  -0.8781408870600617      4.5834828859555824E-08 -2.2636794075614290E-08
  -1.0903123241510338E-08  4.3049007941167188E-16  7.2605242520580010E-16
   2.9708784553976797E-16
    659808000.0000000      -2.430113567310551      -2.230071968371061    
  -0.8797078513758514      4.5896672040269990E-08 -2.2531962452459752E-08
  -1.0860232878169040E-08  4.2838871515860776E-16  7.2997734207916792E-16
   2.9863464096585949E-16
    659952000.0000000      -2.423500012740484      -2.233308988713936    
  -0.8812686231321381      4.5958196712635258E-08 -2.2426556259101311E-08
  -1.0817113481408868E-08  4.2606293700305414E-16  7.3402312259886032E-16
   3.0026439559440356E-16
    660096000.0000000      -2.416877623532274      -2.236530788280055    
  -0.8828231685491664      4.6019369711491978E-08 -2.2320560737881751E-08
  -1.0773754366889704E-08  4.2350267951118879E-16  7.3815402441197454E-16
   3.0195995150045904E-16
    660240000.0000000      -2.410246452778835      -2.239737281438445    
  -0.8843714524813948      4.6080156887020463E-08 -2.2213965986897855E-08
  -1.0730147212785403E-08  4.2070387906928475E-16  7.4233829640548898E-16
   3.0370567360975961E-16
    660384000.0000000      -2.403606558515746      -2.242928381448338    
  -0.8859134387417436      4.6140523845380531E-08 -2.2106766408052318E-08
  -1.0686285839343650E-08  4.1766685135772568E-16  7.4654778155931934E-16
   3.0548741599262001E-16
    660528000.0000000      -2.396958003715552      -2.246104001043026    
  -0.8874490903948478      4.6200436491781714E-08 -2.1998960209685237E-08
  -1.0642165996175888E-08  4.1439525222971752E-16  7.5075782116923543E-16
   3.0729256333925476E-16
    660672000.0000000      -2.390300856212976      -2.249264052942069    
  -0.8889783700190018      4.6259861446472937E-08 -2.1890548924581668E-08
  -1.0597785148090924E-08  4.1089515326204798E-16  7.5494673209964103E-16
   3.0910984609026458E-16
    660816000.0000000      -2.383635188579096      -2.252408450300512    
  -0.8905012399396324      4.6318766353893513E-08 -2.1781537001156340E-08
  -1.0553142286834780E-08  4.0717454765749710E-16  7.5909553769958444E-16
   3.1092925947617352E-16
    660960000.0000000      -2.376961077956203      -2.255537107103035    
  -0.8920176624370439      4.6377120115223041E-08 -2.1671931456804784E-08
  -1.0508237766971234E-08  4.0324288085232949E-16  7.6318761962571056E-16
   3.1274191724400194E-16
    661104000.0000000      -2.370278605862078      -2.258649938508598    
  -0.8935275999306933      4.6434893088520575E-08 -2.1561741529237136E-08
  -1.0463073140682590E-08  3.9911085874425752E-16  7.6720864203837294E-16
   3.1454002281029634E-16
    661248000.0000000      -2.363587857968191      -2.261746861147949    
  -0.8950310151409673      4.6492057249992284E-08 -2.1450978375079405E-08
  -1.0417651012427211E-08  3.9479021237302181E-16  7.7114625126315258E-16
   3.1631674150615135E-16
    661392000.0000000      -2.356888923856530      -2.264827793379835    
  -0.8965278712309226      4.6548586332972902E-08 -2.1339654791560604E-08
  -1.0371974903491093E-08  3.9029360188991486E-16  7.7499002069339147E-16
   3.1806617699350890E-16
    661536000.0000000      -2.350181896757100      -2.267892655507158    
  -0.8980181319285295      4.6604455958444720E-08 -2.1227784936147603E-08
  -1.0326049115517127E-08  3.8563457394093055E-16  7.7873149745032450E-16
   3.1978339408410761E-16
    661680000.0000000      -2.343466873267090      -2.270941369952241    
  -0.8995017616289975      4.6659643758756409E-08 -2.1115384040267934E-08
  -1.0279878590714399E-08  3.8082748942935678E-16  7.8236419874766762E-16
   3.2146442602862122E-16
    661824000.0000000      -2.336743953053230      -2.273973861391442    
  -0.9009787254770891      4.6714129484456737E-08 -2.1002468135758251E-08
  -1.0233468775660707E-08  3.7588742877303572E-16  7.8588361718293018E-16
   3.2310629328794841E-16
    661968000.0000000      -2.330013238538874      -2.276990056847771    
  -0.9024489894285276      4.6767895120116328E-08 -2.0889053716739133E-08
  -1.0186825454714725E-08  3.7083023486486212E-16  7.8928769043186770E-16
   3.2470722925660239E-16
    662112000.0000000      -2.323274834575743      -2.279989885733812    
  -0.9039125202866557      4.6820924967974285E-08 -2.0775157415643199E-08
  -1.0139954584552844E-08  3.6567233557838927E-16  7.9257693960337672E-16
   3.2626678055314410E-16
    662256000.0000000      -2.316528848103590      -2.282973279840995    
  -0.9053692857118225      4.6873205730404552E-08 -2.0660795580594789E-08
  -1.0092862079729854E-08  3.6043049538125365E-16  7.9575468539277247E-16
   3.2778595748531233E-16
    662400000.0000000      -2.309775387802584      -2.285940173269664    
  -0.9068192541999045      4.6924726537847615E-08 -2.0545983841954887E-08
  -1.0045553583615575E-08  3.5512160813635747E-16  7.9882779814265235E-16
   3.2926763483280518E-16
    662544000.0000000      -2.303014563743529      -2.288890502286390    
  -0.9082623950225042      4.6975478935623212E-08 -2.0430736560198499E-08
  -9.9980341749491831E-09  3.4976215028530160E-16  8.0180715661091207E-16
   3.3071685967479037E-16
    662688000.0000000      -2.296246487046883      -2.291824205097863    
  -0.9096986781219413      4.7025456771453824E-08 -2.0315066210592397E-08
  -9.9503080288364595E-09  3.4436739342708224E-16  8.0470824895422449E-16
   3.3214125611334063E-16
    662832000.0000000      -2.289471269567044      -2.294741221529032    
  -0.9111280739526926      4.7074655948875426E-08 -2.0198982664014196E-08
  -9.9023780089070606E-09  3.3895028011810556E-16  8.0755196372113155E-16
   3.3355155740446636E-16
    662976000.0000000      -2.282689023625400      -2.297641492589298    
  -0.9125505532583318      4.7123073983520711E-08 -2.0082492352344307E-08
  -9.8542451784404362E-09  3.3351975537894910E-16  8.1036533418339559E-16
   3.3496217154190578E-16
    663120000.0000000      -2.275899861826939      -2.300524959911588    
  -0.9139660867723477      4.7170709267688268E-08 -1.9965597345932599E-08
  -9.8059082342362900E-09  3.2807832291970719E-16  8.1318193003320176E-16
   3.3639165247926413E-16
