794354426 794368494
794369620 794371420
794372922 794378322
794461805 794476205
794477560 794488360
794489458 794511369
794511731 794511781
794512218 794520058
794524631 794533631
794536346 794539946
794540650 794546050
794548490 794561090
794561754 794583354
794585154 794586954
794594021 794613821
794615039 794620439
794630395 794657499
794658465 794665665
794666522 794677322
794678697 794689497
794690179 794691848
794696431 794700031
794701372 794708572
794709394 794714794
794718394 794720194
794724644 794742644
794743854 794760054
794760608 794776808
794781733 794803333
794803541 794815416
794815779 794817941
794818935 794836852
794838928 794840728
794885406 794892606
794893958 794901158
794902336 794904136
794905581 794907381
794908433 794912033
794912809 794918209
794919479 794921279
794922249 794924049
794926166 794933366
794933965 794946565
794947208 794952608
794957673 794964873
794966125 794967925
794968869 794987004
794993013 795006669
795009766 795015166
795149016 795150816
795151622 795155222
795157301 795162701
795163667 795165467
795169741 795211141
795219696 795221496
795222151 795223951
795227188 795236188
795237393 795242793
795243969 795261866
795262594 795276369
795278442 795280242
795283670 795285470
795493128 795520128
795524726 795533726
795537855 795539655
795540693 795544293
795544800 795546600
795548419 795555619
795562102 795565702
795570071 795574335
795583735 795585670
795586322 795589922
795590713 795626713
