794053883 0
794056419 0
794058219 0
794060019 0
794061819 0
794063619 0
794065419 0
794067219 0
794069019 0
794070819 0
794072619 0
794074419 0
794076219 0
794078019 0
794079819 0
794081619 0
794083419 0
794085219 0
794087019 0
794096158 0
794097958 0
794099758 0
794101879 0
794103679 0
794105479 0
794107279 0
794109079 0
794110879 0
794112679 0
794114479 0
794116279 0
794118874 0
794133988 0
794135788 0
794137588 0
794139388 0
794141188 0
794145422 0
794147944 0
794158579 0
794160379 0
794162179 0
794163979 0
794165779 0
794167579 0
794169379 0
794171179 0
794172979 0
794174779 0
794177472 0
794179272 0
794181072 0
794182872 0
794184672 0
794186472 0
794188272 0
794190072 0
794191872 0
794193672 0
794195472 0
794206397 0
794208197 0
794209997 0
794216733 0
794218533 0
794220333 0
794222133 0
794223933 0
794225733 0
794227533 0
794229333 0
794231133 0
794232933 0
794235753 0
794237553 0
794239353 0
794241153 0
794242953 0
794244753 0
794246553 0
794248353 0
794250153 0
794251953 0
794255254 0
794257054 0
794259849 0
794261649 0
794264981 0
794266781 0
794269767 0
794271567 0
794274559 0
794276359 0
794279044 0
794280844 0
794282644 0
794284444 0
794286244 0
794288044 0
794289844 0
794291644 0
794293444 0
794295244 0
794297044 0
794299537 0
794301337 0
794303137 0
794304937 0
794306737 0
794308537 0
794310337 0
794312137 0
794313937 0
794315737 0
794317537 0
794319337 0
794321137 0
794322937 0
794324737 0
794326537 0
794625269 0
794627069 0
794629377 0
794631177 0
794632977 0
794634777 0
794636577 0
794638377 0
794641198 0
794642998 0
794644798 0
794646598 0
794651946 0
794653746 0
794655546 0
794658261 0
794660061 0
794661861 0
794663661 0
794665461 0
794667261 0
794669061 0
794674103 0
794676797 0
794678597 0
794685144 0
794686944 0
794688744 0
794691607 0
794699442 0
794702590 0
794704390 0
794706190 0
794707990 0
794709790 0
794711590 0
794713390 0
794715190 0
794716990 0
794718790 0
794720590 0
794722390 0
794726557 0
794728357 0
794731059 0
794732859 0
794737362 0
794739162 0
794740962 0
794742762 0
794744562 0
794746362 0
794748162 0
794749962 0
794751762 0
794753562 0
794755362 0
794757162 0
794758962 0
794760885 0
794875424 0
794877224 0
794879024 0
794886273 0
794888073 0
794889873 0
794891673 0
794893473 0
794895273 0
794897073 0
794898873 0
794900673 0
794902473 0
794904273 0
794906073 0
794907873 0
794909673 0
794911473 0
794913273 0
794915073 0
794916873 0
794920151 0
794923011 0
794924811 0
794926611 0
794930043 0
794931843 0
794937353 0
794942785 0
794944585 0
794947020 0
794948820 0
794950620 0
794952420 0
794957022 0
794959736 0
794961536 0
794963336 0
794965669 0
794967469 0
794969804 0
794972003 0
794973803 0
794975603 0
794977403 0
794979203 0
794981003 0
794982803 0
794985798 0
794987598 0
794989398 0
794991198 0
794992998 0
794994798 0
795001884 0
795005185 0
795008853 0
795010653 0
795012453 0
795014253 0
795115986 0
795117786 0
795119586 0
795124900 0
795126700 0
795128500 0
795130300 0
795133048 0
795134848 0
795136648 0
795138448 0
795140248 0
795142048 0
795143848 0
795145648 0
795147448 0
795149248 0
795151048 0
795152848 0
795155115 0
795160165 0
795161965 0
795163765 0
795165565 0
795167365 0
795169165 0
795172099 0
795173899 0
795175699 0
795177499 0
795179299 0
795181099 0
795183624 0
795185424 0
795187694 0
795189494 0
795191294 0
795193094 0
795195077 0
795196877 0
795198677 0
795201073 0
795202873 0
795204673 0
795206473 0
795209005 0
795210805 0
795212605 0
795224251 0
795226051 0
795227851 0
795229651 0
795231451 0
795233707 0
795235507 0
795237307 0
795239107 0
795240907 0
795242707 0
795244507 0
795408715 0
795410515 0
795412315 0
795414115 0
795415915 0
795417715 0
795419515 0
795421315 0
795423115 0
795424915 0
795426715 0
795429044 0
795430844 0
795432644 0
795434444 0
795436244 0
795438044 0
795439844 0
795441644 0
795450029 0
795451829 0
795453629 0
795455429 0
795461254 0
795463054 0
795464854 0
795466654 0
795468454 0
795472694 0
795474494 0
795476294 0
795478094 0
795479894 0
795481694 0
795483494 0
795485294 0
795487094 0
795489555 0
795491355 0
795493155 0
795494955 0
795497960 0
795499760 0
795501560 0
795503360 0
795505160 0
795506960 0
795508760 0
795510560 0
795512360 0
795515482 0
795524915 0
795529035 0
795531859 0
795533659 0
795535459 0
795537259 0
795539059 0
795541955 0
795543755 0
795553209 0
795556242 0
795558042 0
795559842 0
795563127 0
795566640 0
795569160 0
795570960 0
795572760 0
795574560 0
795576360 0
795578160 0
795579960 0
795581760 0
795583560 0
795585360 0
795587160 0
795588960 0
795591840 0
795593640 0
795595440 0
795597240 0
795599040 0
795603329 0
795605129 0
795606929 0
795610656 0
795612456 0
795614256 0
795616056 0
795617856 0
795619656 0
795621456 0
795623256 0
795625056 0
795626856 0
795628656 0
795631663 0
795633463 0
795635263 0
795637063 0
795638863 0
795642959 0
795646964 0
795648764 0
795650564 0
795652364 0
795654164 0
795655964 0
795657764 0
795659564 0
795661364 0
795663164 0
795664964 0
795666764 0
795668564 0
795671479 0
795673279 0
795675079 0
795676879 0
