Start GPS	Stop GPS	duration(sec)

729297737 729300069 2332
729303597 729304608 1011
729309906 729310302 396
729312482 729317498 5016
729322734 729323929 1195
729326733 729371397 44664
729373985 729378432 4447
729380506 729381110 604
729381839 729385037 3198
729387278 729403681 16403
729404378 729438826 34448
729439373 729456763 17390
729459255 729472928 13673
729474131 729493271 19140
729497165 729498959 1794
729508651 729513247 4596
729514900 729526803 11903
729528773 729531105 2332
729534866 729535843 977
729538251 729545094 6843
729545207 729548068 2861
729549214 729551079 1865
729552059 729568237 16178
729576758 729579432 2674
729582946 729627463 44517
729627823 729638996 11173
729645995 729648606 2611
729676111 729686227 10116
729688371 729712756 24385
729719126 729729112 9986
729742727 729744541 1814
729745266 729749845 4579
729754417 729771598 17181
729774752 729779913 5161
729786491 729787187 696
729829577 729830070 493
729830355 729832504 2149
729842600 729851480 8880
729852255 729886047 33792
729888322 729889101 779
729892822 729893182 360
729907481 729907808 327
729915047 729917193 2146
729919476 729928193 8717
729929443 729949558 20115
729955578 729968164 12586
729970905 729973849 2944
729975778 729980020 4242
729981784 729993550 11766
729995493 729997478 1985
730002370 730007342 4972
730008028 730012341 4313
730013725 730014602 877
730020093 730022078 1985
730023812 730054327 30515
730058343 730058793 450
730059660 730060097 437
730076416 730081227 4811
730084519 730088269 3750
730093318 730109663 16345
730115590 730120457 4867
730127797 730139924 12127
730142271 730147183 4912
730151171 730151958 787
730152377 730155152 2775
730171706 730201013 29307
730210193 730227970 17777
730253537 730257158 3621
730259701 730262648 2947
730263346 730273736 10390
730274200 730287632 13432
730290186 730295140 4954
730295700 730299745 4045
730304635 730305391 756
730307103 730314488 7385
730316485 730321738 5253
730322560 730324527 1967
730330106 730332490 2384
730334400 730338776 4376
730339863 730342963 3100
730343842 730347344 3502
730350169 730353663 3494
730353969 730358402 4433
730358944 730361644 2700
730361939 730371098 9159
730371951 730378414 6463
730378915 730388741 9826
730389478 730395657 6179
730397906 730406261 8355
730408673 730411932 3259
730412656 730418469 5813
730419619 730429530 9911
730431196 730445086 13890
730446401 730448848 2447
730449986 730458345 8359
730459718 730472861 13143
730473872 730480988 7116
730487391 730495233 7842
730497814 730506496 8682
730508517 730516931 8414
730517959 730529763 11804
730530172 730536821 6649
730540451 730544770 4319
730546432 730548006 1574
730548019 730548893 874
730553536 730576325 22789
730580454 730582041 1587
730584041 730590154 6113
730592055 730594095 2040
730595705 730596160 455
730597835 730603902 6067
730604304 730604724 420
730606644 730607461 817
730611095 730613806 2711
730616533 730625296 8763
730626460 730635830 9370
730637521 730645815 8294
730649408 730654640 5232
730692554 730700349 7795
730701152 730713293 12141
730719915 730721661 1746
730724069 730739714 15645
730743361 730753707 10346
730758409 730761317 2908
730762256 730763248 992
730766095 730767661 1566
730770296 730777693 7397
730786356 730791251 4895
730792898 730805829 12931
730807515 730808328 813
730809548 730815556 6008
730816375 730818924 2549
730821435 730825621 4186
730829915 730834185 4270
730835031 730838612 3581
730839120 730845645 6525
730848715 730851545 2830
730857536 730870738 13202
730871137 730872508 1371
730872912 730880279 7367
730880436 730883901 3465
730884221 730884826 605
730885265 730892673 7408
730898483 730899994 1511
730900459 730903313 2854
730903878 730910556 6678
730917897 730923587 5690
730924941 730926006 1065
730931113 730936901 5788
730937500 730939666 2166
730950379 730951543 1164
730953888 730955410 1522
730955670 730957993 2323
730973365 730974609 1244
730979970 730981699 1729
730983435 730987092 3657
730987957 730998447 10490
731000717 731005363 4646
731007656 731013497 5841
731014799 731017236 2437
731048054 731051536 3482
731052460 731053070 610
731053163 731053776 613
731055060 731058856 3796
731061515 731072505 10990
731075064 731079694 4630
731081864 731089409 7545
731092316 731103814 11498
731124806 731137158 12352
731137902 731143523 5621
731143984 731164944 20960
731166756 731171233 4477
731172061 731181269 9208
731183046 731204503 21457
731206515 731249536 43021
731251592 731256829 5237
731285824 731289210 3386
731312012 731320218 8206
731320678 731335179 14501
731336148 731339355 3207
731342133 731348823 6690
731350380 731355228 4848
731366843 731367852 1009
731368572 731370458 1886
731379045 731389303 10258
731415096 731417854 2758
731422129 731422797 668
731425804 731431451 5647
731510284 731512593 2309
731544538 731546441 1903
731560921 731563300 2379
731563409 731565078 1669
731654691 731655428 737
731656863 731658348 1485
731674509 731675620 1111
731678251 731682168 3917
731683714 731687851 4137
731688794 731692602 3808
731695291 731698565 3274
731716967 731717736 769
731732435 731733627 1192
731738187 731743210 5023
731754700 731759260 4560
731849042 731851694 2652
731859941 731862101 2160
731995312 731998105 2793
731998522 732010128 11606
732011289 732013861 2572
732015941 732025131 9190
732025592 732027495 1903
732029179 732032051 2872
732033780 732037336 3556
732038153 732039814 1661
732054101 732057262 3161
732063026 732089372 26346
732094648 732110633 15985
732113528 732113993 465
732114631 732115956 1325
732118320 732119609 1289
732121129 732124315 3186
732124863 732131081 6218
732132089 732135763 3674
732140570 732145515 4945
732145759 732148702 2943
732151149 732164000 12851
732164741 732208907 44166
732213216 732223912 10696
732224722 732231786 7064
732245657 732249314 3657
732256342 732267440 11098
732274739 732275499 760
732276613 732291940 15327
732292232 732301946 9714
732303404 732314673 11269
732317012 732323202 6190
732332003 732334925 2922
732335361 732339815 4454
732340395 732345091 4696
732352166 732386527 34361
732386967 732397141 10174
732406708 732407348 640
732413106 732423694 10588
732424044 732439904 15860
732441747 732446370 4623
732452009 732454890 2881
732460651 732476334 15683
732488130 732492126 3996
732504846 732507062 2216
732507292 732513055 5763
732513840 732532406 18566
732534540 732542324 7784
732548660 732550528 1868
732551581 732555682 4101
732560228 732561346 1118
732563021 732564697 1676
732572697 732577816 5119
732583006 732585302 2296
732586306 732593507 7201
732597633 732599876 2243
732599944 732605741 5797
732607430 732613927 6497
732616437 732617020 583
732626692 732631729 5037
732632921 732637500 4579
732639471 732644616 5145
732649992 732656906 6914
732660517 732663607 3090
732665893 732668479 2586
732668785 732672546 3761
732675167 732680172 5005
732682190 732686722 4532
732692382 732700039 7657
732701871 732720098 18227
732725220 732731993 6773
732733296 732734896 1600
732748492 732749486 994
732760214 732792771 32557
732800347 732813288 12941
732818021 732825290 7269
732826786 732829622 2836
732831262 732836367 5105
732842506 732851063 8557
732853327 732859111 5784
732861779 732878077 16298
732878766 732881798 3032
732885372 732890670 5298
732891811 732894924 3113
732898830 732901800 2970
732914135 732917767 3632
732920107 732925996 5889
732928631 732956839 28208
732957974 732984273 26299
732984747 732990982 6235
732991216 733005617 14401
733006629 733010231 3602
733011375 733012585 1210
733013264 733015410 2146
733020594 733025158 4564
733026943 733034644 7701
733035567 733060317 24750
733060960 733075402 14442
733079498 733086446 6948
733101634 733108458 6824
733109269 733123737 14468
733125353 733149135 23782
733152030 733167039 15009
733197320 733218762 21442
733220097 733223964 3867
733225537 733229102 3565
733233691 733255532 21841
733282483 733289777 7294
733290506 733311043 20537
733311915 733320992 9077
733321763 733323670 1907
733324227 733337258 13031
733357083 733361867 4784
733361893 733367173 5280
733367190 733372179 4989
733374647 733375278 631
733380659 733392493 11834
733394192 733398970 4778
733400935 733405169 4234
733406475 733421355 14880
733447904 733449662 1758
733451743 733452605 862
733454667 733463946 9279
733465284 733484976 19692
733487756 733497746 9990
733497938 733506687 8749
733507705 733508087 382
733518400 733524316 5916
733526151 733528909 2758
733536751 733537328 577
733538102 733538644 542
733538858 733548092 9234
733548339 733555693 7354
733555863 733568456 12593
733570245 733578665 8420
733580113 733590128 10015
733591948 733595923 3975
733596419 733601714 5295
733603173 733611747 8574
733615131 733616245 1114
733623215 733635551 12336
733641160 733673065 31905
733675163 733687662 12499
733688019 733691133 3114
733691464 733694678 3214
733697635 733700304 2669
733712282 733715518 3236
733718071 733730539 12468
733733674 733748687 15013
733751087 733761310 10223
733762466 733766115 3649
733769743 733772065 2322
733783107 733791447 8340
733792003 733794285 2282
733794426 733797107 2681
733797371 733800854 3483
733801602 733815031 13429
733815698 733825206 9508
733828920 733841570 12650
733842067 733847551 5484
733847871 733855659 7788
733860013 733863875 3862
733868148 733874918 6770
733878437 733879540 1103
733880215 733881212 997
733885346 733887766 2420
733888542 733896820 8278
733897733 733910741 13008
733912194 733919304 7110
733920029 733930750 10721
733933632 733935417 1785
733936965 733947495 10530
733959414 733964295 4881
733966002 733971699 5697
733972402 733972754 352
733972755 733982275 9520
733982599 733990051 7452
733990414 733993073 2659
733994160 733998219 4059
733998938 734004563 5625
734008416 734012395 3979


