H2 science mode segment list
START-GPS   STOP-GPS   LENGTH
751654515 751654755 240
751654991 751657995 3004
751658055 751668255 10200
751674735 751675815 1080
751676595 751682105 5510
751682655 751685115 2460
751685582 751689015 3433
751689075 751693335 4260
751693395 751694175 780
751694295 751694655 360
751696875 751698135 1260
751698616 751700355 1739
751700415 751702155 1740
751702875 751716615 13740
751730295 751738575 8280
751746795 751755735 8940
751761555 751763715 2160
751764615 751766115 1500
751767255 751775055 7800
751775595 751777695 2100
751782785 751783085 300
751784156 751785716 1560
751785742 751785862 120
751785902 751786082 180
751786115 751786415 300
751786478 751786715 237
751787505 751788044 539
751790210 751801070 10860
751801127 751802147 1020
751802173 751802293 120
751802303 751802483 180
751802503 751802683 180
751802700 751802760 60
751802819 751803599 780
751803617 751803797 180
751803806 751803926 120
751803965 751804865 900
751804905 751815944 11039
751820176 751820236 60
751820315 751820375 60
751820390 751820510 120
751820542 751820662 120
751820717 751821017 300
751821030 751821150 120
751821160 751822000 840
751822057 751823977 1920
751824003 751828743 4740
751833843 751836243 2400
751836249 751836309 60
751841460 751841564 104
751842300 751852500 10200
751852510 751854130 1620
751854191 751854371 180
751854394 751854574 180
751854589 751854709 120
751854759 751855419 660
751855450 751856110 660
751856130 751869450 13320
751869486 751870386 900
751870427 751870547 120
751870592 751870892 300
751870910 751871030 120
751871073 751871253 180
751871261 751871321 60
751872321 751872921 600
751872954 751885134 12180
751885173 751887153 1980
751887211 751887331 120
751887385 751887505 120
751887552 751887852 300
751887878 751888178 300
751888185 751888305 120
751888345 751888405 60
751888417 751888957 540
751890297 751903497 13200
751903562 751903802 240
751903858 751903978 120
751904000 751904780 780
751907417 751916117 8700
751925161 751925341 180
751925369 751930109 4740
751932809 751937609 4800
751939089 751939869 780
751939908 751940568 660
751940624 751943435 2811
751948424 751968824 20400
751970504 751981124 10620
751987252 751987304 52
751987484 751998524 11040
752004644 752011535 6891
752015084 752016344 1260
752035064 752040816 5752
752040817 752041513 696
752265013 752270740 5727
752272180 752272300 120
752273020 752274940 1920
752276380 752280460 4080
752282260 752294500 12240
752294514 752294634 120
752294676 752297616 2940
752306796 752343576 36780
752345616 752354076 8460
752355576 752368116 12540
752370696 752385396 14700
752388276 752396316 8040
752400996 752402556 1560
752411076 752416236 5160
752419356 752419536 180
752421456 752429196 7740
752433396 752437896 4500
752438496 752443296 4800
752446236 752453796 7560
752461116 752462016 900
752463156 752476176 13020
752478096 752487995 9899
752491836 752492856 1020
752495616 752495916 300
752498676 752498793 117
752504796 752512476 7680
752518296 752520096 1800
752523636 752529690 6054
752531196 752534136 2940
752580099 752585259 5160
752585308 752588428 3120
752593108 752604868 11760
752631688 752636848 5160
752638408 752639668 1260
752665768 752670327 4559
752670928 752673448 2520
752673530 752677604 4074
752681090 752684024 2934
752686010 752692964 6954
752702990 752704304 1314
752706470 752709290 2820
752709344 752711204 1860
752712344 752713304 960
752716004 752730224 14220
752734844 752776304 41460
752776325 752783144 6819
752785565 752789444 3879
752791565 752795324 3759
752796005 752798804 2799
752800505 752801885 1380
752813825 752820044 6219
752822525 752831744 9219
752833745 752835824 2079
752836625 752838764 2139
752839325 752846264 6939
752846465 752871284 24819
752873765 752875604 1839
752876765 752877524 759
752878205 752884484 6279
752885645 752886104 459
752891045 752892005 960
752894525 752904704 10179
752905505 752906684 1179
752907065 752907404 339
752907845 752908124 279
752908865 752915204 6339
752916185 752918864 2679
752919665 752921984 2319
752924285 752925344 1059
752926925 752927144 219
752927585 752929664 2079
752930345 752931524 1179
752932385 752933924 1539
752946464 752947531 1067
752951081 752962590 11509
752965841 752966501 660
752969801 752974541 4740
752976281 752977537 1256
752982461 752984261 1800
752988221 752992361 4140
752993741 753028841 35100
753143242 753144262 1020
753149062 753150622 1560
753154402 753156742 2340
753161422 753163942 2520
753164542 753174802 10260
753175702 753176182 480
753180982 753182362 1380
753243692 753245552 1860
753251072 753255272 4200
753257792 753258632 840
753260732 753261932 1200
753263492 753265291 1799
753266192 753266792 600
753268232 753268772 540
753270152 753270265 113
753334196 753334364 168
753340136 753340964 828
753342056 753342644 588
753350216 753350504 288
753351656 753351824 168
753352316 753353804 1488
753354656 753355124 468
753355736 753356684 948
753357236 753357824 588
753360836 753370844 10008
753373676 753377864 4188
753381296 753383624 2328
753385616 753389504 3888
753390056 753396344 6288
753397196 753399224 2028
753405176 753405567 391
753405568 753406261 693
753406262 753406604 342
753407096 753407624 528
753408236 753408464 228
753409136 753416444 7308
753418496 753421184 2688
753422036 753422684 648
753424136 753424364 228
753426296 753427724 1428
753428756 753430904 2148
753432776 753433076 300
753433136 753434984 1848
753436136 753436544 408
753441056 753441776 720
753441896 753443744 1848
753444656 753463184 18528
753466736 753475904 9168
753477596 753479144 1548
753479876 753480644 768
753481496 753486104 4608
753487196 753489104 1908
753490196 753492284 2088
753493196 753493724 528
753495296 753499676 4380
753499735 753503864 4129
753504415 753529555 25140
753529626 753534224 4598
753537606 753542864 5258
753544326 753554384 10058
753555486 753625304 69818
753629886 753629984 98
753631926 753642824 10898
753644406 753653264 8858
753655686 753659624 3938
753661266 753680264 18998
753682086 753682484 398
753683466 753688124 4658
753690366 753691784 1418
753693966 753696524 2558
753706626 753712124 5498
753713526 753715664 2138
753717006 753719024 2018
753720126 753720906 780
753721086 753729486 8400
753749346 753752924 3578
753753666 753771404 17738
753773046 753780644 7598
753781986 753784484 2498
753785946 753789284 3338
753841746 753841904 158
753887779 753888379 600
753934790 753934964 174
753935690 753944444 8754
753946670 753948764 2094
753951110 753956744 5634
753958130 753970244 12114
753971390 753995564 24174
754006850 754073804 66954
754102190 754103073 883
754103074 754103643 569
754103644 754110464 6820
754113350 754115680 2330
754117370 754117724 354
754138263 754139204 941
754140243 754140704 461
754143183 754143764 581
754148523 754154144 5621
754158723 754160684 1961
754167123 754186664 19541
754189323 754204484 15161
754205943 754231964 26021
754233183 754246724 13541
754247583 754278764 31181
754279623 754304283 24660
754304337 754330724 26387
754334037 754344524 10487
754345737 754347897 2160
754348677 754354857 6180
754361037 754411813 50776
754503340 754506760 3420
754507360 754511071 3711
754527287 754527884 597
754529807 754534844 5037
754539707 754554344 14637
754560467 754574507 14040
754574564 754586684 12120
754590468 754594128 3660
754594157 754594937 780
754594965 754595445 480
754595478 754596258 780
754596309 754599104 2795
754604889 754606004 1115
754637415 754637955 540
754662275 754669715 7440
754669955 754672175 2220
754677935 754685435 7500
754687355 754689575 2220
754692875 754695275 2400
754703915 754713095 9180
754713335 754744535 31200
754749155 754754435 5280
754755275 754757315 2040
754757975 754762895 4920
754765115 754767515 2400
754772615 754773875 1260
754774595 754777955 3360
754778504 754782995 4491
754783664 754845684 62020
754847315 754863095 15780
754863575 754877135 13560
754879055 754883975 4920
754884644 754890635 5991
754891124 754898975 7851
754901075 754902755 1680
754903895 754907915 4020
754908755 754917155 8400
754917995 754932695 14700
754934675 754942415 7740
754943315 754949315 6000
754951235 754951955 720
754951978 754957124 5146
754958458 754959358 900
754959898 754993904 34006
754994518 755009444 14926
755010658 755025944 15286
755026858 755027564 706
755037088 755039788 2700
755042188 755043985 1797
755045068 755045607 539
755053648 755064208 10560
755071768 755075428 3660
755076328 755095108 18780
755096608 755114668 18060
755117188 755119048 1860
755119948 755125345 5397
755127208 755128281 1073
755135848 755165848 30000
755167468 755190628 23160
755192128 755199568 7440
755201008 755202022 1014
755203348 755205628 2280
755206408 755207248 840
755208328 755210248 1920
755210788 755212888 2100
755213608 755213968 360
755214868 755215401 533
755219968 755248168 28200
755251168 755252908 1740
755255128 755263828 8700
755267248 755279118 11870
755282608 755286319 3711
755298088 755300187 2099
755301628 755304568 2940
755305828 755306308 480
755309128 755332408 23280
755334268 755357908 23640
755359408 755369839 10431
755371888 755378068 6180
755379208 755400921 21713
755403088 755407348 4260
755413648 755418148 4500
755424808 755427328 2520
755455620 755460704 5084
755463420 755463524 104
755469780 755471504 1724
755476800 755477024 224
755480160 755480324 164
755482260 755482544 284
755486460 755486984 524
755488500 755494904 6404
755497140 755500964 3824
755503980 755505944 1964
755510040 755517284 7244
755518500 755519204 704
755520720 755523464 2744
755525160 755529524 4364
755532000 755540640 8640
755543220 755543804 584
755544840 755545544 704
755546280 755546744 464
755547960 755551484 3524
755552940 755553944 1004
755555580 755556644 1064
755557740 755559044 1304
755559600 755560664 1064
755561700 755563124 1424
755565000 755567684 2684
755569140 755569904 764
755570640 755579204 8564
755579880 755585024 5144
755585880 755600924 15044
755602140 755605964 3824
755606520 755610464 3944
755611200 755612744 1544
755614260 755615444 1184
755618100 755620064 1964
755622060 755622944 884
755628300 755628764 464
755648340 755648624 284
755663700 755663984 284
755669040 755670284 1244
755674440 755675264 824
755679000 755681684 2684
755682660 755683364 704
755686260 755686964 704
755688660 755688824 164
755692020 755692304 284
755693400 755693684 284
755705760 755709224 3464
755721480 755721584 104
755723040 755723384 344
755727360 755727524 164
755730360 755730824 464
755733780 755734184 404
755735160 755735264 104
755737620 755737724 104
755738640 755738804 164
755740560 755741744 1184
755742600 755743724 1124
755744400 755744564 164
755748000 755748464 464
755749140 755750924 1784
755751600 755758364 6764
755759220 755760404 1184
755761080 755762084 1004
755763480 755764424 944
755764980 755765924 944
755766540 755771864 5324
755772600 755772704 104
755773560 755776544 2984
755777160 755797244 20084
755800260 755803080 2820
755805660 755805764 104
755806980 755808464 1484
755809920 755810384 464
755811000 755811764 764
755814540 755814944 404
755816340 755816864 524
755818860 755819264 404
755820000 755820464 464
755822100 755822504 404
755823480 755824064 584
755829180 755830784 1604
755831984 755832041 57
755832064 755832524 460
755833324 755834684 1360
755835244 755841404 6160
755841964 755847224 5260
755848684 755868524 19840
755869264 755870144 880
755870764 755878604 7840
755879884 755880344 460
755884924 755885504 580
755887804 755888324 520
755889604 755892404 2800
755895544 755896004 460
755917031 755918504 1473
755919851 755925164 5313
755925971 755931164 5193
755932511 755934464 1953
755935031 755939144 4113
755940071 755945384 5313
755946191 755961824 15633
755963111 755972084 8973
755974571 755977064 2493
755978831 755982944 4113
755984471 755986304 1833
755987411 755992064 4653
755992871 755992904 33
755993204 755993261 57
755994060 755995004 944
755995980 755997164 1184
755999760 756001424 1664
756002460 756012704 10244
756013440 756018704 5264
756019440 756024164 4724
756024960 756027824 2864
756028500 756047984 19484
756048540 756056100 7560
756062700 756068084 5384
756068640 756078704 10064
756079380 756091724 12344
756093300 756101684 8384
756102660 756113564 10904
756114180 756118664 4484
756119460 756144464 25004
756145680 756150284 4604
756152160 756155864 3704
756161520 756161804 284
756165840 756166304 464
756167220 756167564 344
756168600 756168884 284
756171060 756172364 1304
756173400 756177704 4304
756178740 756181604 2864
756182220 756183044 824
756184200 756186764 2564
756187620 756194504 6884
756195120 756204524 9404
756205500 756207300 1800
756209393 756220844 11451
756222053 756223904 1851
756224633 756232124 7491
756234053 756234643 590
756235373 756237524 2151
756238193 756238784 591
756239813 756242804 2991
756244613 756245204 591
756246653 756246944 291
756247673 756249344 1671
756250013 756250184 171
756254333 756255044 711
756255773 756256544 771
756259493 756265844 6351
756266453 756267044 591
756267653 756270764 3111
756271613 756272384 771
756272993 756285644 12651
756287393 756288644 1251
756289433 756291405 1972
756291406 756294164 2758
756295613 756296024 411
756298613 756298724 111
756300893 756302204 1311
756303833 756304244 411
756304793 756307505 2712
756307506 756307748 242
756307749 756307904 155
756308753 756308864 111
756314153 756314744 591
756316193 756318164 1971
756323093 756323864 771
756331313 756333884 2571
756334673 756335864 1191
756337193 756337364 171
756338453 756339044 591
756353873 756354044 171
756354953 756356203 1250
756363653 756363824 171
756393353 756397064 3711
756398753 756400124 1371
756401933 756402104 171
756403013 756405704 2691
756406493 756408884 2391
756410633 756412364 1731
756415913 756417584 1671
756419513 756420944 1431
756422693 756426824 4131
756428993 756430784 1791
756431513 756435404 3891
756436013 756438284 2271
756439253 756439724 471
756441233 756442484 1251
756444293 756450764 6471
756452093 756452204 111
756453113 756468464 15351
756469793 756478566 8773
756478567 756478908 341
756478909 756478964 55
756480353 756486404 6051
756489353 756493364 4011
756495233 756500153 4920
756501413 756506084 4671
756511193 756511784 591
756515453 756533444 17991
756534173 756536924 2751
756537473 756537822 349
756538373 756539744 1371
756540173 756558884 18711
756559493 756571484 11991
756572393 756573884 1491
756576353 756576884 531
756581633 756600704 19071
756601853 756602624 771
756605513 756607724 2211
756608213 756611864 3651
756612593 756631484 18891
756632633 756640433 7800
756640488 756641028 540
756641137 756641197 60
756641224 756641464 240
756641542 756648442 6900
756678313 756679424 1111
756680953 756688724 7771
756689353 756690104 751
756690613 756697244 6631
756698173 756720673 22500
756720853 756738164 17311
756739693 756742844 3151
756743953 756745724 1771
756746773 756747344 571
756748093 756748664 571
756753253 756753464 211
756754933 756755024 91
756759793 756760904 1111
756761653 756761744 91
756762973 756765524 2551
756767653 756767804 151
756769333 756772784 3451
756774073 756780704 6631
756781873 756785564 3691
756786433 756791444 5011
756792253 756796964 4711
756797653 756813644 15991
756815173 756825884 10711
756826813 756835124 8311
756836773 756846704 9931
756848053 756852104 4051
756853333 756855524 2191
756856573 756858944 2371
756861673 756862604 931
756863113 756867284 4171
756867793 756886724 18931
756888613 756893924 5311
756894793 756903944 9151
756904513 756917593 13080
756917633 756917753 120
756917780 756924560 6780
756926180 756933200 7020
756934460 756938240 3780
756939260 756939800 540
756941660 756942260 600
756947600 756950403 2803
756954766 756961904 7138
756962746 756987584 24838
756988246 756997184 8938
756997846 757007264 9418
757008406 757010622 2216
757011586 757012244 658
757014346 757015904 1558
757018006 757019984 1978
757020886 757021662 776
757041766 757044044 2278
757046326 757048184 1858
757058986 757062164 3178
757064866 757069596 4730
757070506 757078784 8278
757080106 757084664 4558
757086166 757092584 6418
757093786 757094684 898
757096486 757096966 480
757128586 757142984 14398
757144186 757153364 9178
757154986 757178624 23638
757190326 757191884 1558
757193806 757198724 4918
757199446 757201784 2338
757202806 757207659 4853
757209046 757209524 478
757210246 757224282 14036
757225186 757229624 4438
757230406 757238384 7978
757239166 757246424 7258
757247506 757262321 14815
757263166 757268615 5449
757269706 757270300 594
757270906 757272456 1550
757273066 757277204 4138
757277806 757306897 29091
757307986 757313075 5089
757315126 757315606 480
757315726 757316446 720
757316866 757317406 540
757317586 757317884 298
757320826 757324724 3898
757325446 757330004 4558
757332406 757356826 24420
757370146 757375600 5454
757376064 757376686 622
757378486 757381005 2519
757381006 757381467 461
757381468 757381472 4
757381473 757381478 5
757381479 757381503 24
757381504 757382851 1347
757382852 757382875 23
757382876 757382926 50
757384256 757413224 28968
757414186 757414664 478
757415266 757417246 1980
757418026 757452344 34318
757462786 757464457 1671
757465546 757467284 1738
757468546 757469616 1070
757471246 757472264 1018
757473346 757477364 4018
757478386 757479044 658
757481506 757493744 12238
757495006 757497164 2158
757504126 757507904 3778
757509226 757511144 1918
757512766 757517563 4797
757518286 757519244 958
757519846 757521884 2038
757523086 757523204 118
757527166 757532506 5340
757543426 757544564 1138
757545406 757549664 4258
757554286 757554824 538
757555426 757559384 3958
757560166 757560704 538
757561726 757563164 1438
757564726 757571984 7258
757574206 757579476 5270
757580506 757590106 9600
757590108 757609484 19376
757617768 757618904 1136
757620168 757628204 8036
757628928 757631924 2996
757636788 757637624 836
757638288 757639064 776
757640148 757642244 2096
757643688 757644644 956
757646088 757649804 3716
757651068 757669357 18289
757673328 757674528 1200
757674529 757674584 55
757676209 757689524 13315
757690189 757699213 9024
