0.0        0.25     4000     0.005           0.005            /*0.25_Hz_lines*/
399.995    0.0      1        0.0             0.0             /*400Hz*/
0.0        60.0     20       0.5             0.5              /*60_Hz_lines*/  
0.0        16.0     100      0.0             0.0              /*16_Hz_lines*/
166.7      0.0      1        0.0             0.0              /*Calibration_line*/
346.0      0.0      1        4.0	     5.0              /*violin_modes_etc*/
221.85     0.0      1        0.01            0.01             /*6*36.975_H0:PEM-RADIO_LVEA*/
258.83     0.0      1        0.005           0.005            /*7*36.9757_H0:PEM-RADIO_LVEA*/
295.07      0.0      1        0.01	     0.01            /*sideband295.8*/
295.67      0.0      1        0.01	     0.01            /*sideband295.8*/
295.80      0.0      1        0.02	     0.02            /*8*36.975optical_lever_MMT3*/
295.93      0.0      1        0.01	     0.01            /*sideband295.8*/
296.53      0.0      1        0.01	     0.01            /*sideband295.8*/
323.3      0.0      1        0.0             0.0              /*sideband324*/
323.87     0.0      1        0.02            0.02            /*sideband324*/
324.0      0.0      1        0.02            0.02            /*HasSidebandsPEM-RADIO_LVEA*/
324.13     0.0      1        0.02            0.02            /*sideband324*/
324.7      0.0      1        0.0             0.0             /*sideband324*/
332.80     0.0      1        0.0             0.0             /*9*36.9778*/
335.12     0.0      1        0.01	     0.01            /*violin_FM_RM*/
335.59     0.0      1        0.01            0.01            /*violin_FM_RM*/
341.61     0.0      1        0.0	     0.01             /*violin_ITM*/
349.202    0.0      1        0.001           0.001           /*violin_ETMY*/
365.5      0.0      1        0.01	     0.01             /*violin_ETM*/
369.02     0.0      1        0.005           0.005           /*sideband369.75*/
369.62     0.0      1        0.005           0.005           /*sideband369.75*/
369.75     0.0      1        0.01            0.01            /*10*36.975*/
369.88     0.0      1        0.005           0.005           /*sideband369.75*/
370.48     0.0      1        0.005           0.005           /*sideband369.75*/
