0.	0.
8.34388178465128e-38	5.760818903523871e-24
8.343881607395307e-37	5.805133162791409e-24
8.343881607395308e-36	5.834675810275797e-24
8.343882065306572e-35	6.0193171687187474e-24
9.996202766442986e-34	8.567372349585077e-24
1.1565804220062021e-32	1.2112491864585328e-23
1.4044286638114772e-31	3.330935257960283e-23
4.808068341203561e-30	1.565761084781766e-22
1.5696017342743276e-28	8.493515472375815e-22
8.04978456712427e-27	7.710635144169232e-21
4.1042143538757366e-26	1.9365214960910374e-20
2.0083100915157784e-25	4.864937774018515e-20
9.508748927851612e-25	1.2215890960910378e-19
4.3504523551491656e-24	3.069482667454509e-19
1.9149553231017e-23	7.710634523773327e-19
8.058942969679517e-23	1.9365215551763618e-18
3.230933346224675e-22	4.865676562144875e-18
4.3446915360093e-22	6.124932422624241e-18
1.1855027474398753e-21	1.2223275932221746e-17
3.1665302391078896e-21	2.438746769209588e-17
8.310941494666186e-21	4.866415173015262e-17
2.1512966211474506e-20	9.712150615393501e-17
5.515319380178848e-20	1.9379985701184985e-16
7.218749463099568e-20	2.4402239909503606e-16
1.3457716547259552e-19	3.86787284903135e-16
2.5024112802273176e-19	6.130840895990061e-16
3.4111434087285864e-19	7.718020337050566e-16
4.1603454417042645e-19	9.719535704875516e-16
5.66731677631046e-19	1.2238047706489539e-15
1.0508325171157817e-18	1.939475836173265e-15
1.9464182436327094e-18	3.0753910078783486e-15
3.603613868095926e-18	4.875277986463308e-15
4.677489729719291e-18	6.1389652019670386e-15
6.3628983750667505e-18	7.725406165099138e-15
8.657920550313532e-18	9.73430736097266e-15
1.1772308389366019e-17	1.2252819525071327e-14
1.6010645514060187e-17	1.543604102861308e-14
2.0678386298177072e-17	1.9431685803272427e-14
2.812166064435867e-17	2.4468710013299107e-14
3.823263724451837e-17	3.0812996585001407e-14
4.9147172485473883e-17	3.8804286134320104e-14
6.682550084072947e-17	4.8870951104509205e-14
9.087470120945128e-17	6.153736798978858e-14
1.235060527922649e-16	7.747563427674888e-14
1.6795003640089459e-16	9.7638498902864e-14
2.1455359349495656e-16	1.2289747468836363e-13
2.389115037534656e-16	1.361916685674644e-13
2.7179248684408067e-16	1.548035531742328e-13
3.695343849171264e-16	1.9498156645634485e-13
4.804818544956114e-16	2.455733859091951e-13
6.447981271905883e-16	3.175097714561366e-13
6.518145183391203e-16	3.2940068562839787e-13
6.899836734247037e-16	3.861226015907774e-13
7.516096092819417e-16	4.881924952528865e-13
8.121721215600904e-16	5.881944069884947e-13
8.94699511643113e-16	7.184775209478187e-13
1.006223054272786e-15	8.833255807661291e-13
1.1557532762084346e-15	1.0864314177482573e-12
1.0410520760811439e-14	6.2263603734382636e-12
2.1439068343821364e-14	1.246484764044922e-11
3.880396589186126e-14	1.8711239681913936e-11
5.992355678406973e-14	2.496418772758712e-11
8.412755937359171e-14	3.122285168755354e-11
1.1114623674611431e-13	3.748666271785147e-11
1.4086795722547835e-13	4.375521593629468e-11
1.7326715429634109e-13	5.002821473455413e-11
2.0837099967459894e-13	5.630543769037622e-11
2.4624117858675514e-13	6.258671803543251e-11
2.869630397840665e-13	6.88719302134084e-11
3.30638765426743e-13	7.516097983549802e-11
3.773829337760773e-13	8.145379791958496e-11
4.273195427712222e-13	8.775033483399666e-11
4.805799848796931e-13	9.405055749095138e-11
5.364534001308937e-13	1.0035444609686541e-10
5.938518253333318e-13	1.0548207558404404e-10
6.629225696872023e-13	1.1173330291735412e-10
7.381677304525181e-13	1.1799043878311536e-10
8.201486182121378e-13	1.2425348318132775e-10
9.093526868932809e-13	1.305209589788785e-10
1.0063117044165499e-12	1.3679582044199318e-10
1.1115574387025482e-12	1.43076590437559e-10
1.2256068863407507e-12	1.493677003649143e-10
1.3489770439206325e-12	1.5566028742538244e-10
1.482155365369413e-12	1.6195287448585054e-10
1.6257327039322063e-12	1.682602328774465e-10
1.7802408275296156e-12	1.7456759126904247e-10
1.946122876095477e-12	1.808897209917663e-10
2.1239697028749043e-12	1.87226622045618e-10
2.314372161113012e-12	1.9356352309946968e-10
2.5176256774323573e-12	1.9990042415332133e-10
2.7343211050780547e-12	2.062520965383009e-10
2.9651970106064974e-12	2.1260376892328046e-10
3.2105488206402416e-12	2.1897021263938783e-10
3.4709673884244032e-12	2.2533665635549527e-10
3.747043567204096e-12	2.317178714027305e-10
4.039220496913155e-12	2.3811385778109364e-10
4.347941317485416e-12	2.4450984415945675e-10
4.673944595477273e-12	2.5092060186894773e-10
5.017525757511284e-12	2.573313595784387e-10
5.379423370143839e-12	2.6375688861905757e-10
5.759932859997497e-12	2.701971889908043e-10
6.159792793628651e-12	2.7663748936255097e-10
6.579298597659859e-12	2.830777897342977e-10
7.019188838647511e-12	2.895476327683001e-10
7.479906656525446e-12	2.9601747580230253e-10
7.962042904538778e-12	3.025020901674328e-10
8.465893009310062e-12	3.0898670453256307e-10
8.992195537395693e-12	3.1548609022882123e-10
1.0101522505097933e-11	3.285144042835932e-10
1.131675991698693e-11	3.4142454768934235e-10
1.2643225452268703e-11	3.5443809041298645e-10
1.4088747916441025e-11	3.6759934644790923e-10
1.5670905193546044e-11	3.8074583115170403e-10
1.7385856737490524e-11	3.9389231585549893e-10
1.9255907258277523e-11	4.0717174253944453e-10
2.1270716824117548e-11	4.2043639789226226e-10
2.344210249991288e-11	4.338339952252308e-10
2.5796652681693667e-11	4.472315925581992e-10
2.832107317144484e-11	4.6074736054019057e-10
3.1041952365196543e-11	4.743960705023327e-10
3.3959290262948776e-11	4.880447804644748e-10
3.707308686470154e-11	5.016787190954891e-10
4.039515923535712e-11	5.15445599706654e-10
4.3940278706043377e-11	5.293306509668419e-10
4.772173947477539e-11	5.433486442071804e-10
5.1724770210425284e-11	5.57470036765414e-10
5.5962665111008155e-11	5.716062006547755e-10
6.046201257255413e-11	5.858605351931598e-10
6.521099553016093e-11	6.002478117116949e-10
7.02347252467459e-11	6.146203168991021e-10
7.5519907524294e-11	6.292439347156829e-10
8.109165362572258e-11	6.438823238633916e-10
8.693962361924212e-11	6.587422829780181e-10
9.308745163465719e-11	6.736170134237725e-10
9.953661480508062e-11	6.886099145185499e-10
1.0628711313051236e-10	7.038539282425008e-10
1.133640578738698e-10	7.190979419664517e-10
1.2848694668257227e-10	7.500586520104449e-10
1.4494220955900764e-10	7.816545292929362e-10
1.6286869701577782e-10	8.13723089171519e-10
1.8221914079327364e-10	8.465449869376225e-10
2.031501170014504e-10	8.798395672998177e-10
2.2566162564030816e-10	9.140056561985565e-10
2.4972412404759113e-10	9.487921410046655e-10
2.7563303884585656e-10	9.841842503870166e-10
3.032258853926979e-10	1.0205660389549343e-9
3.326651483305217e-10	1.0575534520990943e-9
3.639212849970722e-10	1.095412373779798e-9
3.9715678003475583e-10	1.1341280326659173e-9
4.324750327614677e-10	1.1737004287574528e-9
4.697578725281849e-10	1.2142625040345547e-9
5.09138241315058e-10	1.2560505997952689e-9
5.506013677909594e-10	1.2978239242248554e-9
5.942949652671676e-10	1.3408528118003099e-9
6.403372043927053e-10	1.3863189690118612e-9
6.886099145185499e-10	1.4317851262234123e-9
7.392312662937241e-10	1.4772808260972192e-9
7.923489730295065e-10	1.5251399389514838e-9
8.479482633947692e-10	1.5743284716072554e-9
9.060291373895124e-10	1.6246987107532563e-9
9.66591595013736e-10	1.6750689498992568e-9
1.0299015202277415e-9	1.7279503153369935e-9
1.0958407423825058e-9	1.7808316807747299e-9
1.1645126607959241e-9	1.8360764591929243e-9
1.2359320467991245e-9	1.892650657412626e-9
1.3107636102928603e-9	1.9492248556323273e-9
1.3866439382966739e-9	2.0081624668324862e-9
1.4677385461886221e-9	2.0684294978341528e-9
1.5501034885575663e-9	2.129878235326048e-9
1.6365157756555437e-9	2.1938380991096788e-9
1.7254391890452573e-9	2.2576502495820315e-9
1.8183508618394929e-9	2.324121239657399e-9
1.9124442411239572e-9	2.3916262229117163e-9
2.01200301292573e-9	2.4604606259675414e-9
2.11392519770796e-9	2.530476735513595e-9
2.218653935404483e-9	2.6030039713513847e-9
2.3272232191942496e-9	2.676712913679403e-9
2.4396330490772597e-9	2.7529329822991576e-9
2.554849431874563e-9	2.829153050918912e-9
2.67390636076511e-9	2.9090659523206318e-9
2.7954744159473927e-9	2.988978853722351e-9
2.922360150335705e-9	3.071255168104528e-9
3.0519047243270324e-9	3.156042608778441e-9
3.1841081379213734e-9	3.242159469253861e-9
3.321333804099188e-9	3.3293103229082315e-9
3.462695442992802e-9	3.419120016165617e-9
3.606568208178153e-9	3.5101114159132307e-9
3.755758652569533e-9	3.603466228641302e-9
3.907460223252649e-9	3.69933216766111e-9
4.063150053340287e-9	3.7963798131711464e-9
4.2240098493226765e-9	3.895938584972918e-9
4.387528484908079e-9	3.9980084830664265e-9
4.555035379898005e-9	4.1012600876501645e-9
4.727712240782682e-9	4.205693398724131e-9
4.904229647760601e-9	4.313819542580061e-9
5.0834058943415365e-9	4.4231273929262204e-9
5.269229239930008e-9	4.535094082875395e-9
5.457563711810215e-9	4.649276472493748e-9
5.649886443094945e-9	4.7647882819136086e-9
5.847379140274425e-9	4.884140637426713e-9
6.048860096858427e-9	5.004526986118767e-9
6.254329312846951e-9	5.127424461102557e-9
6.46349136161744e-9	5.251503642576576e-9
6.678118802905239e-9	5.379423370143839e-9
6.895257370484771e-9	5.509706510691559e-9
7.117565903959055e-9	5.641171357729507e-9
7.345192116639368e-9	5.775147331059193e-9
7.575477168922697e-9	5.911486717369334e-9
7.810932187100776e-9	6.051666649772721e-9
8.050375464683376e-9	6.193028288666335e-9
