1.000000e+01 1.100620e-21
1.002306e+01 1.090307e-21
1.004617e+01 1.080095e-21
1.006934e+01 1.069983e-21
1.009256e+01 1.059970e-21
1.011583e+01 1.050054e-21
1.013916e+01 1.040235e-21
1.016254e+01 1.030512e-21
1.018598e+01 1.020883e-21
1.020946e+01 1.011348e-21
1.023301e+01 1.001905e-21
1.025661e+01 9.925542e-22
1.028026e+01 9.832936e-22
1.030396e+01 9.741226e-22
1.032772e+01 9.650403e-22
1.035154e+01 9.560457e-22
1.037541e+01 9.471378e-22
1.039934e+01 9.383159e-22
1.042332e+01 9.295789e-22
1.044735e+01 9.209260e-22
1.047145e+01 9.123563e-22
1.049559e+01 9.038689e-22
1.051980e+01 8.954631e-22
1.054406e+01 8.871379e-22
1.056837e+01 8.788925e-22
1.059274e+01 8.707261e-22
1.061717e+01 8.626379e-22
1.064165e+01 8.546271e-22
1.066619e+01 8.466930e-22
1.069079e+01 8.388346e-22
1.071544e+01 8.310513e-22
1.074015e+01 8.233424e-22
1.076492e+01 8.157069e-22
1.078974e+01 8.081443e-22
1.081462e+01 8.006537e-22
1.083956e+01 7.932345e-22
1.086456e+01 7.858860e-22
1.088961e+01 7.786073e-22
1.091472e+01 7.713980e-22
1.093989e+01 7.642571e-22
1.096512e+01 7.571842e-22
1.099040e+01 7.501784e-22
1.101575e+01 7.432391e-22
1.104115e+01 7.363657e-22
1.106661e+01 7.295575e-22
1.109213e+01 7.228139e-22
1.111771e+01 7.161343e-22
1.114335e+01 7.095179e-22
1.116904e+01 7.029643e-22
1.119480e+01 6.964727e-22
1.122062e+01 6.900426e-22
1.124649e+01 6.836734e-22
1.127243e+01 6.773644e-22
1.129842e+01 6.711151e-22
1.132447e+01 6.649250e-22
1.135059e+01 6.587934e-22
1.137676e+01 6.527197e-22
1.140300e+01 6.467034e-22
1.142929e+01 6.407440e-22
1.145565e+01 6.348410e-22
1.148207e+01 6.289936e-22
1.150854e+01 6.232015e-22
1.153508e+01 6.174641e-22
1.156168e+01 6.117808e-22
1.158834e+01 6.061512e-22
1.161507e+01 6.005748e-22
1.164185e+01 5.950509e-22
1.166870e+01 5.895792e-22
1.169561e+01 5.841591e-22
1.172258e+01 5.787902e-22
1.174961e+01 5.734719e-22
1.177670e+01 5.682037e-22
1.180386e+01 5.629853e-22
1.183108e+01 5.578160e-22
1.185836e+01 5.526956e-22
1.188571e+01 5.476234e-22
1.191311e+01 5.425990e-22
1.194059e+01 5.376221e-22
1.196812e+01 5.326921e-22
1.199572e+01 5.278086e-22
1.202338e+01 5.229711e-22
1.205111e+01 5.181793e-22
1.207890e+01 5.134327e-22
1.210675e+01 5.087309e-22
1.213467e+01 5.040734e-22
1.216265e+01 4.994599e-22
1.219070e+01 4.948900e-22
1.221881e+01 4.903632e-22
1.224699e+01 4.858791e-22
1.227523e+01 4.814374e-22
1.230354e+01 4.770376e-22
1.233191e+01 4.726794e-22
1.236035e+01 4.683624e-22
1.238885e+01 4.640862e-22
1.241742e+01 4.598505e-22
1.244605e+01 4.556548e-22
1.247476e+01 4.514988e-22
1.250352e+01 4.473822e-22
1.253236e+01 4.433045e-22
1.256125e+01 4.392655e-22
1.259022e+01 4.352648e-22
1.261925e+01 4.313020e-22
1.264835e+01 4.273768e-22
1.267752e+01 4.234889e-22
1.270676e+01 4.196380e-22
1.273606e+01 4.158236e-22
1.276543e+01 4.120455e-22
1.279486e+01 4.083034e-22
1.282437e+01 4.045969e-22
1.285394e+01 4.009258e-22
1.288358e+01 3.972897e-22
1.291329e+01 3.936884e-22
1.294307e+01 3.901214e-22
1.297292e+01 3.865887e-22
1.300283e+01 3.830897e-22
1.303282e+01 3.796243e-22
1.306287e+01 3.761922e-22
1.309300e+01 3.727931e-22
1.312319e+01 3.694267e-22
1.315345e+01 3.660927e-22
1.318378e+01 3.627910e-22
1.321418e+01 3.595211e-22
1.324466e+01 3.562830e-22
1.327520e+01 3.530762e-22
1.330581e+01 3.499006e-22
1.333649e+01 3.467560e-22
1.336725e+01 3.436420e-22
1.339807e+01 3.405585e-22
1.342897e+01 3.375052e-22
1.345994e+01 3.344819e-22
1.349098e+01 3.314885e-22
1.352209e+01 3.285245e-22
1.355327e+01 3.255900e-22
1.358452e+01 3.226846e-22
1.361585e+01 3.198081e-22
1.364725e+01 3.169605e-22
1.367872e+01 3.141414e-22
1.371026e+01 3.113507e-22
1.374188e+01 3.085882e-22
1.377356e+01 3.058539e-22
1.380533e+01 3.031474e-22
1.383716e+01 3.004687e-22
1.386907e+01 2.978176e-22
1.390105e+01 2.951940e-22
1.393311e+01 2.925978e-22
1.396524e+01 2.900288e-22
1.399744e+01 2.874869e-22
1.402972e+01 2.849720e-22
1.406207e+01 2.824841e-22
1.409450e+01 2.800230e-22
1.412700e+01 2.775887e-22
1.415958e+01 2.751812e-22
1.419223e+01 2.728003e-22
1.422496e+01 2.704461e-22
1.425776e+01 2.681186e-22
1.429064e+01 2.658177e-22
1.432359e+01 2.635435e-22
1.435662e+01 2.612959e-22
1.438973e+01 2.590752e-22
1.442291e+01 2.568813e-22
1.445617e+01 2.547143e-22
1.448951e+01 2.525744e-22
1.452292e+01 2.504618e-22
1.455641e+01 2.483765e-22
1.458998e+01 2.463188e-22
1.462362e+01 2.442890e-22
1.465735e+01 2.422873e-22
1.469115e+01 2.403141e-22
1.472502e+01 2.383697e-22
1.475898e+01 2.364545e-22
1.479302e+01 2.343619e-22
1.482713e+01 2.322884e-22
1.486132e+01 2.302331e-22
1.489559e+01 2.281960e-22
1.492994e+01 2.261768e-22
1.496437e+01 2.241754e-22
1.499887e+01 2.221923e-22
1.503346e+01 2.202261e-22
1.506813e+01 2.182773e-22
1.510288e+01 2.163458e-22
1.513770e+01 2.144319e-22
1.517261e+01 2.125344e-22
1.520760e+01 2.106537e-22
1.524267e+01 2.087897e-22
1.527782e+01 2.069423e-22
1.531305e+01 2.051112e-22
1.534836e+01 2.032964e-22
1.538376e+01 2.014973e-22
1.541923e+01 1.997146e-22
1.545479e+01 1.979473e-22
1.549043e+01 1.961957e-22
1.552615e+01 1.944598e-22
1.556195e+01 1.927393e-22
1.559784e+01 1.910337e-22
1.563381e+01 1.893433e-22
1.566986e+01 1.876680e-22
1.570599e+01 1.860077e-22
1.574221e+01 1.843618e-22
1.577851e+01 1.827305e-22
1.581490e+01 1.811135e-22
1.585137e+01 1.795109e-22
1.588792e+01 1.779227e-22
1.592456e+01 1.763482e-22
1.596128e+01 1.747880e-22
1.599809e+01 1.732412e-22
1.603498e+01 1.717084e-22
1.607195e+01 1.701894e-22
1.610902e+01 1.686832e-22
1.614616e+01 1.671909e-22
1.618340e+01 1.657113e-22
1.622072e+01 1.642450e-22
1.625812e+01 1.627919e-22
1.629561e+01 1.613515e-22
1.633319e+01 1.599237e-22
1.637085e+01 1.585088e-22
1.640861e+01 1.571060e-22
1.644645e+01 1.557158e-22
1.648437e+01 1.543382e-22
1.652238e+01 1.529726e-22
1.656048e+01 1.516191e-22
1.659867e+01 1.502775e-22
1.663695e+01 1.489477e-22
1.667531e+01 1.476299e-22
1.671377e+01 1.463234e-22
1.675231e+01 1.450287e-22
1.679094e+01 1.437455e-22
1.682966e+01 1.424736e-22
1.686847e+01 1.412129e-22
1.690737e+01 1.399634e-22
1.694636e+01 1.387249e-22
1.698544e+01 1.374974e-22
1.702460e+01 1.362810e-22
1.706386e+01 1.350751e-22
1.710321e+01 1.338799e-22
1.714265e+01 1.326953e-22
1.718218e+01 1.315212e-22
1.722181e+01 1.303572e-22
1.726152e+01 1.292039e-22
1.730132e+01 1.280608e-22
1.734122e+01 1.269276e-22
1.738121e+01 1.258045e-22
1.742129e+01 1.246913e-22
1.746147e+01 1.235879e-22
1.750173e+01 1.224945e-22
1.754209e+01 1.214106e-22
1.758254e+01 1.203364e-22
1.762309e+01 1.192715e-22
1.766373e+01 1.182161e-22
1.770446e+01 1.171702e-22
1.774529e+01 1.161333e-22
1.778621e+01 1.151058e-22
1.782722e+01 1.140874e-22
1.786833e+01 1.130779e-22
1.790954e+01 1.120772e-22
1.795084e+01 1.110855e-22
1.799223e+01 1.101027e-22
1.803372e+01 1.091285e-22
1.807531e+01 1.081628e-22
1.811699e+01 1.072058e-22
1.815877e+01 1.062571e-22
1.820064e+01 1.053170e-22
1.824261e+01 1.043852e-22
1.828468e+01 1.034615e-22
1.832684e+01 1.025461e-22
1.836911e+01 1.016386e-22
1.841147e+01 1.007392e-22
1.845392e+01 9.984800e-23
1.849648e+01 9.896441e-23
1.853913e+01 9.808880e-23
1.858188e+01 9.722091e-23
1.862473e+01 9.636066e-23
1.866768e+01 9.550801e-23
1.871073e+01 9.466288e-23
1.875388e+01 9.382522e-23
1.879712e+01 9.299515e-23
1.884047e+01 9.217222e-23
1.888391e+01 9.135677e-23
1.892746e+01 9.054835e-23
1.897111e+01 8.974709e-23
1.901486e+01 8.895294e-23
1.905870e+01 8.816600e-23
1.910265e+01 8.738587e-23
1.914670e+01 8.661267e-23
1.919086e+01 8.584616e-23
1.923511e+01 8.508664e-23
1.927947e+01 8.433370e-23
1.932393e+01 8.358747e-23
1.936849e+01 8.284788e-23
1.941315e+01 8.211487e-23
1.945792e+01 8.138825e-23
1.950279e+01 8.066810e-23
1.954776e+01 7.995438e-23
1.959284e+01 7.924687e-23
1.963802e+01 7.854569e-23
1.968331e+01 7.785062e-23
1.972869e+01 7.716192e-23
1.977419e+01 7.647909e-23
1.981979e+01 7.580237e-23
1.986549e+01 7.513171e-23
1.991130e+01 7.446692e-23
1.995722e+01 7.375938e-23
2.000324e+01 7.306106e-23
2.004937e+01 7.237171e-23
2.009560e+01 7.169113e-23
2.014194e+01 7.101910e-23
2.018839e+01 7.035543e-23
2.023494e+01 6.969993e-23
2.028161e+01 6.905242e-23
2.032838e+01 6.841273e-23
2.037525e+01 6.778069e-23
2.042224e+01 6.715614e-23
2.046933e+01 6.653895e-23
2.051654e+01 6.592895e-23
2.056385e+01 6.532602e-23
2.061127e+01 6.473003e-23
2.065880e+01 6.414084e-23
2.070644e+01 6.355833e-23
2.075419e+01 6.298239e-23
2.080204e+01 6.241291e-23
2.085001e+01 6.184976e-23
2.089810e+01 6.129285e-23
2.094629e+01 6.074208e-23
2.099459e+01 6.019735e-23
2.104300e+01 5.965855e-23
2.109153e+01 5.912561e-23
2.114016e+01 5.859842e-23
2.118891e+01 5.807691e-23
2.123778e+01 5.756098e-23
2.128675e+01 5.705056e-23
2.133584e+01 5.654557e-23
2.138504e+01 5.604592e-23
2.143435e+01 5.555155e-23
2.148378e+01 5.506238e-23
2.153332e+01 5.457834e-23
2.158298e+01 5.409936e-23
2.163275e+01 5.362537e-23
2.168263e+01 5.315631e-23
2.173263e+01 5.269211e-23
2.178275e+01 5.223271e-23
2.183298e+01 5.177804e-23
2.188333e+01 5.132805e-23
2.193379e+01 5.088268e-23
2.198437e+01 5.044187e-23
2.203507e+01 5.000557e-23
2.208588e+01 4.957371e-23
2.213681e+01 4.914625e-23
2.218786e+01 4.872314e-23
2.223902e+01 4.830431e-23
2.229031e+01 4.788972e-23
2.234171e+01 4.747932e-23
2.239323e+01 4.707306e-23
2.244487e+01 4.667090e-23
2.249663e+01 4.627278e-23
2.254850e+01 4.587866e-23
2.260050e+01 4.548849e-23
2.265262e+01 4.510224e-23
2.270485e+01 4.471985e-23
2.275721e+01 4.434128e-23
2.280969e+01 4.396649e-23
2.286229e+01 4.359544e-23
2.291501e+01 4.322808e-23
2.296785e+01 4.286438e-23
2.302082e+01 4.250430e-23
2.307390e+01 4.214780e-23
2.312711e+01 4.179484e-23
2.318044e+01 4.144537e-23
2.323390e+01 4.109937e-23
2.328747e+01 4.075680e-23
2.334117e+01 4.041762e-23
2.339500e+01 4.008179e-23
2.344895e+01 3.974928e-23
2.350302e+01 3.942006e-23
2.355722e+01 3.909408e-23
2.361154e+01 3.877133e-23
2.366599e+01 3.845175e-23
2.372057e+01 3.813533e-23
2.377527e+01 3.782203e-23
2.383009e+01 3.751181e-23
2.388504e+01 3.720464e-23
2.394012e+01 3.690050e-23
2.399533e+01 3.659935e-23
2.405066e+01 3.630117e-23
2.410612e+01 3.600591e-23
2.416171e+01 3.571356e-23
2.421743e+01 3.542408e-23
2.427328e+01 3.513744e-23
2.432925e+01 3.485362e-23
2.438535e+01 3.457259e-23
2.444159e+01 3.429432e-23
2.449795e+01 3.401877e-23
2.455444e+01 3.374594e-23
2.461106e+01 3.347578e-23
2.466782e+01 3.320827e-23
2.472470e+01 3.294339e-23
2.478172e+01 3.268111e-23
2.483886e+01 3.242140e-23
2.489614e+01 3.216425e-23
2.495355e+01 3.190961e-23
2.501110e+01 3.165747e-23
2.506877e+01 3.140781e-23
2.512658e+01 3.116060e-23
2.518452e+01 3.091582e-23
2.524260e+01 3.067343e-23
2.530081e+01 3.043343e-23
2.535915e+01 3.019578e-23
2.541763e+01 2.996046e-23
2.547624e+01 2.972746e-23
2.553499e+01 2.949674e-23
2.559388e+01 2.926829e-23
2.565290e+01 2.904209e-23
2.571205e+01 2.881810e-23
2.577134e+01 2.859632e-23
2.583077e+01 2.837671e-23
2.589034e+01 2.815927e-23
2.595004e+01 2.794396e-23
2.600988e+01 2.773077e-23
2.606986e+01 2.751968e-23
2.612998e+01 2.731066e-23
2.619023e+01 2.710370e-23
2.625063e+01 2.689878e-23
2.631116e+01 2.669588e-23
2.637184e+01 2.649497e-23
2.643265e+01 2.629604e-23
2.649360e+01 2.609908e-23
2.655470e+01 2.590405e-23
2.661593e+01 2.571095e-23
2.667731e+01 2.551975e-23
2.673883e+01 2.533044e-23
2.680049e+01 2.514300e-23
2.686229e+01 2.495740e-23
2.692424e+01 2.477365e-23
2.698632e+01 2.459170e-23
2.704855e+01 2.441156e-23
2.711093e+01 2.423319e-23
2.717345e+01 2.405659e-23
2.723611e+01 2.388174e-23
2.729892e+01 2.370862e-23
2.736187e+01 2.353721e-23
2.742496e+01 2.336750e-23
2.748821e+01 2.319947e-23
2.755159e+01 2.303311e-23
2.761513e+01 2.286839e-23
2.767881e+01 2.270531e-23
2.774264e+01 2.254385e-23
2.780661e+01 2.238400e-23
2.787073e+01 2.222572e-23
2.793500e+01 2.206903e-23
2.799942e+01 2.191389e-23
2.806399e+01 2.176029e-23
2.812870e+01 2.160823e-23
2.819357e+01 2.145767e-23
2.825858e+01 2.130862e-23
2.832375e+01 2.116105e-23
2.838906e+01 2.101495e-23
2.845453e+01 2.087031e-23
2.852014e+01 2.072711e-23
2.858591e+01 2.058534e-23
2.865183e+01 2.044498e-23
2.871790e+01 2.030603e-23
2.878413e+01 2.016847e-23
2.885050e+01 2.003228e-23
2.891703e+01 1.989745e-23
2.898372e+01 1.976398e-23
2.905055e+01 1.963184e-23
2.911754e+01 1.950102e-23
2.918469e+01 1.937151e-23
2.925199e+01 1.924331e-23
2.931944e+01 1.911638e-23
2.938705e+01 1.899073e-23
2.945482e+01 1.886635e-23
2.952274e+01 1.874321e-23
2.959082e+01 1.862131e-23
2.965906e+01 1.850063e-23
2.972745e+01 1.838117e-23
2.979601e+01 1.826291e-23
2.986472e+01 1.814584e-23
2.993358e+01 1.802995e-23
3.000261e+01 1.791523e-23
3.007180e+01 1.780166e-23
3.014114e+01 1.768924e-23
3.021065e+01 1.757795e-23
3.028032e+01 1.746779e-23
3.035014e+01 1.735873e-23
3.042013e+01 1.725078e-23
3.049028e+01 1.714392e-23
3.056059e+01 1.703814e-23
3.063106e+01 1.693342e-23
3.070170e+01 1.682977e-23
3.077250e+01 1.672717e-23
3.084346e+01 1.662560e-23
3.091458e+01 1.652507e-23
3.098587e+01 1.642554e-23
3.105733e+01 1.632704e-23
3.112894e+01 1.622952e-23
3.120073e+01 1.613300e-23
3.127268e+01 1.603745e-23
3.134479e+01 1.594288e-23
3.141707e+01 1.584926e-23
3.148952e+01 1.575660e-23
3.156214e+01 1.566488e-23
3.163492e+01 1.557408e-23
3.170787e+01 1.548421e-23
3.178099e+01 1.539526e-23
3.185428e+01 1.530721e-23
3.192773e+01 1.522005e-23
3.200136e+01 1.513378e-23
3.207515e+01 1.504839e-23
3.214912e+01 1.496386e-23
3.222325e+01 1.488020e-23
3.229756e+01 1.479739e-23
3.237204e+01 1.471542e-23
3.244669e+01 1.463429e-23
3.252151e+01 1.455398e-23
3.259651e+01 1.447449e-23
3.267167e+01 1.439582e-23
3.274701e+01 1.431794e-23
3.282253e+01 1.424086e-23
3.289822e+01 1.416456e-23
3.297408e+01 1.408904e-23
3.305012e+01 1.401429e-23
3.312633e+01 1.394030e-23
3.320273e+01 1.386707e-23
3.327929e+01 1.379458e-23
3.335603e+01 1.372284e-23
3.343295e+01 1.365182e-23
3.351005e+01 1.358153e-23
3.358732e+01 1.351195e-23
3.366478e+01 1.344309e-23
3.374241e+01 1.337493e-23
3.382022e+01 1.330746e-23
3.389821e+01 1.324068e-23
3.397638e+01 1.317458e-23
3.405473e+01 1.310915e-23
3.413326e+01 1.304439e-23
3.421197e+01 1.298029e-23
3.429086e+01 1.291685e-23
3.436994e+01 1.285405e-23
3.444919e+01 1.279189e-23
3.452863e+01 1.273036e-23
3.460826e+01 1.266946e-23
3.468806e+01 1.260918e-23
3.476805e+01 1.254951e-23
3.484823e+01 1.249045e-23
3.492859e+01 1.243199e-23
3.500914e+01 1.237412e-23
3.508987e+01 1.231685e-23
3.517079e+01 1.226015e-23
3.525189e+01 1.220403e-23
3.533318e+01 1.214848e-23
3.541466e+01 1.209349e-23
3.549632e+01 1.203906e-23
3.557818e+01 1.198519e-23
3.566022e+01 1.193185e-23
3.574246e+01 1.187906e-23
3.582488e+01 1.182681e-23
3.590749e+01 1.177508e-23
3.599029e+01 1.172387e-23
3.607329e+01 1.167319e-23
3.615647e+01 1.162301e-23
3.623985e+01 1.157334e-23
3.632342e+01 1.152417e-23
3.640718e+01 1.147550e-23
3.649114e+01 1.142732e-23
3.657529e+01 1.137962e-23
3.665963e+01 1.133240e-23
3.674417e+01 1.128566e-23
3.682890e+01 1.123939e-23
3.691383e+01 1.119358e-23
3.699895e+01 1.114823e-23
3.708427e+01 1.110334e-23
3.716979e+01 1.105889e-23
3.725550e+01 1.101489e-23
3.734141e+01 1.097133e-23
3.742752e+01 1.092820e-23
3.751383e+01 1.088551e-23
3.760034e+01 1.084324e-23
3.768704e+01 1.080139e-23
3.777395e+01 1.075995e-23
3.786106e+01 1.071893e-23
3.794837e+01 1.067831e-23
3.803587e+01 1.063810e-23
3.812358e+01 1.059829e-23
3.821150e+01 1.055887e-23
3.829961e+01 1.051984e-23
3.838793e+01 1.048119e-23
3.847646e+01 1.044293e-23
3.856518e+01 1.040504e-23
3.865411e+01 1.036752e-23
3.874325e+01 1.033037e-23
3.883259e+01 1.029359e-23
3.892214e+01 1.025717e-23
3.901190e+01 1.022110e-23
3.910186e+01 1.018538e-23
3.919203e+01 1.015002e-23
3.928240e+01 1.011500e-23
3.937299e+01 1.008031e-23
3.946379e+01 1.004597e-23
3.955479e+01 1.001196e-23
3.964600e+01 9.978272e-24
3.973743e+01 9.944915e-24
3.982906e+01 9.911879e-24
3.992091e+01 9.879161e-24
4.001297e+01 9.846758e-24
4.010524e+01 9.814666e-24
4.019772e+01 9.782882e-24
4.029041e+01 9.751402e-24
4.038332e+01 9.720222e-24
4.047645e+01 9.689340e-24
4.056979e+01 9.658752e-24
4.066334e+01 9.628454e-24
4.075711e+01 9.598444e-24
4.085110e+01 9.568717e-24
4.094530e+01 9.539272e-24
4.103972e+01 9.510104e-24
4.113436e+01 9.481211e-24
4.122922e+01 9.452589e-24
4.132429e+01 9.424235e-24
4.141958e+01 9.396147e-24
4.151510e+01 9.368320e-24
4.161083e+01 9.340754e-24
4.170679e+01 9.313443e-24
4.180296e+01 9.286386e-24
4.189936e+01 9.259579e-24
4.199598e+01 9.233020e-24
4.209282e+01 9.206706e-24
4.218989e+01 9.180634e-24
4.228718e+01 9.154801e-24
4.238470e+01 9.129204e-24
4.248244e+01 9.103842e-24
4.258040e+01 9.078710e-24
4.267859e+01 9.053808e-24
4.277701e+01 9.029131e-24
4.287565e+01 9.004677e-24
4.297452e+01 8.980444e-24
4.307362e+01 8.956430e-24
4.317295e+01 8.932631e-24
4.327251e+01 8.909046e-24
4.337230e+01 8.885671e-24
4.347231e+01 8.862505e-24
4.357256e+01 8.839545e-24
4.367304e+01 8.816789e-24
4.377375e+01 8.794234e-24
4.387469e+01 8.771878e-24
4.397587e+01 8.749719e-24
4.407728e+01 8.727754e-24
4.417892e+01 8.705982e-24
4.428079e+01 8.684400e-24
4.438291e+01 8.663006e-24
4.448525e+01 8.641798e-24
4.458784e+01 8.620774e-24
4.469066e+01 8.599931e-24
4.479371e+01 8.579267e-24
4.489701e+01 8.558781e-24
4.500054e+01 8.538471e-24
4.510431e+01 8.518334e-24
4.520832e+01 8.498368e-24
4.531258e+01 8.478572e-24
4.541707e+01 8.458944e-24
4.552180e+01 8.439481e-24
4.562677e+01 8.420182e-24
4.573199e+01 8.401045e-24
4.583745e+01 8.382068e-24
4.594315e+01 8.363249e-24
4.604909e+01 8.344587e-24
4.615528e+01 8.326080e-24
4.626172e+01 8.307725e-24
4.636840e+01 8.289522e-24
4.647532e+01 8.271468e-24
4.658249e+01 8.253562e-24
4.668991e+01 8.235802e-24
4.679758e+01 8.218186e-24
4.690550e+01 8.200713e-24
4.701366e+01 8.183382e-24
4.712208e+01 8.166190e-24
4.723074e+01 8.149136e-24
4.733965e+01 8.132219e-24
4.744882e+01 8.115436e-24
4.755824e+01 8.098787e-24
4.766791e+01 8.082270e-24
4.777783e+01 8.065884e-24
4.788800e+01 8.049626e-24
4.799844e+01 8.033496e-24
4.810912e+01 8.017492e-24
4.822006e+01 8.001612e-24
4.833125e+01 7.985857e-24
4.844271e+01 7.970222e-24
4.855442e+01 7.954709e-24
4.866638e+01 7.939314e-24
4.877861e+01 7.924038e-24
4.889109e+01 7.908878e-24
4.900384e+01 7.893834e-24
4.911684e+01 7.878903e-24
4.923010e+01 7.864085e-24
4.934363e+01 7.849379e-24
4.945741e+01 7.834782e-24
4.957146e+01 7.820295e-24
4.968578e+01 7.805916e-24
4.980035e+01 7.791643e-24
4.991519e+01 7.777476e-24
5.003030e+01 7.763413e-24
5.014567e+01 7.749453e-24
5.026130e+01 7.735596e-24
5.037721e+01 7.721839e-24
5.049338e+01 7.708182e-24
5.060981e+01 7.694623e-24
5.072652e+01 7.681163e-24
5.084350e+01 7.667798e-24
5.096074e+01 7.654530e-24
5.107826e+01 7.641356e-24
5.119604e+01 7.628275e-24
5.131410e+01 7.615287e-24
5.143243e+01 7.602390e-24
5.155104e+01 7.589584e-24
5.166992e+01 7.576867e-24
5.178907e+01 7.564238e-24
5.190849e+01 7.551697e-24
5.202819e+01 7.539243e-24
5.214817e+01 7.526875e-24
5.226843e+01 7.514591e-24
5.238896e+01 7.502391e-24
5.250977e+01 7.490274e-24
5.263085e+01 7.478240e-24
5.275222e+01 7.466286e-24
5.287387e+01 7.454413e-24
5.299580e+01 7.442619e-24
5.311800e+01 7.430904e-24
5.324050e+01 7.419267e-24
5.336327e+01 7.407707e-24
5.348632e+01 7.396223e-24
5.360966e+01 7.384814e-24
5.373329e+01 7.373480e-24
5.385720e+01 7.362220e-24
5.398139e+01 7.351033e-24
5.410587e+01 7.339918e-24
5.423064e+01 7.328875e-24
5.435570e+01 7.317903e-24
5.448104e+01 7.307001e-24
5.460668e+01 7.296168e-24
5.473260e+01 7.285403e-24
5.485881e+01 7.274707e-24
5.498532e+01 7.264078e-24
5.511212e+01 7.253515e-24
5.523920e+01 7.243019e-24
5.536659e+01 7.232587e-24
5.549426e+01 7.222220e-24
5.562223e+01 7.211917e-24
5.575050e+01 7.201677e-24
5.587906e+01 7.191500e-24
5.600792e+01 7.181384e-24
5.613707e+01 7.171330e-24
5.626652e+01 7.161337e-24
5.639628e+01 7.151404e-24
5.652632e+01 7.141530e-24
5.665667e+01 7.131715e-24
5.678733e+01 7.121959e-24
5.691828e+01 7.112260e-24
5.704953e+01 7.102618e-24
5.718109e+01 7.093033e-24
5.731295e+01 7.083504e-24
5.744511e+01 7.074031e-24
5.757758e+01 7.064612e-24
5.771036e+01 7.055248e-24
5.784344e+01 7.045938e-24
5.797682e+01 7.036681e-24
5.811052e+01 7.027477e-24
5.824452e+01 7.018325e-24
5.837883e+01 7.009225e-24
5.851346e+01 7.000176e-24
5.864839e+01 6.991178e-24
5.878363e+01 6.982230e-24
5.891919e+01 6.973333e-24
5.905506e+01 6.964484e-24
5.919124e+01 6.955685e-24
5.932773e+01 6.946934e-24
5.946454e+01 6.938230e-24
5.960167e+01 6.929575e-24
5.973911e+01 6.920966e-24
5.987687e+01 6.912404e-24
6.001495e+01 6.903888e-24
6.015334e+01 6.895418e-24
6.029205e+01 6.886993e-24
6.043109e+01 6.878613e-24
6.057044e+01 6.870278e-24
6.071012e+01 6.861986e-24
6.085012e+01 6.853739e-24
6.099044e+01 6.845534e-24
6.113108e+01 6.837372e-24
6.127205e+01 6.829253e-24
6.141334e+01 6.821176e-24
6.155497e+01 6.813140e-24
6.169691e+01 6.805146e-24
6.183919e+01 6.797193e-24
6.198179e+01 6.789280e-24
6.212472e+01 6.781407e-24
6.226798e+01 6.773575e-24
6.241157e+01 6.765781e-24
6.255549e+01 6.758027e-24
6.269974e+01 6.750312e-24
6.284433e+01 6.742635e-24
6.298925e+01 6.734996e-24
6.313450e+01 6.727395e-24
6.328009e+01 6.719831e-24
6.342601e+01 6.712304e-24
6.357227e+01 6.704814e-24
6.371887e+01 6.697360e-24
6.386581e+01 6.689943e-24
6.401309e+01 6.682561e-24
6.416070e+01 6.675215e-24
6.430866e+01 6.667904e-24
6.445695e+01 6.660628e-24
6.460559e+01 6.653386e-24
6.475457e+01 6.646179e-24
6.490389e+01 6.639005e-24
6.505356e+01 6.631865e-24
6.520358e+01 6.624759e-24
6.535394e+01 6.617686e-24
6.550464e+01 6.610646e-24
6.565570e+01 6.603638e-24
6.580710e+01 6.596662e-24
6.595885e+01 6.589719e-24
6.611095e+01 6.582807e-24
6.626341e+01 6.575926e-24
6.641621e+01 6.569077e-24
6.656937e+01 6.562259e-24
6.672288e+01 6.555472e-24
6.687674e+01 6.548714e-24
6.703096e+01 6.541988e-24
6.718553e+01 6.535291e-24
6.734046e+01 6.528624e-24
6.749575e+01 6.521986e-24
6.765139e+01 6.515377e-24
6.780740e+01 6.508798e-24
6.796376e+01 6.502247e-24
6.812049e+01 6.495725e-24
6.827758e+01 6.489231e-24
6.843502e+01 6.482765e-24
6.859284e+01 6.476327e-24
6.875101e+01 6.469917e-24
6.890955e+01 6.463533e-24
6.906846e+01 6.457178e-24
6.922773e+01 6.450849e-24
6.938737e+01 6.444547e-24
6.954738e+01 6.438271e-24
6.970776e+01 6.432022e-24
6.986850e+01 6.425799e-24
7.002962e+01 6.419602e-24
7.019111e+01 6.413430e-24
7.035297e+01 6.407284e-24
7.051520e+01 6.401164e-24
7.067781e+01 6.395068e-24
7.084079e+01 6.388998e-24
7.100415e+01 6.382953e-24
7.116789e+01 6.376931e-24
7.133200e+01 6.370935e-24
7.149650e+01 6.364962e-24
7.166137e+01 6.359014e-24
7.182662e+01 6.353089e-24
7.199225e+01 6.347188e-24
7.215827e+01 6.341311e-24
7.232466e+01 6.335457e-24
7.249145e+01 6.329626e-24
7.265861e+01 6.323818e-24
7.282616e+01 6.318033e-24
7.299410e+01 6.312270e-24
7.316243e+01 6.306530e-24
7.333114e+01 6.300812e-24
7.350024e+01 6.295117e-24
7.366973e+01 6.289443e-24
7.383962e+01 6.283792e-24
7.400989e+01 6.278162e-24
7.418056e+01 6.272553e-24
7.435162e+01 6.266966e-24
7.452307e+01 6.261400e-24
7.469492e+01 6.255855e-24
7.486717e+01 6.250331e-24
7.503982e+01 6.244828e-24
7.521286e+01 6.239346e-24
7.538630e+01 6.233884e-24
7.556014e+01 6.228442e-24
7.573438e+01 6.223021e-24
7.590903e+01 6.217619e-24
7.608407e+01 6.212238e-24
7.625952e+01 6.206876e-24
7.643538e+01 6.201534e-24
7.661164e+01 6.196212e-24
7.678831e+01 6.190908e-24
7.696538e+01 6.185624e-24
7.714287e+01 6.180360e-24
7.732076e+01 6.175114e-24
7.749906e+01 6.169887e-24
7.767777e+01 6.164679e-24
7.785690e+01 6.159490e-24
7.803644e+01 6.154319e-24
7.821639e+01 6.149166e-24
7.839676e+01 6.144032e-24
7.857754e+01 6.138916e-24
7.875874e+01 6.133817e-24
7.894036e+01 6.128737e-24
7.912240e+01 6.123675e-24
7.930485e+01 6.118630e-24
7.948773e+01 6.113603e-24
7.967103e+01 6.108593e-24
7.985475e+01 6.103600e-24
8.003890e+01 6.098625e-24
8.022347e+01 6.093667e-24
8.040846e+01 6.088726e-24
8.059389e+01 6.083802e-24
8.077974e+01 6.078894e-24
8.096602e+01 6.074004e-24
8.115272e+01 6.069129e-24
8.133986e+01 6.064272e-24
8.152743e+01 6.059430e-24
8.171544e+01 6.054605e-24
8.190387e+01 6.049796e-24
8.209274e+01 6.045004e-24
8.228205e+01 6.040227e-24
8.247179e+01 6.035466e-24
8.266197e+01 6.030721e-24
8.285259e+01 6.025992e-24
8.304365e+01 6.021278e-24
8.323515e+01 6.016580e-24
8.342709e+01 6.011897e-24
8.361947e+01 6.007229e-24
8.381230e+01 6.002577e-24
8.400557e+01 5.997940e-24
8.419929e+01 5.993317e-24
8.439346e+01 5.988710e-24
8.458807e+01 5.984118e-24
8.478313e+01 5.979540e-24
8.497864e+01 5.974978e-24
8.517460e+01 5.970429e-24
8.537101e+01 5.965896e-24
8.556788e+01 5.961377e-24
8.576520e+01 5.956872e-24
8.596298e+01 5.952381e-24
8.616121e+01 5.947905e-24
8.635989e+01 5.943443e-24
8.655904e+01 5.938995e-24
8.675865e+01 5.934560e-24
8.695871e+01 5.930140e-24
8.715924e+01 5.925734e-24
8.736023e+01 5.921341e-24
8.756168e+01 5.916962e-24
8.776360e+01 5.912596e-24
8.796599e+01 5.908244e-24
8.816884e+01 5.903906e-24
8.837215e+01 5.899580e-24
8.857594e+01 5.895269e-24
8.878020e+01 5.890970e-24
8.898493e+01 5.886685e-24
8.919012e+01 5.882412e-24
8.939580e+01 5.878153e-24
8.960195e+01 5.873906e-24
8.980857e+01 5.869673e-24
9.001567e+01 5.865452e-24
9.022324e+01 5.861244e-24
9.043130e+01 5.857048e-24
9.063984e+01 5.852866e-24
9.084885e+01 5.848695e-24
9.105835e+01 5.844538e-24
9.126833e+01 5.840392e-24
9.147880e+01 5.836259e-24
9.168975e+01 5.832138e-24
9.190118e+01 5.828030e-24
9.211311e+01 5.823933e-24
9.232552e+01 5.819849e-24
9.253843e+01 5.815777e-24
9.275182e+01 5.811717e-24
9.296571e+01 5.807668e-24
9.318009e+01 5.803632e-24
9.339496e+01 5.799607e-24
9.361033e+01 5.795594e-24
9.382620e+01 5.791593e-24
9.404256e+01 5.787604e-24
9.425942e+01 5.783625e-24
9.447679e+01 5.779659e-24
9.469465e+01 5.775704e-24
9.491302e+01 5.771760e-24
9.513189e+01 5.767828e-24
9.535126e+01 5.763907e-24
9.557114e+01 5.759997e-24
9.579153e+01 5.756098e-24
9.601243e+01 5.752211e-24
9.623383e+01 5.748334e-24
9.645575e+01 5.744469e-24
9.667817e+01 5.740615e-24
9.690112e+01 5.736771e-24
9.712457e+01 5.732939e-24
9.734854e+01 5.729117e-24
9.757303e+01 5.725306e-24
9.779803e+01 5.721506e-24
9.802355e+01 5.717716e-24
9.824960e+01 5.713937e-24
9.847616e+01 5.710169e-24
9.870325e+01 5.706411e-24
9.893086e+01 5.702664e-24
9.915899e+01 5.698927e-24
9.938765e+01 5.695200e-24
9.961684e+01 5.691484e-24
9.984656e+01 5.687778e-24
1.000768e+02 5.684083e-24
1.003076e+02 5.680397e-24
1.005389e+02 5.676722e-24
1.007707e+02 5.673057e-24
1.010031e+02 5.669402e-24
1.012360e+02 5.665757e-24
1.014695e+02 5.662122e-24
1.017035e+02 5.658497e-24
1.019380e+02 5.654882e-24
1.021731e+02 5.651276e-24
1.024087e+02 5.647681e-24
1.026448e+02 5.644095e-24
1.028815e+02 5.640519e-24
1.031188e+02 5.636953e-24
1.033566e+02 5.633397e-24
1.035949e+02 5.629850e-24
1.038338e+02 5.626312e-24
1.040733e+02 5.622784e-24
1.043132e+02 5.619266e-24
1.045538e+02 5.615757e-24
1.047949e+02 5.612258e-24
1.050366e+02 5.608768e-24
1.052788e+02 5.605287e-24
1.055215e+02 5.601816e-24
1.057649e+02 5.598354e-24
1.060088e+02 5.594901e-24
1.062532e+02 5.591458e-24
1.064982e+02 5.588023e-24
1.067438e+02 5.584598e-24
1.069900e+02 5.581182e-24
1.072367e+02 5.577775e-24
1.074840e+02 5.574377e-24
1.077318e+02 5.570988e-24
1.079803e+02 5.567607e-24
1.082293e+02 5.564236e-24
1.084789e+02 5.560874e-24
1.087290e+02 5.557520e-24
1.089797e+02 5.554176e-24
1.092310e+02 5.550840e-24
1.094829e+02 5.547513e-24
1.097354e+02 5.544195e-24
1.099885e+02 5.540885e-24
1.102421e+02 5.537584e-24
1.104963e+02 5.534292e-24
1.107511e+02 5.531008e-24
1.110065e+02 5.527733e-24
1.112625e+02 5.524466e-24
1.115191e+02 5.521208e-24
1.117762e+02 5.517958e-24
1.120340e+02 5.514717e-24
1.122923e+02 5.511484e-24
1.125513e+02 5.508260e-24
1.128108e+02 5.505044e-24
1.130710e+02 5.501836e-24
1.133317e+02 5.498637e-24
1.135931e+02 5.495446e-24
1.138550e+02 5.492263e-24
1.141175e+02 5.489089e-24
1.143807e+02 5.485922e-24
1.146445e+02 5.482764e-24
1.149088e+02 5.479614e-24
1.151738e+02 5.476472e-24
1.154394e+02 5.473338e-24
1.157056e+02 5.470212e-24
1.159724e+02 5.467094e-24
1.162399e+02 5.463984e-24
1.165079e+02 5.460882e-24
1.167766e+02 5.457788e-24
1.170459e+02 5.454702e-24
1.173158e+02 5.451624e-24
1.175863e+02 5.448554e-24
1.178575e+02 5.445491e-24
1.181292e+02 5.442437e-24
1.184017e+02 5.439390e-24
1.186747e+02 5.436351e-24
1.189484e+02 5.433320e-24
1.192227e+02 5.430296e-24
1.194976e+02 5.427281e-24
1.197731e+02 5.424272e-24
1.200493e+02 5.421272e-24
1.203262e+02 5.418279e-24
1.206037e+02 5.415294e-24
1.208818e+02 5.412316e-24
1.211605e+02 5.409346e-24
1.214399e+02 5.406383e-24
1.217200e+02 5.403429e-24
1.220006e+02 5.400481e-24
1.222820e+02 5.397541e-24
1.225640e+02 5.394608e-24
1.228466e+02 5.391683e-24
1.231299e+02 5.388765e-24
1.234138e+02 5.385855e-24
1.236984e+02 5.382952e-24
1.239837e+02 5.380056e-24
1.242696e+02 5.377168e-24
1.245561e+02 5.374287e-24
1.248434e+02 5.371413e-24
1.251312e+02 5.368546e-24
1.254198e+02 5.365687e-24
1.257090e+02 5.362835e-24
1.259989e+02 5.359990e-24
1.262895e+02 5.357152e-24
1.265807e+02 5.354322e-24
1.268726e+02 5.351498e-24
1.271651e+02 5.348682e-24
1.274584e+02 5.345873e-24
1.277523e+02 5.343071e-24
1.280469e+02 5.340276e-24
1.283422e+02 5.337488e-24
1.286381e+02 5.334707e-24
1.289348e+02 5.331933e-24
1.292321e+02 5.329166e-24
1.295301e+02 5.326406e-24
1.298288e+02 5.323653e-24
1.301282e+02 5.320907e-24
1.304283e+02 5.318168e-24
1.307291e+02 5.315436e-24
1.310305e+02 5.312711e-24
1.313327e+02 5.309992e-24
1.316355e+02 5.307280e-24
1.319391e+02 5.304576e-24
1.322433e+02 5.301878e-24
1.325483e+02 5.299187e-24
1.328539e+02 5.296502e-24
1.331603e+02 5.293824e-24
1.334674e+02 5.291154e-24
1.337751e+02 5.288490e-24
1.340836e+02 5.285832e-24
1.343928e+02 5.283181e-24
1.347028e+02 5.280537e-24
1.350134e+02 5.277900e-24
1.353247e+02 5.275269e-24
1.356368e+02 5.272645e-24
1.359496e+02 5.270028e-24
1.362631e+02 5.267417e-24
1.365773e+02 5.264813e-24
1.368922e+02 5.262215e-24
1.372079e+02 5.259624e-24
1.375243e+02 5.257040e-24
1.378414e+02 5.254462e-24
1.381593e+02 5.251890e-24
1.384779e+02 5.249325e-24
1.387972e+02 5.246767e-24
1.391173e+02 5.244215e-24
1.394381e+02 5.241669e-24
1.397596e+02 5.239130e-24
1.400819e+02 5.236598e-24
1.404050e+02 5.234072e-24
1.407287e+02 5.231552e-24
1.410533e+02 5.229039e-24
1.413785e+02 5.226532e-24
1.417046e+02 5.224031e-24
1.420313e+02 5.221537e-24
1.423588e+02 5.219049e-24
1.426871e+02 5.216568e-24
1.430162e+02 5.214092e-24
1.433460e+02 5.211623e-24
1.436765e+02 5.209161e-24
1.440078e+02 5.206704e-24
1.443399e+02 5.204254e-24
1.446728e+02 5.201811e-24
1.450064e+02 5.199373e-24
1.453408e+02 5.196942e-24
1.456759e+02 5.194517e-24
1.460119e+02 5.192098e-24
1.463486e+02 5.189685e-24
1.466860e+02 5.187279e-24
1.470243e+02 5.184878e-24
1.473633e+02 5.182484e-24
1.477032e+02 5.180096e-24
1.480438e+02 5.177714e-24
1.483852e+02 5.175339e-24
1.487273e+02 5.172969e-24
1.490703e+02 5.170606e-24
1.494141e+02 5.168248e-24
1.497586e+02 5.165897e-24
1.501039e+02 5.163552e-24
1.504501e+02 5.161213e-24
1.507970e+02 5.158880e-24
1.511448e+02 5.156553e-24
1.514933e+02 5.154232e-24
1.518427e+02 5.151917e-24
1.521928e+02 5.149608e-24
1.525438e+02 5.147305e-24
1.528955e+02 5.145008e-24
1.532481e+02 5.142717e-24
1.536015e+02 5.140432e-24
1.539557e+02 5.138153e-24
1.543107e+02 5.135880e-24
1.546666e+02 5.133613e-24
1.550232e+02 5.131352e-24
1.553807e+02 5.129097e-24
1.557390e+02 5.126848e-24
1.560982e+02 5.124604e-24
1.564581e+02 5.122367e-24
1.568189e+02 5.120136e-24
1.571806e+02 5.117910e-24
1.575430e+02 5.115690e-24
1.579063e+02 5.113476e-24
1.582704e+02 5.111268e-24
1.586354e+02 5.109066e-24
1.590012e+02 5.106870e-24
1.593679e+02 5.104679e-24
1.597354e+02 5.102495e-24
1.601037e+02 5.100316e-24
1.604729e+02 5.098143e-24
1.608430e+02 5.095976e-24
1.612139e+02 5.093814e-24
1.615856e+02 5.091659e-24
1.619583e+02 5.089509e-24
1.623317e+02 5.087365e-24
1.627061e+02 5.085227e-24
1.630813e+02 5.083094e-24
1.634574e+02 5.080967e-24
1.638343e+02 5.078846e-24
1.642121e+02 5.076731e-24
1.645908e+02 5.074621e-24
1.649703e+02 5.072518e-24
1.653507e+02 5.070419e-24
1.657320e+02 5.068327e-24
1.661142e+02 5.066240e-24
1.664973e+02 5.064159e-24
1.668812e+02 5.062084e-24
1.672661e+02 5.060015e-24
1.676518e+02 5.057951e-24
1.680384e+02 5.055892e-24
1.684259e+02 5.053840e-24
1.688143e+02 5.051793e-24
1.692036e+02 5.049752e-24
1.695937e+02 5.047716e-24
1.699848e+02 5.045686e-24
1.703768e+02 5.043662e-24
1.707697e+02 5.041643e-24
1.711635e+02 5.039630e-24
1.715582e+02 5.037622e-24
1.719538e+02 5.035621e-24
1.723503e+02 5.033624e-24
1.727478e+02 5.031634e-24
1.731461e+02 5.029649e-24
1.735454e+02 5.027669e-24
1.739456e+02 5.025695e-24
1.743467e+02 5.023727e-24
1.747488e+02 5.021764e-24
1.751517e+02 5.019807e-24
1.755557e+02 5.017856e-24
1.759605e+02 5.015910e-24
1.763663e+02 5.013969e-24
1.767730e+02 5.012034e-24
1.771806e+02 5.010105e-24
1.775892e+02 5.008181e-24
1.779987e+02 5.006263e-24
1.784092e+02 5.004350e-24
1.788206e+02 5.002443e-24
1.792329e+02 5.000541e-24
1.796462e+02 4.998645e-24
1.800605e+02 4.996754e-24
1.804757e+02 4.994869e-24
1.808919e+02 4.992989e-24
1.813091e+02 4.991115e-24
1.817271e+02 4.989246e-24
1.821462e+02 4.987383e-24
1.825662e+02 4.985526e-24
1.829872e+02 4.983673e-24
1.834092e+02 4.981827e-24
1.838322e+02 4.979985e-24
1.842561e+02 4.978150e-24
1.846810e+02 4.976319e-24
1.851068e+02 4.974494e-24
1.855337e+02 4.972675e-24
1.859615e+02 4.970861e-24
1.863904e+02 4.969053e-24
1.868202e+02 4.967250e-24
1.872510e+02 4.965452e-24
1.876828e+02 4.963660e-24
1.881156e+02 4.961874e-24
1.885494e+02 4.960092e-24
1.889842e+02 4.958317e-24
1.894200e+02 4.956546e-24
1.898568e+02 4.954781e-24
1.902946e+02 4.953022e-24
1.907334e+02 4.951268e-24
1.911733e+02 4.949519e-24
1.916141e+02 4.947776e-24
1.920560e+02 4.946038e-24
1.924989e+02 4.944306e-24
1.929428e+02 4.942579e-24
1.933877e+02 4.940858e-24
1.938336e+02 4.939142e-24
1.942806e+02 4.937431e-24
1.947286e+02 4.935726e-24
1.951777e+02 4.934026e-24
1.956278e+02 4.932331e-24
1.960789e+02 4.930642e-24
1.965310e+02 4.928958e-24
1.969842e+02 4.927280e-24
1.974385e+02 4.925607e-24
1.978938e+02 4.923940e-24
1.983501e+02 4.922278e-24
1.988075e+02 4.920621e-24
1.992660e+02 4.918970e-24
1.997255e+02 4.917324e-24
2.001860e+02 4.915683e-24
2.006477e+02 4.914048e-24
2.011104e+02 4.912418e-24
2.015741e+02 4.910794e-24
2.020390e+02 4.909175e-24
2.025049e+02 4.907561e-24
2.029718e+02 4.905953e-24
2.034399e+02 4.904350e-24
2.039090e+02 4.902753e-24
2.043793e+02 4.901161e-24
2.048506e+02 4.899574e-24
2.053229e+02 4.897993e-24
2.057964e+02 4.896417e-24
2.062710e+02 4.894846e-24
2.067466e+02 4.893281e-24
2.072234e+02 4.891721e-24
2.077013e+02 4.890167e-24
2.081802e+02 4.888618e-24
2.086603e+02 4.887074e-24
2.091415e+02 4.885535e-24
2.096238e+02 4.884002e-24
2.101071e+02 4.882475e-24
2.105916e+02 4.880953e-24
2.110773e+02 4.879436e-24
2.115640e+02 4.877924e-24
2.120519e+02 4.876418e-24
2.125409e+02 4.874917e-24
2.130310e+02 4.873422e-24
2.135223e+02 4.871932e-24
2.140146e+02 4.870448e-24
2.145082e+02 4.868968e-24
2.150028e+02 4.867494e-24
2.154986e+02 4.866026e-24
2.159956e+02 4.864563e-24
2.164936e+02 4.863105e-24
2.169929e+02 4.861653e-24
2.174933e+02 4.860206e-24
2.179948e+02 4.858764e-24
2.184975e+02 4.857328e-24
2.190014e+02 4.855897e-24
2.195064e+02 4.854472e-24
2.200126e+02 4.853052e-24
2.205199e+02 4.851637e-24
2.210284e+02 4.850228e-24
2.215381e+02 4.848824e-24
2.220490e+02 4.847425e-24
2.225610e+02 4.846032e-24
2.230743e+02 4.844644e-24
2.235887e+02 4.843262e-24
2.241043e+02 4.841885e-24
2.246211e+02 4.840513e-24
2.251390e+02 4.839147e-24
2.256582e+02 4.837787e-24
2.261786e+02 4.836431e-24
2.267002e+02 4.835081e-24
2.272229e+02 4.833737e-24
2.277469e+02 4.832398e-24
2.282721e+02 4.831064e-24
2.287985e+02 4.829735e-24
2.293261e+02 4.828412e-24
2.298549e+02 4.827095e-24
2.303850e+02 4.825783e-24
2.309162e+02 4.824476e-24
2.314487e+02 4.823175e-24
2.319825e+02 4.821879e-24
2.325174e+02 4.820589e-24
2.330536e+02 4.819304e-24
2.335910e+02 4.818024e-24
2.341297e+02 4.816750e-24
2.346696e+02 4.815482e-24
2.352107e+02 4.814219e-24
2.357531e+02 4.812961e-24
2.362968e+02 4.811709e-24
2.368417e+02 4.810462e-24
2.373878e+02 4.809220e-24
2.379353e+02 4.807984e-24
2.384839e+02 4.806754e-24
2.390339e+02 4.805529e-24
2.395851e+02 4.804309e-24
2.401376e+02 4.803095e-24
2.406913e+02 4.801887e-24
2.412464e+02 4.800683e-24
2.418027e+02 4.799486e-24
2.423603e+02 4.798294e-24
2.429192e+02 4.797107e-24
2.434794e+02 4.795926e-24
2.440408e+02 4.794750e-24
2.446036e+02 4.793580e-24
2.451676e+02 4.792415e-24
2.457330e+02 4.791256e-24
2.462997e+02 4.790102e-24
2.468676e+02 4.788954e-24
2.474369e+02 4.787812e-24
2.480075e+02 4.786675e-24
2.485794e+02 4.785543e-24
2.491526e+02 4.784417e-24
2.497272e+02 4.783296e-24
2.503031e+02 4.782181e-24
2.508803e+02 4.781072e-24
2.514588e+02 4.779968e-24
2.520387e+02 4.778870e-24
2.526199e+02 4.777777e-24
2.532024e+02 4.776690e-24
2.537863e+02 4.775608e-24
2.543715e+02 4.774532e-24
2.549581e+02 4.773462e-24
2.555460e+02 4.772397e-24
2.561353e+02 4.771337e-24
2.567260e+02 4.770284e-24
2.573180e+02 4.769236e-24
2.579114e+02 4.768193e-24
2.585061e+02 4.767156e-24
2.591022e+02 4.766125e-24
2.596997e+02 4.765099e-24
2.602986e+02 4.764079e-24
2.608988e+02 4.763065e-24
2.615005e+02 4.762056e-24
2.621035e+02 4.761053e-24
2.627079e+02 4.760055e-24
2.633137e+02 4.759064e-24
2.639209e+02 4.758077e-24
2.645295e+02 4.757097e-24
2.651395e+02 4.756122e-24
2.657509e+02 4.755153e-24
2.663638e+02 4.754190e-24
2.669780e+02 4.753232e-24
2.675937e+02 4.752280e-24
2.682107e+02 4.751333e-24
2.688292e+02 4.750393e-24
2.694491e+02 4.749458e-24
2.700705e+02 4.748529e-24
2.706933e+02 4.747605e-24
2.713175e+02 4.746687e-24
2.719432e+02 4.745775e-24
2.725703e+02 4.744869e-24
2.731988e+02 4.743969e-24
2.738288e+02 4.743074e-24
2.744603e+02 4.742185e-24
2.750932e+02 4.741302e-24
2.757276e+02 4.740424e-24
2.763634e+02 4.739553e-24
2.770007e+02 4.738687e-24
2.776394e+02 4.737827e-24
2.782797e+02 4.736973e-24
2.789214e+02 4.736125e-24
2.795646e+02 4.735282e-24
2.802093e+02 4.734445e-24
2.808554e+02 4.733615e-24
2.815031e+02 4.732790e-24
2.821522e+02 4.731970e-24
2.828029e+02 4.731157e-24
2.834550e+02 4.730350e-24
2.841087e+02 4.729548e-24
2.847638e+02 4.728753e-24
2.854205e+02 4.727963e-24
2.860787e+02 4.727179e-24
2.867384e+02 4.726401e-24
2.873996e+02 4.725629e-24
2.880623e+02 4.724863e-24
2.887266e+02 4.724103e-24
2.893924e+02 4.723349e-24
2.900598e+02 4.722601e-24
2.907287e+02 4.721859e-24
2.913991e+02 4.721123e-24
2.920710e+02 4.720392e-24
2.927446e+02 4.719668e-24
2.934196e+02 4.718950e-24
2.940963e+02 4.718238e-24
2.947744e+02 4.717532e-24
2.954542e+02 4.716831e-24
2.961355e+02 4.716137e-24
2.968184e+02 4.715449e-24
2.975029e+02 4.714767e-24
2.981889e+02 4.714091e-24
2.988765e+02 4.713421e-24
2.995657e+02 4.712758e-24
3.002566e+02 4.712100e-24
3.009490e+02 4.711448e-24
3.016429e+02 4.710803e-24
3.023385e+02 4.710164e-24
3.030357e+02 4.709530e-24
3.037345e+02 4.708903e-24
3.044349e+02 4.708282e-24
3.051370e+02 4.707668e-24
3.058406e+02 4.707059e-24
3.065459e+02 4.706457e-24
3.072528e+02 4.705861e-24
3.079613e+02 4.705271e-24
3.086715e+02 4.704687e-24
3.093833e+02 4.704109e-24
3.100967e+02 4.703538e-24
3.108118e+02 4.702973e-24
3.115285e+02 4.702414e-24
3.122469e+02 4.701862e-24
3.129670e+02 4.701316e-24
3.136887e+02 4.700776e-24
3.144120e+02 4.700242e-24
3.151371e+02 4.699715e-24
3.158638e+02 4.699194e-24
3.165922e+02 4.698679e-24
3.173222e+02 4.698171e-24
3.180540e+02 4.697669e-24
3.187874e+02 4.697174e-24
3.195225e+02 4.696685e-24
3.202594e+02 4.696202e-24
3.209979e+02 4.695726e-24
3.217381e+02 4.695256e-24
3.224800e+02 4.694792e-24
3.232237e+02 4.694335e-24
3.239690e+02 4.693885e-24
3.247161e+02 4.693441e-24
3.254649e+02 4.693003e-24
3.262154e+02 4.692572e-24
3.269677e+02 4.692147e-24
3.277217e+02 4.691729e-24
3.284774e+02 4.691318e-24
3.292349e+02 4.690913e-24
3.299941e+02 4.690514e-24
3.307551e+02 4.690122e-24
3.315178e+02 4.689737e-24
3.322823e+02 4.689358e-24
3.330485e+02 4.688986e-24
3.338165e+02 4.688621e-24
3.345863e+02 4.688262e-24
3.353579e+02 4.687910e-24
3.361312e+02 4.687564e-24
3.369063e+02 4.687225e-24
3.376832e+02 4.686893e-24
3.384619e+02 4.686568e-24
3.392424e+02 4.686249e-24
3.400247e+02 4.685937e-24
3.408088e+02 4.685632e-24
3.415947e+02 4.685333e-24
3.423825e+02 4.685042e-24
3.431720e+02 4.684757e-24
3.439633e+02 4.684478e-24
3.447565e+02 4.684207e-24
3.455515e+02 4.683943e-24
3.463484e+02 4.683685e-24
3.471471e+02 4.683434e-24
3.479476e+02 4.683190e-24
3.487500e+02 4.682953e-24
3.495542e+02 4.682723e-24
3.503603e+02 4.682500e-24
3.511682e+02 4.682284e-24
3.519780e+02 4.682075e-24
3.527896e+02 4.681872e-24
3.536032e+02 4.681677e-24
3.544186e+02 4.681489e-24
3.552359e+02 4.681307e-24
3.560551e+02 4.681133e-24
3.568761e+02 4.680966e-24
3.576991e+02 4.680806e-24
3.585240e+02 4.680653e-24
3.593507e+02 4.680507e-24
3.601794e+02 4.680368e-24
3.610100e+02 4.680236e-24
3.618424e+02 4.680111e-24
3.626769e+02 4.679994e-24
3.635132e+02 4.679884e-24
3.643514e+02 4.679780e-24
3.651916e+02 4.679685e-24
3.660338e+02 4.679596e-24
3.668779e+02 4.679515e-24
3.677239e+02 4.679440e-24
3.685719e+02 4.679373e-24
3.694218e+02 4.679314e-24
3.702737e+02 4.679262e-24
3.711275e+02 4.679217e-24
3.719834e+02 4.679179e-24
3.728412e+02 4.679149e-24
3.737009e+02 4.679126e-24
3.745627e+02 4.679111e-24
3.754264e+02 4.679103e-24
3.762922e+02 4.679103e-24
3.771599e+02 4.679110e-24
3.780296e+02 4.679124e-24
3.789014e+02 4.679146e-24
3.797751e+02 4.679176e-24
3.806509e+02 4.679213e-24
3.815287e+02 4.679258e-24
3.824085e+02 4.679310e-24
3.832903e+02 4.679370e-24
3.841742e+02 4.679438e-24
3.850601e+02 4.679513e-24
3.859480e+02 4.679596e-24
3.868380e+02 4.679687e-24
3.877301e+02 4.679785e-24
3.886242e+02 4.679891e-24
3.895204e+02 4.680005e-24
3.904186e+02 4.680127e-24
3.913189e+02 4.680257e-24
3.922213e+02 4.680394e-24
3.931258e+02 4.680540e-24
3.940323e+02 4.680694e-24
3.949410e+02 4.680855e-24
3.958517e+02 4.681025e-24
3.967645e+02 4.681202e-24
3.976795e+02 4.681388e-24
3.985965e+02 4.681582e-24
3.995157e+02 4.681784e-24
4.004370e+02 4.681994e-24
4.013604e+02 4.682213e-24
4.022859e+02 4.682440e-24
4.032136e+02 4.682676e-24
4.041434e+02 4.682920e-24
4.050754e+02 4.683172e-24
4.060095e+02 4.683434e-24
4.069457e+02 4.683704e-24
4.078842e+02 4.683983e-24
4.088247e+02 4.684271e-24
4.097675e+02 4.684568e-24
4.107124e+02 4.684875e-24
4.116595e+02 4.685191e-24
4.126088e+02 4.685517e-24
4.135603e+02 4.685853e-24
4.145140e+02 4.686200e-24
4.154699e+02 4.686557e-24
4.164279e+02 4.686926e-24
4.173882e+02 4.687306e-24
4.183507e+02 4.687700e-24
4.193154e+02 4.688106e-24
4.202824e+02 4.688528e-24
4.212516e+02 4.688967e-24
4.222230e+02 4.689423e-24
4.231966e+02 4.689901e-24
4.241725e+02 4.690404e-24
4.251506e+02 4.690937e-24
4.261311e+02 4.691508e-24
4.271137e+02 4.692128e-24
4.280986e+02 4.692813e-24
4.290858e+02 4.693589e-24
4.300753e+02 4.694502e-24
4.310671e+02 4.695626e-24
4.320611e+02 4.697107e-24
4.330575e+02 4.699250e-24
4.340561e+02 4.702779e-24
4.350570e+02 4.709805e-24
4.360603e+02 4.728867e-24
4.370658e+02 4.828803e-24
4.380737e+02 4.836134e-24
4.390839e+02 4.821472e-24
4.400964e+02 4.728758e-24
4.411113e+02 4.711760e-24
4.421285e+02 4.706180e-24
4.431481e+02 4.703919e-24
4.441700e+02 4.702968e-24
4.451942e+02 4.702640e-24
4.462208e+02 4.702647e-24
4.472498e+02 4.702851e-24
4.482812e+02 4.703182e-24
4.493149e+02 4.703598e-24
4.503510e+02 4.704075e-24
4.513896e+02 4.704596e-24
4.524305e+02 4.705153e-24
4.534738e+02 4.705739e-24
4.545195e+02 4.706348e-24
4.555676e+02 4.706978e-24
4.566182e+02 4.707626e-24
4.576711e+02 4.708290e-24
4.587265e+02 4.708968e-24
4.597844e+02 4.709660e-24
4.608446e+02 4.710366e-24
4.619073e+02 4.711083e-24
4.629725e+02 4.711813e-24
4.640401e+02 4.712554e-24
4.651102e+02 4.713306e-24
4.661827e+02 4.714069e-24
4.672578e+02 4.714843e-24
4.683353e+02 4.715628e-24
4.694152e+02 4.716423e-24
4.704977e+02 4.717228e-24
4.715827e+02 4.718044e-24
4.726702e+02 4.718870e-24
4.737601e+02 4.719706e-24
4.748526e+02 4.720552e-24
4.759477e+02 4.721408e-24
4.770452e+02 4.722275e-24
4.781453e+02 4.723151e-24
4.792479e+02 4.724037e-24
4.803530e+02 4.724934e-24
4.814607e+02 4.725840e-24
4.825710e+02 4.726757e-24
4.836838e+02 4.727683e-24
4.847991e+02 4.728620e-24
4.859171e+02 4.729567e-24
4.870376e+02 4.730524e-24
4.881608e+02 4.731491e-24
4.892865e+02 4.732468e-24
4.904148e+02 4.733455e-24
4.915457e+02 4.734452e-24
4.926792e+02 4.735459e-24
4.938153e+02 4.736477e-24
4.949540e+02 4.737505e-24
4.960954e+02 4.738543e-24
4.972394e+02 4.739591e-24
4.983860e+02 4.740650e-24
4.995353e+02 4.741719e-24
5.006872e+02 4.742798e-24
5.018418e+02 4.743887e-24
5.029991e+02 4.744987e-24
5.041590e+02 4.746098e-24
5.053216e+02 4.747218e-24
5.064869e+02 4.748349e-24
5.076548e+02 4.749491e-24
5.088255e+02 4.750643e-24
5.099988e+02 4.751806e-24
5.111749e+02 4.752979e-24
5.123537e+02 4.754163e-24
5.135352e+02 4.755357e-24
5.147194e+02 4.756562e-24
5.159063e+02 4.757778e-24
5.170960e+02 4.759005e-24
5.182884e+02 4.760242e-24
5.194836e+02 4.761490e-24
5.206816e+02 4.762748e-24
5.218822e+02 4.764018e-24
5.230857e+02 4.765299e-24
5.242920e+02 4.766590e-24
5.255010e+02 4.767892e-24
5.267128e+02 4.769205e-24
5.279274e+02 4.770529e-24
5.291448e+02 4.771864e-24
5.303650e+02 4.773211e-24
5.315880e+02 4.774568e-24
5.328139e+02 4.775936e-24
5.340426e+02 4.777316e-24
5.352740e+02 4.778706e-24
5.365084e+02 4.780108e-24
5.377456e+02 4.781521e-24
5.389856e+02 4.782945e-24
5.402285e+02 4.784381e-24
5.414743e+02 4.785828e-24
5.427230e+02 4.787286e-24
5.439745e+02 4.788756e-24
5.452289e+02 4.790237e-24
5.464862e+02 4.791729e-24
5.477464e+02 4.793233e-24
5.490095e+02 4.794749e-24
5.502755e+02 4.796276e-24
5.515445e+02 4.797815e-24
5.528163e+02 4.799365e-24
5.540911e+02 4.800927e-24
5.553689e+02 4.802500e-24
5.566495e+02 4.804086e-24
5.579332e+02 4.805683e-24
5.592198e+02 4.807292e-24
5.605094e+02 4.808912e-24
5.618019e+02 4.810545e-24
5.630974e+02 4.812189e-24
5.643959e+02 4.813845e-24
5.656974e+02 4.815514e-24
5.670019e+02 4.817194e-24
5.683094e+02 4.818886e-24
5.696200e+02 4.820591e-24
5.709335e+02 4.822307e-24
5.722501e+02 4.824035e-24
5.735697e+02 4.825776e-24
5.748923e+02 4.827529e-24
5.762181e+02 4.829294e-24
5.775468e+02 4.831072e-24
5.788786e+02 4.832861e-24
5.802135e+02 4.834663e-24
5.815515e+02 4.836478e-24
5.828926e+02 4.838305e-24
5.842367e+02 4.840144e-24
5.855840e+02 4.841996e-24
5.869343e+02 4.843860e-24
5.882878e+02 4.845737e-24
5.896444e+02 4.847627e-24
5.910041e+02 4.849529e-24
5.923670e+02 4.851444e-24
5.937330e+02 4.853371e-24
5.951022e+02 4.855311e-24
5.964745e+02 4.857264e-24
5.978500e+02 4.859230e-24
5.992286e+02 4.861209e-24
6.006104e+02 4.863200e-24
6.019954e+02 4.865205e-24
6.033836e+02 4.867222e-24
6.047750e+02 4.869253e-24
6.061697e+02 4.871296e-24
6.075675e+02 4.873352e-24
6.089686e+02 4.875422e-24
6.103728e+02 4.877505e-24
6.117804e+02 4.879601e-24
6.131911e+02 4.881710e-24
6.146052e+02 4.883833e-24
6.160224e+02 4.885969e-24
6.174430e+02 4.888118e-24
6.188668e+02 4.890280e-24
6.202939e+02 4.892456e-24
6.217243e+02 4.894646e-24
6.231580e+02 4.896849e-24
6.245950e+02 4.899065e-24
6.260354e+02 4.901295e-24
6.274790e+02 4.903539e-24
6.289260e+02 4.905796e-24
6.303763e+02 4.908067e-24
6.318299e+02 4.910352e-24
6.332869e+02 4.912650e-24
6.347473e+02 4.914963e-24
6.362110e+02 4.917289e-24
6.376781e+02 4.919629e-24
6.391486e+02 4.921983e-24
6.406225e+02 4.924351e-24
6.420998e+02 4.926733e-24
6.435805e+02 4.929129e-24
6.450646e+02 4.931539e-24
6.465521e+02 4.933964e-24
6.480431e+02 4.936402e-24
6.495375e+02 4.938855e-24
6.510353e+02 4.941322e-24
6.525366e+02 4.943803e-24
6.540413e+02 4.946299e-24
6.555496e+02 4.948809e-24
6.570613e+02 4.951333e-24
6.585765e+02 4.953872e-24
6.600951e+02 4.956425e-24
6.616173e+02 4.958993e-24
6.631430e+02 4.961576e-24
6.646722e+02 4.964173e-24
6.662050e+02 4.966785e-24
6.677413e+02 4.969411e-24
6.692811e+02 4.972053e-24
6.708244e+02 4.974709e-24
6.723714e+02 4.977380e-24
6.739218e+02 4.980065e-24
6.754759e+02 4.982766e-24
6.770336e+02 4.985482e-24
6.785948e+02 4.988213e-24
6.801597e+02 4.990959e-24
6.817281e+02 4.993720e-24
6.833002e+02 4.996496e-24
6.848759e+02 4.999287e-24
6.864552e+02 5.002093e-24
6.880382e+02 5.004915e-24
6.896248e+02 5.007752e-24
6.912151e+02 5.010605e-24
6.928090e+02 5.013473e-24
6.944067e+02 5.016356e-24
6.960080e+02 5.019255e-24
6.976130e+02 5.022169e-24
6.992217e+02 5.025099e-24
7.008341e+02 5.028044e-24
7.024502e+02 5.031006e-24
7.040701e+02 5.033982e-24
7.056936e+02 5.036975e-24
7.073210e+02 5.039984e-24
7.089521e+02 5.043008e-24
7.105869e+02 5.046048e-24
7.122255e+02 5.049104e-24
7.138679e+02 5.052176e-24
7.155141e+02 5.055265e-24
7.171641e+02 5.058369e-24
7.188179e+02 5.061489e-24
7.204755e+02 5.064626e-24
7.221369e+02 5.067778e-24
7.238022e+02 5.070947e-24
7.254713e+02 5.074133e-24
7.271442e+02 5.077334e-24
7.288210e+02 5.080552e-24
7.305017e+02 5.083787e-24
7.321862e+02 5.087038e-24
7.338746e+02 5.090305e-24
7.355670e+02 5.093589e-24
7.372632e+02 5.096890e-24
7.389633e+02 5.100207e-24
7.406674e+02 5.103542e-24
7.423754e+02 5.106892e-24
7.440873e+02 5.110260e-24
7.458031e+02 5.113645e-24
7.475230e+02 5.117046e-24
7.492468e+02 5.120464e-24
7.509745e+02 5.123900e-24
7.527063e+02 5.127352e-24
7.544420e+02 5.130822e-24
7.561818e+02 5.134308e-24
7.579255e+02 5.137812e-24
7.596733e+02 5.141333e-24
7.614251e+02 5.144872e-24
7.631810e+02 5.148427e-24
7.649409e+02 5.152001e-24
7.667048e+02 5.155591e-24
7.684729e+02 5.159199e-24
7.702450e+02 5.162825e-24
7.720212e+02 5.166468e-24
7.738015e+02 5.170129e-24
7.755859e+02 5.173807e-24
7.773744e+02 5.177503e-24
7.791670e+02 5.181217e-24
7.809638e+02 5.184949e-24
7.827647e+02 5.188699e-24
7.845697e+02 5.192466e-24
7.863790e+02 5.196252e-24
7.881923e+02 5.200056e-24
7.900099e+02 5.203877e-24
7.918317e+02 5.207717e-24
7.936577e+02 5.211575e-24
7.954878e+02 5.215452e-24
7.973222e+02 5.219346e-24
7.991609e+02 5.223259e-24
8.010037e+02 5.227191e-24
8.028509e+02 5.231140e-24
8.047022e+02 5.235109e-24
8.065579e+02 5.239096e-24
8.084178e+02 5.243101e-24
8.102820e+02 5.247126e-24
8.121506e+02 5.251169e-24
8.140234e+02 5.255231e-24
8.159005e+02 5.259312e-24
8.177820e+02 5.263411e-24
8.196678e+02 5.267531e-24
8.215580e+02 5.271669e-24
8.234525e+02 5.275826e-24
8.253514e+02 5.280003e-24
8.272546e+02 5.284200e-24
8.291623e+02 5.288416e-24
8.310743e+02 5.292653e-24
8.329908e+02 5.296910e-24
8.349117e+02 5.301187e-24
8.368370e+02 5.305486e-24
8.387668e+02 5.309808e-24
8.407010e+02 5.314153e-24
8.426396e+02 5.318524e-24
8.445828e+02 5.322925e-24
8.465304e+02 5.327363e-24
8.484825e+02 5.331852e-24
8.504391e+02 5.336424e-24
8.524002e+02 5.341171e-24
8.543659e+02 5.346420e-24
8.563360e+02 5.354283e-24
8.583107e+02 5.337741e-24
8.602900e+02 5.370825e-24
8.622739e+02 5.365249e-24
8.642623e+02 5.368440e-24
8.662553e+02 5.372594e-24
8.682528e+02 5.377012e-24
8.702550e+02 5.381539e-24
8.722619e+02 5.386128e-24
8.742733e+02 5.390758e-24
8.762894e+02 5.395420e-24
8.783101e+02 5.400109e-24
8.803355e+02 5.404824e-24
8.823656e+02 5.409563e-24
8.844003e+02 5.414325e-24
8.864397e+02 5.419108e-24
8.884839e+02 5.423913e-24
8.905327e+02 5.428741e-24
8.925863e+02 5.433589e-24
8.946446e+02 5.438459e-24
8.967077e+02 5.443350e-24
8.987755e+02 5.448263e-24
9.008481e+02 5.453196e-24
9.029254e+02 5.458152e-24
9.050076e+02 5.463128e-24
9.070945e+02 5.468125e-24
9.091863e+02 5.473144e-24
9.112829e+02 5.478185e-24
9.133843e+02 5.483247e-24
9.154906e+02 5.488330e-24
9.176017e+02 5.493435e-24
9.197177e+02 5.498562e-24
9.218386e+02 5.503710e-24
9.239644e+02 5.508879e-24
9.260950e+02 5.514071e-24
9.282306e+02 5.519284e-24
9.303711e+02 5.524519e-24
9.325166e+02 5.529776e-24
9.346670e+02 5.535055e-24
9.368223e+02 5.540356e-24
9.389826e+02 5.545679e-24
9.411479e+02 5.551023e-24
9.433182e+02 5.556391e-24
9.454935e+02 5.561780e-24
9.476738e+02 5.567191e-24
9.498592e+02 5.572625e-24
9.520495e+02 5.578081e-24
9.542450e+02 5.583560e-24
9.564455e+02 5.589061e-24
9.586511e+02 5.594585e-24
9.608617e+02 5.600131e-24
9.630775e+02 5.605700e-24
9.652983e+02 5.611292e-24
9.675243e+02 5.616906e-24
9.697554e+02 5.622543e-24
9.719917e+02 5.628203e-24
9.742331e+02 5.633886e-24
9.764797e+02 5.639592e-24
9.787315e+02 5.645321e-24
9.809884e+02 5.651073e-24
9.832506e+02 5.656848e-24
9.855180e+02 5.662647e-24
9.877906e+02 5.668469e-24
9.900684e+02 5.674314e-24
9.923516e+02 5.680182e-24
9.946399e+02 5.686074e-24
9.969336e+02 5.691989e-24
9.992325e+02 5.697928e-24
1.001537e+03 5.703891e-24
1.003846e+03 5.709877e-24
1.006161e+03 5.715887e-24
1.008481e+03 5.721921e-24
1.010807e+03 5.727979e-24
1.013138e+03 5.734060e-24
1.015474e+03 5.740166e-24
1.017816e+03 5.746296e-24
1.020163e+03 5.752449e-24
1.022515e+03 5.758627e-24
1.024873e+03 5.764829e-24
1.027237e+03 5.771056e-24
1.029606e+03 5.777306e-24
1.031980e+03 5.783582e-24
1.034360e+03 5.789881e-24
1.036745e+03 5.796205e-24
1.039136e+03 5.802554e-24
1.041532e+03 5.808927e-24
1.043934e+03 5.815325e-24
1.046341e+03 5.821747e-24
1.048754e+03 5.828195e-24
1.051172e+03 5.834667e-24
1.053596e+03 5.841164e-24
1.056026e+03 5.847687e-24
1.058461e+03 5.854234e-24
1.060902e+03 5.860806e-24
1.063348e+03 5.867404e-24
1.065800e+03 5.874027e-24
1.068258e+03 5.880675e-24
1.070722e+03 5.887348e-24
1.073191e+03 5.894047e-24
1.075666e+03 5.900772e-24
1.078146e+03 5.907522e-24
1.080632e+03 5.914297e-24
1.083124e+03 5.921098e-24
1.085622e+03 5.927925e-24
1.088125e+03 5.934778e-24
1.090634e+03 5.941656e-24
1.093149e+03 5.948561e-24
1.095670e+03 5.955491e-24
1.098197e+03 5.962448e-24
1.100729e+03 5.969430e-24
1.103268e+03 5.976439e-24
1.105812e+03 5.983474e-24
1.108362e+03 5.990535e-24
1.110918e+03 5.997622e-24
1.113479e+03 6.004736e-24
1.116047e+03 6.011877e-24
1.118621e+03 6.019044e-24
1.121200e+03 6.026237e-24
1.123786e+03 6.033457e-24
1.126377e+03 6.040704e-24
1.128975e+03 6.047978e-24
1.131578e+03 6.055278e-24
1.134188e+03 6.062606e-24
1.136803e+03 6.069960e-24
1.139425e+03 6.077341e-24
1.142052e+03 6.084750e-24
1.144686e+03 6.092186e-24
1.147325e+03 6.099649e-24
1.149971e+03 6.107139e-24
1.152623e+03 6.114656e-24
1.155281e+03 6.122201e-24
1.157945e+03 6.129774e-24
1.160615e+03 6.137374e-24
1.163292e+03 6.145002e-24
1.165974e+03 6.152657e-24
1.168663e+03 6.160340e-24
1.171358e+03 6.168051e-24
1.174059e+03 6.175790e-24
1.176766e+03 6.183557e-24
1.179480e+03 6.191352e-24
1.182200e+03 6.199175e-24
1.184926e+03 6.207026e-24
1.187659e+03 6.214905e-24
1.190397e+03 6.222813e-24
1.193142e+03 6.230749e-24
1.195894e+03 6.238714e-24
1.198651e+03 6.246708e-24
1.201416e+03 6.254730e-24
1.204186e+03 6.262781e-24
1.206963e+03 6.270861e-24
1.209746e+03 6.278971e-24
1.212536e+03 6.287111e-24
1.215332e+03 6.295280e-24
1.218134e+03 6.303481e-24
1.220944e+03 6.311714e-24
1.223759e+03 6.319981e-24
1.226581e+03 6.328288e-24
1.229409e+03 6.336646e-24
1.232245e+03 6.345088e-24
1.235086e+03 6.353740e-24
1.237934e+03 6.363558e-24
1.240789e+03 6.346144e-24
1.243650e+03 6.380972e-24
1.246518e+03 6.387545e-24
1.249392e+03 6.395736e-24
1.252274e+03 6.404171e-24
1.255161e+03 6.412696e-24
1.258056e+03 6.421274e-24
1.260957e+03 6.429893e-24
1.263865e+03 6.438547e-24
1.266779e+03 6.447235e-24
1.269700e+03 6.455955e-24
1.272628e+03 6.464706e-24
1.275563e+03 6.473489e-24
1.278504e+03 6.482302e-24
1.281453e+03 6.491146e-24
1.284408e+03 6.500021e-24
1.287370e+03 6.508927e-24
1.290338e+03 6.517863e-24
1.293314e+03 6.526831e-24
1.296296e+03 6.535829e-24
1.299285e+03 6.544858e-24
1.302282e+03 6.553918e-24
1.305285e+03 6.563009e-24
1.308295e+03 6.572130e-24
1.311312e+03 6.581283e-24
1.314335e+03 6.590467e-24
1.317366e+03 6.599683e-24
1.320404e+03 6.608930e-24
1.323449e+03 6.618208e-24
1.326501e+03 6.627517e-24
1.329560e+03 6.636858e-24
1.332626e+03 6.646231e-24
1.335699e+03 6.655635e-24
1.338779e+03 6.665071e-24
1.341866e+03 6.674538e-24
1.344961e+03 6.684038e-24
1.348062e+03 6.693569e-24
1.351171e+03 6.703132e-24
1.354287e+03 6.712728e-24
1.357410e+03 6.722355e-24
1.360540e+03 6.732015e-24
1.363677e+03 6.741706e-24
1.366822e+03 6.751431e-24
1.369974e+03 6.761187e-24
1.373133e+03 6.770976e-24
1.376299e+03 6.780798e-24
1.379473e+03 6.790652e-24
1.382654e+03 6.800539e-24
1.385843e+03 6.810458e-24
1.389038e+03 6.820411e-24
1.392242e+03 6.830396e-24
1.395452e+03 6.840414e-24
1.398670e+03 6.850466e-24
1.401895e+03 6.860550e-24
1.405128e+03 6.870668e-24
1.408368e+03 6.880818e-24
1.411616e+03 6.891002e-24
1.414871e+03 6.901220e-24
1.418134e+03 6.911471e-24
1.421404e+03 6.921755e-24
1.424682e+03 6.932073e-24
1.427967e+03 6.942425e-24
1.431260e+03 6.952811e-24
1.434561e+03 6.963230e-24
1.437869e+03 6.973684e-24
1.441185e+03 6.984171e-24
1.444508e+03 6.994692e-24
1.447839e+03 7.005247e-24
1.451178e+03 7.015837e-24
1.454524e+03 7.026461e-24
1.457878e+03 7.037119e-24
1.461240e+03 7.047812e-24
1.464610e+03 7.058539e-24
1.467987e+03 7.069301e-24
1.471372e+03 7.080097e-24
1.474765e+03 7.090928e-24
1.478166e+03 7.101794e-24
1.481575e+03 7.112695e-24
1.484991e+03 7.123630e-24
1.488416e+03 7.134601e-24
1.491848e+03 7.145607e-24
1.495288e+03 7.156648e-24
1.498736e+03 7.167724e-24
1.502193e+03 7.178835e-24
1.505657e+03 7.189983e-24
1.509129e+03 7.201165e-24
1.512609e+03 7.212383e-24
1.516097e+03 7.223637e-24
1.519593e+03 7.234926e-24
1.523097e+03 7.246252e-24
1.526609e+03 7.257613e-24
1.530130e+03 7.269010e-24
1.533658e+03 7.280444e-24
1.537195e+03 7.291914e-24
1.540740e+03 7.303421e-24
1.544293e+03 7.314964e-24
1.547854e+03 7.326545e-24
1.551423e+03 7.338163e-24
1.555001e+03 7.349821e-24
1.558586e+03 7.361521e-24
1.562181e+03 7.373268e-24
1.565783e+03 7.385082e-24
1.569394e+03 7.397040e-24
1.573013e+03 7.409904e-24
1.576640e+03 7.465847e-24
1.580276e+03 7.433086e-24
1.583920e+03 7.444516e-24
1.587572e+03 7.456388e-24
1.591234e+03 7.468367e-24
1.594903e+03 7.480404e-24
1.598581e+03 7.492488e-24
1.602267e+03 7.504612e-24
1.605962e+03 7.516777e-24
1.609665e+03 7.528980e-24
1.613377e+03 7.541222e-24
1.617098e+03 7.553503e-24
1.620827e+03 7.565821e-24
1.624564e+03 7.578178e-24
1.628311e+03 7.590572e-24
1.632065e+03 7.603006e-24
1.635829e+03 7.615477e-24
1.639601e+03 7.627987e-24
1.643382e+03 7.640535e-24
1.647172e+03 7.653122e-24
1.650970e+03 7.665747e-24
1.654777e+03 7.678410e-24
1.658593e+03 7.691113e-24
1.662418e+03 7.703854e-24
1.666252e+03 7.716634e-24
1.670094e+03 7.729453e-24
1.673945e+03 7.742311e-24
1.677805e+03 7.755209e-24
1.681674e+03 7.768145e-24
1.685552e+03 7.781120e-24
1.689439e+03 7.794135e-24
1.693335e+03 7.807190e-24
1.697240e+03 7.820283e-24
1.701154e+03 7.833417e-24
1.705077e+03 7.846590e-24
1.709009e+03 7.859802e-24
1.712950e+03 7.873055e-24
1.716900e+03 7.886347e-24
1.720859e+03 7.899680e-24
1.724827e+03 7.913052e-24
1.728805e+03 7.926465e-24
1.732791e+03 7.939918e-24
1.736787e+03 7.953411e-24
1.740792e+03 7.966945e-24
1.744806e+03 7.980519e-24
1.748830e+03 7.994134e-24
1.752863e+03 8.007789e-24
1.756905e+03 8.021485e-24
1.760956e+03 8.035222e-24
1.765017e+03 8.049000e-24
1.769087e+03 8.062819e-24
1.773167e+03 8.076679e-24
1.777256e+03 8.090580e-24
1.781354e+03 8.104522e-24
1.785462e+03 8.118506e-24
1.789579e+03 8.132531e-24
1.793706e+03 8.146598e-24
1.797842e+03 8.160706e-24
1.801988e+03 8.174856e-24
1.806143e+03 8.189047e-24
1.810309e+03 8.203281e-24
1.814483e+03 8.217557e-24
1.818667e+03 8.231874e-24
1.822861e+03 8.246234e-24
1.827065e+03 8.260636e-24
1.831278e+03 8.275080e-24
1.835501e+03 8.289566e-24
1.839734e+03 8.304096e-24
1.843976e+03 8.318668e-24
1.848228e+03 8.333282e-24
1.852490e+03 8.347939e-24
1.856762e+03 8.362640e-24
1.861044e+03 8.377383e-24
1.865335e+03 8.392170e-24
1.869637e+03 8.407000e-24
1.873948e+03 8.421875e-24
1.878270e+03 8.436794e-24
1.882601e+03 8.451762e-24
1.886942e+03 8.466785e-24
1.891293e+03 8.481901e-24
1.895655e+03 8.497636e-24
1.900026e+03 8.514290e-24
1.904408e+03 8.527347e-24
1.908799e+03 8.542459e-24
1.913201e+03 8.557696e-24
1.917613e+03 8.572994e-24
1.922035e+03 8.588341e-24
1.926467e+03 8.603735e-24
1.930909e+03 8.619175e-24
1.935362e+03 8.634659e-24
1.939825e+03 8.650189e-24
1.944298e+03 8.665763e-24
1.948782e+03 8.681382e-24
1.953276e+03 8.697047e-24
1.957780e+03 8.712756e-24
1.962295e+03 8.728510e-24
1.966820e+03 8.744310e-24
1.971355e+03 8.760154e-24
1.975901e+03 8.776044e-24
1.980458e+03 8.791979e-24
1.985025e+03 8.807960e-24
1.989602e+03 8.823986e-24
1.994190e+03 8.840058e-24
1.998789e+03 8.856176e-24
2.003398e+03 8.872340e-24
2.008018e+03 8.888549e-24
2.012648e+03 8.904805e-24
2.017290e+03 8.921107e-24
2.021941e+03 8.937455e-24
2.026604e+03 8.953849e-24
2.031277e+03 8.970290e-24
2.035962e+03 8.986777e-24
2.040657e+03 9.003311e-24
2.045362e+03 9.019892e-24
2.050079e+03 9.036519e-24
2.054807e+03 9.053193e-24
2.059545e+03 9.069914e-24
2.064294e+03 9.086683e-24
2.069055e+03 9.103499e-24
2.073826e+03 9.120361e-24
2.078608e+03 9.137272e-24
2.083401e+03 9.154229e-24
2.088206e+03 9.171235e-24
2.093021e+03 9.188288e-24
2.097847e+03 9.205389e-24
2.102685e+03 9.222537e-24
2.107534e+03 9.239734e-24
2.112394e+03 9.256979e-24
2.117265e+03 9.274272e-24
2.122148e+03 9.291613e-24
2.127041e+03 9.309002e-24
2.131946e+03 9.326440e-24
2.136863e+03 9.343927e-24
2.141790e+03 9.361462e-24
2.146729e+03 9.379046e-24
2.151680e+03 9.396679e-24
2.156641e+03 9.414361e-24
2.161615e+03 9.432092e-24
2.166599e+03 9.449872e-24
2.171595e+03 9.467702e-24
2.176603e+03 9.485581e-24
2.181622e+03 9.503509e-24
2.186653e+03 9.521487e-24
2.191696e+03 9.539515e-24
2.196750e+03 9.557592e-24
2.201816e+03 9.575720e-24
2.206893e+03 9.593897e-24
2.211982e+03 9.612125e-24
2.217083e+03 9.630403e-24
2.222195e+03 9.648731e-24
2.227320e+03 9.667110e-24
2.232456e+03 9.685540e-24
2.237604e+03 9.704021e-24
2.242764e+03 9.722555e-24
2.247936e+03 9.741148e-24
2.253120e+03 9.759857e-24
2.258315e+03 9.780399e-24
2.263523e+03 9.797225e-24
2.268743e+03 9.815977e-24
2.273974e+03 9.834807e-24
2.279218e+03 9.853693e-24
2.284474e+03 9.872631e-24
2.289742e+03 9.891622e-24
2.295022e+03 9.910665e-24
2.300315e+03 9.929760e-24
2.305619e+03 9.948907e-24
2.310936e+03 9.968107e-24
2.316265e+03 9.987358e-24
2.321606e+03 1.000666e-23
2.326960e+03 1.002602e-23
2.332326e+03 1.004543e-23
2.337704e+03 1.006489e-23
2.343095e+03 1.008440e-23
2.348498e+03 1.010397e-23
2.353914e+03 1.012359e-23
2.359342e+03 1.014327e-23
2.364783e+03 1.016299e-23
2.370236e+03 1.018277e-23
2.375702e+03 1.020261e-23
2.381180e+03 1.022249e-23
2.386671e+03 1.024243e-23
2.392175e+03 1.026243e-23
2.397691e+03 1.028248e-23
2.403220e+03 1.030258e-23
2.408762e+03 1.032273e-23
2.414317e+03 1.034295e-23
2.419884e+03 1.036321e-23
2.425465e+03 1.038353e-23
2.431058e+03 1.040390e-23
2.436664e+03 1.042433e-23
2.442283e+03 1.044482e-23
2.447915e+03 1.046535e-23
2.453559e+03 1.048595e-23
2.459218e+03 1.050660e-23
2.464888e+03 1.052730e-23
2.470573e+03 1.054806e-23
2.476270e+03 1.056887e-23
2.481980e+03 1.058974e-23
2.487703e+03 1.061067e-23
2.493440e+03 1.063165e-23
2.499190e+03 1.065269e-23
2.504953e+03 1.067378e-23
2.510729e+03 1.069493e-23
2.516519e+03 1.071614e-23
2.522322e+03 1.073740e-23
2.528139e+03 1.075872e-23
2.533969e+03 1.078009e-23
2.539812e+03 1.080153e-23
2.545669e+03 1.082302e-23
2.551539e+03 1.084456e-23
2.557423e+03 1.086617e-23
2.563321e+03 1.088783e-23
2.569232e+03 1.090954e-23
2.575156e+03 1.093132e-23
2.581095e+03 1.095315e-23
2.587047e+03 1.097504e-23
2.593012e+03 1.099699e-23
2.598992e+03 1.101900e-23
2.604985e+03 1.104106e-23
2.610992e+03 1.106318e-23
2.617013e+03 1.108537e-23
2.623048e+03 1.110761e-23
2.629097e+03 1.112990e-23
2.635160e+03 1.115226e-23
2.641236e+03 1.117468e-23
2.647327e+03 1.119715e-23
2.653432e+03 1.121969e-23
2.659551e+03 1.124232e-23
2.665684e+03 1.126501e-23
2.671831e+03 1.128765e-23
2.677992e+03 1.131041e-23
2.684167e+03 1.133324e-23
2.690357e+03 1.135613e-23
2.696561e+03 1.137908e-23
2.702779e+03 1.140210e-23
2.709012e+03 1.142517e-23
2.715259e+03 1.144830e-23
2.721521e+03 1.147149e-23
2.727796e+03 1.149474e-23
2.734087e+03 1.151805e-23
2.740392e+03 1.154143e-23
2.746711e+03 1.156486e-23
2.753045e+03 1.158836e-23
2.759393e+03 1.161191e-23
2.765756e+03 1.163553e-23
2.772134e+03 1.165921e-23
2.778527e+03 1.168295e-23
2.784934e+03 1.170676e-23
2.791356e+03 1.173062e-23
2.797793e+03 1.175455e-23
2.804245e+03 1.177854e-23
2.810711e+03 1.180259e-23
2.817193e+03 1.182670e-23
2.823689e+03 1.185089e-23
2.830201e+03 1.187513e-23
2.836727e+03 1.189944e-23
2.843269e+03 1.192381e-23
2.849825e+03 1.194824e-23
2.856397e+03 1.197274e-23
2.862984e+03 1.199730e-23
2.869586e+03 1.202192e-23
2.876204e+03 1.204661e-23
2.882836e+03 1.207136e-23
2.889484e+03 1.209618e-23
2.896147e+03 1.212106e-23
2.902826e+03 1.214600e-23
2.909519e+03 1.217101e-23
2.916229e+03 1.219608e-23
2.922954e+03 1.222121e-23
2.929694e+03 1.224641e-23
2.936450e+03 1.227168e-23
2.943222e+03 1.229701e-23
2.950008e+03 1.232241e-23
2.956811e+03 1.234787e-23
2.963630e+03 1.237339e-23
2.970464e+03 1.239898e-23
2.977314e+03 1.242464e-23
2.984180e+03 1.245036e-23
2.991061e+03 1.247616e-23
2.997958e+03 1.250204e-23
3.004872e+03 1.252799e-23
3.011801e+03 1.255401e-23
3.018746e+03 1.258009e-23
3.025707e+03 1.260624e-23
3.032685e+03 1.263245e-23
3.039678e+03 1.265873e-23
3.046688e+03 1.268508e-23
3.053713e+03 1.271150e-23
3.060755e+03 1.273798e-23
3.067813e+03 1.276453e-23
3.074888e+03 1.279115e-23
3.081979e+03 1.281784e-23
3.089086e+03 1.284459e-23
3.096209e+03 1.287167e-23
3.103349e+03 1.289830e-23
3.110505e+03 1.292526e-23
3.117678e+03 1.295228e-23
3.124867e+03 1.297938e-23
3.132073e+03 1.300654e-23
3.139296e+03 1.303377e-23
3.146535e+03 1.306108e-23
3.153791e+03 1.308845e-23
3.161064e+03 1.311589e-23
3.168353e+03 1.314340e-23
3.175660e+03 1.317097e-23
3.182983e+03 1.319862e-23
3.190323e+03 1.322634e-23
3.197680e+03 1.325413e-23
3.205053e+03 1.328199e-23
3.212444e+03 1.330992e-23
3.219852e+03 1.333792e-23
3.227277e+03 1.336599e-23
3.234719e+03 1.339413e-23
3.242179e+03 1.342234e-23
3.249655e+03 1.345062e-23
3.257149e+03 1.347898e-23
3.264660e+03 1.350740e-23
3.272188e+03 1.353590e-23
3.279734e+03 1.356447e-23
3.287297e+03 1.359311e-23
3.294878e+03 1.362182e-23
3.302476e+03 1.365060e-23
3.310091e+03 1.367946e-23
3.317724e+03 1.370839e-23
3.325375e+03 1.373739e-23
3.333043e+03 1.376647e-23
3.340729e+03 1.379561e-23
3.348433e+03 1.382484e-23
3.356155e+03 1.385413e-23
3.363894e+03 1.388350e-23
3.371651e+03 1.391294e-23
3.379426e+03 1.394245e-23
3.387219e+03 1.397204e-23
3.395030e+03 1.400170e-23
3.402859e+03 1.403144e-23
3.410706e+03 1.406125e-23
3.418571e+03 1.409114e-23
3.426454e+03 1.412110e-23
3.434356e+03 1.415113e-23
3.442275e+03 1.418124e-23
3.450213e+03 1.421143e-23
3.458169e+03 1.424169e-23
3.466144e+03 1.427203e-23
3.474137e+03 1.430244e-23
3.482148e+03 1.433292e-23
3.490178e+03 1.436349e-23
3.498227e+03 1.439413e-23
3.506294e+03 1.442484e-23
3.514379e+03 1.445564e-23
3.522483e+03 1.448651e-23
3.530606e+03 1.451745e-23
3.538748e+03 1.454851e-23
3.546908e+03 1.457958e-23
3.555087e+03 1.461075e-23
3.563285e+03 1.464201e-23
3.571502e+03 1.467334e-23
3.579738e+03 1.470475e-23
3.587993e+03 1.473624e-23
3.596267e+03 1.476780e-23
3.604560e+03 1.479945e-23
3.612872e+03 1.483117e-23
3.621204e+03 1.486297e-23
3.629554e+03 1.489485e-23
3.637924e+03 1.492681e-23
3.646313e+03 1.495885e-23
3.654722e+03 1.499097e-23
3.663149e+03 1.502316e-23
3.671597e+03 1.505544e-23
3.680063e+03 1.508780e-23
3.688550e+03 1.512024e-23
3.697055e+03 1.515275e-23
3.705581e+03 1.518535e-23
3.714126e+03 1.521803e-23
3.722691e+03 1.525079e-23
3.731275e+03 1.528363e-23
3.739880e+03 1.531657e-23
3.748504e+03 1.534961e-23
3.757148e+03 1.538273e-23
3.765812e+03 1.541593e-23
3.774496e+03 1.544921e-23
3.783200e+03 1.548258e-23
3.791924e+03 1.551602e-23
3.800668e+03 1.554955e-23
3.809432e+03 1.558316e-23
3.818217e+03 1.561685e-23
3.827022e+03 1.565063e-23
3.835847e+03 1.568449e-23
3.844693e+03 1.571843e-23
3.853559e+03 1.575246e-23
3.862445e+03 1.578657e-23
3.871352e+03 1.582076e-23
3.880279e+03 1.585503e-23
3.889227e+03 1.588939e-23
3.898195e+03 1.592384e-23
3.907185e+03 1.595837e-23
3.916195e+03 1.599298e-23
3.925226e+03 1.602768e-23
3.934277e+03 1.606247e-23
3.943350e+03 1.609733e-23
3.952443e+03 1.613229e-23
3.961557e+03 1.616733e-23
3.970693e+03 1.620245e-23
3.979849e+03 1.623847e-23
3.989027e+03 1.627296e-23
3.998226e+03 1.630834e-23
4.007445e+03 1.634381e-23
4.016687e+03 1.637937e-23
4.025949e+03 1.641501e-23
4.035233e+03 1.645074e-23
4.044538e+03 1.648656e-23
4.053865e+03 1.652247e-23
4.063213e+03 1.655846e-23
4.072583e+03 1.659454e-23
4.081974e+03 1.663071e-23
4.091388e+03 1.666696e-23
4.100822e+03 1.670331e-23
4.110279e+03 1.673974e-23
4.119757e+03 1.677627e-23
4.129257e+03 1.681288e-23
4.138779e+03 1.684958e-23
4.148324e+03 1.688637e-23
4.157890e+03 1.692325e-23
4.167478e+03 1.696022e-23
4.177088e+03 1.699727e-23
4.186720e+03 1.703442e-23
4.196375e+03 1.707166e-23
4.206052e+03 1.710899e-23
4.215751e+03 1.714641e-23
4.225473e+03 1.718392e-23
4.235217e+03 1.722153e-23
4.244983e+03 1.725922e-23
4.254772e+03 1.729701e-23
4.264583e+03 1.733488e-23
4.274418e+03 1.737285e-23
4.284275e+03 1.741091e-23
4.294154e+03 1.744907e-23
4.304056e+03 1.748731e-23
4.313982e+03 1.752565e-23
4.323930e+03 1.756409e-23
4.333901e+03 1.760261e-23
4.343895e+03 1.764123e-23
4.353912e+03 1.767994e-23
4.363952e+03 1.771875e-23
4.374015e+03 1.775765e-23
4.384102e+03 1.779664e-23
4.394212e+03 1.783573e-23
4.404345e+03 1.787492e-23
4.414501e+03 1.791419e-23
4.424681e+03 1.795356e-23
4.434884e+03 1.799303e-23
4.445111e+03 1.803259e-23
4.455362e+03 1.807225e-23
4.465636e+03 1.811201e-23
4.475934e+03 1.815186e-23
4.486255e+03 1.819181e-23
4.496600e+03 1.823185e-23
4.506970e+03 1.827199e-23
4.517363e+03 1.831223e-23
4.527780e+03 1.835256e-23
4.538221e+03 1.839299e-23
4.548686e+03 1.843352e-23
4.559175e+03 1.847415e-23
4.569689e+03 1.851487e-23
4.580227e+03 1.855570e-23
4.590789e+03 1.859662e-23
4.601375e+03 1.863764e-23
4.611986e+03 1.867876e-23
4.622621e+03 1.871998e-23
4.633281e+03 1.876129e-23
4.643965e+03 1.880271e-23
4.654674e+03 1.884423e-23
4.665408e+03 1.888584e-23
4.676167e+03 1.892756e-23
4.686950e+03 1.896938e-23
4.697758e+03 1.901130e-23
4.708591e+03 1.905332e-23
4.719449e+03 1.909544e-23
4.730332e+03 1.913766e-23
4.741240e+03 1.917998e-23
4.752174e+03 1.922240e-23
4.763132e+03 1.926493e-23
4.774116e+03 1.930756e-23
4.785125e+03 1.935035e-23
4.796160e+03 1.939312e-23
4.807220e+03 1.943606e-23
4.818305e+03 1.947910e-23
4.829416e+03 1.952224e-23
4.840553e+03 1.956549e-23
4.851715e+03 1.960884e-23
4.862903e+03 1.965229e-23
4.874117e+03 1.969585e-23
4.885357e+03 1.973952e-23
4.896623e+03 1.978328e-23
4.907914e+03 1.982716e-23
4.919232e+03 1.987113e-23
4.930576e+03 1.991522e-23
4.941946e+03 1.995941e-23
4.953342e+03 2.000370e-23
4.964764e+03 2.004810e-23
4.976213e+03 2.009261e-23
4.987688e+03 2.013722e-23
4.999190e+03 2.018194e-23
5.010718e+03 2.022677e-23
5.022273e+03 2.027171e-23
5.033854e+03 2.031675e-23
5.045462e+03 2.036190e-23
5.057097e+03 2.040716e-23
5.068759e+03 2.045253e-23
5.080448e+03 2.049800e-23
5.092163e+03 2.054359e-23
5.103906e+03 2.058928e-23
5.115675e+03 2.063508e-23
5.127472e+03 2.068101e-23
5.139296e+03 2.072702e-23
5.151147e+03 2.077315e-23
5.163026e+03 2.081939e-23
5.174932e+03 2.086574e-23
5.186865e+03 2.091220e-23
5.198826e+03 2.095878e-23
5.210815e+03 2.100546e-23
5.222831e+03 2.105226e-23
5.234875e+03 2.109917e-23
5.246947e+03 2.114619e-23
5.259046e+03 2.119332e-23
5.271173e+03 2.124056e-23
5.283329e+03 2.128792e-23
5.295512e+03 2.133539e-23
5.307724e+03 2.138297e-23
5.319963e+03 2.143067e-23
5.332231e+03 2.147848e-23
5.344527e+03 2.152641e-23
5.356852e+03 2.157445e-23
5.369205e+03 2.162260e-23
5.381586e+03 2.167087e-23
5.393996e+03 2.171925e-23
5.406435e+03 2.176775e-23
5.418902e+03 2.181636e-23
5.431398e+03 2.186509e-23
5.443923e+03 2.191394e-23
5.456477e+03 2.196290e-23
5.469059e+03 2.201198e-23
5.481671e+03 2.206118e-23
5.494312e+03 2.211049e-23
5.506982e+03 2.215992e-23
5.519681e+03 2.220946e-23
5.532409e+03 2.225913e-23
5.545167e+03 2.230891e-23
5.557954e+03 2.235881e-23
5.570771e+03 2.240883e-23
5.583617e+03 2.245897e-23
5.596493e+03 2.250923e-23
5.609399e+03 2.255961e-23
5.622334e+03 2.261010e-23
5.635299e+03 2.266072e-23
5.648294e+03 2.271146e-23
5.661319e+03 2.276232e-23
5.674374e+03 2.281330e-23
5.687459e+03 2.286440e-23
5.700575e+03 2.291562e-23
5.713720e+03 2.296696e-23
5.726896e+03 2.301842e-23
5.740102e+03 2.307001e-23
5.753339e+03 2.312172e-23
5.766606e+03 2.317355e-23
5.779904e+03 2.322551e-23
5.793233e+03 2.327758e-23
5.806592e+03 2.332978e-23
5.819982e+03 2.338211e-23
5.833403e+03 2.343456e-23
5.846855e+03 2.348714e-23
5.860338e+03 2.353983e-23
5.873852e+03 2.359265e-23
5.887397e+03 2.364560e-23
5.900973e+03 2.369868e-23
5.914581e+03 2.375188e-23
5.928220e+03 2.380520e-23
5.941891e+03 2.385865e-23
5.955592e+03 2.391223e-23
5.969326e+03 2.396594e-23
5.983092e+03 2.401977e-23
5.996889e+03 2.407373e-23
6.010717e+03 2.412782e-23
6.024578e+03 2.418203e-23
6.038471e+03 2.423638e-23
6.052396e+03 2.429085e-23
6.066352e+03 2.434545e-23
6.080342e+03 2.440018e-23
6.094363e+03 2.445505e-23
6.108417e+03 2.451004e-23
6.122503e+03 2.456515e-23
6.136621e+03 2.462041e-23
6.150772e+03 2.467579e-23
6.164956e+03 2.473130e-23
6.179172e+03 2.478694e-23
6.193422e+03 2.484272e-23
6.207704e+03 2.489862e-23
6.222019e+03 2.495466e-23
6.236367e+03 2.501083e-23
6.250748e+03 2.506714e-23
6.265162e+03 2.512463e-23
6.279610e+03 2.518014e-23
6.294090e+03 2.523685e-23
6.308605e+03 2.529368e-23
6.323152e+03 2.535066e-23
6.337734e+03 2.540776e-23
6.352348e+03 2.546500e-23
6.366997e+03 2.552238e-23
6.381679e+03 2.557989e-23
6.396395e+03 2.563754e-23
6.411146e+03 2.569532e-23
6.425930e+03 2.575324e-23
6.440748e+03 2.581130e-23
6.455600e+03 2.586949e-23
6.470487e+03 2.592782e-23
6.485408e+03 2.598629e-23
6.500364e+03 2.604490e-23
6.515353e+03 2.610364e-23
6.530378e+03 2.616253e-23
6.545437e+03 2.622155e-23
6.560531e+03 2.628071e-23
6.575659e+03 2.634001e-23
6.590823e+03 2.639945e-23
6.606021e+03 2.645903e-23
6.621255e+03 2.651875e-23
6.636524e+03 2.657861e-23
6.651828e+03 2.663861e-23
6.667167e+03 2.669876e-23
6.682541e+03 2.675904e-23
6.697951e+03 2.681947e-23
6.713397e+03 2.688004e-23
6.728878e+03 2.694075e-23
6.744395e+03 2.700161e-23
6.759947e+03 2.706261e-23
6.775536e+03 2.712375e-23
6.791160e+03 2.718503e-23
6.806821e+03 2.724646e-23
6.822517e+03 2.730804e-23
6.838250e+03 2.736976e-23
6.854019e+03 2.743162e-23
6.869825e+03 2.749363e-23
6.885667e+03 2.755579e-23
6.901545e+03 2.761809e-23
6.917460e+03 2.768054e-23
6.933412e+03 2.774314e-23
6.949400e+03 2.780588e-23
6.965426e+03 2.786877e-23
6.981488e+03 2.793181e-23
6.997587e+03 2.799500e-23
7.013724e+03 2.805833e-23
7.029897e+03 2.812182e-23
7.046108e+03 2.818545e-23
7.062357e+03 2.824924e-23
7.078643e+03 2.831317e-23
7.094966e+03 2.837725e-23
7.111327e+03 2.844149e-23
7.127726e+03 2.850587e-23
7.144162e+03 2.857041e-23
7.160637e+03 2.863509e-23
7.177149e+03 2.869993e-23
7.193700e+03 2.876493e-23
7.210289e+03 2.883007e-23
7.226916e+03 2.889537e-23
7.243581e+03 2.896082e-23
7.260285e+03 2.902642e-23
7.277027e+03 2.909218e-23
7.293808e+03 2.915809e-23
7.310627e+03 2.922416e-23
7.327486e+03 2.929038e-23
7.344383e+03 2.935676e-23
7.361319e+03 2.942330e-23
7.378294e+03 2.948999e-23
7.395309e+03 2.955683e-23
7.412363e+03 2.962384e-23
7.429456e+03 2.969100e-23
7.446588e+03 2.975831e-23
7.463760e+03 2.982579e-23
7.480971e+03 2.989342e-23
7.498222e+03 2.996122e-23
7.515513e+03 3.002917e-23
7.532844e+03 3.009728e-23
7.550215e+03 3.016555e-23
7.567626e+03 3.023398e-23
7.585077e+03 3.030257e-23
7.602568e+03 3.037133e-23
7.620100e+03 3.044024e-23
7.637672e+03 3.050931e-23
7.655284e+03 3.057855e-23
7.672937e+03 3.064795e-23
7.690631e+03 3.071751e-23
7.708366e+03 3.078723e-23
7.726141e+03 3.085712e-23
7.743958e+03 3.092718e-23
7.761816e+03 3.099739e-23
7.779714e+03 3.106777e-23
7.797654e+03 3.113832e-23
7.815636e+03 3.120903e-23
7.833659e+03 3.127990e-23
7.851723e+03 3.135094e-23
7.869829e+03 3.142215e-23
7.887977e+03 3.149353e-23
7.906167e+03 3.156507e-23
7.924399e+03 3.163678e-23
7.942672e+03 3.170866e-23
7.960988e+03 3.178070e-23
7.979346e+03 3.185292e-23
7.997747e+03 3.192530e-23
8.016190e+03 3.199785e-23
8.034675e+03 3.207057e-23
8.053203e+03 3.214381e-23
8.071774e+03 3.221653e-23
8.090387e+03 3.228977e-23
8.109044e+03 3.236317e-23
8.127743e+03 3.243675e-23
8.146486e+03 3.251050e-23
8.165272e+03 3.258442e-23
8.184101e+03 3.265851e-23
8.202974e+03 3.273278e-23
8.221890e+03 3.280723e-23
8.240850e+03 3.288184e-23
8.259853e+03 3.295663e-23
8.278900e+03 3.303160e-23
8.297992e+03 3.310674e-23
8.317127e+03 3.318205e-23
8.336306e+03 3.325754e-23
8.355530e+03 3.333321e-23
8.374798e+03 3.340906e-23
8.394110e+03 3.348508e-23
8.413467e+03 3.356128e-23
8.432868e+03 3.363766e-23
8.452315e+03 3.371422e-23
8.471806e+03 3.379095e-23
8.491342e+03 3.386787e-23
8.510923e+03 3.394496e-23
8.530549e+03 3.402224e-23
8.550221e+03 3.409969e-23
8.569938e+03 3.417733e-23
8.589700e+03 3.425515e-23
8.609508e+03 3.433315e-23
8.629361e+03 3.441133e-23
8.649261e+03 3.448970e-23
8.669206e+03 3.456824e-23
8.689197e+03 3.464697e-23
8.709235e+03 3.472589e-23
8.729318e+03 3.480499e-23
8.749448e+03 3.488427e-23
8.769624e+03 3.496374e-23
8.789847e+03 3.504339e-23
8.810117e+03 3.512323e-23
8.830433e+03 3.520326e-23
8.850796e+03 3.528347e-23
8.871206e+03 3.536388e-23
8.891663e+03 3.544446e-23
8.912167e+03 3.552524e-23
8.932719e+03 3.560620e-23
8.953318e+03 3.568736e-23
8.973964e+03 3.576870e-23
8.994658e+03 3.585023e-23
9.015400e+03 3.593196e-23
9.036190e+03 3.601387e-23
9.057027e+03 3.609598e-23
9.077913e+03 3.617827e-23
9.098846e+03 3.626076e-23
9.119828e+03 3.634344e-23
9.140859e+03 3.642631e-23
9.161938e+03 3.650938e-23
9.183065e+03 3.659264e-23
9.204241e+03 3.667610e-23
9.225466e+03 3.675975e-23
9.246740e+03 3.684359e-23
9.268063e+03 3.692763e-23
9.289436e+03 3.701187e-23
9.310857e+03 3.709630e-23
9.332328e+03 3.718093e-23
9.353849e+03 3.726575e-23
9.375418e+03 3.735078e-23
9.397038e+03 3.743600e-23
9.418708e+03 3.752142e-23
9.440428e+03 3.760704e-23
9.462197e+03 3.769286e-23
9.484017e+03 3.777888e-23
9.505887e+03 3.786510e-23
9.527808e+03 3.795152e-23
9.549779e+03 3.803814e-23
9.571801e+03 3.812497e-23
9.593874e+03 3.821199e-23
9.615997e+03 3.829923e-23
9.638172e+03 3.838666e-23
9.660397e+03 3.847429e-23
9.682674e+03 3.856213e-23
9.705003e+03 3.865018e-23
9.727383e+03 3.873843e-23
9.749814e+03 3.882688e-23
9.772297e+03 3.891554e-23
9.794832e+03 3.900441e-23
9.817419e+03 3.909349e-23
9.840058e+03 3.918277e-23
9.862749e+03 3.927226e-23
9.885493e+03 3.936196e-23
9.908289e+03 3.945187e-23
9.931138e+03 3.954198e-23
9.954039e+03 3.963231e-23
9.976993e+03 3.972285e-23
1.000000e+04 3.981359e-23
