9.0000000e+00	3.0174202e-42
9.0203998e+00	4.7158305e-42
9.0408458e+00	8.5069633e-42
9.0613382e+00	2.0139693e-41
9.0818770e+00	9.9074989e-41
9.1024624e+00	1.7108711e-39
9.1230944e+00	4.3840154e-41
9.1437733e+00	1.2752577e-41
9.1644989e+00	5.9171998e-42
9.1852716e+00	3.3772063e-42
9.2060913e+00	2.1682306e-42
9.2269583e+00	1.5021476e-42
9.2478725e+00	1.0977522e-42
9.2688341e+00	8.3461263e-43
9.2898433e+00	6.5424392e-43
9.3109000e+00	5.2549728e-43
9.3320045e+00	4.3056491e-43
9.3531568e+00	3.5867744e-43
9.3743571e+00	3.0301734e-43
9.3956054e+00	2.5910182e-43
9.4169019e+00	2.2388742e-43
9.4382467e+00	1.9525045e-43
9.4596398e+00	1.7167356e-43
9.4810815e+00	1.5204989e-43
9.5025717e+00	1.3555716e-43
9.5241107e+00	1.2157452e-43
9.5456984e+00	1.0962634e-43
9.5673351e+00	9.9343469e-44
9.5890209e+00	9.0436019e-44
9.6107557e+00	8.2673875e-44
9.6325399e+00	7.5872559e-44
9.6543734e+00	6.9882858e-44
9.6762565e+00	6.4583084e-44
9.6981891e+00	5.9873235e-44
9.7201714e+00	5.5670576e-44
9.7422036e+00	5.1906158e-44
9.7642857e+00	4.8522203e-44
9.7864179e+00	4.5470005e-44
9.8086002e+00	4.2708298e-44
9.8308328e+00	4.0201934e-44
9.8531158e+00	3.7920844e-44
9.8754493e+00	3.5839185e-44
9.8978334e+00	3.3934650e-44
9.9202683e+00	3.2187923e-44
9.9427540e+00	3.0582196e-44
9.9652907e+00	2.9102797e-44
9.9878784e+00	2.7736894e-44
1.0010517e+01	2.6473213e-44
1.0033208e+01	2.5301827e-44
1.0055949e+01	2.4213955e-44
1.0078743e+01	2.3201827e-44
1.0101588e+01	2.2258524e-44
1.0124484e+01	2.1377890e-44
1.0147433e+01	2.0554435e-44
1.0170433e+01	1.9783244e-44
1.0193486e+01	1.9059906e-44
1.0216591e+01	1.8380467e-44
1.0239749e+01	1.7741361e-44
1.0262958e+01	1.7139368e-44
1.0286221e+01	1.6571583e-44
1.0309536e+01	1.6035372e-44
1.0332904e+01	1.5528350e-44
1.0356325e+01	1.5048348e-44
1.0379799e+01	1.4593391e-44
1.0403327e+01	1.4161685e-44
1.0426907e+01	1.3751584e-44
1.0450541e+01	1.3361589e-44
1.0474229e+01	1.2990328e-44
1.0497970e+01	1.2636541e-44
1.0521765e+01	1.2299072e-44
1.0545615e+01	1.1976860e-44
1.0569518e+01	1.1668930e-44
1.0593475e+01	1.1374378e-44
1.0617487e+01	1.1092376e-44
1.0641553e+01	1.0822162e-44
1.0665673e+01	1.0563021e-44
1.0689849e+01	1.0314302e-44
1.0714079e+01	1.0075396e-44
1.0738364e+01	9.8457385e-45
1.0762704e+01	9.6248108e-45
1.0787099e+01	9.4121252e-45
1.0811549e+01	9.2072308e-45
1.0836055e+01	9.0097069e-45
1.0860617e+01	8.8191621e-45
1.0885234e+01	8.6352313e-45
1.0909907e+01	8.4575739e-45
1.0934636e+01	8.2858714e-45
1.0959421e+01	8.1198262e-45
1.0984262e+01	7.9591594e-45
1.1009159e+01	7.8036109e-45
1.1034113e+01	7.6529359e-45
1.1059124e+01	7.5069051e-45
1.1084191e+01	7.3653036e-45
1.1109315e+01	7.2279291e-45
1.1134495e+01	7.0945913e-45
1.1159733e+01	6.9651117e-45
1.1185028e+01	6.8393221e-45
1.1210381e+01	6.7170636e-45
1.1235791e+01	6.5981868e-45
1.1261258e+01	6.4825506e-45
1.1286784e+01	6.3700217e-45
1.1312367e+01	6.2604746e-45
1.1338008e+01	6.1537900e-45
1.1363707e+01	6.0498553e-45
1.1389465e+01	5.9485641e-45
1.1415280e+01	5.8498153e-45
1.1441155e+01	5.7535132e-45
1.1467088e+01	5.6595670e-45
1.1493080e+01	5.5678907e-45
1.1519130e+01	5.4784023e-45
1.1545240e+01	5.3910237e-45
1.1571409e+01	5.3056815e-45
1.1597637e+01	5.2223047e-45
1.1623925e+01	5.1408266e-45
1.1650272e+01	5.0611832e-45
1.1676679e+01	4.9833136e-45
1.1703146e+01	4.9071598e-45
1.1729673e+01	4.8326663e-45
1.1756260e+01	4.7597800e-45
1.1782907e+01	4.6884504e-45
1.1809615e+01	4.6186292e-45
1.1836383e+01	4.5502698e-45
1.1863212e+01	4.4833282e-45
1.1890102e+01	4.4177619e-45
1.1917052e+01	4.3535301e-45
1.1944064e+01	4.2905939e-45
1.1971137e+01	4.2289159e-45
1.1998271e+01	4.1684601e-45
1.2025467e+01	4.1091920e-45
1.2052725e+01	4.0510787e-45
1.2080044e+01	3.9940882e-45
1.2107425e+01	3.9381899e-45
1.2134868e+01	3.8833541e-45
1.2162374e+01	3.8295528e-45
1.2189941e+01	3.7767586e-45
1.2217572e+01	3.7249449e-45
1.2245264e+01	3.6740867e-45
1.2273020e+01	3.6241592e-45
1.2300839e+01	3.5751390e-45
1.2328720e+01	3.5270031e-45
1.2356665e+01	3.4797297e-45
1.2384673e+01	3.4332974e-45
1.2412745e+01	3.3876857e-45
1.2440880e+01	3.3428748e-45
1.2469079e+01	3.2988454e-45
1.2497342e+01	3.2555788e-45
1.2525669e+01	3.2130573e-45
1.2554060e+01	3.1712632e-45
1.2582516e+01	3.1301798e-45
1.2611036e+01	3.0897907e-45
1.2639621e+01	3.0500800e-45
1.2668270e+01	3.0110323e-45
1.2696985e+01	2.9726329e-45
1.2725764e+01	2.9348671e-45
1.2754609e+01	2.8977211e-45
1.2783519e+01	2.8611812e-45
1.2812495e+01	2.8252342e-45
1.2841536e+01	2.7898670e-45
1.2870644e+01	2.7550676e-45
1.2899817e+01	2.7208235e-45
1.2929056e+01	2.6871232e-45
1.2958362e+01	2.6539549e-45
1.2987734e+01	2.6213078e-45
1.3017172e+01	2.5891709e-45
1.3046677e+01	2.5575338e-45
1.3076250e+01	2.5263860e-45
1.3105889e+01	2.4957176e-45
1.3135595e+01	2.4655190e-45
1.3165369e+01	2.4357807e-45
1.3195210e+01	2.4064935e-45
1.3225119e+01	2.3776483e-45
1.3255096e+01	2.3492364e-45
1.3285140e+01	2.3212494e-45
1.3315253e+01	2.2936788e-45
1.3345434e+01	2.2665167e-45
1.3375683e+01	2.2397551e-45
1.3406001e+01	2.2133862e-45
1.3436388e+01	2.1874027e-45
1.3466843e+01	2.1617971e-45
1.3497368e+01	2.1365624e-45
1.3527961e+01	2.1116914e-45
1.3558624e+01	2.0871776e-45
1.3589357e+01	2.0630142e-45
1.3620159e+01	2.0391947e-45
1.3651031e+01	2.0157127e-45
1.3681973e+01	1.9925621e-45
1.3712985e+01	1.9697369e-45
1.3744068e+01	1.9472312e-45
1.3775221e+01	1.9250392e-45
1.3806444e+01	1.9031553e-45
1.3837739e+01	1.8815739e-45
1.3869104e+01	1.8602898e-45
1.3900540e+01	1.8392977e-45
1.3932048e+01	1.8185923e-45
1.3963627e+01	1.7981688e-45
1.3995277e+01	1.7780222e-45
1.4027000e+01	1.7581476e-45
1.4058794e+01	1.7385405e-45
1.4090660e+01	1.7191962e-45
1.4122599e+01	1.7001103e-45
1.4154610e+01	1.6812783e-45
1.4186693e+01	1.6626960e-45
1.4218849e+01	1.6443591e-45
1.4251078e+01	1.6262635e-45
1.4283380e+01	1.6084053e-45
1.4315756e+01	1.5907805e-45
1.4348204e+01	1.5733852e-45
1.4380727e+01	1.5562157e-45
1.4413323e+01	1.5392682e-45
1.4445993e+01	1.5225393e-45
1.4478736e+01	1.5060251e-45
1.4511555e+01	1.4897225e-45
1.4544447e+01	1.4736278e-45
1.4577414e+01	1.4577379e-45
1.4610456e+01	1.4420494e-45
1.4643573e+01	1.4265592e-45
1.4676764e+01	1.4112642e-45
1.4710031e+01	1.3961612e-45
1.4743374e+01	1.3812473e-45
1.4776792e+01	1.3665195e-45
1.4810286e+01	1.3519750e-45
1.4843855e+01	1.3376108e-45
1.4877501e+01	1.3234244e-45
1.4911223e+01	1.3094128e-45
1.4945021e+01	1.2955735e-45
1.4978896e+01	1.2819038e-45
1.5012848e+01	1.2684012e-45
1.5046877e+01	1.2550632e-45
1.5080983e+01	1.2418873e-45
1.5115166e+01	1.2288711e-45
1.5149427e+01	1.2160122e-45
1.5183765e+01	1.2033083e-45
1.5218181e+01	1.1907571e-45
1.5252676e+01	1.1783563e-45
1.5287248e+01	1.1661039e-45
1.5321899e+01	1.1539975e-45
1.5356628e+01	1.1420351e-45
1.5391436e+01	1.1302147e-45
1.5426323e+01	1.1185341e-45
1.5461289e+01	1.1069914e-45
1.5496334e+01	1.0955846e-45
1.5531459e+01	1.0843118e-45
1.5566663e+01	1.0731710e-45
1.5601947e+01	1.0621605e-45
1.5637311e+01	1.0512784e-45
1.5672755e+01	1.0405228e-45
1.5708280e+01	1.0298921e-45
1.5743885e+01	1.0193845e-45
1.5779571e+01	1.0089982e-45
1.5815337e+01	9.9873166e-46
1.5851185e+01	9.8858320e-46
1.5887114e+01	9.7855120e-46
1.5923125e+01	9.6863410e-46
1.5959217e+01	9.5883030e-46
1.5995390e+01	9.4913822e-46
1.6031646e+01	9.3955645e-46
1.6067984e+01	9.3008342e-46
1.6104405e+01	9.2071774e-46
1.6140908e+01	9.1145796e-46
1.6177493e+01	9.0230265e-46
1.6214162e+01	8.9325046e-46
1.6250914e+01	8.8429999e-46
1.6287749e+01	8.7544992e-46
1.6324667e+01	8.6669894e-46
1.6361670e+01	8.5804575e-46
1.6398756e+01	8.4948902e-46
1.6435926e+01	8.4102755e-46
1.6473180e+01	8.3266014e-46
1.6510519e+01	8.2438549e-46
1.6547942e+01	8.1620250e-46
1.6585451e+01	8.0810991e-46
1.6623044e+01	8.0010656e-46
1.6660723e+01	7.9219141e-46
1.6698486e+01	7.8436326e-46
1.6736336e+01	7.7662097e-46
1.6774271e+01	7.6896355e-46
1.6812293e+01	7.6138987e-46
1.6850400e+01	7.5389893e-46
1.6888594e+01	7.4648961e-46
1.6926874e+01	7.3916097e-46
1.6965242e+01	7.3191194e-46
1.7003696e+01	7.2474159e-46
1.7042237e+01	7.1764886e-46
1.7080866e+01	7.1063292e-46
1.7119582e+01	7.0369271e-46
1.7158386e+01	6.9682732e-46
1.7197278e+01	6.9003588e-46
1.7236258e+01	6.8331748e-46
1.7275326e+01	6.7667117e-46
1.7314483e+01	6.7009613e-46
1.7353729e+01	6.6359146e-46
1.7393064e+01	6.5715635e-46
1.7432488e+01	6.5078990e-46
1.7472001e+01	6.4449134e-46
1.7511604e+01	6.3825984e-46
1.7551296e+01	6.3209462e-46
1.7591079e+01	6.2599480e-46
1.7630952e+01	6.1995970e-46
1.7670915e+01	6.1398848e-46
1.7710968e+01	6.0808044e-46
1.7751113e+01	6.0223477e-46
1.7791348e+01	5.9645079e-46
1.7831675e+01	5.9072773e-46
1.7872093e+01	5.8506491e-46
1.7912603e+01	5.7946157e-46
1.7953204e+01	5.7391710e-46
1.7993898e+01	5.6843071e-46
1.8034683e+01	5.6300180e-46
1.8075562e+01	5.5762969e-46
1.8116532e+01	5.5231373e-46
1.8157596e+01	5.4705323e-46
1.8198753e+01	5.4184755e-46
1.8240003e+01	5.3669608e-46
1.8281347e+01	5.3159818e-46
1.8322784e+01	5.2655329e-46
1.8364315e+01	5.2156072e-46
1.8405941e+01	5.1661990e-46
1.8447660e+01	5.1173027e-46
1.8489475e+01	5.0689123e-46
1.8531384e+01	5.0210220e-46
1.8573388e+01	4.9736261e-46
1.8615487e+01	4.9267192e-46
1.8657682e+01	4.8802951e-46
1.8699972e+01	4.8343494e-46
1.8742358e+01	4.7888757e-46
1.8784840e+01	4.7438696e-46
1.8827419e+01	4.6993252e-46
1.8870094e+01	4.6552373e-46
1.8912866e+01	4.6116016e-46
1.8955734e+01	4.5684121e-46
1.8998700e+01	4.5256640e-46
1.9041764e+01	4.4833527e-46
1.9084925e+01	4.4414736e-46
1.9128183e+01	4.4000210e-46
1.9171540e+01	4.3589911e-46
1.9214995e+01	4.3183787e-46
1.9258549e+01	4.2781793e-46
1.9302201e+01	4.2383886e-46
1.9345952e+01	4.1990018e-46
1.9389802e+01	4.1600143e-46
1.9433752e+01	4.1214221e-46
1.9477802e+01	4.0832208e-46
1.9521951e+01	4.0454057e-46
1.9566200e+01	4.0079736e-46
1.9610550e+01	3.9709190e-46
1.9655000e+01	3.9342389e-46
1.9699551e+01	3.8979288e-46
1.9744203e+01	3.8619843e-46
1.9788956e+01	3.8264019e-46
1.9833810e+01	3.7911778e-46
1.9878766e+01	3.7563080e-46
1.9923825e+01	3.7217883e-46
1.9968985e+01	3.6876151e-46
2.0014247e+01	3.6537852e-46
2.0059612e+01	3.6202943e-46
2.0105080e+01	3.5871386e-46
2.0150652e+01	3.5543154e-46
2.0196326e+01	3.5218205e-46
2.0242104e+01	3.4896500e-46
2.0287985e+01	3.4578016e-46
2.0333971e+01	3.4262706e-46
2.0380061e+01	3.3950546e-46
2.0426255e+01	3.3641495e-46
2.0472554e+01	3.3335526e-46
2.0518958e+01	3.3032604e-46
2.0565467e+01	3.2732694e-46
2.0612082e+01	3.2435769e-46
2.0658802e+01	3.2141795e-46
2.0705628e+01	3.1850738e-46
2.0752561e+01	3.1562571e-46
2.0799599e+01	3.1277263e-46
2.0846745e+01	3.0994786e-46
2.0893997e+01	3.0715104e-46
2.0941356e+01	3.0438193e-46
2.0988823e+01	3.0164020e-46
2.1036397e+01	2.9892560e-46
2.1084079e+01	2.9623783e-46
2.1131869e+01	2.9357663e-46
2.1179767e+01	2.9094166e-46
2.1227774e+01	2.8833273e-46
2.1275890e+01	2.8574951e-46
2.1324115e+01	2.8319171e-46
2.1372449e+01	2.8065916e-46
2.1420893e+01	2.7815151e-46
2.1469446e+01	2.7566857e-46
2.1518110e+01	2.7321002e-46
2.1566884e+01	2.7077561e-46
2.1615768e+01	2.6836517e-46
2.1664764e+01	2.6597836e-46
2.1713870e+01	2.6361497e-46
2.1763087e+01	2.6127477e-46
2.1812417e+01	2.5895752e-46
2.1861858e+01	2.5666296e-46
2.1911411e+01	2.5439089e-46
2.1961076e+01	2.5214105e-46
2.2010854e+01	2.4991323e-46
2.2060745e+01	2.4770715e-46
2.2110749e+01	2.4552267e-46
2.2160866e+01	2.4335953e-46
2.2211097e+01	2.4121752e-46
2.2261441e+01	2.3909639e-46
2.2311900e+01	2.3699596e-46
2.2362473e+01	2.3491601e-46
2.2413161e+01	2.3285634e-46
2.2463963e+01	2.3081674e-46
2.2514881e+01	2.2879700e-46
2.2565914e+01	2.2679688e-46
2.2617063e+01	2.2481626e-46
2.2668328e+01	2.2285489e-46
2.2719709e+01	2.2091257e-46
2.2771207e+01	2.1898915e-46
2.2822821e+01	2.1708439e-46
2.2874552e+01	2.1519813e-46
2.2926401e+01	2.1333015e-46
2.2978367e+01	2.1148032e-46
2.3030450e+01	2.0964842e-46
2.3082652e+01	2.0783426e-46
2.3134972e+01	2.0603766e-46
2.3187411e+01	2.0425849e-46
2.3239969e+01	2.0249651e-46
2.3292645e+01	2.0075161e-46
2.3345442e+01	1.9902356e-46
2.3398357e+01	1.9731223e-46
2.3451393e+01	1.9561743e-46
2.3504549e+01	1.9393902e-46
2.3557825e+01	1.9227680e-46
2.3611223e+01	1.9063063e-46
2.3664741e+01	1.8900033e-46
2.3718380e+01	1.8738576e-46
2.3772142e+01	1.8578680e-46
2.3826025e+01	1.8420320e-46
2.3880030e+01	1.8263487e-46
2.3934157e+01	1.8108167e-46
2.3988407e+01	1.7954341e-46
2.4042781e+01	1.7801993e-46
2.4097277e+01	1.7651115e-46
2.4151897e+01	1.7501687e-46
2.4206641e+01	1.7353694e-46
2.4261508e+01	1.7207125e-46
2.4316501e+01	1.7061961e-46
2.4371617e+01	1.6918194e-46
2.4426859e+01	1.6775806e-46
2.4482226e+01	1.6634788e-46
2.4537719e+01	1.6495120e-46
2.4593337e+01	1.6356791e-46
2.4649081e+01	1.6219790e-46
2.4704952e+01	1.6084101e-46
2.4760949e+01	1.5949715e-46
2.4817074e+01	1.5816614e-46
2.4873325e+01	1.5684787e-46
2.4929704e+01	1.5554223e-46
2.4986211e+01	1.5424910e-46
2.5042846e+01	1.5296831e-46
2.5099609e+01	1.5169979e-46
2.5156501e+01	1.5044340e-46
2.5213522e+01	1.4919899e-46
2.5270672e+01	1.4796650e-46
2.5327951e+01	1.4674577e-46
2.5385361e+01	1.4553669e-46
2.5442900e+01	1.4433918e-46
2.5500570e+01	1.4315309e-46
2.5558371e+01	1.4197831e-46
2.5616303e+01	1.4081472e-46
2.5674366e+01	1.3966224e-46
2.5732560e+01	1.3852075e-46
2.5790887e+01	1.3739014e-46
2.5849346e+01	1.3627030e-46
2.5907937e+01	1.3516111e-46
2.5966661e+01	1.3406250e-46
2.6025518e+01	1.3297434e-46
2.6084509e+01	1.3189652e-46
2.6143633e+01	1.3082896e-46
2.6202891e+01	1.2977158e-46
2.6262284e+01	1.2872423e-46
2.6321811e+01	1.2768684e-46
2.6381473e+01	1.2665931e-46
2.6441271e+01	1.2564155e-46
2.6501204e+01	1.2463344e-46
2.6561272e+01	1.2363492e-46
2.6621477e+01	1.2264586e-46
2.6681819e+01	1.2166619e-46
2.6742297e+01	1.2069584e-46
2.6802912e+01	1.1973467e-46
2.6863665e+01	1.1878262e-46
2.6924555e+01	1.1783960e-46
2.6985584e+01	1.1690551e-46
2.7046750e+01	1.1598028e-46
2.7108056e+01	1.1506381e-46
2.7169500e+01	1.1415602e-46
2.7231084e+01	1.1325683e-46
2.7292807e+01	1.1236615e-46
2.7354670e+01	1.1148389e-46
2.7416673e+01	1.1060998e-46
2.7478817e+01	1.0974436e-46
2.7541102e+01	1.0888689e-46
2.7603527e+01	1.0803754e-46
2.7666095e+01	1.0719623e-46
2.7728804e+01	1.0636286e-46
2.7791655e+01	1.0553736e-46
2.7854649e+01	1.0471965e-46
2.7917786e+01	1.0390968e-46
2.7981065e+01	1.0310735e-46
2.8044488e+01	1.0231260e-46
2.8108055e+01	1.0152533e-46
2.8171766e+01	1.0074550e-46
2.8235622e+01	9.9973016e-47
2.8299622e+01	9.9207821e-47
2.8363767e+01	9.8449839e-47
2.8428057e+01	9.7698999e-47
2.8492494e+01	9.6955236e-47
2.8557076e+01	9.6218478e-47
2.8621805e+01	9.5488660e-47
2.8686680e+01	9.4765712e-47
2.8751703e+01	9.4049571e-47
2.8816873e+01	9.3340169e-47
2.8882190e+01	9.2637441e-47
2.8947656e+01	9.1941325e-47
2.9013270e+01	9.1251754e-47
2.9079033e+01	9.0568668e-47
2.9144944e+01	8.9892002e-47
2.9211006e+01	8.9221696e-47
2.9277216e+01	8.8557689e-47
2.9343577e+01	8.7899918e-47
2.9410089e+01	8.7248325e-47
2.9476751e+01	8.6602850e-47
2.9543564e+01	8.5963434e-47
2.9610529e+01	8.5330021e-47
2.9677646e+01	8.4702549e-47
2.9744914e+01	8.4080964e-47
2.9812335e+01	8.3465208e-47
2.9879909e+01	8.2855226e-47
2.9947636e+01	8.2250962e-47
3.0015517e+01	8.1652361e-47
3.0083552e+01	8.1059369e-47
3.0151740e+01	8.0471933e-47
3.0220084e+01	7.9889998e-47
3.0288582e+01	7.9313512e-47
3.0357235e+01	7.8742424e-47
3.0426044e+01	7.8176679e-47
3.0495009e+01	7.7616229e-47
3.0564130e+01	7.7061023e-47
3.0633408e+01	7.6511008e-47
3.0702844e+01	7.5966135e-47
3.0772436e+01	7.5426357e-47
3.0842186e+01	7.4891624e-47
3.0912094e+01	7.4361888e-47
3.0982161e+01	7.3837100e-47
3.1052387e+01	7.3317215e-47
3.1122771e+01	7.2802183e-47
3.1193315e+01	7.2291959e-47
3.1264020e+01	7.1786498e-47
3.1334884e+01	7.1285754e-47
3.1405909e+01	7.0789680e-47
3.1477095e+01	7.0298232e-47
3.1548442e+01	6.9811369e-47
3.1619951e+01	6.9329044e-47
3.1691623e+01	6.8851213e-47
3.1763456e+01	6.8377835e-47
3.1835453e+01	6.7908868e-47
3.1907612e+01	6.7444268e-47
3.1979936e+01	6.6983993e-47
3.2052423e+01	6.6528004e-47
3.2125074e+01	6.6076258e-47
3.2197890e+01	6.5628716e-47
3.2270871e+01	6.5185337e-47
3.2344018e+01	6.4746082e-47
3.2417330e+01	6.4310911e-47
3.2490809e+01	6.3879785e-47
3.2564454e+01	6.3452665e-47
3.2638266e+01	6.3029514e-47
3.2712245e+01	6.2610293e-47
3.2786392e+01	6.2194966e-47
3.2860707e+01	6.1783494e-47
3.2935191e+01	6.1375841e-47
3.3009843e+01	6.0971973e-47
3.3084665e+01	6.0571850e-47
3.3159656e+01	6.0175438e-47
3.3234817e+01	5.9782701e-47
3.3310148e+01	5.9393607e-47
3.3385651e+01	5.9008117e-47
3.3461324e+01	5.8626199e-47
3.3537169e+01	5.8247819e-47
3.3613186e+01	5.7872944e-47
3.3689375e+01	5.7501539e-47
3.3765737e+01	5.7133571e-47
3.3842272e+01	5.6769008e-47
3.3918980e+01	5.6407818e-47
3.3995862e+01	5.6049969e-47
3.4072919e+01	5.5695427e-47
3.4150150e+01	5.5344164e-47
3.4227556e+01	5.4996145e-47
3.4305138e+01	5.4651342e-47
3.4382895e+01	5.4309723e-47
3.4460829e+01	5.3971261e-47
3.4538940e+01	5.3635920e-47
3.4617227e+01	5.3303675e-47
3.4695692e+01	5.2974495e-47
3.4774335e+01	5.2648350e-47
3.4853156e+01	5.2325213e-47
3.4932155e+01	5.2005056e-47
3.5011334e+01	5.1687848e-47
3.5090692e+01	5.1373562e-47
3.5170230e+01	5.1062170e-47
3.5249949e+01	5.0753647e-47
3.5329848e+01	5.0447962e-47
3.5409928e+01	5.0145090e-47
3.5490190e+01	4.9845005e-47
3.5570633e+01	4.9547679e-47
3.5651259e+01	4.9253086e-47
3.5732068e+01	4.8961201e-47
3.5813060e+01	4.8671999e-47
3.5894235e+01	4.8385452e-47
3.5975595e+01	4.8101536e-47
3.6057139e+01	4.7820226e-47
3.6138867e+01	4.7541498e-47
3.6220781e+01	4.7265327e-47
3.6302881e+01	4.6991687e-47
3.6385167e+01	4.6720558e-47
3.6467639e+01	4.6451911e-47
3.6550298e+01	4.6185727e-47
3.6633144e+01	4.5921981e-47
3.6716179e+01	4.5660649e-47
3.6799401e+01	4.5401710e-47
3.6882812e+01	4.5145140e-47
3.6966413e+01	4.4890915e-47
3.7050202e+01	4.4639016e-47
3.7134182e+01	4.4389419e-47
3.7218352e+01	4.4142103e-47
3.7302713e+01	4.3897045e-47
3.7387265e+01	4.3654225e-47
3.7472008e+01	4.3413622e-47
3.7556944e+01	4.3175213e-47
3.7642072e+01	4.2938979e-47
3.7727393e+01	4.2704900e-47
3.7812908e+01	4.2472953e-47
3.7898616e+01	4.2243119e-47
3.7984519e+01	4.2015380e-47
3.8070616e+01	4.1789714e-47
3.8156909e+01	4.1566100e-47
3.8243397e+01	4.1344522e-47
3.8330081e+01	4.1124958e-47
3.8416962e+01	4.0907390e-47
3.8504039e+01	4.0691799e-47
3.8591314e+01	4.0478167e-47
3.8678787e+01	4.0266474e-47
3.8766458e+01	4.0056702e-47
3.8854328e+01	3.9848834e-47
3.8942397e+01	3.9642851e-47
3.9030665e+01	3.9438735e-47
3.9119134e+01	3.9236468e-47
3.9207803e+01	3.9036034e-47
3.9296673e+01	3.8837414e-47
3.9385745e+01	3.8640592e-47
3.9475018e+01	3.8445550e-47
3.9564494e+01	3.8252272e-47
3.9654172e+01	3.8060741e-47
3.9744054e+01	3.7870941e-47
3.9834140e+01	3.7682854e-47
3.9924430e+01	3.7496465e-47
4.0014924e+01	3.7311758e-47
4.0105624e+01	3.7128717e-47
4.0196529e+01	3.6947325e-47
4.0287640e+01	3.6767568e-47
4.0378958e+01	3.6589430e-47
4.0470483e+01	3.6412895e-47
4.0562215e+01	3.6237949e-47
4.0654155e+01	3.6064576e-47
4.0746303e+01	3.5892762e-47
4.0838661e+01	3.5722492e-47
4.0931227e+01	3.5553751e-47
4.1024004e+01	3.5386524e-47
4.1116991e+01	3.5220797e-47
4.1210188e+01	3.5056557e-47
4.1303597e+01	3.4893789e-47
4.1397218e+01	3.4732478e-47
4.1491050e+01	3.4572613e-47
4.1585096e+01	3.4414177e-47
4.1679354e+01	3.4257159e-47
4.1773827e+01	3.4101546e-47
4.1868513e+01	3.3947322e-47
4.1963414e+01	3.3794475e-47
4.2058530e+01	3.3642993e-47
4.2153862e+01	3.3492862e-47
4.2249410e+01	3.3344071e-47
4.2345174e+01	3.3196604e-47
4.2441155e+01	3.3050450e-47
4.2537354e+01	3.2905599e-47
4.2633771e+01	3.2762035e-47
4.2730407e+01	3.2619748e-47
4.2827262e+01	3.2478725e-47
4.2924336e+01	3.2338955e-47
4.3021630e+01	3.2200426e-47
4.3119145e+01	3.2063125e-47
4.3216880e+01	3.1927041e-47
4.3314838e+01	3.1792164e-47
4.3413017e+01	3.1658479e-47
4.3511419e+01	3.1525979e-47
4.3610044e+01	3.1394650e-47
4.3708892e+01	3.1264482e-47
4.3807965e+01	3.1135464e-47
4.3907262e+01	3.1007584e-47
4.4006784e+01	3.0880832e-47
4.4106531e+01	3.0755199e-47
4.4206505e+01	3.0630671e-47
4.4306706e+01	3.0507241e-47
4.4407133e+01	3.0384896e-47
4.4507788e+01	3.0263627e-47
4.4608672e+01	3.0143424e-47
4.4709784e+01	3.0024276e-47
4.4811125e+01	2.9906174e-47
4.4912696e+01	2.9789108e-47
4.5014497e+01	2.9673067e-47
4.5116528e+01	2.9558043e-47
4.5218792e+01	2.9444025e-47
4.5321286e+01	2.9331004e-47
4.5424014e+01	2.9218971e-47
4.5526974e+01	2.9107917e-47
4.5630167e+01	2.8997831e-47
4.5733594e+01	2.8888704e-47
4.5837256e+01	2.8780530e-47
4.5941153e+01	2.8673296e-47
4.6045285e+01	2.8566996e-47
4.6149653e+01	2.8461620e-47
4.6254258e+01	2.8357159e-47
4.6359100e+01	2.8253605e-47
4.6464180e+01	2.8150949e-47
4.6569498e+01	2.8049183e-47
4.6675054e+01	2.7948298e-47
4.6780850e+01	2.7848286e-47
4.6886885e+01	2.7749138e-47
4.6993161e+01	2.7650848e-47
4.7099678e+01	2.7553406e-47
4.7206436e+01	2.7456804e-47
4.7313436e+01	2.7361034e-47
4.7420679e+01	2.7266090e-47
4.7528165e+01	2.7171962e-47
4.7635894e+01	2.7078644e-47
4.7743868e+01	2.6986126e-47
4.7852086e+01	2.6894402e-47
4.7960550e+01	2.6803465e-47
4.8069259e+01	2.6713307e-47
4.8178215e+01	2.6623921e-47
4.8287418e+01	2.6535299e-47
4.8396868e+01	2.6447434e-47
4.8506567e+01	2.6360319e-47
4.8616514e+01	2.6273947e-47
4.8726710e+01	2.6188311e-47
4.8837156e+01	2.6103404e-47
4.8947853e+01	2.6019219e-47
4.9058800e+01	2.5935748e-47
4.9169999e+01	2.5852986e-47
4.9281450e+01	2.5770927e-47
4.9393153e+01	2.5689562e-47
4.9505110e+01	2.5608887e-47
4.9617320e+01	2.5528893e-47
4.9729785e+01	2.5449574e-47
4.9842505e+01	2.5370926e-47
4.9955480e+01	2.5292940e-47
5.0068711e+01	2.5215611e-47
5.0182199e+01	2.5138931e-47
5.0295944e+01	2.5062898e-47
5.0409947e+01	2.4987502e-47
5.0524209e+01	2.4912738e-47
5.0638729e+01	2.4838600e-47
5.0753509e+01	2.4765083e-47
5.0868549e+01	2.4692181e-47
5.0983850e+01	2.4619888e-47
5.1099412e+01	2.4548197e-47
5.1215237e+01	2.4477104e-47
5.1331323e+01	2.4406603e-47
5.1447673e+01	2.4336687e-47
5.1564287e+01	2.4267352e-47
5.1681164e+01	2.4198593e-47
5.1798307e+01	2.4130402e-47
5.1915716e+01	2.4062777e-47
5.2033390e+01	2.3995711e-47
5.2151331e+01	2.3929198e-47
5.2269540e+01	2.3863234e-47
5.2388016e+01	2.3797813e-47
5.2506761e+01	2.3732930e-47
5.2625775e+01	2.3668581e-47
5.2745059e+01	2.3604759e-47
5.2864613e+01	2.3541461e-47
5.2984439e+01	2.3478681e-47
5.3104535e+01	2.3416415e-47
5.3224904e+01	2.3354657e-47
5.3345546e+01	2.3293402e-47
5.3466462e+01	2.3232648e-47
5.3587651e+01	2.3172386e-47
5.3709115e+01	2.3112616e-47
5.3830855e+01	2.3053330e-47
5.3952870e+01	2.2994524e-47
5.4075162e+01	2.2936194e-47
5.4197731e+01	2.2878336e-47
5.4320578e+01	2.2820945e-47
5.4443703e+01	2.2764016e-47
5.4567108e+01	2.2707547e-47
5.4690792e+01	2.2651530e-47
5.4814757e+01	2.2595964e-47
5.4939002e+01	2.2540843e-47
5.5063529e+01	2.2486163e-47
5.5188339e+01	2.2431921e-47
5.5313431e+01	2.2378112e-47
5.5438807e+01	2.2324731e-47
5.5564467e+01	2.2271776e-47
5.5690412e+01	2.2219241e-47
5.5816642e+01	2.2167124e-47
5.5943158e+01	2.2115420e-47
5.6069962e+01	2.2064125e-47
5.6197052e+01	2.2013235e-47
5.6324431e+01	2.1962747e-47
5.6452098e+01	2.1912657e-47
5.6580055e+01	2.1862961e-47
5.6708302e+01	2.1813654e-47
5.6836840e+01	2.1764736e-47
5.6965668e+01	2.1716199e-47
5.7094789e+01	2.1668043e-47
5.7224203e+01	2.1620262e-47
5.7353910e+01	2.1572854e-47
5.7483911e+01	2.1525815e-47
5.7614206e+01	2.1479142e-47
5.7744797e+01	2.1432829e-47
5.7875684e+01	2.1386877e-47
5.8006867e+01	2.1341279e-47
5.8138348e+01	2.1296033e-47
5.8270127e+01	2.1251137e-47
5.8402205e+01	2.1206585e-47
5.8534582e+01	2.1162375e-47
5.8667259e+01	2.1118504e-47
5.8800237e+01	2.1074970e-47
5.8933516e+01	2.1031767e-47
5.9067097e+01	2.0988895e-47
5.9200981e+01	2.0946349e-47
5.9335169e+01	2.0904127e-47
5.9469660e+01	2.0862224e-47
5.9604457e+01	2.0820640e-47
5.9739559e+01	2.0779370e-47
5.9874967e+01	2.0738411e-47
6.0010683e+01	2.0697761e-47
6.0146705e+01	2.0657417e-47
6.0283037e+01	2.0617375e-47
6.0419677e+01	2.0577633e-47
6.0556627e+01	2.0538189e-47
6.0693887e+01	2.0499040e-47
6.0831458e+01	2.0460181e-47
6.0969342e+01	2.0421612e-47
6.1107537e+01	2.0383330e-47
6.1246046e+01	2.0345331e-47
6.1384869e+01	2.0307613e-47
6.1524007e+01	2.0270173e-47
6.1663460e+01	2.0233010e-47
6.1803229e+01	2.0196120e-47
6.1943315e+01	2.0159499e-47
6.2083718e+01	2.0123148e-47
6.2224440e+01	2.0087062e-47
6.2365481e+01	2.0051239e-47
6.2506841e+01	2.0015677e-47
6.2648522e+01	1.9980374e-47
6.2790524e+01	1.9945327e-47
6.2932847e+01	1.9910533e-47
6.3075494e+01	1.9875990e-47
6.3218463e+01	1.9841696e-47
6.3361757e+01	1.9807650e-47
6.3505376e+01	1.9773847e-47
6.3649320e+01	1.9740286e-47
6.3793590e+01	1.9706965e-47
6.3938187e+01	1.9673882e-47
6.4083113e+01	1.9641035e-47
6.4228366e+01	1.9608420e-47
6.4373949e+01	1.9576037e-47
6.4519862e+01	1.9543882e-47
6.4666105e+01	1.9511954e-47
6.4812680e+01	1.9480252e-47
6.4959588e+01	1.9448771e-47
6.5106828e+01	1.9417511e-47
6.5254402e+01	1.9386471e-47
6.5402310e+01	1.9355646e-47
6.5550554e+01	1.9325036e-47
6.5699134e+01	1.9294639e-47
6.5848050e+01	1.9264452e-47
6.5997304e+01	1.9234474e-47
6.6146897e+01	1.9204702e-47
6.6296828e+01	1.9175137e-47
6.6447099e+01	1.9145773e-47
6.6597711e+01	1.9116611e-47
6.6748665e+01	1.9087648e-47
6.6899960e+01	1.9058882e-47
6.7051599e+01	1.9030313e-47
6.7203581e+01	1.9001937e-47
6.7355907e+01	1.8973753e-47
6.7508579e+01	1.8945760e-47
6.7661597e+01	1.8917955e-47
6.7814962e+01	1.8890337e-47
6.7968674e+01	1.8862904e-47
6.8122735e+01	1.8835655e-47
6.8277145e+01	1.8808587e-47
6.8431905e+01	1.8781700e-47
6.8587015e+01	1.8754991e-47
6.8742478e+01	1.8728459e-47
6.8898292e+01	1.8702103e-47
6.9054460e+01	1.8675920e-47
6.9210982e+01	1.8649909e-47
6.9367859e+01	1.8624068e-47
6.9525091e+01	1.8598396e-47
6.9682680e+01	1.8572893e-47
6.9840626e+01	1.8547555e-47
6.9998929e+01	1.8522381e-47
7.0157592e+01	1.8497370e-47
7.0316614e+01	1.8472521e-47
7.0475997e+01	1.8447832e-47
7.0635741e+01	1.8423301e-47
7.0795847e+01	1.8398927e-47
7.0956316e+01	1.8374709e-47
7.1117149e+01	1.8350646e-47
7.1278346e+01	1.8326735e-47
7.1439908e+01	1.8302976e-47
7.1601837e+01	1.8279367e-47
7.1764133e+01	1.8255907e-47
7.1926797e+01	1.8232594e-47
7.2089829e+01	1.8209428e-47
7.2253231e+01	1.8186406e-47
7.2417004e+01	1.8163528e-47
7.2581147e+01	1.8140792e-47
7.2745663e+01	1.8118197e-47
7.2910551e+01	1.8095743e-47
7.3075813e+01	1.8073426e-47
7.3241450e+01	1.8051246e-47
7.3407463e+01	1.8029203e-47
7.3573851e+01	1.8007295e-47
7.3740617e+01	1.7985519e-47
7.3907761e+01	1.7963877e-47
7.4075283e+01	1.7942366e-47
7.4243185e+01	1.7920985e-47
7.4411468e+01	1.7899733e-47
7.4580133e+01	1.7878608e-47
7.4749179e+01	1.7857610e-47
7.4918609e+01	1.7836738e-47
7.5088423e+01	1.7815991e-47
7.5258621e+01	1.7795366e-47
7.5429206e+01	1.7774864e-47
7.5600177e+01	1.7754483e-47
7.5771536e+01	1.7734222e-47
7.5943283e+01	1.7714081e-47
7.6115419e+01	1.7694057e-47
7.6287946e+01	1.7674150e-47
7.6460863e+01	1.7654359e-47
7.6634173e+01	1.7634682e-47
7.6807875e+01	1.7615120e-47
7.6981971e+01	1.7595672e-47
7.7156462e+01	1.7576334e-47
7.7331348e+01	1.7557108e-47
7.7506631e+01	1.7537992e-47
7.7682311e+01	1.7518985e-47
7.7858389e+01	1.7500086e-47
7.8034866e+01	1.7481294e-47
7.8211743e+01	1.7462608e-47
7.8389021e+01	1.7444028e-47
7.8566701e+01	1.7425552e-47
7.8744784e+01	1.7407179e-47
7.8923271e+01	1.7388910e-47
7.9102161e+01	1.7370742e-47
7.9281458e+01	1.7352675e-47
7.9461161e+01	1.7334708e-47
7.9641271e+01	1.7316840e-47
7.9821789e+01	1.7299070e-47
8.0002717e+01	1.7281398e-47
8.0184054e+01	1.7263822e-47
8.0365803e+01	1.7246343e-47
8.0547964e+01	1.7228958e-47
8.0730537e+01	1.7211667e-47
8.0913525e+01	1.7194470e-47
8.1096927e+01	1.7177365e-47
8.1280745e+01	1.7160353e-47
8.1464979e+01	1.7143431e-47
8.1649631e+01	1.7126599e-47
8.1834702e+01	1.7109857e-47
8.2020192e+01	1.7093204e-47
8.2206103e+01	1.7076639e-47
8.2392434e+01	1.7060160e-47
8.2579189e+01	1.7043769e-47
8.2766366e+01	1.7027463e-47
8.2953968e+01	1.7011243e-47
8.3141995e+01	1.6995107e-47
8.3330449e+01	1.6979055e-47
8.3519329e+01	1.6963085e-47
8.3708638e+01	1.6947198e-47
8.3898375e+01	1.6931393e-47
8.4088543e+01	1.6915668e-47
8.4279142e+01	1.6900024e-47
8.4470173e+01	1.6884460e-47
8.4661636e+01	1.6868974e-47
8.4853534e+01	1.6853568e-47
8.5045867e+01	1.6838238e-47
8.5238636e+01	1.6822986e-47
8.5431841e+01	1.6807810e-47
8.5625485e+01	1.6792710e-47
8.5819567e+01	1.6777685e-47
8.6014090e+01	1.6762735e-47
8.6209053e+01	1.6747858e-47
8.6404458e+01	1.6733055e-47
8.6600306e+01	1.6718326e-47
8.6796598e+01	1.6703667e-47
8.6993335e+01	1.6689081e-47
8.7190518e+01	1.6674566e-47
8.7388148e+01	1.6660121e-47
8.7586226e+01	1.6645747e-47
8.7784753e+01	1.6631442e-47
8.7983729e+01	1.6617205e-47
8.8183157e+01	1.6603037e-47
8.8383037e+01	1.6588937e-47
8.8583370e+01	1.6574904e-47
8.8784157e+01	1.6560938e-47
8.8985399e+01	1.6547038e-47
8.9187097e+01	1.6533203e-47
8.9389252e+01	1.6519434e-47
8.9591866e+01	1.6505729e-47
8.9794939e+01	1.6492088e-47
8.9998472e+01	1.6478512e-47
9.0202466e+01	1.6464997e-47
9.0406923e+01	1.6451546e-47
9.0611843e+01	1.6438158e-47
9.0817228e+01	1.6424830e-47
9.1023079e+01	1.6411564e-47
9.1229395e+01	1.6398360e-47
9.1436180e+01	1.6385215e-47
9.1643433e+01	1.6372130e-47
9.1851156e+01	1.6359105e-47
9.2059350e+01	1.6346138e-47
9.2268016e+01	1.6333230e-47
9.2477155e+01	1.6320380e-47
9.2686767e+01	1.6307588e-47
9.2896855e+01	1.6294853e-47
9.3107419e+01	1.6282175e-47
9.3318461e+01	1.6269553e-47
9.3529980e+01	1.6256987e-47
9.3741979e+01	1.6244477e-47
9.3954459e+01	1.6232022e-47
9.4167420e+01	1.6219621e-47
9.4380864e+01	1.6207276e-47
9.4594792e+01	1.6194983e-47
9.4809205e+01	1.6182745e-47
9.5024104e+01	1.6170560e-47
9.5239489e+01	1.6158427e-47
9.5455363e+01	1.6146348e-47
9.5671727e+01	1.6134319e-47
9.5888580e+01	1.6122343e-47
9.6105926e+01	1.6110418e-47
9.6323764e+01	1.6098544e-47
9.6542095e+01	1.6086720e-47
9.6760922e+01	1.6074947e-47
9.6980244e+01	1.6063224e-47
9.7200064e+01	1.6051550e-47
9.7420382e+01	1.6039926e-47
9.7641199e+01	1.6028349e-47
9.7862517e+01	1.6016822e-47
9.8084336e+01	1.6005344e-47
9.8306659e+01	1.5993912e-47
9.8529485e+01	1.5982529e-47
9.8752816e+01	1.5971192e-47
9.8976653e+01	1.5959902e-47
9.9200998e+01	1.5948660e-47
9.9425852e+01	1.5937463e-47
9.9651215e+01	1.5926311e-47
9.9877088e+01	1.5915207e-47
1.0010347e+02	1.5904147e-47
1.0033037e+02	1.5893132e-47
1.0055779e+02	1.5882162e-47
1.0078571e+02	1.5871237e-47
1.0101416e+02	1.5860356e-47
1.0124312e+02	1.5849518e-47
1.0147261e+02	1.5838724e-47
1.0170261e+02	1.5827974e-47
1.0193313e+02	1.5817266e-47
1.0216418e+02	1.5806601e-47
1.0239575e+02	1.5795979e-47
1.0262784e+02	1.5785399e-47
1.0286046e+02	1.5774861e-47
1.0309361e+02	1.5764364e-47
1.0332729e+02	1.5753910e-47
1.0356149e+02	1.5743496e-47
1.0379623e+02	1.5733123e-47
1.0403150e+02	1.5722790e-47
1.0426730e+02	1.5712499e-47
1.0450364e+02	1.5702248e-47
1.0474051e+02	1.5692036e-47
1.0497792e+02	1.5681864e-47
1.0521587e+02	1.5671732e-47
1.0545435e+02	1.5661638e-47
1.0569338e+02	1.5651584e-47
1.0593295e+02	1.5641569e-47
1.0617306e+02	1.5631592e-47
1.0641372e+02	1.5621654e-47
1.0665492e+02	1.5611753e-47
1.0689667e+02	1.5601891e-47
1.0713897e+02	1.5592066e-47
1.0738181e+02	1.5582279e-47
1.0762521e+02	1.5572528e-47
1.0786916e+02	1.5562815e-47
1.0811366e+02	1.5553139e-47
1.0835871e+02	1.5543499e-47
1.0860432e+02	1.5533895e-47
1.0885049e+02	1.5524328e-47
1.0909722e+02	1.5514797e-47
1.0934450e+02	1.5505302e-47
1.0959235e+02	1.5495842e-47
1.0984075e+02	1.5486418e-47
1.1008972e+02	1.5477029e-47
1.1033926e+02	1.5467675e-47
1.1058936e+02	1.5458355e-47
1.1084002e+02	1.5449071e-47
1.1109126e+02	1.5439821e-47
1.1134306e+02	1.5430605e-47
1.1159544e+02	1.5421424e-47
1.1184839e+02	1.5412276e-47
1.1210191e+02	1.5403163e-47
1.1235600e+02	1.5394082e-47
1.1261067e+02	1.5385036e-47
1.1286592e+02	1.5376023e-47
1.1312175e+02	1.5367042e-47
1.1337815e+02	1.5358095e-47
1.1363514e+02	1.5349180e-47
1.1389271e+02	1.5340299e-47
1.1415087e+02	1.5331450e-47
1.1440961e+02	1.5322633e-47
1.1466893e+02	1.5313848e-47
1.1492885e+02	1.5305095e-47
1.1518935e+02	1.5296375e-47
1.1545044e+02	1.5287686e-47
1.1571213e+02	1.5279028e-47
1.1597440e+02	1.5270401e-47
1.1623728e+02	1.5261807e-47
1.1650075e+02	1.5253243e-47
1.1676481e+02	1.5244711e-47
1.1702948e+02	1.5236209e-47
1.1729474e+02	1.5227738e-47
1.1756060e+02	1.5219297e-47
1.1782707e+02	1.5210888e-47
1.1809414e+02	1.5202508e-47
1.1836182e+02	1.5194159e-47
1.1863011e+02	1.5185840e-47
1.1889900e+02	1.5177551e-47
1.1916850e+02	1.5169292e-47
1.1943861e+02	1.5161062e-47
1.1970934e+02	1.5152862e-47
1.1998068e+02	1.5144691e-47
1.2025263e+02	1.5136550e-47
1.2052520e+02	1.5128438e-47
1.2079839e+02	1.5120355e-47
1.2107219e+02	1.5112302e-47
1.2134662e+02	1.5104277e-47
1.2162167e+02	1.5096281e-47
1.2189734e+02	1.5088314e-47
1.2217364e+02	1.5080375e-47
1.2245057e+02	1.5072464e-47
1.2272812e+02	1.5064583e-47
1.2300630e+02	1.5056729e-47
1.2328511e+02	1.5048904e-47
1.2356455e+02	1.5041106e-47
1.2384463e+02	1.5033337e-47
1.2412534e+02	1.5025595e-47
1.2440669e+02	1.5017882e-47
1.2468868e+02	1.5010196e-47
1.2497130e+02	1.5002537e-47
1.2525457e+02	1.4994906e-47
1.2553847e+02	1.4987303e-47
1.2582302e+02	1.4979727e-47
1.2610822e+02	1.4972177e-47
1.2639406e+02	1.4964656e-47
1.2668055e+02	1.4957161e-47
1.2696769e+02	1.4949693e-47
1.2725548e+02	1.4942252e-47
1.2754393e+02	1.4934838e-47
1.2783302e+02	1.4927451e-47
1.2812277e+02	1.4920090e-47
1.2841318e+02	1.4912755e-47
1.2870425e+02	1.4905448e-47
1.2899598e+02	1.4898166e-47
1.2928836e+02	1.4890911e-47
1.2958142e+02	1.4883683e-47
1.2987513e+02	1.4876480e-47
1.3016951e+02	1.4869304e-47
1.3046456e+02	1.4862153e-47
1.3076028e+02	1.4855029e-47
1.3105666e+02	1.4847930e-47
1.3135372e+02	1.4840857e-47
1.3165145e+02	1.4833810e-47
1.3194986e+02	1.4826789e-47
1.3224894e+02	1.4819794e-47
1.3254870e+02	1.4812823e-47
1.3284915e+02	1.4805879e-47
1.3315027e+02	1.4798960e-47
1.3345207e+02	1.4792066e-47
1.3375456e+02	1.4785198e-47
1.3405773e+02	1.4778355e-47
1.3436159e+02	1.4771537e-47
1.3466614e+02	1.4764744e-47
1.3497138e+02	1.4757977e-47
1.3527732e+02	1.4751234e-47
1.3558394e+02	1.4744516e-47
1.3589126e+02	1.4737823e-47
1.3619928e+02	1.4731156e-47
1.3650800e+02	1.4724513e-47
1.3681741e+02	1.4717895e-47
1.3712753e+02	1.4711302e-47
1.3743835e+02	1.4704733e-47
1.3774987e+02	1.4698189e-47
1.3806210e+02	1.4691670e-47
1.3837504e+02	1.4685175e-47
1.3868868e+02	1.4678704e-47
1.3900304e+02	1.4672258e-47
1.3931811e+02	1.4665837e-47
1.3963390e+02	1.4659440e-47
1.3995040e+02	1.4653067e-47
1.4026761e+02	1.4646719e-47
1.4058555e+02	1.4640395e-47
1.4090421e+02	1.4634095e-47
1.4122359e+02	1.4627819e-47
1.4154369e+02	1.4621568e-47
1.4186452e+02	1.4615340e-47
1.4218608e+02	1.4609137e-47
1.4250836e+02	1.4602957e-47
1.4283138e+02	1.4596803e-47
1.4315513e+02	1.4590671e-47
1.4347961e+02	1.4584564e-47
1.4380482e+02	1.4578480e-47
1.4413078e+02	1.4572421e-47
1.4445747e+02	1.4566385e-47
1.4478491e+02	1.4560373e-47
1.4511308e+02	1.4554385e-47
1.4544200e+02	1.4548421e-47
1.4577167e+02	1.4542480e-47
1.4610208e+02	1.4536563e-47
1.4643324e+02	1.4530670e-47
1.4676515e+02	1.4524801e-47
1.4709782e+02	1.4518955e-47
1.4743123e+02	1.4513133e-47
1.4776541e+02	1.4507335e-47
1.4810034e+02	1.4501559e-47
1.4843603e+02	1.4495807e-47
1.4877248e+02	1.4490080e-47
1.4910970e+02	1.4484375e-47
1.4944768e+02	1.4478695e-47
1.4978642e+02	1.4473037e-47
1.5012593e+02	1.4467403e-47
1.5046621e+02	1.4461793e-47
1.5080727e+02	1.4456206e-47
1.5114909e+02	1.4450643e-47
1.5149170e+02	1.4445102e-47
1.5183507e+02	1.4439586e-47
1.5217923e+02	1.4434092e-47
1.5252417e+02	1.4428622e-47
1.5286988e+02	1.4423175e-47
1.5321638e+02	1.4417752e-47
1.5356367e+02	1.4412352e-47
1.5391175e+02	1.4406976e-47
1.5426061e+02	1.4401622e-47
1.5461026e+02	1.4396292e-47
1.5496071e+02	1.4390985e-47
1.5531195e+02	1.4385702e-47
1.5566399e+02	1.4380442e-47
1.5601682e+02	1.4375205e-47
1.5637046e+02	1.4369991e-47
1.5672489e+02	1.4364800e-47
1.5708013e+02	1.4359633e-47
1.5743618e+02	1.4354489e-47
1.5779303e+02	1.4349369e-47
1.5815069e+02	1.4344272e-47
1.5850916e+02	1.4339198e-47
1.5886844e+02	1.4334147e-47
1.5922854e+02	1.4329119e-47
1.5958946e+02	1.4324115e-47
1.5995119e+02	1.4319134e-47
1.6031374e+02	1.4314176e-47
1.6067712e+02	1.4309241e-47
1.6104131e+02	1.4304330e-47
1.6140634e+02	1.4299442e-47
1.6177219e+02	1.4294576e-47
1.6213887e+02	1.4289735e-47
1.6250638e+02	1.4284917e-47
1.6287472e+02	1.4280121e-47
1.6324390e+02	1.4275350e-47
1.6361392e+02	1.4270602e-47
1.6398477e+02	1.4265876e-47
1.6435647e+02	1.4261174e-47
1.6472900e+02	1.4256496e-47
1.6510239e+02	1.4251840e-47
1.6547661e+02	1.4247208e-47
1.6585169e+02	1.4242600e-47
1.6622762e+02	1.4238014e-47
1.6660440e+02	1.4233452e-47
1.6698203e+02	1.4228913e-47
1.6736052e+02	1.4224398e-47
1.6773986e+02	1.4219906e-47
1.6812007e+02	1.4215437e-47
1.6850114e+02	1.4210992e-47
1.6888307e+02	1.4206571e-47
1.6926587e+02	1.4202172e-47
1.6964953e+02	1.4197798e-47
1.7003407e+02	1.4193446e-47
1.7041948e+02	1.4189117e-47
1.7080576e+02	1.4184813e-47
1.7119291e+02	1.4180533e-47
1.7158095e+02	1.4176275e-47
1.7196986e+02	1.4172041e-47
1.7235965e+02	1.4167831e-47
1.7275033e+02	1.4163644e-47
1.7314189e+02	1.4159480e-47
1.7353435e+02	1.4155341e-47
1.7392769e+02	1.4151225e-47
1.7432192e+02	1.4147132e-47
1.7471704e+02	1.4143064e-47
1.7511306e+02	1.4139019e-47
1.7550998e+02	1.4134997e-47
1.7590780e+02	1.4131000e-47
1.7630652e+02	1.4127026e-47
1.7670615e+02	1.4123076e-47
1.7710668e+02	1.4119150e-47
1.7750811e+02	1.4115247e-47
1.7791046e+02	1.4111369e-47
1.7831372e+02	1.4107514e-47
1.7871790e+02	1.4103683e-47
1.7912299e+02	1.4099876e-47
1.7952899e+02	1.4096093e-47
1.7993592e+02	1.4092334e-47
1.8034377e+02	1.4088599e-47
1.8075255e+02	1.4084888e-47
1.8116225e+02	1.4081201e-47
1.8157288e+02	1.4077539e-47
1.8198444e+02	1.4073900e-47
1.8239693e+02	1.4070285e-47
1.8281036e+02	1.4066695e-47
1.8322473e+02	1.4063129e-47
1.8364003e+02	1.4059586e-47
1.8405628e+02	1.4056069e-47
1.8447347e+02	1.4052576e-47
1.8489161e+02	1.4049106e-47
1.8531069e+02	1.4045662e-47
1.8573072e+02	1.4042241e-47
1.8615171e+02	1.4038845e-47
1.8657365e+02	1.4035473e-47
1.8699654e+02	1.4032126e-47
1.8742040e+02	1.4028804e-47
1.8784521e+02	1.4025506e-47
1.8827099e+02	1.4022233e-47
1.8869774e+02	1.4018984e-47
1.8912545e+02	1.4015760e-47
1.8955413e+02	1.4012561e-47
1.8998378e+02	1.4009386e-47
1.9041440e+02	1.4006236e-47
1.9084600e+02	1.4003111e-47
1.9127858e+02	1.4000011e-47
1.9171214e+02	1.3996935e-47
1.9214669e+02	1.3993885e-47
1.9258222e+02	1.3990860e-47
1.9301873e+02	1.3987860e-47
1.9345624e+02	1.3984884e-47
1.9389473e+02	1.3981934e-47
1.9433422e+02	1.3979008e-47
1.9477471e+02	1.3976109e-47
1.9521619e+02	1.3973234e-47
1.9565868e+02	1.3970384e-47
1.9610217e+02	1.3967560e-47
1.9654666e+02	1.3964761e-47
1.9699216e+02	1.3961987e-47
1.9743867e+02	1.3959240e-47
1.9788620e+02	1.3956517e-47
1.9833473e+02	1.3953820e-47
1.9878429e+02	1.3951148e-47
1.9923486e+02	1.3948502e-47
1.9968646e+02	1.3945882e-47
2.0013907e+02	1.3943288e-47
2.0059272e+02	1.3940720e-47
2.0104739e+02	1.3938176e-47
2.0150309e+02	1.3935659e-47
2.0195983e+02	1.3933168e-47
2.0241760e+02	1.3930703e-47
2.0287641e+02	1.3928264e-47
2.0333626e+02	1.3925851e-47
2.0379715e+02	1.3923463e-47
2.0425908e+02	1.3921103e-47
2.0472207e+02	1.3918768e-47
2.0518610e+02	1.3916459e-47
2.0565118e+02	1.3914177e-47
2.0611732e+02	1.3911921e-47
2.0658451e+02	1.3909692e-47
2.0705277e+02	1.3907489e-47
2.0752208e+02	1.3905313e-47
2.0799246e+02	1.3903163e-47
2.0846391e+02	1.3901040e-47
2.0893642e+02	1.3898943e-47
2.0941000e+02	1.3896873e-47
2.0988466e+02	1.3894830e-47
2.1036040e+02	1.3892814e-47
2.1083721e+02	1.3890824e-47
2.1131510e+02	1.3888862e-47
2.1179408e+02	1.3886927e-47
2.1227414e+02	1.3885019e-47
2.1275529e+02	1.3883138e-47
2.1323753e+02	1.3881284e-47
2.1372086e+02	1.3879457e-47
2.1420529e+02	1.3877657e-47
2.1469082e+02	1.3875886e-47
2.1517745e+02	1.3874141e-47
2.1566518e+02	1.3872424e-47
2.1615401e+02	1.3870735e-47
2.1664396e+02	1.3869073e-47
2.1713501e+02	1.3867439e-47
2.1762718e+02	1.3865832e-47
2.1812046e+02	1.3864253e-47
2.1861486e+02	1.3862703e-47
2.1911039e+02	1.3861180e-47
2.1960703e+02	1.3859685e-47
2.2010480e+02	1.3858219e-47
2.2060370e+02	1.3856780e-47
2.2110373e+02	1.3855370e-47
2.2160489e+02	1.3853987e-47
2.2210719e+02	1.3852634e-47
2.2261063e+02	1.3851308e-47
2.2311521e+02	1.3850012e-47
2.2362093e+02	1.3848744e-47
2.2412780e+02	1.3847504e-47
2.2463582e+02	1.3846293e-47
2.2514499e+02	1.3845110e-47
2.2565531e+02	1.3843957e-47
2.2616679e+02	1.3842832e-47
2.2667943e+02	1.3841736e-47
2.2719323e+02	1.3840669e-47
2.2770820e+02	1.3839632e-47
2.2822433e+02	1.3838624e-47
2.2874164e+02	1.3837644e-47
2.2926011e+02	1.3836695e-47
2.2977976e+02	1.3835775e-47
2.3030059e+02	1.3834883e-47
2.3082260e+02	1.3834022e-47
2.3134580e+02	1.3833190e-47
2.3187017e+02	1.3832388e-47
2.3239574e+02	1.3831616e-47
2.3292250e+02	1.3830873e-47
2.3345045e+02	1.3830161e-47
2.3397960e+02	1.3829478e-47
2.3450995e+02	1.3828826e-47
2.3504150e+02	1.3828203e-47
2.3557425e+02	1.3827611e-47
2.3610822e+02	1.3827049e-47
2.3664339e+02	1.3826518e-47
2.3717978e+02	1.3826017e-47
2.3771738e+02	1.3825547e-47
2.3825620e+02	1.3825107e-47
2.3879624e+02	1.3824698e-47
2.3933751e+02	1.3824320e-47
2.3988000e+02	1.3823972e-47
2.4042372e+02	1.3823656e-47
2.4096868e+02	1.3823371e-47
2.4151487e+02	1.3823117e-47
2.4206230e+02	1.3822893e-47
2.4261097e+02	1.3822702e-47
2.4316088e+02	1.3822542e-47
2.4371204e+02	1.3822413e-47
2.4426445e+02	1.3822316e-47
2.4481811e+02	1.3822250e-47
2.4537302e+02	1.3822217e-47
2.4592919e+02	1.3822215e-47
2.4648663e+02	1.3822245e-47
2.4704533e+02	1.3822307e-47
2.4760529e+02	1.3822401e-47
2.4816652e+02	1.3822528e-47
2.4872903e+02	1.3822686e-47
2.4929281e+02	1.3822877e-47
2.4985787e+02	1.3823100e-47
2.5042420e+02	1.3823356e-47
2.5099183e+02	1.3823644e-47
2.5156074e+02	1.3823966e-47
2.5213093e+02	1.3824320e-47
2.5270243e+02	1.3824708e-47
2.5327521e+02	1.3825128e-47
2.5384930e+02	1.3825581e-47
2.5442468e+02	1.3826067e-47
2.5500137e+02	1.3826587e-47
2.5557937e+02	1.3827140e-47
2.5615868e+02	1.3827727e-47
2.5673930e+02	1.3828347e-47
2.5732123e+02	1.3829002e-47
2.5790449e+02	1.3829690e-47
2.5848907e+02	1.3830411e-47
2.5907497e+02	1.3831167e-47
2.5966220e+02	1.3831957e-47
2.6025076e+02	1.3832781e-47
2.6084066e+02	1.3833640e-47
2.6143189e+02	1.3834533e-47
2.6202446e+02	1.3835460e-47
2.6261838e+02	1.3836422e-47
2.6321364e+02	1.3837419e-47
2.6381025e+02	1.3838451e-47
2.6440822e+02	1.3839517e-47
2.6500754e+02	1.3840619e-47
2.6560821e+02	1.3841755e-47
2.6621025e+02	1.3842928e-47
2.6681366e+02	1.3844135e-47
2.6741843e+02	1.3845377e-47
2.6802457e+02	1.3846656e-47
2.6863209e+02	1.3847970e-47
2.6924098e+02	1.3849320e-47
2.6985125e+02	1.3850706e-47
2.7046291e+02	1.3852127e-47
2.7107595e+02	1.3853585e-47
2.7169039e+02	1.3855080e-47
2.7230621e+02	1.3856610e-47
2.7292343e+02	1.3858177e-47
2.7354205e+02	1.3859781e-47
2.7416208e+02	1.3861421e-47
2.7478350e+02	1.3863099e-47
2.7540634e+02	1.3864813e-47
2.7603059e+02	1.3866564e-47
2.7665625e+02	1.3868353e-47
2.7728333e+02	1.3870179e-47
2.7791183e+02	1.3872042e-47
2.7854176e+02	1.3873942e-47
2.7917312e+02	1.3875881e-47
2.7980590e+02	1.3877857e-47
2.8044012e+02	1.3879871e-47
2.8107578e+02	1.3881922e-47
2.8171288e+02	1.3884013e-47
2.8235142e+02	1.3886141e-47
2.8299141e+02	1.3888308e-47
2.8363285e+02	1.3890513e-47
2.8427575e+02	1.3892757e-47
2.8492010e+02	1.3895040e-47
2.8556591e+02	1.3897361e-47
2.8621319e+02	1.3899722e-47
2.8686193e+02	1.3902122e-47
2.8751214e+02	1.3904561e-47
2.8816383e+02	1.3907039e-47
2.8881700e+02	1.3909557e-47
2.8947164e+02	1.3912114e-47
2.9012777e+02	1.3914712e-47
2.9078539e+02	1.3917349e-47
2.9144449e+02	1.3920027e-47
2.9210510e+02	1.3922744e-47
2.9276719e+02	1.3925502e-47
2.9343079e+02	1.3928300e-47
2.9409590e+02	1.3931140e-47
2.9476251e+02	1.3934019e-47
2.9543063e+02	1.3936940e-47
2.9610026e+02	1.3939901e-47
2.9677142e+02	1.3942904e-47
2.9744409e+02	1.3945948e-47
2.9811829e+02	1.3949033e-47
2.9879402e+02	1.3952160e-47
2.9947128e+02	1.3955328e-47
3.0015007e+02	1.3958539e-47
3.0083041e+02	1.3961791e-47
3.0151228e+02	1.3965086e-47
3.0219570e+02	1.3968423e-47
3.0288067e+02	1.3971801e-47
3.0356720e+02	1.3975223e-47
3.0425528e+02	1.3978688e-47
3.0494491e+02	1.3982195e-47
3.0563612e+02	1.3985746e-47
3.0632888e+02	1.3989339e-47
3.0702322e+02	1.3992976e-47
3.0771913e+02	1.3996656e-47
3.0841662e+02	1.4000380e-47
3.0911569e+02	1.4004147e-47
3.0981635e+02	1.4007958e-47
3.1051859e+02	1.4011814e-47
3.1122243e+02	1.4015713e-47
3.1192786e+02	1.4019657e-47
3.1263489e+02	1.4023646e-47
3.1334352e+02	1.4027680e-47
3.1405376e+02	1.4031757e-47
3.1476561e+02	1.4035880e-47
3.1547907e+02	1.4040048e-47
3.1619415e+02	1.4044261e-47
3.1691085e+02	1.4048520e-47
3.1762917e+02	1.4052825e-47
3.1834912e+02	1.4057176e-47
3.1907071e+02	1.4061572e-47
3.1979393e+02	1.4066014e-47
3.2051878e+02	1.4070502e-47
3.2124529e+02	1.4075038e-47
3.2197343e+02	1.4079619e-47
3.2270323e+02	1.4084247e-47
3.2343469e+02	1.4088922e-47
3.2416780e+02	1.4093644e-47
3.2490257e+02	1.4098414e-47
3.2563901e+02	1.4103231e-47
3.2637712e+02	1.4108096e-47
3.2711690e+02	1.4113008e-47
3.2785835e+02	1.4117968e-47
3.2860149e+02	1.4122977e-47
3.2934632e+02	1.4128034e-47
3.3009283e+02	1.4133139e-47
3.3084103e+02	1.4138293e-47
3.3159093e+02	1.4143496e-47
3.3234253e+02	1.4148748e-47
3.3309583e+02	1.4154048e-47
3.3385084e+02	1.4159398e-47
3.3460756e+02	1.4164798e-47
3.3536600e+02	1.4170247e-47
3.3612615e+02	1.4175747e-47
3.3688803e+02	1.4181296e-47
3.3765163e+02	1.4186896e-47
3.3841697e+02	1.4192546e-47
3.3918404e+02	1.4198247e-47
3.3995285e+02	1.4203998e-47
3.4072340e+02	1.4209801e-47
3.4149570e+02	1.4215654e-47
3.4226975e+02	1.4221560e-47
3.4304555e+02	1.4227516e-47
3.4382312e+02	1.4233525e-47
3.4460244e+02	1.4239585e-47
3.4538353e+02	1.4245698e-47
3.4616639e+02	1.4251862e-47
3.4695103e+02	1.4258080e-47
3.4773744e+02	1.4264350e-47
3.4852564e+02	1.4270674e-47
3.4931562e+02	1.4277050e-47
3.5010740e+02	1.4283480e-47
3.5090097e+02	1.4289963e-47
3.5169633e+02	1.4296499e-47
3.5249350e+02	1.4303090e-47
3.5329248e+02	1.4309735e-47
3.5409327e+02	1.4316434e-47
3.5489587e+02	1.4323188e-47
3.5570029e+02	1.4329996e-47
3.5650654e+02	1.4336860e-47
3.5731461e+02	1.4343778e-47
3.5812452e+02	1.4350752e-47
3.5893626e+02	1.4357782e-47
3.5974984e+02	1.4364867e-47
3.6056526e+02	1.4372009e-47
3.6138254e+02	1.4379206e-47
3.6220166e+02	1.4386460e-47
3.6302265e+02	1.4393771e-47
3.6384549e+02	1.4401138e-47
3.6467020e+02	1.4408562e-47
3.6549677e+02	1.4416044e-47
3.6632522e+02	1.4423584e-47
3.6715555e+02	1.4431181e-47
3.6798776e+02	1.4438836e-47
3.6882186e+02	1.4446550e-47
3.6965785e+02	1.4454321e-47
3.7049573e+02	1.4462151e-47
3.7133551e+02	1.4470041e-47
3.7217720e+02	1.4477989e-47
3.7302079e+02	1.4485997e-47
3.7386630e+02	1.4494064e-47
3.7471372e+02	1.4502191e-47
3.7556306e+02	1.4510378e-47
3.7641433e+02	1.4518625e-47
3.7726753e+02	1.4526933e-47
3.7812266e+02	1.4535302e-47
3.7897973e+02	1.4543731e-47
3.7983874e+02	1.4552221e-47
3.8069970e+02	1.4560774e-47
3.8156261e+02	1.4569387e-47
3.8242747e+02	1.4578063e-47
3.8329430e+02	1.4586802e-47
3.8416309e+02	1.4595602e-47
3.8503385e+02	1.4604465e-47
3.8590659e+02	1.4613392e-47
3.8678130e+02	1.4622380e-47
3.8765800e+02	1.4631434e-47
3.8853668e+02	1.4640549e-47
3.8941735e+02	1.4649730e-47
3.9030002e+02	1.4658975e-47
3.9118470e+02	1.4668284e-47
3.9207137e+02	1.4677657e-47
3.9296006e+02	1.4687097e-47
3.9385076e+02	1.4696601e-47
3.9474348e+02	1.4706170e-47
3.9563822e+02	1.4715806e-47
3.9653499e+02	1.4725508e-47
3.9743379e+02	1.4735275e-47
3.9833464e+02	1.4745110e-47
3.9923752e+02	1.4755011e-47
4.0014245e+02	1.4764980e-47
4.0104943e+02	1.4775016e-47
4.0195846e+02	1.4785120e-47
4.0286956e+02	1.4795292e-47
4.0378272e+02	1.4805533e-47
4.0469795e+02	1.4815841e-47
4.0561526e+02	1.4826219e-47
4.0653465e+02	1.4836666e-47
4.0745611e+02	1.4847183e-47
4.0837967e+02	1.4857769e-47
4.0930532e+02	1.4868426e-47
4.1023307e+02	1.4879154e-47
4.1116293e+02	1.4889952e-47
4.1209489e+02	1.4900821e-47
4.1302896e+02	1.4911761e-47
4.1396515e+02	1.4922774e-47
4.1490346e+02	1.4933858e-47
4.1584390e+02	1.4945015e-47
4.1678647e+02	1.4956244e-47
4.1773117e+02	1.4967548e-47
4.1867802e+02	1.4978924e-47
4.1962701e+02	1.4990374e-47
4.2057816e+02	1.5001899e-47
4.2153146e+02	1.5013498e-47
4.2248692e+02	1.5025172e-47
4.2344455e+02	1.5036923e-47
4.2440435e+02	1.5048748e-47
4.2536632e+02	1.5060650e-47
4.2633047e+02	1.5072629e-47
4.2729681e+02	1.5084685e-47
4.2826534e+02	1.5096819e-47
4.2923607e+02	1.5109030e-47
4.3020899e+02	1.5121321e-47
4.3118412e+02	1.5133691e-47
4.3216147e+02	1.5146141e-47
4.3314102e+02	1.5158671e-47
4.3412280e+02	1.5171282e-47
4.3510680e+02	1.5183976e-47
4.3609303e+02	1.5196751e-47
4.3708150e+02	1.5209609e-47
4.3807221e+02	1.5222552e-47
4.3906516e+02	1.5235580e-47
4.4006037e+02	1.5248693e-47
4.4105783e+02	1.5261893e-47
4.4205755e+02	1.5275182e-47
4.4305953e+02	1.5288559e-47
4.4406379e+02	1.5302027e-47
4.4507033e+02	1.5315588e-47
4.4607914e+02	1.5329242e-47
4.4709024e+02	1.5342992e-47
4.4810364e+02	1.5356840e-47
4.4911933e+02	1.5370789e-47
4.5013732e+02	1.5384841e-47
4.5115762e+02	1.5399000e-47
4.5218024e+02	1.5413270e-47
4.5320517e+02	1.5427656e-47
4.5423242e+02	1.5442162e-47
4.5526201e+02	1.5456797e-47
4.5629392e+02	1.5471567e-47
4.5732818e+02	1.5486482e-47
4.5836478e+02	1.5501556e-47
4.5940373e+02	1.5516802e-47
4.6044503e+02	1.5532240e-47
4.6148870e+02	1.5547895e-47
4.6253473e+02	1.5563798e-47
4.6358313e+02	1.5579992e-47
4.6463391e+02	1.5596533e-47
4.6568707e+02	1.5613500e-47
4.6674261e+02	1.5631000e-47
4.6780055e+02	1.5649191e-47
4.6886089e+02	1.5668307e-47
4.6992363e+02	1.5688702e-47
4.7098878e+02	1.5710946e-47
4.7205634e+02	1.5736000e-47
4.7312633e+02	1.5765581e-47
4.7419874e+02	1.5803017e-47
4.7527358e+02	1.5855483e-47
4.7635085e+02	1.5940914e-47
4.7743057e+02	1.6115379e-47
4.7851274e+02	1.6637553e-47
4.7959735e+02	2.0547347e-47
4.8068443e+02	4.9413394e-47
4.8177397e+02	1.7355389e-47
4.8286598e+02	1.6323146e-47
4.8396047e+02	1.6093258e-47
4.8505743e+02	1.6015643e-47
4.8615688e+02	1.5986753e-47
4.8725883e+02	1.5978167e-47
4.8836327e+02	1.5979544e-47
4.8947022e+02	1.5986397e-47
4.9057967e+02	1.5996524e-47
4.9169164e+02	1.6008743e-47
4.9280613e+02	1.6022373e-47
4.9392315e+02	1.6037003e-47
4.9504269e+02	1.6052367e-47
4.9616478e+02	1.6068293e-47
4.9728941e+02	1.6084662e-47
4.9841659e+02	1.6101392e-47
4.9954632e+02	1.6118424e-47
5.0067861e+02	1.6135714e-47
5.0181347e+02	1.6153230e-47
5.0295090e+02	1.6170949e-47
5.0409091e+02	1.6188850e-47
5.0523351e+02	1.6206922e-47
5.0637869e+02	1.6225151e-47
5.0752647e+02	1.6243528e-47
5.0867686e+02	1.6262049e-47
5.0982984e+02	1.6280707e-47
5.1098545e+02	1.6299497e-47
5.1214367e+02	1.6318414e-47
5.1330452e+02	1.6337458e-47
5.1446799e+02	1.6356625e-47
5.1563411e+02	1.6375914e-47
5.1680287e+02	1.6395322e-47
5.1797428e+02	1.6414848e-47
5.1914834e+02	1.6434493e-47
5.2032506e+02	1.6454254e-47
5.2150446e+02	1.6474131e-47
5.2268652e+02	1.6494124e-47
5.2387127e+02	1.6514231e-47
5.2505869e+02	1.6534455e-47
5.2624882e+02	1.6554793e-47
5.2744163e+02	1.6575247e-47
5.2863716e+02	1.6595815e-47
5.2983539e+02	1.6616497e-47
5.3103634e+02	1.6637296e-47
5.3224001e+02	1.6658209e-47
5.3344641e+02	1.6679237e-47
5.3465554e+02	1.6700381e-47
5.3586741e+02	1.6721641e-47
5.3708203e+02	1.6743017e-47
5.3829941e+02	1.6764509e-47
5.3951954e+02	1.6786118e-47
5.4074244e+02	1.6807844e-47
5.4196811e+02	1.6829687e-47
5.4319656e+02	1.6851648e-47
5.4442779e+02	1.6873728e-47
5.4566181e+02	1.6895926e-47
5.4689863e+02	1.6918242e-47
5.4813826e+02	1.6940678e-47
5.4938069e+02	1.6963234e-47
5.5062594e+02	1.6985910e-47
5.5187402e+02	1.7008707e-47
5.5312492e+02	1.7031625e-47
5.5437866e+02	1.7054664e-47
5.5563523e+02	1.7077826e-47
5.5689466e+02	1.7101109e-47
5.5815694e+02	1.7124516e-47
5.5942209e+02	1.7148047e-47
5.6069010e+02	1.7171701e-47
5.6196098e+02	1.7195479e-47
5.6323475e+02	1.7219383e-47
5.6451140e+02	1.7243412e-47
5.6579095e+02	1.7267567e-47
5.6707339e+02	1.7291848e-47
5.6835874e+02	1.7316257e-47
5.6964701e+02	1.7340793e-47
5.7093820e+02	1.7365457e-47
5.7223231e+02	1.7390249e-47
5.7352936e+02	1.7415171e-47
5.7482935e+02	1.7440222e-47
5.7613228e+02	1.7465403e-47
5.7743817e+02	1.7490716e-47
5.7874701e+02	1.7516159e-47
5.8005883e+02	1.7541735e-47
5.8137361e+02	1.7567442e-47
5.8269138e+02	1.7593282e-47
5.8401213e+02	1.7619256e-47
5.8533588e+02	1.7645365e-47
5.8666263e+02	1.7671607e-47
5.8799238e+02	1.7697985e-47
5.8932515e+02	1.7724498e-47
5.9066094e+02	1.7751149e-47
5.9199976e+02	1.7777935e-47
5.9334161e+02	1.7804860e-47
5.9468651e+02	1.7831922e-47
5.9603445e+02	1.7859123e-47
5.9738545e+02	1.7886463e-47
5.9873951e+02	1.7913944e-47
6.0009664e+02	1.7941565e-47
6.0145684e+02	1.7969326e-47
6.0282013e+02	1.7997230e-47
6.0418651e+02	1.8025275e-47
6.0555598e+02	1.8053464e-47
6.0692856e+02	1.8081796e-47
6.0830425e+02	1.8110272e-47
6.0968306e+02	1.8138893e-47
6.1106500e+02	1.8167659e-47
6.1245006e+02	1.8196572e-47
6.1383827e+02	1.8225631e-47
6.1522962e+02	1.8254836e-47
6.1662413e+02	1.8284191e-47
6.1802180e+02	1.8313693e-47
6.1942263e+02	1.8343345e-47
6.2082664e+02	1.8373146e-47
6.2223384e+02	1.8403099e-47
6.2364422e+02	1.8433202e-47
6.2505780e+02	1.8463456e-47
6.2647458e+02	1.8493864e-47
6.2789458e+02	1.8524425e-47
6.2931779e+02	1.8555139e-47
6.3074423e+02	1.8586007e-47
6.3217390e+02	1.8617030e-47
6.3360681e+02	1.8648210e-47
6.3504297e+02	1.8679546e-47
6.3648239e+02	1.8711039e-47
6.3792507e+02	1.8742690e-47
6.3937102e+02	1.8774499e-47
6.4082024e+02	1.8806467e-47
6.4227276e+02	1.8838596e-47
6.4372856e+02	1.8870884e-47
6.4518766e+02	1.8903334e-47
6.4665007e+02	1.8935946e-47
6.4811580e+02	1.8968721e-47
6.4958485e+02	1.9001659e-47
6.5105722e+02	1.9034761e-47
6.5253294e+02	1.9068028e-47
6.5401200e+02	1.9101461e-47
6.5549441e+02	1.9135060e-47
6.5698018e+02	1.9168825e-47
6.5846932e+02	1.9202758e-47
6.5996184e+02	1.9236860e-47
6.6145774e+02	1.9271131e-47
6.6295703e+02	1.9305572e-47
6.6445971e+02	1.9340183e-47
6.6596581e+02	1.9374966e-47
6.6747531e+02	1.9409921e-47
6.6898824e+02	1.9445049e-47
6.7050460e+02	1.9480350e-47
6.7202439e+02	1.9515827e-47
6.7354763e+02	1.9551478e-47
6.7507433e+02	1.9587305e-47
6.7660448e+02	1.9623309e-47
6.7813810e+02	1.9659490e-47
6.7967520e+02	1.9695849e-47
6.8121578e+02	1.9732387e-47
6.8275985e+02	1.9769106e-47
6.8430743e+02	1.9806005e-47
6.8585851e+02	1.9843085e-47
6.8741311e+02	1.9880348e-47
6.8897123e+02	1.9917794e-47
6.9053288e+02	1.9955423e-47
6.9209807e+02	1.9993237e-47
6.9366681e+02	2.0031236e-47
6.9523911e+02	2.0069422e-47
6.9681497e+02	2.0107795e-47
6.9839440e+02	2.0146356e-47
6.9997741e+02	2.0185104e-47
7.0156401e+02	2.0224043e-47
7.0315420e+02	2.0263173e-47
7.0474800e+02	2.0302493e-47
7.0634542e+02	2.0342006e-47
7.0794645e+02	2.0381711e-47
7.0955111e+02	2.0421610e-47
7.1115941e+02	2.0461703e-47
7.1277136e+02	2.0501993e-47
7.1438695e+02	2.0542478e-47
7.1600622e+02	2.0583160e-47
7.1762915e+02	2.0624041e-47
7.1925576e+02	2.0665120e-47
7.2088605e+02	2.0706400e-47
7.2252004e+02	2.0747879e-47
7.2415774e+02	2.0789561e-47
7.2579915e+02	2.0831445e-47
7.2744428e+02	2.0873532e-47
7.2909313e+02	2.0915823e-47
7.3074573e+02	2.0958320e-47
7.3240207e+02	2.1001023e-47
7.3406216e+02	2.1043932e-47
7.3572602e+02	2.1087049e-47
7.3739365e+02	2.1130375e-47
7.3906506e+02	2.1173911e-47
7.4074025e+02	2.1217658e-47
7.4241925e+02	2.1261616e-47
7.4410205e+02	2.1305786e-47
7.4578866e+02	2.1350170e-47
7.4747910e+02	2.1394768e-47
7.4917337e+02	2.1439582e-47
7.5087148e+02	2.1484612e-47
7.5257344e+02	2.1529859e-47
7.5427925e+02	2.1575324e-47
7.5598893e+02	2.1621008e-47
7.5770249e+02	2.1666913e-47
7.5941993e+02	2.1713038e-47
7.6114127e+02	2.1759386e-47
7.6286650e+02	2.1805956e-47
7.6459565e+02	2.1852751e-47
7.6632872e+02	2.1899771e-47
7.6806571e+02	2.1947017e-47
7.6980664e+02	2.1994489e-47
7.7155152e+02	2.2042190e-47
7.7330035e+02	2.2090120e-47
7.7505315e+02	2.2138280e-47
7.7680992e+02	2.2186671e-47
7.7857067e+02	2.2235294e-47
7.8033541e+02	2.2284150e-47
7.8210415e+02	2.2333240e-47
7.8387690e+02	2.2382566e-47
7.8565367e+02	2.2432128e-47
7.8743447e+02	2.2481927e-47
7.8921930e+02	2.2531964e-47
7.9100818e+02	2.2582241e-47
7.9280112e+02	2.2632759e-47
7.9459812e+02	2.2683517e-47
7.9639919e+02	2.2734518e-47
7.9820434e+02	2.2785764e-47
8.0001358e+02	2.2837253e-47
8.0182693e+02	2.2888989e-47
8.0364439e+02	2.2940971e-47
8.0546596e+02	2.2993202e-47
8.0729167e+02	2.3045682e-47
8.0912151e+02	2.3098412e-47
8.1095550e+02	2.3151394e-47
8.1279365e+02	2.3204627e-47
8.1463596e+02	2.3258114e-47
8.1648245e+02	2.3311857e-47
8.1833312e+02	2.3365854e-47
8.2018799e+02	2.3420110e-47
8.2204707e+02	2.3474623e-47
8.2391036e+02	2.3529395e-47
8.2577787e+02	2.3584428e-47
8.2764961e+02	2.3639723e-47
8.2952560e+02	2.3695280e-47
8.3140584e+02	2.3751101e-47
8.3329034e+02	2.3807187e-47
8.3517911e+02	2.3863540e-47
8.3707216e+02	2.3920159e-47
8.3896951e+02	2.3977048e-47
8.4087115e+02	2.4034207e-47
8.4277711e+02	2.4091637e-47
8.4468738e+02	2.4149338e-47
8.4660199e+02	2.4207314e-47
8.4852093e+02	2.4265564e-47
8.5044423e+02	2.4324090e-47
8.5237188e+02	2.4382893e-47
8.5430391e+02	2.4441975e-47
8.5624031e+02	2.4501336e-47
8.5818110e+02	2.4560979e-47
8.6012629e+02	2.4620902e-47
8.6207589e+02	2.4681110e-47
8.6402991e+02	2.4741602e-47
8.6598836e+02	2.4802381e-47
8.6795124e+02	2.4863447e-47
8.6991858e+02	2.4924801e-47
8.7189038e+02	2.4986445e-47
8.7386664e+02	2.5048379e-47
8.7584739e+02	2.5110607e-47
8.7783262e+02	2.5173129e-47
8.7982235e+02	2.5235945e-47
8.8181660e+02	2.5299057e-47
8.8381536e+02	2.5362467e-47
8.8581866e+02	2.5426177e-47
8.8782649e+02	2.5490188e-47
8.8983888e+02	2.5554499e-47
8.9185583e+02	2.5619113e-47
8.9387734e+02	2.5684033e-47
8.9590345e+02	2.5749258e-47
8.9793414e+02	2.5814791e-47
8.9996944e+02	2.5880632e-47
9.0200935e+02	2.5946784e-47
9.0405388e+02	2.6013247e-47
9.0610305e+02	2.6080023e-47
9.0815686e+02	2.6147114e-47
9.1021533e+02	2.6214521e-47
9.1227846e+02	2.6282246e-47
9.1434627e+02	2.6350289e-47
9.1641877e+02	2.6418653e-47
9.1849597e+02	2.6487340e-47
9.2057787e+02	2.6556352e-47
9.2266449e+02	2.6625690e-47
9.2475584e+02	2.6695355e-47
9.2685193e+02	2.6765351e-47
9.2895278e+02	2.6835679e-47
9.3105838e+02	2.6906343e-47
9.3316876e+02	2.6977345e-47
9.3528392e+02	2.7048691e-47
9.3740388e+02	2.7120384e-47
9.3952864e+02	2.7192433e-47
9.4165821e+02	2.7264848e-47
9.4379262e+02	2.7337646e-47
9.4593186e+02	2.7410857e-47
9.4807595e+02	2.7484535e-47
9.5022490e+02	2.7558793e-47
9.5237872e+02	2.7633903e-47
9.5453743e+02	2.7710685e-47
9.5670102e+02	2.7792632e-47
9.5886952e+02	2.7912601e-47
9.6104294e+02	3.0801491e-47
9.6322128e+02	2.8040458e-47
9.6540456e+02	2.8091756e-47
9.6759279e+02	2.8163067e-47
9.6978598e+02	2.8238014e-47
9.7198413e+02	2.8314313e-47
9.7418728e+02	2.8391371e-47
9.7639541e+02	2.8468985e-47
9.7860855e+02	2.8547064e-47
9.8082671e+02	2.8625569e-47
9.8304989e+02	2.8704479e-47
9.8527812e+02	2.8783782e-47
9.8751139e+02	2.8863472e-47
9.8974973e+02	2.8943546e-47
9.9199314e+02	2.9024001e-47
9.9424163e+02	2.9104839e-47
9.9649523e+02	2.9186059e-47
9.9875393e+02	2.9267661e-47
1.0010177e+03	2.9349645e-47
1.0032867e+03	2.9432015e-47
1.0055608e+03	2.9514770e-47
1.0078400e+03	2.9597913e-47
1.0101245e+03	2.9681443e-47
1.0124140e+03	2.9765364e-47
1.0147088e+03	2.9849676e-47
1.0170088e+03	2.9934382e-47
1.0193140e+03	3.0019483e-47
1.0216244e+03	3.0104980e-47
1.0239401e+03	3.0190875e-47
1.0262610e+03	3.0277171e-47
1.0285872e+03	3.0363868e-47
1.0309186e+03	3.0450968e-47
1.0332553e+03	3.0538474e-47
1.0355973e+03	3.0626387e-47
1.0379447e+03	3.0714708e-47
1.0402973e+03	3.0803441e-47
1.0426553e+03	3.0892587e-47
1.0450186e+03	3.0982146e-47
1.0473873e+03	3.1072121e-47
1.0497614e+03	3.1162514e-47
1.0521408e+03	3.1253328e-47
1.0545256e+03	3.1344564e-47
1.0569159e+03	3.1436222e-47
1.0593115e+03	3.1528307e-47
1.0617126e+03	3.1620819e-47
1.0641191e+03	3.1713760e-47
1.0665311e+03	3.1807133e-47
1.0689486e+03	3.1900939e-47
1.0713715e+03	3.1995180e-47
1.0737999e+03	3.2089858e-47
1.0762338e+03	3.2184975e-47
1.0786733e+03	3.2280533e-47
1.0811182e+03	3.2376535e-47
1.0835687e+03	3.2472981e-47
1.0860248e+03	3.2569874e-47
1.0884864e+03	3.2667217e-47
1.0909536e+03	3.2765011e-47
1.0934265e+03	3.2863258e-47
1.0959049e+03	3.2961960e-47
1.0983889e+03	3.3061118e-47
1.1008785e+03	3.3160737e-47
1.1033738e+03	3.3260816e-47
1.1058748e+03	3.3361359e-47
1.1083814e+03	3.3462367e-47
1.1108937e+03	3.3563843e-47
1.1134117e+03	3.3665788e-47
1.1159354e+03	3.3768206e-47
1.1184649e+03	3.3871096e-47
1.1210000e+03	3.3974464e-47
1.1235409e+03	3.4078309e-47
1.1260876e+03	3.4182635e-47
1.1286400e+03	3.4287442e-47
1.1311983e+03	3.4392736e-47
1.1337623e+03	3.4498514e-47
1.1363321e+03	3.4604783e-47
1.1389078e+03	3.4711543e-47
1.1414893e+03	3.4818796e-47
1.1440766e+03	3.4926545e-47
1.1466698e+03	3.5034792e-47
1.1492689e+03	3.5143539e-47
1.1518739e+03	3.5252788e-47
1.1544848e+03	3.5362542e-47
1.1571016e+03	3.5472802e-47
1.1597243e+03	3.5583572e-47
1.1623530e+03	3.5694852e-47
1.1649877e+03	3.5806648e-47
1.1676283e+03	3.5918959e-47
1.1702749e+03	3.6031789e-47
1.1729275e+03	3.6145138e-47
1.1755861e+03	3.6259013e-47
1.1782507e+03	3.6373411e-47
1.1809214e+03	3.6488337e-47
1.1835981e+03	3.6603795e-47
1.1862809e+03	3.6719784e-47
1.1889698e+03	3.6836309e-47
1.1916648e+03	3.6953370e-47
1.1943658e+03	3.7070972e-47
1.1970730e+03	3.7189117e-47
1.1997864e+03	3.7307804e-47
1.2025059e+03	3.7427040e-47
1.2052315e+03	3.7546826e-47
1.2079634e+03	3.7667163e-47
1.2107014e+03	3.7788056e-47
1.2134456e+03	3.7909505e-47
1.2161961e+03	3.8031513e-47
1.2189527e+03	3.8154084e-47
1.2217157e+03	3.8277219e-47
1.2244849e+03	3.8400923e-47
1.2272603e+03	3.8525194e-47
1.2300421e+03	3.8650040e-47
1.2328302e+03	3.8775459e-47
1.2356246e+03	3.8901456e-47
1.2384253e+03	3.9028034e-47
1.2412323e+03	3.9155194e-47
1.2440458e+03	3.9282939e-47
1.2468656e+03	3.9411271e-47
1.2496918e+03	3.9540195e-47
1.2525244e+03	3.9669713e-47
1.2553634e+03	3.9799826e-47
1.2582089e+03	3.9930538e-47
1.2610608e+03	4.0061851e-47
1.2639192e+03	4.0193769e-47
1.2667840e+03	4.0326292e-47
1.2696554e+03	4.0459427e-47
1.2725332e+03	4.0593172e-47
1.2754176e+03	4.0727533e-47
1.2783085e+03	4.0862512e-47
1.2812060e+03	4.0998112e-47
1.2841100e+03	4.1134334e-47
1.2870206e+03	4.1271183e-47
1.2899379e+03	4.1408661e-47
1.2928617e+03	4.1546771e-47
1.2957922e+03	4.1685517e-47
1.2987292e+03	4.1824900e-47
1.3016730e+03	4.1964922e-47
1.3046234e+03	4.2105588e-47
1.3075806e+03	4.2246901e-47
1.3105444e+03	4.2388863e-47
1.3135149e+03	4.2531477e-47
1.3164922e+03	4.2674745e-47
1.3194762e+03	4.2818672e-47
1.3224670e+03	4.2963261e-47
1.3254645e+03	4.3108512e-47
1.3284689e+03	4.3254431e-47
1.3314801e+03	4.3401021e-47
1.3344981e+03	4.3548283e-47
1.3375229e+03	4.3696221e-47
1.3405546e+03	4.3844838e-47
1.3435931e+03	4.3994138e-47
1.3466386e+03	4.4144122e-47
1.3496909e+03	4.4294796e-47
1.3527502e+03	4.4446161e-47
1.3558164e+03	4.4598220e-47
1.3588896e+03	4.4750977e-47
1.3619697e+03	4.4904434e-47
1.3650568e+03	4.5058597e-47
1.3681509e+03	4.5213467e-47
1.3712520e+03	4.5369047e-47
1.3743601e+03	4.5525341e-47
1.3774753e+03	4.5682351e-47
1.3805976e+03	4.5840082e-47
1.3837269e+03	4.5998537e-47
1.3868633e+03	4.6157717e-47
1.3900068e+03	4.6317629e-47
1.3931575e+03	4.6478274e-47
1.3963153e+03	4.6639657e-47
1.3994802e+03	4.6801779e-47
1.4026523e+03	4.6964645e-47
1.4058316e+03	4.7128261e-47
1.4090182e+03	4.7292627e-47
1.4122119e+03	4.7457749e-47
1.4154129e+03	4.7623633e-47
1.4186211e+03	4.7790282e-47
1.4218366e+03	4.7957707e-47
1.4250594e+03	4.8125920e-47
1.4282895e+03	4.8294948e-47
1.4315270e+03	4.8464867e-47
1.4347717e+03	4.8635969e-47
1.4380238e+03	4.8810702e-47
1.4412833e+03	5.1951352e-47
1.4445502e+03	4.9154857e-47
1.4478245e+03	4.9325614e-47
1.4511062e+03	4.9499486e-47
1.4543953e+03	4.9674511e-47
1.4576919e+03	4.9850444e-47
1.4609960e+03	5.0027223e-47
1.4643075e+03	5.0204832e-47
1.4676266e+03	5.0383265e-47
1.4709532e+03	5.0562520e-47
1.4742873e+03	5.0742600e-47
1.4776290e+03	5.0923506e-47
1.4809783e+03	5.1105243e-47
1.4843351e+03	5.1287811e-47
1.4876996e+03	5.1471218e-47
1.4910717e+03	5.1655463e-47
1.4944514e+03	5.1840553e-47
1.4978388e+03	5.2026490e-47
1.5012338e+03	5.2213278e-47
1.5046366e+03	5.2400920e-47
1.5080471e+03	5.2589423e-47
1.5114653e+03	5.2778787e-47
1.5148912e+03	5.2969018e-47
1.5183250e+03	5.3160119e-47
1.5217665e+03	5.3352093e-47
1.5252158e+03	5.3544947e-47
1.5286729e+03	5.3738683e-47
1.5321378e+03	5.3933305e-47
1.5356106e+03	5.4128817e-47
1.5390913e+03	5.4325223e-47
1.5425799e+03	5.4522527e-47
1.5460764e+03	5.4720734e-47
1.5495808e+03	5.4919847e-47
1.5530931e+03	5.5119870e-47
1.5566134e+03	5.5320808e-47
1.5601417e+03	5.5522665e-47
1.5636780e+03	5.5725444e-47
1.5672223e+03	5.5929150e-47
1.5707746e+03	5.6133788e-47
1.5743350e+03	5.6339360e-47
1.5779035e+03	5.6545875e-47
1.5814800e+03	5.6753330e-47
1.5850647e+03	5.6961736e-47
1.5886575e+03	5.7171092e-47
1.5922584e+03	5.7381407e-47
1.5958675e+03	5.7592681e-47
1.5994847e+03	5.7804923e-47
1.6031102e+03	5.8018133e-47
1.6067439e+03	5.8232318e-47
1.6103858e+03	5.8447481e-47
1.6140360e+03	5.8663626e-47
1.6176944e+03	5.8880761e-47
1.6213611e+03	5.9098886e-47
1.6250362e+03	5.9318010e-47
1.6287196e+03	5.9538133e-47
1.6324113e+03	5.9759260e-47
1.6361114e+03	5.9981399e-47
1.6398199e+03	6.0204553e-47
1.6435368e+03	6.0428725e-47
1.6472621e+03	6.0653922e-47
1.6509958e+03	6.0880145e-47
1.6547380e+03	6.1107404e-47
1.6584887e+03	6.1335700e-47
1.6622479e+03	6.1565037e-47
1.6660157e+03	6.1795423e-47
1.6697919e+03	6.2026860e-47
1.6735768e+03	6.2259354e-47
1.6773702e+03	6.2492910e-47
1.6811722e+03	6.2727531e-47
1.6849828e+03	6.2963224e-47
1.6888020e+03	6.3199993e-47
1.6926299e+03	6.3437842e-47
1.6964665e+03	6.3676777e-47
1.7003118e+03	6.3916803e-47
1.7041658e+03	6.4157925e-47
1.7080286e+03	6.4400147e-47
1.7119001e+03	6.4643473e-47
1.7157803e+03	6.4887911e-47
1.7196694e+03	6.5133464e-47
1.7235673e+03	6.5380139e-47
1.7274740e+03	6.5627939e-47
1.7313895e+03	6.5876869e-47
1.7353140e+03	6.6126936e-47
1.7392473e+03	6.6378144e-47
1.7431896e+03	6.6630497e-47
1.7471408e+03	6.6884002e-47
1.7511009e+03	6.7138663e-47
1.7550700e+03	6.7394486e-47
1.7590482e+03	6.7651477e-47
1.7630353e+03	6.7909641e-47
1.7670315e+03	6.8168980e-47
1.7710367e+03	6.8429505e-47
1.7750510e+03	6.8691216e-47
1.7790744e+03	6.8954122e-47
1.7831069e+03	6.9218227e-47
1.7871486e+03	6.9483536e-47
1.7911994e+03	6.9750056e-47
1.7952594e+03	7.0017791e-47
1.7993287e+03	7.0286748e-47
1.8034071e+03	7.0556929e-47
1.8074948e+03	7.0828344e-47
1.8115917e+03	7.1100997e-47
1.8156980e+03	7.1374893e-47
1.8198135e+03	7.1650037e-47
1.8239384e+03	7.1926437e-47
1.8280726e+03	7.2204097e-47
1.8322162e+03	7.2483023e-47
1.8363692e+03	7.2763220e-47
1.8405316e+03	7.3044695e-47
1.8447034e+03	7.3327452e-47
1.8488847e+03	7.3611499e-47
1.8530754e+03	7.3896843e-47
1.8572757e+03	7.4183485e-47
1.8614855e+03	7.4471436e-47
1.8657048e+03	7.4760698e-47
1.8699337e+03	7.5051279e-47
1.8741722e+03	7.5343185e-47
1.8784202e+03	7.5636423e-47
1.8826780e+03	7.5930995e-47
1.8869453e+03	7.6226914e-47
1.8912223e+03	7.6524182e-47
1.8955091e+03	7.6822804e-47
1.8998055e+03	7.7122793e-47
1.9041117e+03	7.7424157e-47
1.9084276e+03	7.7726916e-47
1.9127534e+03	7.8031125e-47
1.9170889e+03	7.8337186e-47
1.9214343e+03	7.9843705e-47
1.9257895e+03	7.8952403e-47
1.9301545e+03	7.9261443e-47
1.9345295e+03	7.9572419e-47
1.9389144e+03	7.9884887e-47
1.9433092e+03	8.0198800e-47
1.9477140e+03	8.0514153e-47
1.9521288e+03	8.0830946e-47
1.9565536e+03	8.1149184e-47
1.9609884e+03	8.1468875e-47
1.9654332e+03	8.1790020e-47
1.9698882e+03	8.2112631e-47
1.9743532e+03	8.2436710e-47
1.9788284e+03	8.2762266e-47
1.9833137e+03	8.3089307e-47
1.9878091e+03	8.3417836e-47
1.9923148e+03	8.3747862e-47
1.9968307e+03	8.4079391e-47
2.0013568e+03	8.4412431e-47
2.0058931e+03	8.4746987e-47
2.0104398e+03	8.5083067e-47
2.0149967e+03	8.5420677e-47
2.0195640e+03	8.5759825e-47
2.0241416e+03	8.6100518e-47
2.0287296e+03	8.6442762e-47
2.0333280e+03	8.6786567e-47
2.0379369e+03	8.7131934e-47
2.0425562e+03	8.7478876e-47
2.0471859e+03	8.7827398e-47
2.0518261e+03	8.8177507e-47
2.0564769e+03	8.8529208e-47
2.0611382e+03	8.8882513e-47
2.0658101e+03	8.9237426e-47
2.0704925e+03	8.9593954e-47
2.0751856e+03	8.9952106e-47
2.0798893e+03	9.0311888e-47
2.0846037e+03	9.0673310e-47
2.0893287e+03	9.1036375e-47
2.0940645e+03	9.1401095e-47
2.0988110e+03	9.1767475e-47
2.1035682e+03	9.2135522e-47
2.1083363e+03	9.2505245e-47
2.1131151e+03	9.2876651e-47
2.1179048e+03	9.3249748e-47
2.1227053e+03	9.3624544e-47
2.1275168e+03	9.4001045e-47
2.1323391e+03	9.4379261e-47
2.1371723e+03	9.4759198e-47
2.1420165e+03	9.5140865e-47
2.1468717e+03	9.5524268e-47
2.1517379e+03	9.5909416e-47
2.1566151e+03	9.6296319e-47
2.1615034e+03	9.6684982e-47
2.1664028e+03	9.7075414e-47
2.1713132e+03	9.7467623e-47
2.1762348e+03	9.7861616e-47
2.1811676e+03	9.8257402e-47
2.1861115e+03	9.8654991e-47
2.1910667e+03	9.9054388e-47
2.1960330e+03	9.9455603e-47
2.2010106e+03	9.9858644e-47
2.2059996e+03	1.0026351e-46
2.2109998e+03	1.0067024e-46
2.2160113e+03	1.0107881e-46
2.2210342e+03	1.0148922e-46
2.2260685e+03	1.0190153e-46
2.2311142e+03	1.0231569e-46
2.2361714e+03	1.0273177e-46
2.2412400e+03	1.0314970e-46
2.2463201e+03	1.0356956e-46
2.2514117e+03	1.0399131e-46
2.2565148e+03	1.0441500e-46
2.2616295e+03	1.0484060e-46
2.2667558e+03	1.0526815e-46
2.2718938e+03	1.0569765e-46
2.2770433e+03	1.0612908e-46
2.2822046e+03	1.0656249e-46
2.2873775e+03	1.0699786e-46
2.2925622e+03	1.0743524e-46
2.2977586e+03	1.0787458e-46
2.3029668e+03	1.0831593e-46
2.3081868e+03	1.0875929e-46
2.3134187e+03	1.0920465e-46
2.3186624e+03	1.0965204e-46
2.3239179e+03	1.1010148e-46
2.3291854e+03	1.1055296e-46
2.3344649e+03	1.1100650e-46
2.3397563e+03	1.1146209e-46
2.3450597e+03	1.1191975e-46
2.3503751e+03	1.1237950e-46
2.3557025e+03	1.1284135e-46
2.3610421e+03	1.1330530e-46
2.3663937e+03	1.1377134e-46
2.3717575e+03	1.1423950e-46
2.3771334e+03	1.1470982e-46
2.3825215e+03	1.1518226e-46
2.3879219e+03	1.1565686e-46
2.3933344e+03	1.1613366e-46
2.3987593e+03	1.1661317e-46
2.4041964e+03	1.1709491e-46
2.4096459e+03	1.1757698e-46
2.4151077e+03	1.1806239e-46
2.4205819e+03	1.1855005e-46
2.4260685e+03	1.1903995e-46
2.4315675e+03	1.1953209e-46
2.4370790e+03	1.2002644e-46
2.4426030e+03	1.2052307e-46
2.4481395e+03	1.2102193e-46
2.4536885e+03	1.2152309e-46
2.4592502e+03	1.2202651e-46
2.4648244e+03	1.2253221e-46
2.4704113e+03	1.2304023e-46
2.4760108e+03	1.2355056e-46
2.4816231e+03	1.2406320e-46
2.4872480e+03	1.2457819e-46
2.4928857e+03	1.2509550e-46
2.4985362e+03	1.2561516e-46
2.5041995e+03	1.2613720e-46
2.5098756e+03	1.2666161e-46
2.5155646e+03	1.2718839e-46
2.5212665e+03	1.2771757e-46
2.5269813e+03	1.2824917e-46
2.5327091e+03	1.2878319e-46
2.5384499e+03	1.2931961e-46
2.5442036e+03	1.2985849e-46
2.5499704e+03	1.3039982e-46
2.5557503e+03	1.3094360e-46
2.5615433e+03	1.3148986e-46
2.5673494e+03	1.3203860e-46
2.5731686e+03	1.3258984e-46
2.5790011e+03	1.3314358e-46
2.5848468e+03	1.3369985e-46
2.5907057e+03	1.3425864e-46
2.5965779e+03	1.3481997e-46
2.6024634e+03	1.3538386e-46
2.6083623e+03	1.3595031e-46
2.6142745e+03	1.3651931e-46
2.6202001e+03	1.3709092e-46
2.6261392e+03	1.3766514e-46
2.6320917e+03	1.3824196e-46
2.6380577e+03	1.3882139e-46
2.6440373e+03	1.3940345e-46
2.6500304e+03	1.3998818e-46
2.6560370e+03	1.4057555e-46
2.6620573e+03	1.4116560e-46
2.6680913e+03	1.4175834e-46
2.6741389e+03	1.4235375e-46
2.6802002e+03	1.4295189e-46
2.6862753e+03	1.4355272e-46
2.6923641e+03	1.4415631e-46
2.6984667e+03	1.4476262e-46
2.7045832e+03	1.4537171e-46
2.7107135e+03	1.4598354e-46
2.7168577e+03	1.4659819e-46
2.7230159e+03	1.4721561e-46
2.7291880e+03	1.4783583e-46
2.7353741e+03	1.4845887e-46
2.7415742e+03	1.4908476e-46
2.7477884e+03	1.4971348e-46
2.7540166e+03	1.5034504e-46
2.7602590e+03	1.5097951e-46
2.7665155e+03	1.5161684e-46
2.7727862e+03	1.5225707e-46
2.7790712e+03	1.5290022e-46
2.7853703e+03	1.5354627e-46
2.7916838e+03	1.5419527e-46
2.7980115e+03	1.5484721e-46
2.8043536e+03	1.5550215e-46
2.8107101e+03	1.5616001e-46
2.8170810e+03	1.5682090e-46
2.8234663e+03	1.5748478e-46
2.8298661e+03	1.5815168e-46
2.8362804e+03	1.5882162e-46
2.8427092e+03	1.5949460e-46
2.8491526e+03	1.6017062e-46
2.8556106e+03	1.6084974e-46
2.8620833e+03	1.6153192e-46
2.8685706e+03	1.6221721e-46
2.8750726e+03	1.6290568e-46
2.8815894e+03	1.6360364e-46
2.8881209e+03	1.6429192e-46
2.8946673e+03	1.6498966e-46
2.9012285e+03	1.6569065e-46
2.9078045e+03	1.6639483e-46
2.9143955e+03	1.6710224e-46
2.9210014e+03	1.6781283e-46
2.9276222e+03	1.6852666e-46
2.9342581e+03	1.6924373e-46
2.9409090e+03	1.6996407e-46
2.9475750e+03	1.7068767e-46
2.9542561e+03	1.7141455e-46
2.9609524e+03	1.7214476e-46
2.9676638e+03	1.7287827e-46
2.9743904e+03	1.7361512e-46
2.9811323e+03	1.7435531e-46
2.9878895e+03	1.7509887e-46
2.9946620e+03	1.7584582e-46
3.0014498e+03	1.7659614e-46
3.0082530e+03	1.7734987e-46
3.0150716e+03	1.7810704e-46
3.0219057e+03	1.7886765e-46
3.0287553e+03	1.7963170e-46
3.0356204e+03	1.8039923e-46
3.0425011e+03	1.8117025e-46
3.0493974e+03	1.8194478e-46
3.0563093e+03	1.8272283e-46
3.0632368e+03	1.8350438e-46
3.0701801e+03	1.8428953e-46
3.0771391e+03	1.8507820e-46
3.0841139e+03	1.8587050e-46
3.0911045e+03	1.8666637e-46
3.0981109e+03	1.8746585e-46
3.1051332e+03	1.8826897e-46
3.1121714e+03	1.8907576e-46
3.1192256e+03	1.8988620e-46
3.1262958e+03	1.9070030e-46
3.1333820e+03	1.9151814e-46
3.1404843e+03	1.9233967e-46
3.1476026e+03	1.9316494e-46
3.1547371e+03	1.9399395e-46
3.1618878e+03	1.9482671e-46
3.1690546e+03	1.9566328e-46
3.1762378e+03	1.9650365e-46
3.1834372e+03	1.9734782e-46
3.1906529e+03	1.9819586e-46
3.1978850e+03	1.9904771e-46
3.2051334e+03	1.9990346e-46
3.2123983e+03	2.0076308e-46
3.2196797e+03	2.0162662e-46
3.2269775e+03	2.0249407e-46
3.2342919e+03	2.0336545e-46
3.2416229e+03	2.0424080e-46
3.2489705e+03	2.0512014e-46
3.2563348e+03	2.0600347e-46
3.2637158e+03	2.0689080e-46
3.2711134e+03	2.0778216e-46
3.2785279e+03	2.0867758e-46
3.2859591e+03	2.0957707e-46
3.2934072e+03	2.1048061e-46
3.3008722e+03	2.1138831e-46
3.3083541e+03	2.1230008e-46
3.3158530e+03	2.1321604e-46
3.3233688e+03	2.1413613e-46
3.3309017e+03	2.1506041e-46
3.3384517e+03	2.1598888e-46
3.3460188e+03	2.1692158e-46
3.3536030e+03	2.1785852e-46
3.3612044e+03	2.1880057e-46
3.3688231e+03	2.1974519e-46
3.3764590e+03	2.2069491e-46
3.3841122e+03	2.2164897e-46
3.3917828e+03	2.2260735e-46
3.3994708e+03	2.2357011e-46
3.4071762e+03	2.2453725e-46
3.4148990e+03	2.2550876e-46
3.4226394e+03	2.2648471e-46
3.4303973e+03	2.2746506e-46
3.4381728e+03	2.2844989e-46
3.4459659e+03	2.2943918e-46
3.4537767e+03	2.3043295e-46
3.4616051e+03	2.3143126e-46
3.4694514e+03	2.3243408e-46
3.4773154e+03	2.3344148e-46
3.4851972e+03	2.3445342e-46
3.4930969e+03	2.3546998e-46
3.5010145e+03	2.3649116e-46
3.5089501e+03	2.3751698e-46
3.5169036e+03	2.3854744e-46
3.5248752e+03	2.3958260e-46
3.5328648e+03	2.4062245e-46
3.5408726e+03	2.4166702e-46
3.5488985e+03	2.4271633e-46
3.5569425e+03	2.4377042e-46
3.5650049e+03	2.4482930e-46
3.5730855e+03	2.4589298e-46
3.5811844e+03	2.4696151e-46
3.5893016e+03	2.4803488e-46
3.5974373e+03	2.4911310e-46
3.6055914e+03	2.5019625e-46
3.6137640e+03	2.5128429e-46
3.6219551e+03	2.5237729e-46
3.6301648e+03	2.5347525e-46
3.6383931e+03	2.5457820e-46
3.6466400e+03	2.5568614e-46
3.6549057e+03	2.5679915e-46
3.6631900e+03	2.5791718e-46
3.6714932e+03	2.5904030e-46
3.6798152e+03	2.6016851e-46
3.6881560e+03	2.6130186e-46
3.6965157e+03	2.6244036e-46
3.7048944e+03	2.6358399e-46
3.7132921e+03	2.6473285e-46
3.7217088e+03	2.6588694e-46
3.7301446e+03	2.6704626e-46
3.7385995e+03	2.6821081e-46
3.7470736e+03	2.6938069e-46
3.7555668e+03	2.7055585e-46
3.7640794e+03	2.7173637e-46
3.7726112e+03	2.7292226e-46
3.7811624e+03	2.7411352e-46
3.7897329e+03	2.7531019e-46
3.7983229e+03	2.7651227e-46
3.8069323e+03	2.7771986e-46
3.8155613e+03	2.7893289e-46
3.8242098e+03	2.8015144e-46
3.8328779e+03	2.8137553e-46
3.8415657e+03	2.8260572e-46
3.8502732e+03	2.8384045e-46
3.8590004e+03	2.8508124e-46
3.8677473e+03	2.8632772e-46
3.8765141e+03	2.8757987e-46
3.8853008e+03	2.8883767e-46
3.8941074e+03	2.9010122e-46
3.9029340e+03	2.9137049e-46
3.9117805e+03	2.9264551e-46
3.9206471e+03	2.9392634e-46
3.9295339e+03	2.9521298e-46
3.9384407e+03	2.9650546e-46
3.9473677e+03	2.9780381e-46
3.9563150e+03	2.9910807e-46
3.9652826e+03	3.0041823e-46
3.9742705e+03	3.0173434e-46
3.9832787e+03	3.0305643e-46
3.9923074e+03	3.0438451e-46
4.0013565e+03	3.0571865e-46
4.0104262e+03	3.0705882e-46
4.0195164e+03	3.0840509e-46
4.0286272e+03	3.0975750e-46
4.0377587e+03	3.1111601e-46
4.0469108e+03	3.1248071e-46
4.0560837e+03	3.1385159e-46
4.0652774e+03	3.1522870e-46
4.0744920e+03	3.1661206e-46
4.0837274e+03	3.1800173e-46
4.0929837e+03	3.1939766e-46
4.1022611e+03	3.2079998e-46
4.1115594e+03	3.2220864e-46
4.1208789e+03	3.2362369e-46
4.1302194e+03	3.2504517e-46
4.1395812e+03	3.2647311e-46
4.1489641e+03	3.2790752e-46
4.1583684e+03	3.2934849e-46
4.1677939e+03	3.3079596e-46
4.1772408e+03	3.3225000e-46
4.1867091e+03	3.3371065e-46
4.1961989e+03	3.3517792e-46
4.2057102e+03	3.3665189e-46
4.2152430e+03	3.3813252e-46
4.2247975e+03	3.3961990e-46
4.2343736e+03	3.4111401e-46
4.2439714e+03	3.4261488e-46
4.2535910e+03	3.4412261e-46
4.2632324e+03	3.4563718e-46
4.2728956e+03	3.4715862e-46
4.2825807e+03	3.4868694e-46
4.2922878e+03	3.5022222e-46
4.3020169e+03	3.5176447e-46
4.3117680e+03	3.5331375e-46
4.3215413e+03	3.5487024e-46
4.3313367e+03	3.5643337e-46
4.3411543e+03	3.5800382e-46
4.3509941e+03	3.5958141e-46
4.3608563e+03	3.6116616e-46
4.3707408e+03	3.6275808e-46
4.3806477e+03	3.6435728e-46
4.3905771e+03	3.6596371e-46
4.4005289e+03	3.6757743e-46
4.4105034e+03	3.6919847e-46
4.4205004e+03	3.7082689e-46
4.4305201e+03	3.7246267e-46
4.4405625e+03	3.7410588e-46
4.4506277e+03	3.7575659e-46
4.4607157e+03	3.7741478e-46
4.4708265e+03	3.7908047e-46
4.4809603e+03	3.8075377e-46
4.4911170e+03	3.8243463e-46
4.5012968e+03	3.8412315e-46
4.5114996e+03	3.8581932e-46
4.5217256e+03	3.8752316e-46
4.5319747e+03	3.8923478e-46
4.5422471e+03	3.9095417e-46
4.5525428e+03	3.9268135e-46
4.5628618e+03	3.9441634e-46
4.5732041e+03	3.9615926e-46
4.5835700e+03	3.9791006e-46
4.5939593e+03	3.9966883e-46
4.6043722e+03	4.0143557e-46
4.6148086e+03	4.0321034e-46
4.6252688e+03	4.0499317e-46
4.6357526e+03	4.0678408e-46
4.6462602e+03	4.0858316e-46
4.6567916e+03	4.1039037e-46
4.6673469e+03	4.1220576e-46
4.6779261e+03	4.1402942e-46
4.6885293e+03	4.1586140e-46
4.6991565e+03	4.1770163e-46
4.7098078e+03	4.1955026e-46
4.7204833e+03	4.2140724e-46
4.7311829e+03	4.2327269e-46
4.7419069e+03	4.2514662e-46
4.7526551e+03	4.2702904e-46
4.7634276e+03	4.2891996e-46
4.7742246e+03	4.3081951e-46
4.7850461e+03	4.3272770e-46
4.7958921e+03	4.3464452e-46
4.8067627e+03	4.3657010e-46
4.8176579e+03	4.3850433e-46
4.8285778e+03	4.4044737e-46
4.8395225e+03	4.4239925e-46
4.8504919e+03	4.4435999e-46
4.8614863e+03	4.4632964e-46
4.8725055e+03	4.4830821e-46
4.8835498e+03	4.5029578e-46
4.8946190e+03	4.5229235e-46
4.9057134e+03	4.5429802e-46
4.9168329e+03	4.5631274e-46
4.9279776e+03	4.5833667e-46
4.9391476e+03	4.6036976e-46
4.9503429e+03	4.6241208e-46
4.9615635e+03	4.6446366e-46
4.9728096e+03	4.6652458e-46
4.9840812e+03	4.6859482e-46
4.9953784e+03	4.7067446e-46
5.0067011e+03	4.7276357e-46
5.0180495e+03	4.7486215e-46
5.0294236e+03	4.7697027e-46
5.0408236e+03	4.7908796e-46
5.0522493e+03	4.8121525e-46
5.0637010e+03	4.8335218e-46
5.0751786e+03	4.8549883e-46
5.0866822e+03	4.8765522e-46
5.0982119e+03	4.8982144e-46
5.1097677e+03	4.9199743e-46
5.1213497e+03	4.9418335e-46
5.1329580e+03	4.9637915e-46
5.1445926e+03	4.9858496e-46
5.1562535e+03	5.0080075e-46
5.1679409e+03	5.0302662e-46
5.1796548e+03	5.0526255e-46
5.1913953e+03	5.0750867e-46
5.2031623e+03	5.0976500e-46
5.2149560e+03	5.1203154e-46
5.2267765e+03	5.1430838e-46
5.2386237e+03	5.1659558e-46
5.2504978e+03	5.1889314e-46
5.2623988e+03	5.2120114e-46
5.2743268e+03	5.2351961e-46
5.2862818e+03	5.2584869e-46
5.2982639e+03	5.2818814e-46
5.3102732e+03	5.3053834e-46
5.3223097e+03	5.3289917e-46
5.3343735e+03	5.3527075e-46
5.3464646e+03	5.3765311e-46
5.3585831e+03	5.4004624e-46
5.3707291e+03	5.4245028e-46
5.3829027e+03	5.4486521e-46
5.3951038e+03	5.4729107e-46
5.4073326e+03	5.4972800e-46
5.4195891e+03	5.5217593e-46
5.4318733e+03	5.5463505e-46
5.4441855e+03	5.5710524e-46
5.4565255e+03	5.5958670e-46
5.4688935e+03	5.6207946e-46
5.4812895e+03	5.6458346e-46
5.4937136e+03	5.6709888e-46
5.5061659e+03	5.6962567e-46
5.5186465e+03	5.7216396e-46
5.5311553e+03	5.7471379e-46
5.5436924e+03	5.7727515e-46
5.5562580e+03	5.7984818e-46
5.5688521e+03	5.8243287e-46
5.5814747e+03	5.8502930e-46
5.5941259e+03	5.8763752e-46
5.6068058e+03	5.9025757e-46
5.6195144e+03	5.9288953e-46
5.6322518e+03	5.9553340e-46
5.6450181e+03	5.9818931e-46
5.6578134e+03	6.0085726e-46
5.6706376e+03	6.0353729e-46
5.6834909e+03	6.0622954e-46
5.6963734e+03	6.0893400e-46
5.7092850e+03	6.1165070e-46
5.7222260e+03	6.1437975e-46
5.7351962e+03	6.1712119e-46
5.7481959e+03	6.1987510e-46
5.7612250e+03	6.2264148e-46
5.7742836e+03	6.2542042e-46
5.7873719e+03	6.2821197e-46
5.8004898e+03	6.3101621e-46
5.8136374e+03	6.3383314e-46
5.8268149e+03	6.3666291e-46
5.8400222e+03	6.3950550e-46
5.8532594e+03	6.4236102e-46
5.8665267e+03	6.4522945e-46
5.8798240e+03	6.4811094e-46
5.8931515e+03	6.5100548e-46
5.9065091e+03	6.5391317e-46
5.9198971e+03	6.5683406e-46
5.9333154e+03	6.5976823e-46
5.9467641e+03	6.6271569e-46
5.9602433e+03	6.6567653e-46
5.9737530e+03	6.6865085e-46
5.9872934e+03	6.7163864e-46
6.0008645e+03	6.7464000e-46
6.0144663e+03	6.7765498e-46
6.0280989e+03	6.8068361e-46
6.0417625e+03	6.8372606e-46
6.0554570e+03	6.8678227e-46
6.0691826e+03	6.8985233e-46
6.0829393e+03	6.9293639e-46
6.0967271e+03	6.9603441e-46
6.1105462e+03	6.9914652e-46
6.1243967e+03	7.0227274e-46
6.1382785e+03	7.0541315e-46
6.1521918e+03	7.0856781e-46
6.1661366e+03	7.1173676e-46
6.1801130e+03	7.1492011e-46
6.1941211e+03	7.1811796e-46
6.2081610e+03	7.2133030e-46
6.2222327e+03	7.2455719e-46
6.2363363e+03	7.2779878e-46
6.2504718e+03	7.3105501e-46
6.2646394e+03	7.3432610e-46
6.2788391e+03	7.3761199e-46
6.2930710e+03	7.4091278e-46
6.3073352e+03	7.4422857e-46
6.3216317e+03	7.4755943e-46
6.3359605e+03	7.5090539e-46
6.3503219e+03	7.5426657e-46
6.3647158e+03	7.5764297e-46
6.3791424e+03	7.6103473e-46
6.3936016e+03	7.6444187e-46
6.4080936e+03	7.6786444e-46
6.4226185e+03	7.7130259e-46
6.4371763e+03	7.7475633e-46
6.4517671e+03	7.7822576e-46
6.4663909e+03	7.8171094e-46
6.4810479e+03	7.8521192e-46
6.4957382e+03	7.8872881e-46
6.5104617e+03	7.9226160e-46
6.5252186e+03	7.9581048e-46
6.5400089e+03	7.9937548e-46
6.5548328e+03	8.0295667e-46
6.5696903e+03	8.0655409e-46
6.5845814e+03	8.1016782e-46
6.5995063e+03	8.1379794e-46
6.6144650e+03	8.1744459e-46
6.6294577e+03	8.2110776e-46
6.6444843e+03	8.2478757e-46
6.6595450e+03	8.2848412e-46
6.6746398e+03	8.3219741e-46
6.6897688e+03	8.3592757e-46
6.7049321e+03	8.3967464e-46
6.7201298e+03	8.4343869e-46
6.7353620e+03	8.4721989e-46
6.7506286e+03	8.5101819e-46
6.7659299e+03	8.5483375e-46
6.7812659e+03	8.5866669e-46
6.7966366e+03	8.6251696e-46
6.8120421e+03	8.6638473e-46
6.8274826e+03	8.7027006e-46
6.8429581e+03	8.7417301e-46
6.8584686e+03	8.7809365e-46
6.8740143e+03	8.8203215e-46
6.8895953e+03	8.8598850e-46
6.9052115e+03	8.8996278e-46
6.9208632e+03	8.9395510e-46
6.9365503e+03	8.9796559e-46
6.9522730e+03	9.0199424e-46
6.9680313e+03	9.0604118e-46
6.9838254e+03	9.1010653e-46
6.9996552e+03	9.1419030e-46
7.0155209e+03	9.1829260e-46
7.0314226e+03	9.2241356e-46
7.0473604e+03	9.2655318e-46
7.0633342e+03	9.3071158e-46
7.0793443e+03	9.3488890e-46
7.0953906e+03	9.3908514e-46
7.1114734e+03	9.4330047e-46
7.1275925e+03	9.4753491e-46
7.1437482e+03	9.5178852e-46
7.1599406e+03	9.5606149e-46
7.1761696e+03	9.6035388e-46
7.1924354e+03	9.6466571e-46
7.2087381e+03	9.6899715e-46
7.2250778e+03	9.7334821e-46
7.2414544e+03	9.7771903e-46
7.2578682e+03	9.8210967e-46
7.2743192e+03	9.8652026e-46
7.2908075e+03	9.9095086e-46
7.3073332e+03	9.9540155e-46
7.3238963e+03	9.9987253e-46
7.3404970e+03	1.0043637e-45
7.3571353e+03	1.0088753e-45
7.3738113e+03	1.0134074e-45
7.3905251e+03	1.0179600e-45
7.4072768e+03	1.0225333e-45
7.4240664e+03	1.0271274e-45
7.4408941e+03	1.0317423e-45
7.4577600e+03	1.0363782e-45
7.4746641e+03	1.0410351e-45
7.4916065e+03	1.0457131e-45
7.5085873e+03	1.0504124e-45
7.5256066e+03	1.0551330e-45
7.5426644e+03	1.0598750e-45
7.5597610e+03	1.0646386e-45
7.5768963e+03	1.0694238e-45
7.5940704e+03	1.0742307e-45
7.6112834e+03	1.0790594e-45
7.6285355e+03	1.0839100e-45
7.6458267e+03	1.0887827e-45
7.6631570e+03	1.0936775e-45
7.6805267e+03	1.0985944e-45
7.6979357e+03	1.1035337e-45
7.7153842e+03	1.1084954e-45
7.7328722e+03	1.1134797e-45
7.7503999e+03	1.1184866e-45
7.7679673e+03	1.1235161e-45
7.7855745e+03	1.1285685e-45
7.8032216e+03	1.1336438e-45
7.8209087e+03	1.1387422e-45
7.8386359e+03	1.1438638e-45
7.8564033e+03	1.1490086e-45
7.8742110e+03	1.1541767e-45
7.8920590e+03	1.1593682e-45
7.9099475e+03	1.1645834e-45
7.9278766e+03	1.1698222e-45
7.9458462e+03	1.1750848e-45
7.9638566e+03	1.1803712e-45
7.9819079e+03	1.1856817e-45
8.0000000e+03	1.1910163e-45
