1.0000000e+01	1.2267335e-42
1.0023100e+01	1.2040453e-42
1.0046200e+01	1.1817212e-42
1.0069300e+01	1.1597567e-42
1.0092600e+01	1.1383823e-42
1.0115800e+01	1.1172490e-42
1.0139200e+01	1.0966488e-42
1.0162500e+01	1.0763025e-42
1.0186000e+01	1.0564756e-42
1.0209500e+01	1.0369553e-42
1.0233000e+01	1.0177985e-42
1.0256600e+01	9.9901224e-43
1.0280300e+01	9.8061883e-43
1.0304000e+01	9.6253366e-43
1.0327700e+01	9.4474706e-43
1.0351500e+01	9.2732855e-43
1.0375400e+01	9.1027055e-43
1.0399300e+01	8.9349567e-43
1.0423300e+01	8.7706409e-43
1.0447400e+01	8.6097057e-43
1.0471400e+01	8.4507940e-43
1.0495600e+01	8.2957668e-43
1.0519800e+01	8.1433117e-43
1.0544100e+01	7.9939693e-43
1.0568400e+01	7.8470896e-43
1.0592700e+01	7.7026426e-43
1.0617200e+01	7.5617112e-43
1.0641700e+01	7.4230976e-43
1.0666200e+01	7.2867564e-43
1.0690800e+01	7.1532013e-43
1.0715400e+01	7.0218367e-43
1.0740100e+01	6.8931672e-43
1.0764900e+01	6.7670860e-43
1.0789700e+01	6.6430976e-43
1.0814600e+01	6.5216123e-43
1.0839600e+01	6.4025923e-43
1.0864600e+01	6.2855245e-43
1.0889600e+01	6.1703539e-43
1.0914700e+01	6.0575400e-43
1.0939900e+01	5.9470008e-43
1.0965100e+01	5.8382589e-43
1.0990400e+01	5.7317164e-43
1.1015700e+01	5.6269202e-43
1.1041200e+01	5.5246219e-43
1.1066600e+01	5.4236155e-43
1.1092100e+01	5.3246355e-43
1.1117700e+01	5.2276370e-43
1.1143300e+01	5.1322323e-43
1.1169000e+01	5.0387425e-43
1.1194800e+01	4.9471388e-43
1.1220600e+01	4.8570027e-43
1.1246500e+01	4.7686759e-43
1.1272400e+01	4.6818027e-43
1.1298400e+01	4.5966637e-43
1.1324500e+01	4.5132196e-43
1.1350600e+01	4.4311389e-43
1.1376800e+01	4.3506820e-43
1.1403000e+01	4.2715505e-43
1.1429300e+01	4.1939871e-43
1.1455600e+01	4.1176734e-43
1.1482100e+01	4.0431794e-43
1.1508500e+01	3.9696048e-43
1.1535100e+01	3.8977671e-43
1.1561700e+01	3.8270926e-43
1.1588300e+01	3.7575674e-43
1.1615100e+01	3.6896635e-43
1.1641800e+01	3.6226315e-43
1.1668700e+01	3.5571562e-43
1.1695600e+01	3.4927391e-43
1.1722600e+01	3.4296015e-43
1.1749600e+01	3.3674925e-43
1.1776700e+01	3.3066065e-43
1.1803900e+01	3.2469141e-43
1.1831100e+01	3.1881946e-43
1.1858400e+01	3.1306263e-43
1.1885700e+01	3.0740039e-43
1.1913100e+01	3.0184915e-43
1.1940600e+01	2.9640729e-43
1.1968100e+01	2.9105270e-43
1.1995700e+01	2.8580464e-43
1.2023400e+01	2.8065943e-43
1.2051100e+01	2.7559665e-43
1.2078900e+01	2.7063405e-43
1.2106800e+01	2.6576912e-43
1.2134700e+01	2.6098203e-43
1.2162700e+01	2.5628906e-43
1.2190700e+01	2.5167078e-43
1.2218800e+01	2.4714420e-43
1.2247000e+01	2.4270599e-43
1.2275200e+01	2.3833924e-43
1.2303500e+01	2.3405857e-43
1.2331900e+01	2.2986080e-43
1.2360300e+01	2.2573141e-43
1.2388800e+01	2.2168277e-43
1.2417400e+01	2.1771276e-43
1.2446100e+01	2.1382023e-43
1.2474800e+01	2.0999123e-43
1.2503500e+01	2.0622225e-43
1.2532400e+01	2.0253960e-43
1.2561300e+01	1.9891778e-43
1.2590200e+01	1.9535339e-43
1.2619300e+01	1.9187028e-43
1.2648400e+01	1.8844368e-43
1.2677500e+01	1.8507204e-43
1.2706800e+01	1.8177773e-43
1.2736100e+01	1.7853498e-43
1.2765400e+01	1.7534654e-43
1.2794900e+01	1.7222915e-43
1.2824400e+01	1.6916275e-43
1.2853900e+01	1.6614510e-43
1.2883600e+01	1.6319661e-43
1.2913300e+01	1.6029534e-43
1.2943100e+01	1.5744945e-43
1.2972900e+01	1.5465107e-43
1.3002800e+01	1.5190584e-43
1.3032800e+01	1.4921456e-43
1.3062900e+01	1.4657489e-43
1.3093000e+01	1.4397927e-43
1.3123200e+01	1.4143165e-43
1.3153400e+01	1.3892765e-43
1.3183800e+01	1.3647852e-43
1.3214200e+01	1.3406948e-43
1.3244700e+01	1.3170730e-43
1.3275200e+01	1.2938265e-43
1.3305800e+01	1.2710366e-43
1.3336500e+01	1.2486894e-43
1.3367200e+01	1.2267016e-43
1.3398100e+01	1.2052145e-43
1.3429000e+01	1.1840756e-43
1.3459900e+01	1.1632738e-43
1.3491000e+01	1.1429471e-43
1.3522100e+01	1.1229469e-43
1.3553300e+01	1.1033425e-43
1.3584500e+01	1.0840556e-43
1.3615800e+01	1.0651411e-43
1.3647200e+01	1.0466001e-43
1.3678700e+01	1.0284208e-43
1.3710300e+01	1.0105914e-43
1.3741900e+01	9.9305026e-44
1.3773600e+01	9.7586263e-44
1.3805300e+01	9.5895509e-44
1.3837200e+01	9.4242860e-44
1.3869100e+01	9.2617966e-44
1.3901100e+01	9.1024700e-44
1.3933100e+01	8.9457819e-44
1.3965200e+01	8.7922331e-44
1.3997400e+01	8.6417185e-44
1.4029700e+01	8.4941354e-44
1.4062100e+01	8.3495570e-44
1.4094500e+01	8.2073655e-44
1.4127000e+01	8.0680426e-44
1.4159600e+01	7.9315457e-44
1.4192200e+01	7.7973302e-44
1.4225000e+01	7.6662534e-44
1.4257800e+01	7.5374408e-44
1.4290600e+01	7.4108628e-44
1.4323600e+01	7.2873003e-44
1.4356600e+01	7.1658471e-44
1.4389700e+01	7.0470073e-44
1.4422900e+01	6.9305828e-44
1.4456200e+01	6.8165899e-44
1.4489500e+01	6.7046816e-44
1.4522900e+01	6.5952403e-44
1.4556400e+01	6.4880241e-44
1.4590000e+01	6.3832023e-44
1.4623600e+01	6.2804370e-44
1.4657300e+01	6.1798480e-44
1.4691100e+01	6.0815999e-44
1.4725000e+01	5.9856069e-44
1.4759000e+01	5.8917853e-44
1.4793000e+01	5.7999089e-44
1.4827100e+01	5.7102837e-44
1.4861300e+01	5.6228266e-44
1.4895600e+01	5.5375973e-44
1.4929900e+01	5.4542333e-44
1.4964400e+01	5.3733558e-44
1.4998900e+01	5.2943709e-44
1.5033500e+01	5.2176153e-44
1.5068100e+01	5.1429168e-44
1.5102900e+01	5.0705582e-44
1.5137700e+01	5.0003668e-44
1.5172600e+01	4.9323524e-44
1.5207600e+01	4.8667890e-44
1.5242700e+01	4.8035051e-44
1.5277800e+01	4.7425080e-44
1.5313100e+01	4.6842378e-44
1.5348400e+01	4.6283068e-44
1.5383800e+01	4.5751071e-44
1.5419200e+01	4.5244693e-44
1.5454800e+01	4.4769059e-44
1.5490400e+01	4.4322881e-44
1.5526100e+01	4.3909107e-44
1.5561900e+01	4.3529398e-44
1.5597800e+01	4.3185827e-44
1.5633800e+01	4.2882126e-44
1.5669900e+01	4.2620777e-44
1.5706000e+01	4.2405106e-44
1.5742200e+01	4.2240115e-44
1.5778500e+01	4.2131257e-44
1.5814900e+01	4.2084881e-44
1.5851400e+01	4.2108682e-44
1.5887900e+01	4.2211346e-44
1.5924600e+01	4.2403458e-44
1.5961300e+01	4.2700503e-44
1.5998100e+01	4.3116861e-44
1.6035000e+01	4.3673476e-44
1.6072000e+01	4.4396176e-44
1.6109000e+01	4.5319172e-44
1.6146200e+01	4.6478617e-44
1.6183400e+01	4.7933848e-44
1.6220700e+01	4.9751749e-44
1.6258100e+01	5.2025504e-44
1.6295600e+01	5.4879622e-44
1.6333200e+01	5.8488037e-44
1.6370900e+01	6.3097923e-44
1.6408600e+01	6.9080135e-44
1.6446400e+01	7.6966850e-44
1.6484400e+01	8.7553851e-44
1.6522400e+01	1.0225285e-43
1.6560500e+01	1.2335689e-43
1.6598700e+01	1.5511152e-43
1.6636900e+01	2.0617048e-43
1.6675300e+01	2.9526291e-43
1.6713800e+01	4.7297255e-43
1.6752300e+01	9.1437581e-43
1.6790900e+01	2.6200926e-42
1.6829700e+01	2.9414786e-41
1.6868500e+01	1.4658331e-41
1.6907400e+01	2.0078607e-42
1.6946400e+01	7.5647376e-43
1.6985400e+01	3.9723019e-43
1.7024600e+01	2.4744755e-43
1.7063900e+01	1.7092354e-43
1.7103200e+01	1.2652676e-43
1.7142700e+01	9.8645618e-44
1.7182200e+01	7.9883674e-44
1.7221800e+01	6.6681700e-44
1.7261500e+01	5.7025918e-44
1.7301300e+01	4.9737028e-44
1.7341200e+01	4.4087401e-44
1.7381200e+01	3.9609756e-44
1.7421300e+01	3.5990643e-44
1.7461500e+01	3.3016707e-44
1.7501700e+01	3.0529175e-44
1.7542100e+01	2.8431693e-44
1.7582500e+01	2.6632934e-44
1.7623100e+01	2.5080740e-44
1.7663700e+01	2.3722160e-44
1.7704500e+01	2.2527608e-44
1.7745300e+01	2.1463422e-44
1.7786200e+01	2.0511109e-44
1.7827200e+01	1.9652675e-44
1.7868300e+01	1.8874638e-44
1.7909500e+01	1.8164570e-44
1.7950800e+01	1.7513346e-44
1.7992200e+01	1.6913003e-44
1.8033700e+01	1.6357387e-44
1.8075300e+01	1.5840991e-44
1.8117000e+01	1.5358645e-44
1.8158800e+01	1.4906701e-44
1.8200600e+01	1.4481475e-44
1.8242600e+01	1.4081382e-44
1.8284700e+01	1.3703278e-44
1.8326800e+01	1.3343715e-44
1.8369100e+01	1.3003525e-44
1.8411500e+01	1.2678985e-44
1.8453900e+01	1.2368999e-44
1.8496500e+01	1.2073395e-44
1.8539100e+01	1.1789399e-44
1.8581900e+01	1.1518012e-44
1.8624700e+01	1.1256361e-44
1.8667700e+01	1.1005269e-44
1.8710700e+01	1.0762818e-44
1.8753900e+01	1.0529838e-44
1.8797100e+01	1.0303874e-44
1.8840500e+01	1.0086386e-44
1.8883900e+01	9.8753509e-45
1.8927500e+01	9.6714637e-45
1.8971100e+01	9.4734209e-45
1.9014900e+01	9.2817617e-45
1.9058700e+01	9.0953034e-45
1.9102700e+01	8.9146077e-45
1.9146700e+01	8.7385852e-45
1.9190900e+01	8.5677979e-45
1.9235100e+01	8.4012256e-45
1.9279500e+01	8.2394107e-45
1.9323900e+01	8.0814347e-45
1.9368500e+01	7.9278545e-45
1.9413200e+01	7.7780934e-45
1.9457900e+01	7.6317172e-45
1.9502800e+01	7.4892062e-45
1.9547800e+01	7.3501130e-45
1.9592800e+01	7.2139882e-45
1.9638000e+01	7.0813571e-45
1.9683300e+01	6.9517408e-45
1.9728700e+01	6.8250895e-45
1.9774200e+01	6.7012724e-45
1.9819800e+01	6.5802110e-45
1.9865500e+01	6.4617965e-45
1.9911300e+01	6.3459546e-45
1.9957200e+01	6.2326130e-45
2.0003200e+01	6.1216854e-45
2.0049400e+01	6.0133511e-45
2.0095600e+01	5.9070446e-45
2.0141900e+01	5.8029353e-45
2.0188400e+01	5.7012013e-45
2.0234900e+01	5.6013399e-45
2.0281600e+01	5.5036961e-45
2.0328400e+01	5.4080286e-45
2.0375300e+01	5.3142788e-45
2.0422200e+01	5.2222158e-45
2.0469300e+01	5.1321463e-45
2.0516500e+01	5.0438404e-45
2.0563800e+01	4.9572724e-45
2.0611300e+01	4.8725565e-45
2.0658800e+01	4.7892905e-45
2.0706400e+01	4.7076340e-45
2.0754200e+01	4.6277272e-45
2.0802000e+01	4.5491653e-45
2.0850000e+01	4.4722389e-45
2.0898100e+01	4.3967774e-45
2.0946300e+01	4.3227206e-45
2.0994600e+01	4.2500360e-45
2.1043000e+01	4.1787304e-45
2.1091500e+01	4.1087331e-45
2.1140200e+01	4.0401660e-45
2.1188900e+01	3.9727305e-45
2.1237800e+01	3.9066625e-45
2.1286800e+01	3.8417931e-45
2.1335800e+01	3.7779831e-45
2.1385000e+01	3.7154633e-45
2.1434400e+01	3.6541904e-45
2.1483800e+01	3.5939066e-45
2.1533300e+01	3.5346949e-45
2.1583000e+01	3.4766707e-45
2.1632700e+01	3.4195595e-45
2.1682600e+01	3.3635824e-45
2.1732600e+01	3.3086079e-45
2.1782800e+01	3.2547025e-45
2.1833000e+01	3.2016472e-45
2.1883300e+01	3.1495105e-45
2.1933800e+01	3.0984141e-45
2.1984400e+01	3.0482104e-45
2.2035100e+01	2.9988766e-45
2.2085900e+01	2.9504017e-45
2.2136800e+01	2.9027742e-45
2.2187900e+01	2.8560687e-45
2.2239000e+01	2.8100707e-45
2.2290300e+01	2.7649719e-45
2.2341700e+01	2.7206343e-45
2.2393200e+01	2.6770690e-45
2.2444900e+01	2.6343377e-45
2.2496600e+01	2.5922456e-45
2.2548500e+01	2.5509570e-45
2.2600500e+01	2.5103808e-45
2.2652600e+01	2.4704876e-45
2.2704900e+01	2.4313380e-45
2.2757200e+01	2.3927946e-45
2.2809700e+01	2.3549765e-45
2.2862300e+01	2.3177966e-45
2.2915000e+01	2.2812277e-45
2.2967900e+01	2.2453572e-45
2.3020800e+01	2.2100247e-45
2.3073900e+01	2.1753456e-45
2.3127100e+01	2.1412368e-45
2.3180400e+01	2.1077097e-45
2.3233900e+01	2.0748025e-45
2.3287500e+01	2.0424434e-45
2.3341200e+01	2.0106256e-45
2.3395000e+01	1.9793245e-45
2.3448900e+01	1.9485515e-45
2.3503000e+01	1.9183436e-45
2.3557200e+01	1.8886325e-45
2.3611500e+01	1.8594034e-45
2.3666000e+01	1.8307103e-45
2.3720600e+01	1.8024950e-45
2.3775300e+01	1.7747431e-45
2.3830100e+01	1.7474490e-45
2.3885000e+01	1.7205904e-45
2.3940100e+01	1.6942279e-45
2.3995300e+01	1.6682895e-45
2.4050700e+01	1.6428187e-45
2.4106100e+01	1.6177208e-45
2.4161700e+01	1.5930715e-45
2.4217400e+01	1.5688254e-45
2.4273300e+01	1.5450088e-45
2.4329200e+01	1.5215382e-45
2.4385400e+01	1.4985260e-45
2.4441600e+01	1.4758505e-45
2.4497900e+01	1.4535385e-45
2.4554400e+01	1.4316159e-45
2.4611100e+01	1.4100926e-45
2.4667800e+01	1.3888666e-45
2.4724700e+01	1.3680234e-45
2.4781700e+01	1.3475066e-45
2.4838900e+01	1.3273562e-45
2.4896100e+01	1.3074950e-45
2.4953600e+01	1.2880131e-45
2.5011100e+01	1.2688058e-45
2.5068800e+01	1.2499336e-45
2.5126600e+01	1.2313713e-45
2.5184500e+01	1.2130941e-45
2.5242600e+01	1.1951333e-45
2.5300800e+01	1.1774643e-45
2.5359200e+01	1.1600904e-45
2.5417600e+01	1.1429741e-45
2.5476200e+01	1.1261461e-45
2.5535000e+01	1.1096094e-45
2.5593900e+01	1.0933339e-45
2.5652900e+01	1.0773099e-45
2.5712100e+01	1.0615672e-45
2.5771300e+01	1.0460438e-45
2.5830800e+01	1.0308081e-45
2.5890300e+01	1.0157925e-45
2.5950000e+01	1.0010200e-45
2.6009900e+01	9.8651272e-46
2.6069900e+01	9.7222358e-46
2.6130000e+01	9.5816250e-46
2.6190200e+01	9.4430832e-46
2.6250600e+01	9.3069535e-46
2.6311200e+01	9.1731448e-46
2.6371800e+01	9.0411469e-46
2.6432600e+01	8.9113593e-46
2.6493600e+01	8.7838733e-46
2.6554700e+01	8.6582474e-46
2.6615900e+01	8.5345780e-46
2.6677300e+01	8.4129583e-46
2.6738800e+01	8.2931904e-46
2.6800500e+01	8.1754249e-46
2.6862300e+01	8.0594668e-46
2.6924200e+01	7.9452952e-46
2.6986300e+01	7.8330016e-46
2.7048600e+01	7.7225631e-46
2.7110900e+01	7.6136261e-46
2.7173400e+01	7.5065588e-46
2.7236100e+01	7.4012291e-46
2.7298900e+01	7.2974539e-46
2.7361900e+01	7.1954307e-46
2.7425000e+01	7.0949248e-46
2.7488200e+01	6.9959192e-46
2.7551600e+01	6.8985023e-46
2.7615100e+01	6.8026029e-46
2.7678800e+01	6.7083072e-46
2.7742600e+01	6.6153383e-46
2.7806600e+01	6.5239376e-46
2.7870700e+01	6.4338830e-46
2.7935000e+01	6.3452602e-46
2.7999400e+01	6.2579525e-46
2.8064000e+01	6.1721440e-46
2.8128700e+01	6.0875693e-46
2.8193600e+01	6.0043621e-46
2.8258600e+01	5.9223116e-46
2.8323700e+01	5.8415506e-46
2.8389100e+01	5.7621602e-46
2.8454500e+01	5.6838374e-46
2.8520100e+01	5.6068083e-46
2.8585900e+01	5.5309632e-46
2.8651800e+01	5.4562419e-46
2.8717900e+01	5.3827248e-46
2.8784100e+01	5.3102594e-46
2.8850500e+01	5.2389717e-46
2.8917000e+01	5.1687113e-46
2.8983700e+01	5.0996027e-46
2.9050600e+01	5.0315425e-46
2.9117500e+01	4.9643850e-46
2.9184700e+01	4.8983870e-46
2.9252000e+01	4.8333143e-46
2.9319400e+01	4.7692445e-46
2.9387100e+01	4.7062096e-46
2.9454800e+01	4.6440250e-46
2.9522700e+01	4.5828106e-46
2.9590800e+01	4.5225552e-46
2.9659100e+01	4.4632478e-46
2.9727500e+01	4.4047935e-46
2.9796000e+01	4.3471416e-46
2.9864700e+01	4.2904080e-46
2.9933600e+01	4.2345408e-46
3.0002600e+01	4.1794896e-46
3.0071800e+01	4.1252860e-46
3.0141100e+01	4.0718397e-46
3.0210600e+01	4.0192230e-46
3.0280300e+01	3.9674266e-46
3.0350100e+01	3.9163223e-46
3.0420100e+01	3.8660211e-46
3.0490300e+01	3.8165139e-46
3.0560600e+01	3.7677139e-46
3.0631100e+01	3.7196522e-46
3.0701700e+01	3.6722440e-46
3.0772500e+01	3.6255587e-46
3.0843500e+01	3.5796262e-46
3.0914600e+01	3.5342496e-46
3.0985900e+01	3.4896108e-46
3.1057300e+01	3.4456269e-46
3.1128900e+01	3.4022540e-46
3.1200700e+01	3.3595957e-46
3.1272700e+01	3.3174980e-46
3.1344800e+01	3.2760638e-46
3.1417100e+01	3.2351778e-46
3.1489500e+01	3.1949418e-46
3.1562100e+01	3.1552417e-46
3.1634900e+01	3.1161782e-46
3.1707900e+01	3.0776387e-46
3.1781000e+01	3.0396876e-46
3.1854300e+01	3.0022493e-46
3.1927700e+01	2.9653873e-46
3.2001400e+01	2.9290953e-46
3.2075200e+01	2.8932649e-46
3.2149100e+01	2.8579255e-46
3.2223300e+01	2.8231729e-46
3.2297600e+01	2.7889000e-46
3.2372000e+01	2.7550356e-46
3.2446700e+01	2.7217740e-46
3.2521500e+01	2.6889440e-46
3.2596500e+01	2.6565740e-46
3.2671700e+01	2.6246916e-46
3.2747000e+01	2.5932271e-46
3.2822500e+01	2.5622405e-46
3.2898200e+01	2.5316947e-46
3.2974100e+01	2.5015851e-46
3.3050100e+01	2.4719072e-46
3.3126300e+01	2.4426564e-46
3.3202700e+01	2.4137972e-46
3.3279300e+01	2.3853567e-46
3.3356000e+01	2.3573303e-46
3.3433000e+01	2.3297138e-46
3.3510000e+01	2.3024117e-46
3.3587300e+01	2.2755723e-46
3.3664800e+01	2.2491001e-46
3.3742400e+01	2.2229915e-46
3.3820200e+01	2.1972429e-46
3.3898200e+01	2.1718506e-46
3.3976400e+01	2.1468110e-46
3.4054700e+01	2.1221497e-46
3.4133300e+01	2.0978046e-46
3.4212000e+01	2.0738304e-46
3.4290900e+01	2.0501658e-46
3.4369900e+01	2.0268363e-46
3.4449200e+01	2.0038384e-46
3.4528600e+01	1.9811407e-46
3.4608300e+01	1.9587682e-46
3.4688100e+01	1.9367176e-46
3.4768100e+01	1.9149855e-46
3.4848200e+01	1.8935136e-46
3.4928600e+01	1.8723544e-46
3.5009100e+01	1.8515045e-46
3.5089900e+01	1.8309337e-46
3.5170800e+01	1.8106394e-46
3.5251900e+01	1.7906187e-46
3.5333200e+01	1.7708956e-46
3.5414700e+01	1.7514140e-46
3.5496300e+01	1.7322245e-46
3.5578200e+01	1.7132716e-46
3.5660200e+01	1.6946051e-46
3.5742500e+01	1.6761704e-46
3.5824900e+01	1.6580168e-46
3.5907500e+01	1.6400900e-46
3.5990300e+01	1.6224136e-46
3.6073300e+01	1.6049596e-46
3.6156500e+01	1.5877512e-46
3.6239800e+01	1.5707860e-46
3.6323400e+01	1.5540365e-46
3.6407200e+01	1.5375256e-46
3.6491100e+01	1.5212509e-46
3.6575300e+01	1.5051609e-46
3.6659600e+01	1.4893029e-46
3.6744200e+01	1.4736746e-46
3.6828900e+01	1.4582495e-46
3.6913800e+01	1.4430256e-46
3.6999000e+01	1.4280011e-46
3.7084300e+01	1.4131741e-46
3.7169800e+01	1.3985664e-46
3.7255500e+01	1.3841287e-46
3.7341400e+01	1.3699064e-46
3.7427500e+01	1.3558506e-46
3.7513800e+01	1.3420064e-46
3.7600300e+01	1.3283254e-46
3.7687000e+01	1.3148521e-46
3.7773900e+01	1.3015387e-46
3.7861100e+01	1.2884066e-46
3.7948400e+01	1.2754314e-46
3.8035900e+01	1.2626567e-46
3.8123600e+01	1.2500358e-46
3.8211500e+01	1.2375673e-46
3.8299600e+01	1.2252940e-46
3.8387900e+01	1.2131701e-46
3.8476500e+01	1.2011941e-46
3.8565200e+01	1.1893865e-46
3.8654100e+01	1.1777242e-46
3.8743300e+01	1.1662272e-46
3.8832600e+01	1.1548726e-46
3.8922100e+01	1.1436805e-46
3.9011900e+01	1.1326068e-46
3.9101900e+01	1.1216928e-46
3.9192000e+01	1.1109371e-46
3.9282400e+01	1.1002961e-46
3.9373000e+01	1.0898107e-46
3.9463800e+01	1.0794587e-46
3.9554800e+01	1.0692387e-46
3.9646000e+01	1.0591497e-46
3.9737400e+01	1.0491905e-46
3.9829100e+01	1.0393599e-46
3.9920900e+01	1.0296567e-46
4.0013000e+01	1.0200798e-46
4.0105200e+01	1.0106281e-46
4.0197700e+01	1.0013004e-46
4.0290400e+01	9.9207775e-47
4.0383300e+01	9.8298500e-47
4.0476400e+01	9.7400714e-47
4.0569800e+01	9.6515102e-47
4.0663300e+01	9.5639794e-47
4.0757100e+01	9.4776261e-47
4.0851100e+01	9.3924009e-47
4.0945300e+01	9.3082360e-47
4.1039700e+01	9.2251223e-47
4.1134400e+01	9.1431462e-47
4.1229200e+01	9.0621071e-47
4.1324300e+01	8.9821490e-47
4.1419600e+01	8.9032434e-47
4.1515100e+01	8.8252685e-47
4.1610800e+01	8.7483098e-47
4.1706800e+01	8.6723588e-47
4.1803000e+01	8.5973693e-47
4.1899400e+01	8.5232963e-47
4.1996000e+01	8.4501505e-47
4.2092800e+01	8.3778873e-47
4.2189900e+01	8.3066090e-47
4.2287200e+01	8.2362341e-47
4.2384700e+01	8.1667008e-47
4.2482400e+01	8.0980381e-47
4.2580400e+01	8.0302568e-47
4.2678600e+01	7.9633314e-47
4.2777000e+01	7.8972370e-47
4.2875700e+01	7.8320022e-47
4.2974500e+01	7.7674962e-47
4.3073600e+01	7.7038538e-47
4.3173000e+01	7.6410501e-47
4.3272500e+01	7.5789561e-47
4.3372300e+01	7.5176530e-47
4.3472300e+01	7.4571169e-47
4.3572600e+01	7.3973589e-47
4.3673000e+01	7.3382866e-47
4.3773700e+01	7.2799631e-47
4.3874700e+01	7.2223992e-47
4.3975900e+01	7.1655548e-47
4.4077300e+01	7.1093902e-47
4.4178900e+01	7.0538834e-47
4.4280800e+01	6.9990960e-47
4.4382900e+01	6.9449889e-47
4.4485300e+01	6.8915566e-47
4.4587800e+01	6.8387442e-47
4.4690700e+01	6.7866292e-47
4.4793700e+01	6.7351074e-47
4.4897000e+01	6.6842398e-47
4.5000500e+01	6.6339885e-47
4.5104300e+01	6.5843812e-47
4.5208300e+01	6.5353481e-47
4.5312600e+01	6.4869493e-47
4.5417100e+01	6.4391316e-47
4.5521800e+01	6.3918586e-47
4.5626800e+01	6.3452058e-47
4.5732000e+01	6.2990889e-47
4.5837400e+01	6.2535357e-47
4.5943100e+01	6.2085575e-47
4.6049100e+01	6.1641341e-47
4.6155300e+01	6.1202302e-47
4.6261700e+01	6.0768729e-47
4.6368400e+01	6.0340270e-47
4.6475300e+01	5.9916888e-47
4.6582500e+01	5.9499008e-47
4.6689900e+01	5.9085972e-47
4.6797600e+01	5.8677898e-47
4.6905500e+01	5.8274750e-47
4.7013700e+01	5.7876643e-47
4.7122100e+01	5.7483085e-47
4.7230700e+01	5.7094043e-47
4.7339700e+01	5.6710388e-47
4.7448800e+01	5.6330729e-47
4.7558200e+01	5.5955636e-47
4.7667900e+01	5.5585375e-47
4.7777800e+01	5.5219315e-47
4.7888000e+01	5.4857872e-47
4.7998400e+01	5.4500420e-47
4.8109100e+01	5.4147522e-47
4.8220100e+01	5.3798998e-47
4.8331300e+01	5.3454377e-47
4.8442700e+01	5.3113632e-47
4.8554400e+01	5.2777174e-47
4.8666400e+01	5.2444826e-47
4.8778600e+01	5.2116271e-47
4.8891100e+01	5.1791627e-47
4.9003800e+01	5.1470724e-47
4.9116800e+01	5.1153822e-47
4.9230100e+01	5.0840750e-47
4.9343600e+01	5.0531057e-47
4.9457400e+01	5.0225427e-47
4.9571500e+01	4.9923410e-47
4.9685800e+01	4.9624558e-47
4.9800400e+01	4.9329552e-47
4.9915200e+01	4.9037807e-47
5.0030300e+01	4.8749581e-47
5.0145700e+01	4.8464849e-47
5.0261300e+01	4.8183312e-47
5.0377200e+01	4.7905086e-47
5.0493400e+01	4.7630150e-47
5.0609800e+01	4.7358483e-47
5.0726500e+01	4.7089926e-47
5.0843500e+01	4.6824596e-47
5.0960700e+01	4.6562199e-47
5.1078300e+01	4.6303262e-47
5.1196000e+01	4.6046810e-47
5.1314100e+01	4.5793778e-47
5.1432400e+01	4.5543332e-47
5.1551000e+01	4.5295996e-47
5.1669900e+01	4.5051749e-47
5.1789100e+01	4.4810305e-47
5.1908500e+01	4.4571246e-47
5.2028200e+01	4.4335223e-47
5.2148200e+01	4.4101951e-47
5.2268400e+01	4.3871415e-47
5.2389000e+01	4.3643596e-47
5.2509800e+01	4.3418084e-47
5.2630900e+01	4.3195522e-47
5.2752200e+01	4.2975236e-47
5.2873900e+01	4.2757736e-47
5.2995800e+01	4.2542615e-47
5.3118000e+01	4.2329988e-47
5.3240500e+01	4.2119840e-47
5.3363300e+01	4.1912029e-47
5.3486300e+01	4.1706668e-47
5.3609700e+01	4.1503616e-47
5.3733300e+01	4.1302858e-47
5.3857200e+01	4.1104511e-47
5.3981400e+01	4.0908432e-47
5.4105900e+01	4.0714481e-47
5.4230600e+01	4.0522773e-47
5.4355700e+01	4.0333296e-47
5.4481000e+01	4.0145910e-47
5.4606700e+01	3.9960730e-47
5.4732600e+01	3.9777618e-47
5.4858800e+01	3.9596563e-47
5.4985300e+01	3.9417553e-47
5.5112100e+01	3.9240577e-47
5.5239200e+01	3.9065625e-47
5.5366600e+01	3.8892685e-47
5.5494300e+01	3.8721622e-47
5.5622200e+01	3.8552550e-47
5.5750500e+01	3.8385335e-47
5.5879100e+01	3.8219968e-47
5.6007900e+01	3.8056561e-47
5.6137100e+01	3.7894982e-47
5.6266500e+01	3.7735098e-47
5.6396300e+01	3.7577145e-47
5.6526300e+01	3.7420870e-47
5.6656700e+01	3.7266385e-47
5.6787300e+01	3.7113561e-47
5.6918300e+01	3.6962509e-47
5.7049500e+01	3.6813100e-47
5.7181100e+01	3.6665447e-47
5.7312900e+01	3.6519299e-47
5.7445100e+01	3.6374891e-47
5.7577600e+01	3.6231972e-47
5.7710400e+01	3.6090657e-47
5.7843400e+01	3.5951057e-47
5.7976800e+01	3.5812804e-47
5.8110500e+01	3.5676132e-47
5.8244500e+01	3.5541032e-47
5.8378800e+01	3.5407379e-47
5.8513500e+01	3.5275166e-47
5.8648400e+01	3.5144504e-47
5.8783600e+01	3.5015149e-47
5.8919200e+01	3.4887333e-47
5.9055100e+01	3.4760811e-47
5.9191200e+01	3.4635697e-47
5.9327700e+01	3.4511983e-47
5.9464500e+01	3.4389545e-47
5.9601700e+01	3.4268496e-47
5.9739100e+01	3.4148830e-47
5.9876900e+01	3.4030306e-47
6.0014900e+01	3.3913152e-47
6.0153300e+01	3.3797247e-47
6.0292100e+01	3.3682702e-47
6.0431100e+01	3.3569277e-47
6.0570400e+01	3.3457085e-47
6.0710100e+01	3.3346121e-47
6.0850100e+01	3.3236263e-47
6.0990400e+01	3.3127737e-47
6.1131100e+01	3.3020308e-47
6.1272100e+01	3.2913972e-47
6.1413300e+01	3.2808838e-47
6.1555000e+01	3.2704788e-47
6.1696900e+01	3.2601816e-47
6.1839200e+01	3.2499919e-47
6.1981800e+01	3.2399206e-47
6.2124700e+01	3.2299558e-47
6.2268000e+01	3.2200858e-47
6.2411600e+01	3.2103216e-47
6.2555500e+01	3.2006627e-47
6.2699700e+01	3.1911088e-47
6.2844300e+01	3.1816594e-47
6.2989200e+01	3.1723029e-47
6.3134500e+01	3.1630388e-47
6.3280100e+01	3.1538782e-47
6.3426000e+01	3.1448094e-47
6.3572300e+01	3.1358320e-47
6.3718900e+01	3.1269569e-47
6.3865800e+01	3.1181726e-47
6.4013100e+01	3.1094676e-47
6.4160700e+01	3.1008638e-47
6.4308700e+01	3.0923386e-47
6.4457000e+01	3.0839141e-47
6.4605600e+01	3.0755676e-47
6.4754600e+01	3.0673099e-47
6.4903900e+01	3.0591297e-47
6.5053600e+01	3.0510378e-47
6.5203600e+01	3.0430228e-47
6.5353900e+01	3.0350954e-47
6.5504600e+01	3.0272444e-47
6.5655700e+01	3.0194805e-47
6.5807100e+01	3.0117815e-47
6.5958900e+01	3.0041690e-47
6.6111000e+01	2.9966318e-47
6.6263400e+01	2.9891697e-47
6.6416200e+01	2.9817825e-47
6.6569400e+01	2.9744698e-47
6.6722900e+01	2.9672206e-47
6.6876700e+01	2.9600564e-47
6.7031000e+01	2.9529551e-47
6.7185500e+01	2.9459167e-47
6.7340500e+01	2.9389626e-47
6.7495800e+01	2.9320709e-47
6.7651400e+01	2.9252413e-47
6.7807400e+01	2.9184845e-47
6.7963800e+01	2.9117895e-47
6.8120500e+01	2.9051561e-47
6.8277600e+01	2.8985948e-47
6.8435000e+01	2.8920840e-47
6.8592800e+01	2.8856450e-47
6.8751000e+01	2.8792668e-47
6.8909600e+01	2.8729493e-47
6.9068500e+01	2.8666922e-47
6.9227700e+01	2.8604955e-47
6.9387400e+01	2.8543588e-47
6.9547400e+01	2.8482715e-47
6.9707800e+01	2.8422440e-47
6.9868500e+01	2.8362761e-47
7.0029600e+01	2.8303677e-47
7.0191100e+01	2.8245079e-47
7.0353000e+01	2.8186968e-47
7.0515200e+01	2.8129446e-47
7.0677800e+01	2.8072513e-47
7.0840800e+01	2.8016061e-47
7.1004200e+01	2.7960089e-47
7.1167900e+01	2.7904701e-47
7.1332000e+01	2.7849684e-47
7.1496500e+01	2.7795249e-47
7.1661400e+01	2.7741289e-47
7.1826600e+01	2.7687907e-47
7.1992300e+01	2.7634892e-47
7.2158300e+01	2.7582349e-47
7.2324700e+01	2.7530274e-47
7.2491400e+01	2.7478669e-47
7.2658600e+01	2.7427531e-47
7.2826200e+01	2.7376859e-47
7.2994100e+01	2.7326547e-47
7.3162400e+01	2.7276700e-47
7.3331100e+01	2.7227315e-47
7.3500200e+01	2.7178393e-47
7.3669700e+01	2.7129826e-47
7.3839600e+01	2.7081616e-47
7.4009900e+01	2.7033968e-47
7.4180600e+01	2.6986570e-47
7.4351600e+01	2.6939629e-47
7.4523100e+01	2.6893040e-47
7.4694900e+01	2.6846906e-47
7.4867200e+01	2.6801122e-47
7.5039800e+01	2.6755687e-47
7.5212900e+01	2.6710705e-47
7.5386300e+01	2.6666070e-47
7.5560100e+01	2.6621679e-47
7.5734400e+01	2.6577737e-47
7.5909000e+01	2.6534140e-47
7.6084100e+01	2.6490888e-47
7.6259500e+01	2.6447980e-47
7.6435400e+01	2.6405416e-47
7.6611600e+01	2.6363193e-47
7.6788300e+01	2.6321209e-47
7.6965400e+01	2.6279669e-47
7.7142900e+01	2.6238367e-47
7.7320800e+01	2.6197404e-47
7.7499100e+01	2.6156780e-47
7.7677800e+01	2.6116393e-47
7.7856900e+01	2.6076342e-47
7.8036400e+01	2.6036629e-47
7.8216400e+01	2.5997150e-47
7.8396800e+01	2.5958006e-47
7.8577500e+01	2.5919096e-47
7.8758700e+01	2.5880520e-47
7.8940400e+01	2.5842176e-47
7.9122400e+01	2.5804165e-47
7.9304900e+01	2.5766385e-47
7.9487700e+01	2.5728937e-47
7.9671000e+01	2.5691618e-47
7.9854800e+01	2.5654630e-47
8.0038900e+01	2.5617972e-47
8.0223500e+01	2.5581442e-47
8.0408500e+01	2.5545241e-47
8.0593900e+01	2.5509267e-47
8.0779700e+01	2.5473521e-47
8.0966000e+01	2.5438002e-47
8.1152700e+01	2.5402709e-47
8.1339900e+01	2.5367642e-47
8.1527400e+01	2.5332901e-47
8.1715400e+01	2.5298284e-47
8.1903900e+01	2.5263893e-47
8.2092700e+01	2.5229725e-47
8.2282000e+01	2.5195782e-47
8.2471800e+01	2.5162062e-47
8.2662000e+01	2.5128565e-47
8.2852600e+01	2.5095190e-47
8.3043700e+01	2.5062139e-47
8.3235200e+01	2.5029209e-47
8.3427100e+01	2.4996500e-47
8.3619500e+01	2.4963913e-47
8.3812300e+01	2.4931647e-47
8.4005600e+01	2.4899501e-47
8.4199300e+01	2.4867476e-47
8.4393500e+01	2.4835671e-47
8.4588100e+01	2.4804085e-47
8.4783100e+01	2.4772619e-47
8.4978600e+01	2.4741372e-47
8.5174600e+01	2.4710344e-47
8.5371000e+01	2.4679335e-47
8.5567900e+01	2.4648643e-47
8.5765200e+01	2.4618070e-47
8.5963000e+01	2.4587615e-47
8.6161200e+01	2.4557278e-47
8.6359900e+01	2.4527157e-47
8.6559000e+01	2.4497253e-47
8.6758600e+01	2.4467368e-47
8.6958700e+01	2.4437698e-47
8.7159200e+01	2.4408145e-47
8.7360200e+01	2.4378808e-47
8.7561700e+01	2.4349586e-47
8.7763600e+01	2.4320383e-47
8.7966000e+01	2.4291492e-47
8.8168800e+01	2.4262619e-47
8.8372200e+01	2.4233861e-47
8.8575900e+01	2.4205318e-47
8.8780200e+01	2.4176889e-47
8.8984900e+01	2.4148477e-47
8.9190100e+01	2.4120278e-47
8.9395800e+01	2.4092194e-47
8.9601900e+01	2.4064225e-47
8.9808600e+01	2.4036369e-47
9.0015700e+01	2.4008628e-47
9.0223200e+01	2.3981001e-47
9.0431300e+01	2.3953487e-47
9.0639800e+01	2.3925990e-47
9.0848900e+01	2.3898703e-47
9.1058300e+01	2.3871530e-47
9.1268300e+01	2.3844373e-47
9.1478800e+01	2.3817426e-47
9.1689700e+01	2.3790494e-47
9.1901200e+01	2.3763675e-47
9.2113100e+01	2.3736969e-47
9.2325500e+01	2.3710277e-47
9.2538400e+01	2.3683796e-47
9.2751800e+01	2.3657329e-47
9.2965700e+01	2.3630974e-47
9.3180100e+01	2.3604731e-47
9.3395000e+01	2.3578502e-47
9.3610300e+01	2.3552385e-47
9.3826200e+01	2.3526380e-47
9.4042600e+01	2.3500389e-47
9.4259400e+01	2.3474510e-47
9.4476800e+01	2.3448741e-47
9.4694600e+01	2.3422986e-47
9.4913000e+01	2.3397343e-47
9.5131900e+01	2.3371713e-47
9.5351300e+01	2.3346195e-47
9.5571100e+01	2.3320786e-47
9.5791500e+01	2.3295392e-47
9.6012400e+01	2.3270108e-47
9.6233800e+01	2.3244837e-47
9.6455700e+01	2.3219581e-47
9.6678200e+01	2.3194434e-47
9.6901100e+01	2.3169397e-47
9.7124600e+01	2.3144374e-47
9.7348500e+01	2.3119364e-47
9.7573000e+01	2.3094464e-47
9.7798000e+01	2.3069674e-47
9.8023600e+01	2.3044800e-47
9.8249600e+01	2.3020036e-47
9.8476200e+01	2.2995382e-47
9.8703200e+01	2.2970644e-47
9.8930900e+01	2.2946112e-47
9.9159000e+01	2.2921497e-47
9.9387700e+01	2.2896991e-47
9.9616800e+01	2.2872498e-47
9.9846600e+01	2.2848018e-47
1.0007700e+02	2.2823646e-47
1.0030800e+02	2.2799288e-47
1.0053900e+02	2.2774943e-47
1.0077100e+02	2.2750706e-47
1.0100300e+02	2.2726387e-47
1.0123600e+02	2.2702176e-47
1.0146900e+02	2.2677882e-47
1.0170300e+02	2.2653697e-47
1.0193800e+02	2.2629715e-47
1.0217300e+02	2.2605651e-47
1.0240900e+02	2.2581504e-47
1.0264500e+02	2.2557465e-47
1.0288200e+02	2.2533439e-47
1.0311900e+02	2.2509521e-47
1.0335700e+02	2.2485521e-47
1.0359500e+02	2.2461533e-47
1.0383400e+02	2.2437653e-47
1.0407300e+02	2.2413786e-47
1.0431300e+02	2.2389837e-47
1.0455400e+02	2.2365995e-47
1.0479500e+02	2.2342166e-47
1.0503700e+02	2.2318349e-47
1.0527900e+02	2.2294545e-47
1.0552200e+02	2.2270754e-47
1.0576500e+02	2.2246976e-47
1.0600900e+02	2.2223210e-47
1.0625300e+02	2.2199457e-47
1.0649800e+02	2.2175717e-47
1.0674400e+02	2.2151989e-47
1.0699000e+02	2.2128275e-47
1.0723700e+02	2.2104572e-47
1.0748400e+02	2.2080789e-47
1.0773200e+02	2.2057112e-47
1.0798000e+02	2.2033448e-47
1.0822900e+02	2.2009797e-47
1.0847900e+02	2.1986065e-47
1.0872900e+02	2.1962439e-47
1.0898000e+02	2.1938732e-47
1.0923100e+02	2.1915038e-47
1.0948300e+02	2.1891357e-47
1.0973500e+02	2.1867688e-47
1.0998800e+02	2.1844033e-47
1.1024200e+02	2.1820390e-47
1.1049600e+02	2.1796760e-47
1.1075100e+02	2.1773049e-47
1.1100700e+02	2.1749352e-47
1.1126200e+02	2.1725667e-47
1.1151900e+02	2.1701995e-47
1.1177600e+02	2.1678336e-47
1.1203400e+02	2.1654690e-47
1.1229200e+02	2.1630964e-47
1.1255100e+02	2.1607251e-47
1.1281100e+02	2.1583551e-47
1.1307100e+02	2.1559771e-47
1.1333200e+02	2.1536096e-47
1.1359300e+02	2.1512343e-47
1.1385500e+02	2.1488602e-47
1.1411800e+02	2.1464874e-47
1.1438100e+02	2.1441067e-47
1.1464400e+02	2.1417273e-47
1.1490900e+02	2.1393493e-47
1.1517400e+02	2.1369725e-47
1.1543900e+02	2.1345878e-47
1.1570600e+02	2.1322045e-47
1.1597200e+02	2.1298225e-47
1.1624000e+02	2.1274326e-47
1.1650800e+02	2.1250440e-47
1.1677700e+02	2.1226568e-47
1.1704600e+02	2.1202617e-47
1.1731600e+02	2.1178680e-47
1.1758600e+02	2.1154756e-47
1.1785700e+02	2.1130754e-47
1.1812900e+02	2.1106766e-47
1.1840200e+02	2.1082791e-47
1.1867500e+02	2.1058737e-47
1.1894800e+02	2.1034698e-47
1.1922300e+02	2.1010672e-47
1.1949800e+02	2.0986569e-47
1.1977300e+02	2.0962479e-47
1.2004900e+02	2.0938312e-47
1.2032600e+02	2.0914158e-47
1.2060400e+02	2.0890019e-47
1.2088200e+02	2.0865802e-47
1.2116100e+02	2.0841599e-47
1.2144000e+02	2.0817319e-47
1.2172000e+02	2.0793053e-47
1.2200100e+02	2.0768710e-47
1.2228200e+02	2.0744472e-47
1.2256400e+02	2.0720067e-47
1.2284700e+02	2.0695676e-47
1.2313000e+02	2.0671299e-47
1.2341400e+02	2.0646845e-47
1.2369800e+02	2.0622407e-47
1.2398400e+02	2.0597891e-47
1.2427000e+02	2.0573391e-47
1.2455600e+02	2.0548814e-47
1.2484300e+02	2.0524252e-47
1.2513100e+02	2.0499705e-47
1.2542000e+02	2.0475082e-47
1.2570900e+02	2.0450383e-47
1.2599900e+02	2.0425699e-47
1.2628900e+02	2.0400940e-47
1.2658100e+02	2.0376196e-47
1.2687300e+02	2.0351467e-47
1.2716500e+02	2.0326572e-47
1.2745800e+02	2.0301783e-47
1.2775200e+02	2.0276919e-47
1.2804700e+02	2.0251980e-47
1.2834200e+02	2.0227057e-47
1.2863800e+02	2.0202058e-47
1.2893500e+02	2.0176986e-47
1.2923200e+02	2.0152019e-47
1.2953000e+02	2.0126888e-47
1.2982900e+02	2.0101772e-47
1.3012800e+02	2.0076672e-47
1.3042800e+02	2.0051409e-47
1.3072900e+02	2.0026252e-47
1.3103100e+02	2.0001020e-47
1.3133300e+02	1.9975715e-47
1.3163600e+02	1.9950337e-47
1.3193900e+02	1.9924975e-47
1.3224300e+02	1.9899629e-47
1.3254800e+02	1.9874210e-47
1.3285400e+02	1.9848718e-47
1.3316000e+02	1.9823242e-47
1.3346700e+02	1.9797694e-47
1.3377500e+02	1.9772074e-47
1.3408400e+02	1.9746470e-47
1.3439300e+02	1.9720793e-47
1.3470300e+02	1.9695134e-47
1.3501300e+02	1.9669402e-47
1.3532500e+02	1.9643688e-47
1.3563700e+02	1.9617813e-47
1.3595000e+02	1.9592043e-47
1.3626300e+02	1.9566114e-47
1.3657700e+02	1.9540201e-47
1.3689200e+02	1.9514218e-47
1.3720800e+02	1.9488252e-47
1.3752400e+02	1.9462215e-47
1.3784100e+02	1.9436195e-47
1.3815900e+02	1.9410016e-47
1.3847800e+02	1.9383943e-47
1.3879700e+02	1.9357712e-47
1.3911700e+02	1.9331498e-47
1.3943800e+02	1.9305215e-47
1.3976000e+02	1.9278949e-47
1.4008200e+02	1.9252613e-47
1.4040500e+02	1.9226208e-47
1.4072900e+02	1.9199733e-47
1.4105300e+02	1.9173276e-47
1.4137900e+02	1.9146838e-47
1.4170500e+02	1.9120243e-47
1.4203100e+02	1.9093666e-47
1.4235900e+02	1.9067021e-47
1.4268700e+02	1.9040394e-47
1.4301600e+02	1.9013699e-47
1.4334600e+02	1.8986935e-47
1.4367700e+02	1.8960190e-47
1.4400800e+02	1.8933377e-47
1.4434000e+02	1.8906495e-47
1.4467300e+02	1.8879546e-47
1.4500600e+02	1.8852617e-47
1.4534100e+02	1.8825619e-47
1.4567600e+02	1.8798641e-47
1.4601200e+02	1.8771596e-47
1.4634900e+02	1.8744484e-47
1.4668600e+02	1.8717304e-47
1.4702400e+02	1.8690145e-47
1.4736300e+02	1.8662918e-47
1.4770300e+02	1.8635712e-47
1.4804400e+02	1.8608353e-47
1.4838500e+02	1.8581014e-47
1.4872700e+02	1.8553695e-47
1.4907000e+02	1.8526224e-47
1.4941400e+02	1.8498773e-47
1.4975900e+02	1.8471257e-47
1.5010400e+02	1.8443761e-47
1.5045000e+02	1.8416200e-47
1.5079700e+02	1.8388573e-47
1.5114500e+02	1.8360882e-47
1.5149300e+02	1.8333212e-47
1.5184300e+02	1.8305477e-47
1.5219300e+02	1.8277677e-47
1.5254400e+02	1.8249899e-47
1.5289600e+02	1.8222056e-47
1.5324800e+02	1.8194149e-47
1.5360100e+02	1.8166264e-47
1.5395600e+02	1.8138229e-47
1.5431100e+02	1.8110302e-47
1.5466700e+02	1.8082225e-47
1.5502300e+02	1.8054171e-47
1.5538100e+02	1.8026053e-47
1.5573900e+02	1.7997873e-47
1.5609800e+02	1.7969714e-47
1.5645800e+02	1.7941493e-47
1.5681900e+02	1.7913210e-47
1.5718100e+02	1.7884864e-47
1.5754300e+02	1.7856540e-47
1.5790600e+02	1.7828155e-47
1.5827000e+02	1.7799792e-47
1.5863500e+02	1.7771368e-47
1.5900100e+02	1.7742882e-47
1.5936800e+02	1.7714334e-47
1.5973500e+02	1.7685810e-47
1.6010400e+02	1.7657224e-47
1.6047300e+02	1.7628578e-47
1.6084300e+02	1.7599955e-47
1.6121400e+02	1.7571271e-47
1.6158600e+02	1.7542527e-47
1.6195800e+02	1.7513807e-47
1.6233200e+02	1.7484942e-47
1.6270600e+02	1.7456185e-47
1.6308100e+02	1.7427285e-47
1.6345700e+02	1.7398409e-47
1.6383400e+02	1.7369473e-47
1.6421200e+02	1.7340562e-47
1.6459100e+02	1.7311591e-47
1.6497000e+02	1.7282561e-47
1.6535100e+02	1.7253473e-47
1.6573200e+02	1.7224409e-47
1.6611400e+02	1.7195287e-47
1.6649700e+02	1.7166189e-47
1.6688100e+02	1.7137033e-47
1.6726600e+02	1.7107820e-47
1.6765200e+02	1.7078631e-47
1.6803800e+02	1.7049384e-47
1.6842600e+02	1.7020080e-47
1.6881400e+02	1.6990802e-47
1.6920400e+02	1.6961466e-47
1.6959400e+02	1.6932073e-47
1.6998500e+02	1.6902705e-47
1.7037700e+02	1.6873281e-47
1.7077000e+02	1.6843883e-47
1.7116300e+02	1.6814346e-47
1.7155800e+02	1.6784917e-47
1.7195400e+02	1.6755350e-47
1.7235000e+02	1.6725810e-47
1.7274800e+02	1.6696295e-47
1.7314600e+02	1.6666725e-47
1.7354500e+02	1.6637099e-47
1.7394600e+02	1.6607500e-47
1.7434700e+02	1.6577845e-47
1.7474900e+02	1.6548136e-47
1.7515200e+02	1.6518453e-47
1.7555600e+02	1.6488797e-47
1.7596000e+02	1.6459006e-47
1.7636600e+02	1.6429322e-47
1.7677300e+02	1.6399503e-47
1.7718100e+02	1.6369792e-47
1.7758900e+02	1.6339947e-47
1.7799900e+02	1.6310128e-47
1.7840900e+02	1.6280337e-47
1.7882100e+02	1.6250493e-47
1.7923300e+02	1.6220595e-47
1.7964600e+02	1.6190725e-47
1.8006100e+02	1.6160882e-47
1.8047600e+02	1.6130987e-47
1.8089200e+02	1.6101039e-47
1.8130900e+02	1.6071119e-47
1.8172700e+02	1.6041146e-47
1.8214600e+02	1.6011282e-47
1.8256600e+02	1.5981285e-47
1.8298700e+02	1.5951317e-47
1.8340900e+02	1.5921377e-47
1.8383200e+02	1.5891385e-47
1.8425600e+02	1.5861421e-47
1.8468100e+02	1.5831406e-47
1.8510700e+02	1.5801420e-47
1.8553400e+02	1.5771462e-47
1.8596200e+02	1.5741453e-47
1.8639000e+02	1.5711393e-47
1.8682000e+02	1.5681442e-47
1.8725100e+02	1.5651439e-47
1.8768300e+02	1.5621387e-47
1.8811600e+02	1.5591363e-47
1.8854900e+02	1.5561368e-47
1.8898400e+02	1.5531402e-47
1.8942000e+02	1.5501386e-47
1.8985700e+02	1.5471400e-47
1.9029500e+02	1.5441363e-47
1.9073300e+02	1.5411435e-47
1.9117300e+02	1.5381456e-47
1.9161400e+02	1.5351429e-47
1.9205600e+02	1.5321510e-47
1.9249900e+02	1.5291541e-47
1.9294300e+02	1.5261602e-47
1.9338800e+02	1.5231614e-47
1.9383400e+02	1.5201733e-47
1.9428100e+02	1.5171804e-47
1.9472900e+02	1.5141904e-47
1.9517800e+02	1.5112034e-47
1.9562800e+02	1.5082194e-47
1.9607900e+02	1.5052305e-47
1.9653100e+02	1.5022523e-47
1.9698400e+02	1.4992694e-47
1.9743800e+02	1.4962894e-47
1.9789400e+02	1.4933124e-47
1.9835000e+02	1.4903383e-47
1.9880800e+02	1.4873672e-47
1.9926600e+02	1.4843991e-47
1.9972500e+02	1.4814339e-47
2.0018600e+02	1.4784640e-47
2.0064800e+02	1.4755048e-47
2.0111000e+02	1.4725485e-47
2.0157400e+02	1.4695876e-47
2.0203900e+02	1.4666372e-47
2.0250500e+02	1.4636899e-47
2.0297200e+02	1.4607455e-47
2.0344000e+02	1.4577964e-47
2.0390900e+02	1.4548579e-47
2.0437900e+02	1.4519224e-47
2.0485100e+02	1.4489975e-47
2.0532300e+02	1.4460679e-47
2.0579600e+02	1.4431489e-47
2.0627100e+02	1.4402253e-47
2.0674700e+02	1.4373122e-47
2.0722300e+02	1.4344020e-47
2.0770100e+02	1.4315024e-47
2.0818000e+02	1.4285981e-47
2.0866000e+02	1.4257043e-47
2.0914100e+02	1.4228135e-47
2.0962400e+02	1.4199331e-47
2.1010700e+02	1.4170481e-47
2.1059200e+02	1.4141812e-47
2.1107700e+02	1.4113095e-47
2.1156400e+02	1.4084484e-47
2.1205200e+02	1.4055901e-47
2.1254100e+02	1.4027422e-47
2.1303100e+02	1.3999047e-47
2.1352200e+02	1.3970626e-47
2.1401500e+02	1.3942383e-47
2.1450800e+02	1.3914094e-47
2.1500300e+02	1.3885982e-47
2.1549900e+02	1.3857900e-47
2.1599600e+02	1.3829845e-47
2.1649400e+02	1.3801894e-47
2.1699300e+02	1.3774045e-47
2.1749300e+02	1.3746298e-47
2.1799500e+02	1.3718579e-47
2.1849800e+02	1.3690962e-47
2.1900100e+02	1.3663373e-47
2.1950600e+02	1.3635959e-47
2.2001300e+02	1.3608573e-47
2.2052000e+02	1.3581289e-47
2.2102800e+02	1.3554105e-47
2.2153800e+02	1.3527022e-47
2.2204900e+02	1.3500040e-47
2.2256100e+02	1.3473158e-47
2.2307400e+02	1.3446302e-47
2.2358900e+02	1.3419620e-47
2.2410400e+02	1.3393038e-47
2.2462100e+02	1.3366555e-47
2.2513900e+02	1.3340172e-47
2.2565800e+02	1.3313887e-47
2.2617900e+02	1.3287702e-47
2.2670000e+02	1.3261688e-47
2.2722300e+02	1.3235699e-47
2.2774700e+02	1.3209881e-47
2.2827200e+02	1.3184161e-47
2.2879800e+02	1.3158611e-47
2.2932600e+02	1.3133159e-47
2.2985500e+02	1.3107803e-47
2.3038500e+02	1.3082617e-47
2.3091600e+02	1.3057599e-47
2.3144900e+02	1.3032605e-47
2.3198200e+02	1.3007852e-47
2.3251700e+02	1.2983194e-47
2.3305400e+02	1.2958632e-47
2.3359100e+02	1.2934237e-47
2.3413000e+02	1.2910008e-47
2.3467000e+02	1.2885946e-47
2.3521100e+02	1.2861978e-47
2.3575300e+02	1.2838247e-47
2.3629700e+02	1.2814610e-47
2.3684200e+02	1.2791138e-47
2.3738800e+02	1.2767830e-47
2.3793500e+02	1.2744686e-47
2.3848400e+02	1.2721706e-47
2.3903400e+02	1.2698889e-47
2.3958500e+02	1.2676235e-47
2.4013800e+02	1.2653743e-47
2.4069100e+02	1.2631485e-47
2.4124600e+02	1.2609388e-47
2.4180300e+02	1.2587452e-47
2.4236000e+02	1.2565678e-47
2.4291900e+02	1.2544135e-47
2.4347900e+02	1.2522752e-47
2.4404100e+02	1.2501599e-47
2.4460400e+02	1.2480605e-47
2.4516800e+02	1.2459841e-47
2.4573300e+02	1.2439235e-47
2.4630000e+02	1.2418858e-47
2.4686800e+02	1.2398709e-47
2.4743700e+02	1.2378787e-47
2.4800700e+02	1.2359021e-47
2.4857900e+02	1.2339553e-47
2.4915300e+02	1.2320240e-47
2.4972700e+02	1.2301153e-47
2.5030300e+02	1.2282291e-47
2.5088000e+02	1.2263724e-47
2.5145900e+02	1.2245310e-47
2.5203900e+02	1.2227191e-47
2.5262000e+02	1.2209294e-47
2.5320200e+02	1.2191620e-47
2.5378600e+02	1.2174238e-47
2.5437200e+02	1.2157077e-47
2.5495800e+02	1.2140207e-47
2.5554600e+02	1.2123558e-47
2.5613500e+02	1.2107199e-47
2.5672600e+02	1.2091059e-47
2.5731800e+02	1.2075208e-47
2.5791100e+02	1.2059645e-47
2.5850600e+02	1.2044370e-47
2.5910200e+02	1.2029382e-47
2.5970000e+02	1.2014681e-47
2.6029900e+02	1.2000197e-47
2.6089900e+02	1.1986067e-47
2.6150000e+02	1.1972223e-47
2.6210300e+02	1.1958663e-47
2.6270800e+02	1.1945457e-47
2.6331400e+02	1.1932534e-47
2.6392100e+02	1.1919894e-47
2.6453000e+02	1.1907607e-47
2.6514000e+02	1.1895601e-47
2.6575100e+02	1.1883946e-47
2.6636400e+02	1.1872642e-47
2.6697800e+02	1.1861687e-47
2.6759400e+02	1.1851013e-47
2.6821100e+02	1.1840687e-47
2.6882900e+02	1.1830711e-47
2.6944900e+02	1.1821150e-47
2.7007100e+02	1.1811869e-47
2.7069300e+02	1.1803004e-47
2.7131800e+02	1.1794485e-47
2.7194300e+02	1.1786313e-47
2.7257000e+02	1.1778487e-47
2.7319900e+02	1.1771075e-47
2.7382900e+02	1.1764077e-47
2.7446000e+02	1.1757424e-47
2.7509300e+02	1.1751184e-47
2.7572800e+02	1.1745357e-47
2.7636300e+02	1.1739943e-47
2.7700100e+02	1.1734941e-47
2.7763900e+02	1.1730283e-47
2.7828000e+02	1.1726104e-47
2.7892100e+02	1.1722338e-47
2.7956500e+02	1.1718983e-47
2.8020900e+02	1.1716107e-47
2.8085500e+02	1.1713575e-47
2.8150300e+02	1.1711590e-47
2.8215200e+02	1.1710016e-47
2.8280300e+02	1.1708921e-47
2.8345500e+02	1.1708236e-47
2.8410900e+02	1.1708031e-47
2.8476400e+02	1.1708305e-47
2.8542100e+02	1.1709057e-47
2.8607900e+02	1.1710289e-47
2.8673800e+02	1.1712069e-47
2.8740000e+02	1.1714259e-47
2.8806200e+02	1.1716997e-47
2.8872700e+02	1.1720215e-47
2.8939200e+02	1.1723981e-47
2.9006000e+02	1.1728228e-47
2.9072900e+02	1.1733023e-47
2.9139900e+02	1.1738367e-47
2.9207100e+02	1.1744260e-47
2.9274500e+02	1.1750636e-47
2.9342000e+02	1.1757561e-47
2.9409600e+02	1.1765106e-47
2.9477400e+02	1.1773202e-47
2.9545400e+02	1.1781782e-47
2.9613600e+02	1.1791051e-47
2.9681800e+02	1.1800805e-47
2.9750300e+02	1.1811182e-47
2.9818900e+02	1.1822182e-47
2.9887700e+02	1.1833738e-47
2.9956600e+02	1.1845987e-47
3.0025700e+02	1.1858794e-47
3.0094900e+02	1.1872228e-47
3.0164300e+02	1.1886291e-47
3.0233900e+02	1.1900982e-47
3.0303600e+02	1.1916304e-47
3.0373500e+02	1.1932327e-47
3.0443500e+02	1.1948913e-47
3.0513700e+02	1.1966272e-47
3.0584100e+02	1.1984267e-47
3.0654600e+02	1.2002899e-47
3.0725300e+02	1.2022308e-47
3.0796100e+02	1.2042357e-47
3.0867100e+02	1.2063049e-47
3.0938300e+02	1.2084523e-47
3.1009700e+02	1.2106711e-47
3.1081200e+02	1.2129617e-47
3.1152900e+02	1.2153312e-47
3.1224700e+02	1.2177657e-47
3.1296700e+02	1.2202796e-47
3.1368900e+02	1.2228729e-47
3.1441200e+02	1.2255391e-47
3.1513700e+02	1.2282852e-47
3.1586400e+02	1.2311046e-47
3.1659200e+02	1.2340045e-47
3.1732200e+02	1.2369852e-47
3.1805400e+02	1.2400540e-47
3.1878700e+02	1.2431971e-47
3.1952300e+02	1.2464218e-47
3.2025900e+02	1.2497356e-47
3.2099800e+02	1.2531246e-47
3.2173800e+02	1.2566103e-47
3.2248000e+02	1.2601719e-47
3.2322400e+02	1.2638238e-47
3.2396900e+02	1.2675665e-47
3.2471600e+02	1.2714003e-47
3.2546500e+02	1.2753184e-47
3.2621500e+02	1.2793284e-47
3.2696800e+02	1.2834306e-47
3.2772200e+02	1.2876256e-47
3.2847700e+02	1.2919136e-47
3.2923500e+02	1.2963024e-47
3.2999400e+02	1.3007780e-47
3.3075500e+02	1.3053552e-47
3.3151800e+02	1.3100274e-47
3.3228200e+02	1.3148021e-47
3.3304900e+02	1.3196727e-47
3.3381700e+02	1.3246470e-47
3.3458600e+02	1.3297181e-47
3.3535800e+02	1.3348939e-47
3.3613100e+02	1.3401750e-47
3.3690600e+02	1.3455618e-47
3.3768300e+02	1.3510550e-47
3.3846200e+02	1.3566552e-47
3.3924200e+02	1.3623629e-47
3.4002500e+02	1.3681787e-47
3.4080900e+02	1.3741033e-47
3.4159500e+02	1.3801374e-47
3.4238200e+02	1.3862888e-47
3.4317200e+02	1.3925510e-47
3.4396300e+02	1.3989320e-47
3.4475700e+02	1.4054176e-47
3.4555200e+02	1.4120309e-47
3.4634800e+02	1.4187728e-47
3.4714700e+02	1.4256213e-47
3.4794800e+02	1.4325847e-47
3.4875000e+02	1.4396788e-47
3.4955400e+02	1.4468971e-47
3.5036000e+02	1.4542325e-47
3.5116800e+02	1.4617011e-47
3.5197800e+02	1.4692886e-47
3.5279000e+02	1.4770109e-47
3.5360300e+02	1.4848614e-47
3.5441900e+02	1.4928332e-47
3.5523600e+02	1.5009503e-47
3.5605500e+02	1.5091904e-47
3.5687600e+02	1.5175699e-47
3.5769900e+02	1.5260820e-47
3.5852400e+02	1.5347355e-47
3.5935100e+02	1.5435234e-47
3.6017900e+02	1.5524624e-47
3.6101000e+02	1.5615222e-47
3.6184200e+02	1.5707430e-47
3.6267700e+02	1.5800943e-47
3.6351300e+02	1.5895930e-47
3.6435100e+02	1.5992481e-47
3.6519200e+02	1.6090287e-47
3.6603400e+02	1.6189840e-47
3.6687800e+02	1.6290830e-47
3.6772400e+02	1.6393267e-47
3.6857200e+02	1.6497326e-47
3.6942200e+02	1.6602936e-47
3.7027400e+02	1.6710027e-47
3.7112800e+02	1.6818693e-47
3.7198300e+02	1.6929193e-47
3.7284100e+02	1.7041044e-47
3.7370100e+02	1.7154590e-47
3.7456300e+02	1.7269676e-47
3.7542600e+02	1.7386732e-47
3.7629200e+02	1.7505187e-47
3.7716000e+02	1.7625387e-47
3.7803000e+02	1.7747263e-47
3.7890100e+02	1.7871080e-47
3.7977500e+02	1.7996431e-47
3.8065100e+02	1.8123496e-47
3.8152900e+02	1.8252376e-47
3.8240800e+02	1.8383257e-47
3.8329000e+02	1.8515723e-47
3.8417400e+02	1.8649960e-47
3.8506000e+02	1.8786156e-47
3.8594800e+02	1.8924153e-47
3.8683800e+02	1.9064052e-47
3.8773000e+02	1.9205868e-47
3.8862400e+02	1.9349529e-47
3.8952000e+02	1.9495227e-47
3.9041900e+02	1.9642624e-47
3.9131900e+02	1.9792177e-47
3.9222100e+02	1.9943727e-47
3.9312600e+02	2.0097199e-47
3.9403200e+02	2.0252790e-47
3.9494100e+02	2.0410155e-47
3.9585200e+02	2.0569672e-47
3.9676500e+02	2.0731357e-47
3.9767900e+02	2.0895229e-47
3.9859700e+02	2.1060940e-47
3.9951600e+02	2.1228964e-47
4.0043700e+02	2.1399136e-47
4.0136000e+02	2.1571566e-47
4.0228600e+02	2.1745901e-47
4.0321400e+02	2.1922529e-47
4.0414300e+02	2.2101658e-47
4.0507500e+02	2.2282743e-47
4.0600900e+02	2.2466178e-47
4.0694600e+02	2.2651793e-47
4.0788400e+02	2.2839892e-47
4.0882500e+02	2.3030113e-47
4.0976700e+02	2.3223050e-47
4.1071200e+02	2.3418147e-47
4.1166000e+02	2.3615518e-47
4.1260900e+02	2.3815474e-47
4.1356000e+02	2.4017939e-47
4.1451400e+02	2.4222737e-47
4.1547000e+02	2.4430086e-47
4.1642800e+02	2.4639906e-47
4.1738800e+02	2.4852319e-47
4.1835100e+02	2.5067245e-47
4.1931500e+02	2.5285008e-47
4.2028200e+02	2.5505227e-47
4.2125200e+02	2.5728024e-47
4.2222300e+02	2.5953726e-47
4.2319700e+02	2.6182052e-47
4.2417300e+02	2.6413330e-47
4.2515100e+02	2.6647483e-47
4.2613100e+02	2.6884744e-47
4.2711400e+02	2.7124931e-47
4.2809900e+02	2.7368488e-47
4.2908600e+02	2.7615761e-47
4.3007500e+02	2.7866996e-47
4.3106700e+02	2.8122764e-47
4.3206100e+02	2.8384814e-47
4.3305700e+02	2.8656001e-47
4.3405600e+02	2.8942894e-47
4.3505700e+02	2.9265720e-47
4.3606000e+02	2.9705443e-47
4.3706600e+02	3.0922497e-47
4.3807400e+02	1.1184332e-44
4.3908400e+02	3.2490228e-47
4.4009600e+02	3.0771539e-47
4.4111100e+02	3.0885473e-47
4.4212900e+02	3.1110068e-47
4.4314800e+02	3.1369297e-47
4.4417000e+02	3.1643888e-47
4.4519400e+02	3.1927585e-47
4.4622100e+02	3.2217317e-47
4.4725000e+02	3.2512120e-47
4.4828100e+02	3.2811359e-47
4.4931500e+02	3.3114731e-47
4.5035100e+02	3.3421811e-47
4.5139000e+02	3.3732516e-47
4.5243000e+02	3.4047225e-47
4.5347400e+02	3.4365037e-47
4.5451900e+02	3.4686917e-47
4.5556800e+02	3.5011836e-47
4.5661800e+02	3.5340766e-47
4.5767100e+02	3.5673265e-47
4.5872700e+02	3.6009121e-47
4.5978400e+02	3.6349082e-47
4.6084500e+02	3.6692216e-47
4.6190700e+02	3.7039518e-47
4.6297200e+02	3.7390290e-47
4.6404000e+02	3.7744558e-47
4.6511000e+02	3.8102966e-47
4.6618300e+02	3.8464804e-47
4.6725800e+02	3.8830720e-47
4.6833500e+02	3.9200622e-47
4.6941500e+02	3.9574290e-47
4.7049800e+02	3.9951501e-47
4.7158300e+02	4.0333042e-47
4.7267000e+02	4.0718565e-47
4.7376000e+02	4.1107973e-47
4.7485300e+02	4.1501425e-47
4.7594800e+02	4.1898952e-47
4.7704500e+02	4.2300845e-47
4.7814500e+02	4.2706617e-47
4.7924800e+02	4.3116558e-47
4.8035300e+02	4.3530701e-47
4.8146100e+02	4.3948944e-47
4.8257100e+02	4.4371852e-47
4.8368400e+02	4.4798659e-47
4.8479900e+02	4.5230198e-47
4.8591700e+02	4.5665834e-47
4.8703800e+02	4.6105865e-47
4.8816100e+02	4.6550463e-47
4.8928600e+02	4.6999800e-47
4.9041500e+02	4.7453086e-47
4.9154600e+02	4.7911177e-47
4.9267900e+02	4.8373972e-47
4.9381500e+02	4.8841508e-47
4.9495400e+02	4.9313259e-47
4.9609500e+02	4.9790100e-47
4.9723900e+02	5.0271645e-47
4.9838600e+02	5.0757645e-47
4.9953500e+02	5.1248847e-47
5.0068700e+02	5.1744716e-47
5.0184200e+02	5.2245140e-47
5.0299900e+02	5.2750878e-47
5.0415900e+02	5.3261534e-47
5.0532200e+02	5.3777142e-47
5.0648700e+02	5.4297887e-47
5.0765500e+02	5.4823510e-47
5.0882500e+02	5.5354790e-47
5.0999900e+02	5.5890576e-47
5.1117500e+02	5.6431797e-47
5.1235400e+02	5.6978192e-47
5.1353500e+02	5.7530253e-47
5.1471900e+02	5.8087415e-47
5.1590600e+02	5.8649865e-47
5.1709600e+02	5.9217488e-47
5.1828800e+02	5.9791092e-47
5.1948400e+02	6.0369481e-47
5.2068200e+02	6.0953933e-47
5.2188200e+02	6.1544025e-47
5.2308600e+02	6.2139324e-47
5.2429200e+02	6.2740657e-47
5.2550100e+02	6.3347591e-47
5.2671300e+02	6.3960006e-47
5.2792700e+02	6.4578742e-47
5.2914500e+02	6.5202718e-47
5.3036500e+02	6.5833101e-47
5.3158800e+02	6.6469126e-47
5.3281400e+02	6.7111158e-47
5.3404300e+02	6.7759074e-47
5.3527400e+02	6.8413411e-47
5.3650800e+02	6.9073885e-47
5.3774600e+02	6.9739869e-47
5.3898600e+02	7.0412405e-47
5.4022900e+02	7.1091373e-47
5.4147400e+02	7.1776817e-47
5.4272300e+02	7.2468104e-47
5.4397400e+02	7.3166297e-47
5.4522900e+02	7.3870243e-47
5.4648600e+02	7.4581187e-47
5.4774600e+02	7.5298486e-47
5.4901000e+02	7.6021833e-47
5.5027600e+02	7.6752493e-47
5.5154400e+02	7.7490344e-47
5.5281600e+02	7.8234025e-47
5.5409100e+02	7.8984635e-47
5.5536900e+02	7.9742221e-47
5.5665000e+02	8.0506474e-47
5.5793300e+02	8.1278158e-47
5.5922000e+02	8.2056241e-47
5.6050900e+02	8.2841853e-47
5.6180200e+02	8.3634134e-47
5.6309700e+02	8.4434045e-47
5.6439600e+02	8.5240533e-47
5.6569700e+02	8.6054751e-47
5.6700200e+02	8.6876008e-47
5.6830900e+02	8.7704723e-47
5.6962000e+02	8.8540760e-47
5.7093300e+02	8.9384545e-47
5.7225000e+02	9.0235371e-47
5.7357000e+02	9.1093662e-47
5.7489200e+02	9.1960428e-47
5.7621800e+02	9.2833996e-47
5.7754700e+02	9.3715565e-47
5.7887900e+02	9.4604997e-47
5.8021400e+02	9.5501952e-47
5.8155200e+02	9.6407262e-47
5.8289300e+02	9.7320593e-47
5.8423700e+02	9.8241599e-47
5.8558400e+02	9.9171125e-47
5.8693400e+02	1.0010803e-46
5.8828800e+02	1.0105477e-46
5.8964400e+02	1.0200798e-46
5.9100400e+02	1.0296973e-46
5.9236700e+02	1.0394006e-46
5.9373300e+02	1.0491905e-46
5.9510200e+02	1.0590674e-46
5.9647400e+02	1.0690319e-46
5.9785000e+02	1.0790639e-46
5.9922900e+02	1.0892053e-46
6.0061000e+02	1.0994152e-46
6.0199500e+02	1.1097148e-46
6.0338400e+02	1.1201259e-46
6.0477500e+02	1.1306069e-46
6.0617000e+02	1.1411794e-46
6.0756700e+02	1.1518441e-46
6.0896900e+02	1.1626015e-46
6.1037300e+02	1.1734522e-46
6.1178000e+02	1.1843751e-46
6.1319100e+02	1.1954142e-46
6.1460500e+02	1.2065485e-46
6.1602200e+02	1.2177564e-46
6.1744300e+02	1.2290826e-46
6.1886700e+02	1.2404836e-46
6.2029400e+02	1.2520043e-46
6.2172400e+02	1.2636008e-46
6.2315800e+02	1.2752959e-46
6.2459500e+02	1.2870903e-46
6.2603500e+02	1.2989845e-46
6.2747900e+02	1.3110021e-46
6.2892600e+02	1.3230981e-46
6.3037600e+02	1.3352958e-46
6.3183000e+02	1.3475959e-46
6.3328700e+02	1.3599991e-46
6.3474700e+02	1.3725060e-46
6.3621100e+02	1.3850936e-46
6.3767800e+02	1.3978096e-46
6.3914900e+02	1.4106313e-46
6.4062300e+02	1.4235592e-46
6.4210000e+02	1.4365940e-46
6.4358000e+02	1.4497364e-46
6.4506500e+02	1.4629870e-46
6.4655200e+02	1.4763222e-46
6.4804300e+02	1.4897911e-46
6.4953700e+02	1.5033703e-46
6.5103500e+02	1.5170603e-46
6.5253700e+02	1.5308618e-46
6.5404100e+02	1.5447507e-46
6.5555000e+02	1.5587772e-46
6.5706100e+02	1.5729173e-46
6.5857600e+02	1.5871716e-46
6.6009500e+02	1.6015409e-46
6.6161700e+02	1.6160257e-46
6.6314300e+02	1.6306268e-46
6.6467200e+02	1.6453449e-46
6.6620500e+02	1.6601807e-46
6.6774100e+02	1.6751348e-46
6.6928100e+02	1.6902080e-46
6.7082400e+02	1.7054009e-46
6.7237100e+02	1.7207143e-46
6.7392200e+02	1.7361488e-46
6.7547600e+02	1.7517052e-46
6.7703400e+02	1.7674107e-46
6.7859500e+02	1.7832130e-46
6.8016000e+02	1.7991662e-46
6.8172800e+02	1.8152173e-46
6.8330000e+02	1.8314209e-46
6.8487600e+02	1.8477237e-46
6.8645500e+02	1.8641806e-46
6.8803800e+02	1.8807654e-46
6.8962500e+02	1.8974787e-46
6.9121500e+02	1.9142936e-46
6.9280900e+02	1.9312661e-46
6.9440700e+02	1.9483972e-46
6.9600800e+02	1.9656320e-46
6.9761300e+02	1.9829991e-46
6.9922200e+02	2.0004991e-46
7.0083400e+02	2.0181612e-46
7.0245000e+02	2.0359580e-46
7.0407000e+02	2.0538616e-46
7.0569400e+02	2.0719299e-46
7.0732100e+02	2.0901352e-46
7.0895200e+02	2.1084782e-46
7.1058700e+02	2.1269597e-46
7.1222600e+02	2.1455804e-46
7.1386800e+02	2.1643706e-46
7.1551400e+02	2.1832722e-46
7.1716400e+02	2.2023450e-46
7.1881800e+02	2.2215604e-46
7.2047500e+02	2.2409192e-46
7.2213700e+02	2.2604220e-46
7.2380200e+02	2.2800698e-46
7.2547100e+02	2.2998632e-46
7.2714400e+02	2.3198336e-46
7.2882100e+02	2.3399515e-46
7.3050200e+02	2.3601870e-46
7.3218600e+02	2.3806021e-46
7.3387500e+02	2.4011982e-46
7.3556700e+02	2.4219141e-46
7.3726300e+02	2.4427814e-46
7.3896300e+02	2.4638325e-46
7.4066700e+02	2.4850370e-46
7.4237500e+02	2.5063956e-46
7.4408700e+02	2.5279092e-46
7.4580300e+02	2.5495786e-46
7.4752300e+02	2.5714367e-46
7.4924700e+02	2.5934526e-46
7.5097500e+02	2.6156269e-46
7.5270600e+02	2.6379607e-46
7.5444200e+02	2.6604546e-46
7.5618200e+02	2.6831423e-46
7.5792600e+02	2.7059592e-46
7.5967300e+02	2.7289718e-46
7.6142500e+02	2.7521815e-46
7.6318100e+02	2.7755227e-46
7.6494100e+02	2.7990628e-46
7.6670500e+02	2.8227360e-46
7.6847300e+02	2.8466101e-46
7.7024500e+02	2.8706864e-46
7.7202100e+02	2.8948981e-46
7.7380100e+02	2.9193140e-46
7.7558600e+02	2.9439010e-46
7.7737400e+02	2.9686601e-46
7.7916700e+02	2.9936266e-46
7.8096400e+02	3.0187325e-46
7.8276500e+02	3.0440479e-46
7.8457000e+02	3.0695741e-46
7.8637900e+02	3.0952420e-46
7.8819200e+02	3.1211229e-46
7.9001000e+02	3.1471824e-46
7.9183200e+02	3.1734216e-46
7.9365800e+02	3.1998770e-46
7.9548800e+02	3.2265141e-46
7.9732200e+02	3.2533337e-46
7.9916100e+02	3.2803368e-46
8.0100400e+02	3.3075606e-46
8.0285100e+02	3.3349699e-46
8.0470200e+02	3.3625657e-46
8.0655800e+02	3.3903489e-46
8.0841800e+02	3.4183573e-46
8.1028200e+02	3.4465551e-46
8.1215100e+02	3.4749807e-46
8.1402300e+02	3.5035604e-46
8.1590100e+02	3.5324075e-46
8.1778200e+02	3.5614106e-46
8.1966800e+02	3.5906460e-46
8.2155800e+02	3.6200770e-46
8.2345200e+02	3.6497046e-46
8.2535100e+02	3.6795296e-46
8.2725500e+02	3.7095916e-46
8.2916200e+02	3.7398919e-46
8.3107400e+02	3.7703542e-46
8.3299100e+02	3.8010571e-46
8.3491200e+02	3.8320020e-46
8.3683700e+02	3.8631116e-46
8.3876700e+02	3.8944654e-46
8.4070100e+02	3.9260648e-46
8.4264000e+02	3.9578317e-46
8.4458300e+02	3.9898465e-46
8.4653000e+02	4.0221105e-46
8.4848200e+02	4.0545850e-46
8.5043900e+02	4.0872709e-46
8.5240000e+02	4.1202504e-46
8.5436600e+02	4.1534848e-46
8.5633600e+02	4.1872209e-46
8.5831100e+02	4.2344174e-46
8.6029000e+02	4.2554739e-46
8.6227400e+02	4.2884611e-46
8.6426200e+02	4.3226152e-46
8.6625500e+02	4.3571135e-46
8.6825300e+02	4.3918747e-46
8.7025500e+02	4.4269002e-46
8.7226200e+02	4.4621493e-46
8.7427300e+02	4.4976654e-46
8.7628900e+02	4.5334075e-46
8.7831000e+02	4.5693765e-46
8.8033600e+02	4.6056164e-46
8.8236600e+02	4.6420857e-46
8.8440000e+02	4.6788286e-46
8.8644000e+02	4.7158031e-46
8.8848400e+02	4.7530540e-46
8.9053300e+02	4.7905390e-46
8.9258600e+02	4.8283031e-46
8.9464500e+02	4.8662595e-46
8.9670800e+02	4.9045417e-46
8.9877500e+02	4.9430629e-46
9.0084800e+02	4.9818240e-46
9.0292500e+02	5.0208709e-46
9.0500800e+02	5.0601603e-46
9.0709500e+02	5.0996931e-46
9.0918600e+02	5.1395157e-46
9.1128300e+02	5.1796298e-46
9.1338400e+02	5.2199912e-46
9.1549100e+02	5.2606010e-46
9.1760200e+02	5.3015063e-46
9.1971800e+02	5.3427086e-46
9.2183900e+02	5.3841633e-46
9.2396400e+02	5.4258714e-46
9.2609500e+02	5.4678807e-46
9.2823100e+02	5.5101459e-46
9.3037100e+02	5.5527152e-46
9.3251700e+02	5.5955429e-46
9.3466700e+02	5.6386777e-46
9.3682200e+02	5.6820734e-46
9.3898300e+02	5.7257790e-46
9.4114800e+02	5.7697481e-46
9.4331800e+02	5.8140301e-46
9.4549400e+02	5.8586266e-46
9.4767400e+02	5.9034421e-46
9.4985900e+02	5.9486234e-46
9.5205000e+02	5.9940750e-46
9.5424500e+02	6.0397978e-46
9.5644500e+02	6.0858423e-46
9.5865100e+02	6.1321607e-46
9.6086200e+02	6.1788039e-46
9.6307700e+02	6.2257735e-46
9.6529800e+02	6.2730212e-46
9.6752400e+02	6.3205982e-46
9.6975500e+02	6.3684560e-46
9.7199200e+02	6.4165956e-46
9.7423300e+02	6.4651199e-46
9.7648000e+02	6.5139290e-46
9.7873100e+02	6.5630242e-46
9.8098800e+02	6.6124580e-46
9.8325100e+02	6.6621805e-46
9.8551800e+02	6.7122446e-46
9.8779100e+02	6.7626523e-46
9.9006800e+02	6.8133529e-46
9.9235200e+02	6.8644000e-46
9.9464000e+02	6.9157428e-46
9.9693400e+02	6.9674354e-46
9.9923300e+02	7.0194793e-46
1.0015400e+03	7.0717701e-46
1.0038500e+03	7.1244151e-46
1.0061600e+03	7.1775768e-46
1.0084800e+03	7.2309361e-46
1.0108100e+03	7.2845470e-46
1.0131400e+03	7.3385726e-46
1.0154700e+03	7.3931241e-46
1.0178200e+03	7.4476047e-46
1.0201600e+03	7.5028332e-46
1.0225200e+03	7.5580457e-46
1.0248700e+03	7.6140124e-46
1.0272400e+03	7.6700195e-46
1.0296100e+03	7.7263985e-46
1.0319800e+03	7.7833188e-46
1.0343600e+03	7.8405040e-46
1.0367400e+03	7.8981233e-46
1.0391400e+03	7.9557844e-46
1.0415300e+03	8.0142213e-46
1.0439300e+03	8.0728720e-46
1.0463400e+03	8.1317366e-46
1.0487500e+03	8.1912157e-46
1.0511700e+03	8.2508541e-46
1.0536000e+03	8.3107665e-46
1.0560300e+03	8.3712428e-46
1.0584600e+03	8.4321706e-46
1.0609000e+03	8.4934359e-46
1.0633500e+03	8.5549230e-46
1.0658000e+03	8.6169254e-46
1.0682600e+03	8.6792106e-46
1.0707200e+03	8.7420749e-46
1.0731900e+03	8.8051660e-46
1.0756700e+03	8.8685436e-46
1.0781500e+03	8.9323875e-46
1.0806300e+03	8.9968803e-46
1.0831200e+03	9.0616051e-46
1.0856200e+03	9.1266223e-46
1.0881300e+03	9.1919325e-46
1.0906300e+03	9.2580233e-46
1.0931500e+03	9.3241676e-46
1.0956700e+03	9.3908538e-46
1.0982000e+03	9.4578391e-46
1.1007300e+03	9.5254329e-46
1.1032700e+03	9.5932673e-46
1.1058100e+03	9.6616532e-46
1.1083600e+03	9.7304068e-46
1.1109200e+03	9.7994042e-46
1.1134800e+03	9.8690223e-46
1.1160500e+03	9.9389498e-46
1.1186200e+03	1.0009377e-45
1.1212000e+03	1.0080181e-45
1.1237900e+03	1.0151297e-45
1.1263800e+03	1.0223047e-45
1.1289700e+03	1.0295306e-45
1.1315800e+03	1.0367692e-45
1.1341900e+03	1.0440653e-45
1.1368000e+03	1.0514131e-45
1.1394200e+03	1.0588060e-45
1.1420500e+03	1.0662249e-45
1.1446900e+03	1.0736828e-45
1.1473300e+03	1.0811930e-45
1.1499700e+03	1.0887690e-45
1.1526200e+03	1.0963847e-45
1.1552800e+03	1.1040269e-45
1.1579400e+03	1.1117356e-45
1.1606200e+03	1.1194511e-45
1.1632900e+03	1.1272605e-45
1.1659700e+03	1.1351037e-45
1.1686600e+03	1.1429741e-45
1.1713600e+03	1.1508853e-45
1.1740600e+03	1.1588646e-45
1.1767700e+03	1.1668714e-45
1.1794800e+03	1.1749539e-45
1.1822000e+03	1.1830642e-45
1.1849300e+03	1.1912162e-45
1.1876600e+03	1.1994308e-45
1.1904000e+03	1.2076876e-45
1.1931400e+03	1.2160076e-45
1.1958900e+03	1.2243701e-45
1.1986500e+03	1.2327683e-45
1.2014200e+03	1.2411952e-45
1.2041900e+03	1.2497003e-45
1.2069600e+03	1.2582699e-45
1.2097500e+03	1.2668474e-45
1.2125400e+03	1.2754969e-45
1.2153300e+03	1.2842189e-45
1.2181300e+03	1.2929778e-45
1.2209400e+03	1.3017808e-45
1.2237600e+03	1.3106138e-45
1.2265800e+03	1.3195202e-45
1.2294100e+03	1.3284713e-45
1.2322400e+03	1.3374966e-45
1.2350900e+03	1.3465304e-45
1.2379300e+03	1.3556903e-45
1.2407900e+03	1.3707766e-45
1.2436500e+03	1.3740515e-45
1.2465200e+03	1.3832895e-45
1.2493900e+03	1.3926182e-45
1.2522700e+03	1.4020007e-45
1.2551600e+03	1.4114147e-45
1.2580600e+03	1.4208753e-45
1.2609600e+03	1.4304129e-45
1.2638600e+03	1.4400279e-45
1.2667800e+03	1.4496523e-45
1.2697000e+03	1.4593546e-45
1.2726300e+03	1.4690969e-45
1.2755600e+03	1.4789255e-45
1.2785000e+03	1.4887945e-45
1.2814500e+03	1.4987041e-45
1.2844100e+03	1.5086699e-45
1.2873700e+03	1.5187077e-45
1.2903400e+03	1.5287865e-45
1.2933100e+03	1.5389615e-45
1.2963000e+03	1.5491309e-45
1.2992900e+03	1.5593890e-45
1.3022800e+03	1.5697286e-45
1.3052800e+03	1.5801182e-45
1.3082900e+03	1.5905500e-45
1.3113100e+03	1.6010322e-45
1.3143400e+03	1.6115648e-45
1.3173700e+03	1.6221723e-45
1.3204000e+03	1.6328711e-45
1.3234500e+03	1.6435889e-45
1.3265000e+03	1.6543743e-45
1.3295600e+03	1.6652276e-45
1.3326300e+03	1.6761164e-45
1.3357000e+03	1.6871063e-45
1.3387800e+03	1.6981322e-45
1.3418700e+03	1.7092106e-45
1.3449600e+03	1.7203830e-45
1.3480600e+03	1.7316085e-45
1.3511700e+03	1.7428788e-45
1.3542900e+03	1.7542108e-45
1.3574100e+03	1.7656216e-45
1.3605400e+03	1.7770862e-45
1.3636800e+03	1.7886048e-45
1.3668200e+03	1.8002200e-45
1.3699700e+03	1.8118814e-45
1.3731300e+03	1.8235975e-45
1.3763000e+03	1.8353684e-45
1.3794700e+03	1.8472288e-45
1.3826500e+03	1.8591533e-45
1.3858400e+03	1.8711248e-45
1.3890400e+03	1.8831521e-45
1.3922400e+03	1.8952788e-45
1.3954500e+03	1.9074620e-45
1.3986700e+03	1.9196929e-45
1.4019000e+03	1.9319893e-45
1.4051300e+03	1.9443778e-45
1.4083700e+03	1.9568237e-45
1.4116200e+03	1.9693270e-45
1.4148700e+03	1.9819325e-45
1.4181300e+03	1.9945960e-45
1.4214000e+03	2.0073088e-45
1.4246800e+03	2.0200890e-45
1.4279700e+03	2.0329277e-45
1.4312600e+03	2.0458615e-45
1.4345600e+03	2.0588634e-45
1.4378700e+03	2.0719156e-45
1.4411800e+03	2.0850822e-45
1.4445100e+03	2.0982629e-45
1.4478400e+03	2.1115587e-45
1.4511800e+03	2.1248965e-45
1.4545200e+03	2.1383503e-45
1.4578800e+03	2.1518187e-45
1.4612400e+03	2.1653945e-45
1.4646100e+03	2.1790317e-45
1.4679900e+03	2.1927398e-45
1.4713700e+03	2.2065379e-45
1.4747700e+03	2.2203792e-45
1.4781700e+03	2.2343111e-45
1.4815700e+03	2.2483624e-45
1.4849900e+03	2.2624292e-45
1.4884200e+03	2.2765685e-45
1.4918500e+03	2.2908093e-45
1.4952900e+03	2.3051233e-45
1.4987400e+03	2.3195012e-45
1.5021900e+03	2.3339914e-45
1.5056600e+03	2.3485073e-45
1.5091300e+03	2.3631363e-45
1.5126100e+03	2.3778302e-45
1.5161000e+03	2.3925990e-45
1.5195900e+03	2.4074724e-45
1.5231000e+03	2.4223820e-45
1.5266100e+03	2.4374068e-45
1.5301300e+03	2.4524978e-45
1.5336600e+03	2.4676553e-45
1.5371900e+03	2.4829292e-45
1.5407400e+03	2.4982403e-45
1.5442900e+03	2.5136686e-45
1.5478500e+03	2.5291646e-45
1.5514200e+03	2.5447283e-45
1.5550000e+03	2.5603802e-45
1.5585900e+03	2.5760903e-45
1.5621800e+03	2.5919299e-45
1.5657800e+03	2.6078487e-45
1.5693900e+03	2.6238470e-45
1.5730100e+03	2.6399250e-45
1.5766400e+03	2.6567221e-45
1.5802800e+03	2.6722800e-45
1.5839200e+03	2.6886195e-45
1.5875700e+03	2.7050401e-45
1.5912300e+03	2.7215420e-45
1.5949000e+03	2.7381149e-45
1.5985800e+03	2.7547697e-45
1.6022700e+03	2.7715171e-45
1.6059600e+03	2.7883786e-45
1.6096700e+03	2.8052806e-45
1.6133800e+03	2.8223081e-45
1.6171000e+03	2.8394085e-45
1.6208300e+03	2.8566032e-45
1.6245600e+03	2.8739249e-45
1.6283100e+03	2.8912774e-45
1.6320700e+03	2.9087146e-45
1.6358300e+03	2.9262907e-45
1.6396000e+03	2.9439523e-45
1.6433800e+03	2.9616888e-45
1.6471700e+03	2.9795222e-45
1.6509700e+03	2.9974311e-45
1.6547800e+03	3.0154266e-45
1.6585900e+03	3.0335641e-45
1.6624200e+03	3.0517338e-45
1.6662500e+03	3.0700465e-45
1.6700900e+03	3.0884472e-45
1.6739500e+03	3.1068919e-45
1.6778100e+03	3.1254697e-45
1.6816700e+03	3.1441813e-45
1.6855500e+03	3.1629376e-45
1.6894400e+03	3.1817948e-45
1.6933400e+03	3.2007306e-45
1.6972400e+03	3.2198134e-45
1.7011500e+03	3.2389985e-45
1.7050800e+03	3.2582177e-45
1.7090100e+03	3.2775625e-45
1.7129500e+03	3.2970334e-45
1.7169000e+03	3.3165851e-45
1.7208600e+03	3.3362176e-45
1.7248300e+03	3.3559776e-45
1.7288000e+03	3.3758656e-45
1.7327900e+03	3.3958008e-45
1.7367900e+03	3.4158297e-45
1.7407900e+03	3.4360113e-45
1.7448100e+03	3.4562406e-45
1.7488300e+03	3.4766236e-45
1.7528600e+03	3.4971020e-45
1.7569000e+03	3.5176880e-45
1.7609600e+03	3.5383106e-45
1.7650200e+03	3.5591008e-45
1.7690900e+03	3.5799879e-45
1.7731700e+03	3.6009841e-45
1.7772600e+03	3.6220657e-45
1.7813500e+03	3.6433175e-45
1.7854600e+03	3.6646194e-45
1.7895800e+03	3.6860198e-45
1.7937100e+03	3.7075312e-45
1.7978400e+03	3.7292029e-45
1.8019900e+03	3.7509133e-45
1.8061400e+03	3.7728095e-45
1.8103100e+03	3.7947325e-45
1.8144800e+03	3.8168425e-45
1.8186700e+03	3.8390044e-45
1.8228600e+03	3.8613050e-45
1.8270600e+03	3.8837450e-45
1.8312800e+03	3.9062375e-45
1.8355000e+03	3.9288827e-45
1.8397300e+03	3.9516436e-45
1.8439800e+03	3.9744703e-45
1.8482300e+03	3.9974639e-45
1.8524900e+03	4.0205618e-45
1.8567600e+03	4.0437898e-45
1.8610400e+03	4.0671231e-45
1.8653400e+03	4.0905234e-45
1.8696400e+03	4.1140935e-45
1.8739500e+03	4.1377700e-45
1.8782700e+03	4.1615788e-45
1.8826000e+03	4.1854948e-45
1.8869400e+03	4.2095442e-45
1.8912900e+03	4.2337015e-45
1.8956500e+03	4.2579932e-45
1.9000300e+03	4.2823674e-45
1.9044100e+03	4.3068638e-45
1.9088000e+03	4.3315089e-45
1.9132000e+03	4.3562772e-45
1.9176100e+03	4.3811691e-45
1.9220300e+03	4.4061982e-45
1.9264700e+03	4.4312853e-45
1.9309100e+03	4.4565638e-45
1.9353600e+03	4.4819544e-45
1.9398300e+03	4.5074305e-45
1.9443000e+03	4.5330730e-45
1.9487800e+03	4.5588694e-45
1.9532800e+03	4.5847118e-45
1.9577800e+03	4.6107631e-45
1.9622900e+03	4.6369426e-45
1.9668200e+03	4.6631827e-45
1.9713600e+03	4.6895652e-45
1.9759000e+03	4.7161457e-45
1.9804600e+03	4.7427877e-45
1.9850200e+03	4.7696289e-45
1.9896000e+03	4.7965459e-45
1.9941900e+03	4.8236081e-45
1.9987900e+03	4.8508021e-45
2.0034000e+03	4.8781285e-45
2.0080200e+03	4.9055876e-45
2.0126500e+03	4.9331940e-45
2.0172900e+03	4.9609484e-45
2.0219400e+03	4.9888370e-45
2.0266000e+03	5.0168606e-45
2.0312800e+03	5.0449768e-45
2.0359600e+03	5.0732998e-45
2.0406600e+03	5.1017020e-45
2.0453600e+03	5.1302982e-45
2.0500800e+03	5.1589886e-45
2.0548100e+03	5.1878167e-45
2.0595400e+03	5.2168551e-45
2.0642900e+03	5.2459890e-45
2.0690500e+03	5.2752622e-45
2.0738300e+03	5.3046313e-45
2.0786100e+03	5.3342135e-45
2.0834000e+03	5.3639511e-45
2.0882100e+03	5.3937567e-45
2.0930200e+03	5.4237775e-45
2.0978500e+03	5.4539111e-45
2.1026900e+03	5.4841875e-45
2.1075300e+03	5.5146961e-45
2.1123900e+03	5.5452894e-45
2.1172700e+03	5.5759673e-45
2.1221500e+03	5.6068796e-45
2.1270400e+03	5.6379374e-45
2.1319500e+03	5.6690961e-45
2.1368600e+03	5.7004765e-45
2.1417900e+03	5.7319587e-45
2.1467300e+03	5.7636186e-45
2.1516800e+03	5.7954115e-45
2.1566400e+03	5.8273986e-45
2.1616100e+03	5.8595198e-45
2.1666000e+03	5.8917599e-45
2.1716000e+03	5.9241654e-45
2.1766000e+03	5.9567987e-45
2.1816200e+03	5.9895371e-45
2.1866500e+03	6.0224429e-45
2.1917000e+03	6.0554544e-45
2.1967500e+03	6.0887121e-45
2.2018200e+03	6.1220609e-45
2.2068900e+03	6.1556578e-45
2.2119800e+03	6.1893623e-45
2.2170800e+03	6.2232377e-45
2.2222000e+03	6.2572213e-45
2.2273200e+03	6.2914562e-45
2.2324600e+03	6.3258003e-45
2.2376000e+03	6.3603975e-45
2.2427600e+03	6.3950889e-45
2.2479400e+03	6.4298908e-45
2.2531200e+03	6.4649640e-45
2.2583200e+03	6.5001810e-45
2.2635200e+03	6.5355583e-45
2.2687400e+03	6.5711127e-45
2.2739700e+03	6.6068448e-45
2.2792200e+03	6.6426901e-45
2.2844700e+03	6.6787958e-45
2.2897400e+03	6.7150158e-45
2.2950200e+03	6.7514323e-45
2.3003100e+03	6.7880462e-45
2.3056200e+03	6.8247756e-45
2.3109400e+03	6.8616869e-45
2.3162700e+03	6.8987975e-45
2.3216100e+03	6.9361081e-45
2.3269600e+03	6.9736195e-45
2.3323300e+03	7.0112320e-45
2.3377000e+03	7.0491473e-45
2.3431000e+03	7.0870974e-45
2.3485000e+03	7.1253182e-45
2.3539100e+03	7.1637603e-45
2.3593400e+03	7.2023228e-45
2.3647800e+03	7.2410739e-45
2.3702400e+03	7.2799631e-45
2.3757000e+03	7.3191447e-45
2.3811800e+03	7.3584486e-45
2.3866700e+03	7.3979781e-45
2.3921700e+03	7.4376998e-45
2.3976900e+03	7.4775624e-45
2.4032200e+03	7.5176356e-45
2.4087600e+03	7.5579203e-45
2.4143200e+03	7.5983474e-45
2.4198800e+03	7.6390572e-45
2.4254600e+03	7.6799108e-45
2.4310600e+03	7.7209084e-45
2.4366600e+03	7.7622091e-45
2.4422800e+03	7.8036199e-45
2.4479100e+03	7.8452826e-45
2.4535600e+03	7.8870918e-45
2.4592200e+03	7.9291189e-45
2.4648900e+03	7.9713469e-45
2.4705700e+03	8.0138304e-45
2.4762700e+03	8.0564627e-45
2.4819800e+03	8.0992980e-45
2.4877000e+03	8.1423733e-45
2.4934400e+03	8.1856171e-45
2.4991900e+03	8.2290842e-45
2.5049500e+03	8.2727756e-45
2.5107300e+03	8.3166375e-45
2.5165200e+03	8.3607250e-45
2.5223200e+03	8.4050574e-45
2.5281400e+03	8.4495438e-45
2.5339700e+03	8.4942582e-45
2.5398100e+03	8.5392200e-45
2.5456700e+03	8.5843560e-45
2.5515400e+03	8.6297226e-45
2.5574200e+03	8.6753204e-45
2.5633200e+03	8.7211131e-45
2.5692300e+03	8.7671387e-45
2.5751600e+03	8.8133230e-45
2.5810900e+03	8.8598545e-45
2.5870500e+03	8.9064708e-45
2.5930100e+03	8.9534175e-45
2.5989900e+03	9.0005256e-45
2.6049900e+03	9.0478144e-45
2.6109900e+03	9.0954560e-45
2.6170100e+03	9.1432418e-45
2.6230500e+03	9.1912295e-45
2.6291000e+03	9.2394773e-45
2.6351600e+03	9.2879864e-45
2.6412400e+03	9.3366805e-45
2.6473300e+03	9.3856181e-45
2.6534300e+03	9.4348391e-45
2.6595500e+03	9.4842278e-45
2.6656800e+03	9.5338821e-45
2.6718300e+03	9.5837443e-45
2.6779900e+03	9.6338740e-45
2.6841700e+03	9.6841935e-45
2.6903600e+03	9.7347822e-45
2.6965600e+03	9.7856412e-45
2.7027800e+03	9.8367121e-45
2.7090100e+03	9.8880352e-45
2.7152600e+03	9.9395716e-45
2.7215200e+03	9.9913819e-45
2.7278000e+03	1.0043447e-44
2.7340900e+03	1.0095628e-44
2.7403900e+03	1.0148346e-44
2.7467100e+03	1.0201000e-44
2.7530400e+03	1.0253993e-44
2.7593900e+03	1.0307326e-44
2.7657600e+03	1.0361001e-44
2.7721300e+03	1.0414611e-44
2.7785300e+03	1.0468768e-44
2.7849300e+03	1.0523067e-44
2.7913600e+03	1.0577505e-44
2.7977900e+03	1.0632497e-44
2.8042400e+03	1.0687424e-44
2.8107100e+03	1.0742908e-44
2.8171900e+03	1.0798327e-44
2.8236900e+03	1.0854306e-44
2.8302000e+03	1.0910429e-44
2.8367300e+03	1.0966907e-44
2.8432700e+03	1.1023530e-44
2.8498300e+03	1.1080299e-44
2.8564000e+03	1.1137636e-44
2.8629800e+03	1.1195121e-44
2.8695900e+03	1.1252754e-44
2.8762000e+03	1.1310748e-44
2.8828400e+03	1.1369104e-44
2.8894800e+03	1.1427610e-44
2.8961500e+03	1.1486481e-44
2.9028300e+03	1.1545503e-44
2.9095200e+03	1.1604891e-44
2.9162300e+03	1.1664648e-44
2.9229500e+03	1.1724558e-44
2.9296900e+03	1.1784839e-44
2.9364500e+03	1.1845275e-44
2.9432200e+03	1.1906083e-44
2.9500100e+03	1.1967047e-44
2.9568100e+03	1.2028386e-44
2.9636300e+03	1.2090102e-44
2.9704600e+03	1.2152196e-44
2.9773100e+03	1.2214228e-44
2.9841800e+03	1.2276862e-44
2.9910600e+03	1.2339655e-44
2.9979600e+03	1.2402831e-44
3.0048700e+03	1.2466169e-44
3.0118000e+03	1.2529892e-44
3.0187500e+03	1.2594002e-44
3.0257100e+03	1.2658275e-44
3.0326800e+03	1.2722938e-44
3.0396800e+03	1.2787765e-44
3.0466900e+03	1.2852984e-44
3.0537100e+03	1.2918596e-44
3.0607600e+03	1.2984375e-44
3.0678100e+03	1.3050549e-44
3.0748900e+03	1.3116892e-44
3.0819800e+03	1.3183862e-44
3.0890900e+03	1.3250773e-44
3.0962100e+03	1.3318314e-44
3.1033500e+03	1.3386027e-44
3.1105100e+03	1.3453912e-44
3.1176800e+03	1.3522434e-44
3.1248700e+03	1.3591130e-44
3.1320700e+03	1.3659999e-44
3.1393000e+03	1.3729278e-44
3.1465400e+03	1.3798966e-44
3.1537900e+03	1.3869066e-44
3.1610600e+03	1.3939344e-44
3.1683500e+03	1.4009800e-44
3.1756600e+03	1.4080908e-44
3.1829800e+03	1.4152195e-44
3.1903200e+03	1.4223663e-44
3.1976800e+03	1.4295789e-44
3.2050500e+03	1.4368098e-44
3.2124400e+03	1.4440589e-44
3.2198500e+03	1.4513744e-44
3.2272800e+03	1.4586842e-44
3.2347200e+03	1.4660609e-44
3.2421800e+03	1.4734561e-44
3.2496600e+03	1.4808943e-44
3.2571500e+03	1.4883756e-44
3.2646600e+03	1.4958758e-44
3.2721900e+03	1.5034193e-44
3.2797300e+03	1.5109818e-44
3.2873000e+03	1.5185879e-44
3.2948800e+03	1.5262379e-44
3.3024800e+03	1.5339318e-44
3.3100900e+03	1.5416451e-44
3.3177200e+03	1.5494026e-44
3.3253700e+03	1.5571795e-44
3.3330400e+03	1.5650260e-44
3.3407300e+03	1.5728671e-44
3.3484300e+03	1.5807781e-44
3.3561500e+03	1.5887090e-44
3.3638900e+03	1.5966850e-44
3.3716500e+03	1.6047062e-44
3.3794300e+03	1.6127476e-44
3.3872200e+03	1.6208345e-44
3.3950300e+03	1.6289672e-44
3.4028600e+03	1.6371203e-44
3.4107100e+03	1.6453193e-44
3.4185700e+03	1.6535645e-44
3.4264500e+03	1.6618304e-44
3.4343600e+03	1.6701427e-44
3.4422800e+03	1.6785016e-44
3.4502100e+03	1.6869074e-44
3.4581700e+03	1.6953342e-44
3.4661400e+03	1.7038081e-44
3.4741400e+03	1.7123293e-44
3.4821500e+03	1.7208717e-44
3.4901800e+03	1.7294617e-44
3.4982300e+03	1.7380995e-44
3.5062900e+03	1.7467587e-44
3.5143800e+03	1.7554660e-44
3.5224800e+03	1.7642215e-44
3.5306100e+03	1.7730254e-44
3.5387500e+03	1.7818512e-44
3.5469100e+03	1.7907257e-44
3.5550900e+03	1.7996491e-44
3.5632900e+03	1.8086215e-44
3.5715000e+03	1.8176163e-44
3.5797400e+03	1.8266604e-44
3.5879900e+03	1.8357269e-44
3.5962700e+03	1.8448702e-44
3.6045600e+03	1.8540363e-44
3.6128700e+03	1.8632523e-44
3.6212000e+03	1.8724912e-44
3.6295500e+03	1.8818078e-44
3.6379200e+03	1.8911475e-44
3.6463100e+03	1.9005380e-44
3.6547200e+03	1.9099516e-44
3.6631500e+03	1.9194163e-44
3.6716000e+03	1.9289321e-44
3.6800600e+03	1.9384993e-44
3.6885500e+03	1.9481181e-44
3.6970600e+03	1.9577606e-44
3.7055800e+03	1.9674551e-44
3.7141300e+03	1.9772016e-44
3.7226900e+03	1.9869722e-44
3.7312800e+03	1.9968233e-44
3.7398800e+03	2.0066989e-44
3.7485000e+03	2.0166272e-44
3.7571500e+03	2.0265800e-44
3.7658100e+03	2.0366144e-44
3.7745000e+03	2.0466736e-44
3.7832000e+03	2.0567862e-44
3.7919200e+03	2.0669238e-44
3.8006700e+03	2.0771439e-44
3.8094300e+03	2.0873892e-44
3.8182200e+03	2.0976888e-44
3.8270200e+03	2.1080426e-44
3.8358500e+03	2.1184220e-44
3.8446900e+03	2.1288561e-44
3.8535600e+03	2.1393743e-44
3.8624400e+03	2.1498891e-44
3.8713500e+03	2.1604884e-44
3.8802800e+03	2.1711433e-44
3.8892300e+03	2.1818244e-44
3.8982000e+03	2.1925613e-44
3.9071800e+03	2.2033543e-44
3.9161900e+03	2.2141738e-44
3.9252300e+03	2.2250794e-44
3.9342800e+03	2.2360118e-44
3.9433500e+03	2.2470010e-44
3.9524400e+03	2.2580472e-44
3.9615600e+03	2.2691204e-44
3.9706900e+03	2.2802812e-44
3.9798500e+03	2.2914693e-44
3.9890300e+03	2.3027152e-44
3.9982300e+03	2.3140190e-44
4.0074500e+03	2.3253810e-44
4.0166900e+03	2.3367708e-44
4.0259500e+03	2.3482498e-44
4.0352300e+03	2.3597568e-44
4.0445400e+03	2.3713228e-44
4.0538700e+03	2.3829479e-44
4.0632100e+03	2.3946015e-44
4.0725800e+03	2.4063455e-44
4.0819700e+03	2.4181183e-44
4.0913900e+03	2.4299510e-44
4.1008200e+03	2.4418438e-44
4.1102800e+03	2.4537969e-44
4.1197600e+03	2.4657793e-44
4.1292600e+03	2.4778538e-44
4.1387800e+03	2.4899578e-44
4.1483200e+03	2.5021229e-44
4.1578900e+03	2.5143493e-44
4.1674800e+03	2.5266374e-44
4.1770900e+03	2.5389873e-44
4.1867200e+03	2.5513673e-44
4.1963800e+03	2.5638414e-44
4.2060500e+03	2.5763460e-44
4.2157500e+03	2.5889132e-44
4.2254700e+03	2.6015432e-44
4.2352200e+03	2.6142363e-44
4.2449800e+03	2.6269926e-44
4.2547700e+03	2.6397801e-44
4.2645800e+03	2.6526637e-44
4.2744200e+03	2.6655787e-44
4.2842700e+03	2.6785578e-44
4.2941500e+03	2.6916012e-44
4.3040600e+03	2.7047092e-44
4.3139800e+03	2.7178820e-44
4.3239300e+03	2.7311198e-44
4.3339000e+03	2.7443898e-44
4.3438900e+03	2.7577584e-44
4.3539100e+03	2.7711595e-44
4.3639500e+03	2.7846264e-44
4.3740200e+03	2.7981595e-44
4.3841000e+03	2.8117588e-44
4.3942100e+03	2.8254248e-44
4.4043400e+03	2.8391576e-44
4.4145000e+03	2.8529575e-44
4.4246800e+03	2.8667908e-44
4.4348800e+03	2.8807255e-44
4.4451100e+03	2.8946939e-44
4.4553600e+03	2.9087644e-44
4.4656400e+03	2.9228689e-44
4.4759300e+03	2.9370419e-44
4.4862600e+03	2.9512835e-44
4.4966000e+03	2.9655940e-44
4.5069700e+03	2.9799736e-44
4.5173600e+03	2.9944226e-44
4.5277800e+03	3.0089412e-44
4.5382200e+03	3.0234950e-44
4.5486900e+03	3.0381536e-44
4.5591800e+03	3.0528826e-44
4.5696900e+03	3.0676472e-44
4.5802300e+03	3.0824825e-44
4.5907900e+03	3.0974240e-44
4.6013800e+03	3.1124016e-44
4.6119900e+03	3.1274508e-44
4.6226200e+03	3.1425717e-44
4.6332800e+03	3.1578001e-44
4.6439700e+03	3.1730653e-44
4.6546700e+03	3.1884031e-44
4.6654100e+03	3.2038136e-44
4.6761700e+03	3.2192972e-44
4.6869500e+03	3.2348181e-44
4.6977600e+03	3.2504484e-44
4.7085900e+03	3.2661526e-44
4.7194500e+03	3.2819308e-44
4.7303300e+03	3.2977834e-44
4.7412400e+03	3.3136741e-44
4.7521700e+03	3.3296761e-44
4.7631300e+03	3.3457531e-44
4.7741200e+03	3.3618689e-44
4.7851300e+03	3.3780970e-44
4.7961600e+03	3.3943641e-44
4.8072200e+03	3.4107441e-44
4.8183100e+03	3.4271636e-44
4.8294200e+03	3.4436967e-44
4.8405500e+03	3.4602696e-44
4.8517200e+03	3.4769569e-44
4.8629000e+03	3.4936843e-44
4.8741200e+03	3.5105268e-44
4.8853600e+03	3.5274099e-44
4.8966200e+03	3.5444087e-44
4.9079100e+03	3.5614484e-44
4.9192300e+03	3.5786046e-44
4.9305800e+03	3.5958020e-44
4.9419500e+03	3.6131167e-44
4.9533400e+03	3.6305111e-44
4.9647600e+03	3.6479472e-44
4.9762100e+03	3.6655017e-44
4.9876900e+03	3.6830983e-44
4.9991900e+03	3.7008141e-44
5.0107200e+03	3.7185723e-44
5.0222700e+03	3.7364503e-44
5.0338500e+03	3.7544100e-44
5.0454600e+03	3.7724516e-44
5.0571000e+03	3.7905364e-44
5.0687600e+03	3.8087426e-44
5.0804500e+03	3.8270314e-44
5.0921600e+03	3.8454033e-44
5.1039100e+03	3.8638585e-44
5.1156800e+03	3.8823973e-44
5.1274700e+03	3.9010200e-44
5.1393000e+03	3.9197268e-44
5.1511500e+03	3.9385181e-44
5.1630300e+03	3.9573941e-44
5.1749300e+03	3.9763550e-44
5.1868700e+03	3.9954413e-44
5.1988300e+03	4.0145732e-44
5.2108100e+03	4.0337911e-44
5.2228300e+03	4.0531353e-44
5.2348700e+03	4.0725662e-44
5.2469500e+03	4.0920435e-44
5.2590500e+03	4.1116484e-44
5.2711700e+03	4.1313408e-44
5.2833300e+03	4.1511210e-44
5.2955100e+03	4.1709893e-44
5.3077200e+03	4.1909460e-44
5.3199600e+03	4.2109913e-44
5.3322300e+03	4.2311256e-44
5.3445300e+03	4.2513491e-44
5.3568500e+03	4.2717036e-44
5.3692000e+03	4.2921066e-44
5.3815900e+03	4.3126414e-44
5.3940000e+03	4.3332667e-44
5.4064300e+03	4.3539830e-44
5.4189000e+03	4.3747487e-44
5.4314000e+03	4.3956896e-44
5.4439200e+03	4.4166805e-44
5.4564800e+03	4.4377636e-44
5.4690600e+03	4.4589390e-44
5.4816700e+03	4.4802496e-44
5.4943100e+03	4.5016533e-44
5.5069800e+03	4.5231506e-44
5.5196800e+03	4.5446991e-44
5.5324100e+03	4.5664271e-44
5.5451700e+03	4.5882068e-44
5.5579500e+03	4.6100814e-44
5.5707700e+03	4.6320940e-44
5.5836200e+03	4.6541590e-44
5.5964900e+03	4.6763630e-44
5.6094000e+03	4.6986632e-44
5.6223300e+03	4.7210598e-44
5.6353000e+03	4.7435533e-44
5.6482900e+03	4.7661876e-44
5.6613200e+03	4.7888757e-44
5.6743700e+03	4.8117055e-44
5.6874600e+03	4.8346335e-44
5.7005700e+03	4.8576601e-44
5.7137200e+03	4.8807856e-44
5.7269000e+03	4.9040102e-44
5.7401000e+03	4.9273789e-44
5.7533400e+03	4.9508475e-44
5.7666100e+03	4.9744165e-44
5.7799000e+03	4.9980862e-44
5.7932300e+03	5.0218569e-44
5.8065900e+03	5.0457738e-44
5.8199800e+03	5.0697476e-44
5.8334000e+03	5.0938684e-44
5.8468500e+03	5.1180918e-44
5.8603400e+03	5.1424633e-44
5.8738500e+03	5.1668927e-44
5.8874000e+03	5.1914711e-44
5.9009700e+03	5.2161535e-44
5.9145800e+03	5.2409403e-44
5.9282200e+03	5.2658776e-44
5.9418900e+03	5.2908740e-44
5.9555900e+03	5.3160219e-44
5.9693300e+03	5.3412757e-44
5.9830900e+03	5.3666356e-44
5.9968900e+03	5.3921484e-44
6.0107200e+03	5.4177218e-44
6.0245800e+03	5.4434489e-44
6.0384700e+03	5.4693306e-44
6.0524000e+03	5.4952736e-44
6.0663500e+03	5.5213721e-44
6.0803400e+03	5.5475794e-44
6.0943600e+03	5.5738960e-44
6.1084200e+03	5.6003222e-44
6.1225000e+03	5.6269059e-44
6.1366200e+03	5.6536000e-44
6.1507700e+03	5.6804049e-44
6.1649600e+03	5.7073688e-44
6.1791700e+03	5.7344444e-44
6.1934200e+03	5.7616321e-44
6.2077000e+03	5.7889322e-44
6.2220200e+03	5.8163934e-44
6.2363700e+03	5.8439195e-44
6.2507500e+03	5.8716559e-44
6.2651600e+03	5.8994581e-44
6.2796100e+03	5.9274232e-44
6.2940900e+03	5.9555034e-44
6.3086000e+03	5.9836987e-44
6.3231500e+03	6.0120588e-44
6.3377300e+03	6.0405351e-44
6.3523500e+03	6.0691279e-44
6.3670000e+03	6.0978870e-44
6.3816800e+03	6.1267140e-44
6.3964000e+03	6.1557580e-44
6.4111500e+03	6.1848706e-44
6.4259300e+03	6.2141516e-44
6.4407500e+03	6.2435517e-44
6.4556000e+03	6.2731213e-44
6.4704900e+03	6.3027609e-44
6.4854100e+03	6.3325709e-44
6.5003600e+03	6.3625522e-44
6.5153500e+03	6.3926549e-44
6.5303800e+03	6.4228792e-44
6.5454400e+03	6.4532257e-44
6.5605300e+03	6.4837455e-44
6.5756600e+03	6.5143884e-44
6.5908200e+03	6.5452059e-44
6.6060200e+03	6.5761474e-44
6.6212600e+03	6.6072132e-44
6.6365200e+03	6.6384553e-44
6.6518300e+03	6.6698228e-44
6.6671700e+03	6.7013159e-44
6.6825400e+03	6.7329870e-44
6.6979500e+03	6.7647848e-44
6.7134000e+03	6.7967618e-44
6.7288800e+03	6.8288665e-44
6.7443900e+03	6.8610992e-44
6.7599500e+03	6.8935128e-44
6.7755400e+03	6.9260554e-44
6.7911600e+03	6.9587274e-44
6.8068200e+03	6.9915821e-44
6.8225200e+03	7.0245672e-44
6.8382500e+03	7.0577361e-44
6.8540200e+03	7.0910364e-44
6.8698200e+03	7.1245219e-44
6.8856700e+03	7.1581397e-44
6.9015400e+03	7.1918903e-44
6.9174600e+03	7.2258278e-44
6.9334100e+03	7.2598991e-44
6.9494000e+03	7.2941586e-44
6.9654300e+03	7.3285528e-44
6.9814900e+03	7.3630823e-44
6.9975900e+03	7.3978016e-44
7.0137200e+03	7.4327117e-44
7.0299000e+03	7.4677586e-44
7.0461100e+03	7.5029427e-44
7.0623600e+03	7.5383194e-44
7.0786400e+03	7.5738342e-44
7.0949700e+03	7.6095429e-44
7.1113300e+03	7.6453909e-44
7.1277300e+03	7.6813785e-44
7.1441600e+03	7.7175618e-44
7.1606400e+03	7.7539415e-44
7.1771500e+03	7.7904625e-44
7.1937000e+03	7.8271253e-44
7.2102900e+03	7.8639863e-44
7.2269200e+03	7.9010464e-44
7.2435800e+03	7.9382499e-44
7.2602800e+03	7.9755973e-44
7.2770300e+03	8.0131456e-44
7.2938100e+03	8.0508955e-44
7.3106300e+03	8.0887910e-44
7.3274900e+03	8.1268326e-44
7.3443800e+03	8.1650777e-44
7.3613200e+03	8.2035271e-44
7.3782900e+03	8.2421242e-44
7.3953100e+03	8.2809271e-44
7.4123600e+03	8.3198787e-44
7.4294600e+03	8.3589796e-44
7.4465900e+03	8.3983460e-44
7.4637600e+03	8.4378049e-44
7.4809700e+03	8.4775310e-44
7.4982200e+03	8.5173504e-44
7.5155100e+03	8.5574386e-44
7.5328400e+03	8.5976796e-44
7.5502200e+03	8.6380737e-44
7.5676300e+03	8.6786803e-44
7.5850800e+03	8.7195003e-44
7.6025700e+03	8.7604752e-44
7.6201000e+03	8.8016649e-44
7.6376700e+03	8.8430106e-44
7.6552800e+03	8.8845725e-44
7.6729400e+03	8.9262915e-44
7.6906300e+03	8.9682281e-44
7.7083700e+03	9.0103830e-44
7.7261400e+03	9.0526969e-44
7.7439600e+03	9.0952306e-44
7.7618200e+03	9.1379244e-44
7.7797100e+03	9.1808394e-44
7.7976500e+03	9.2239764e-44
7.8156400e+03	9.2672754e-44
7.8336600e+03	9.3107978e-44
7.8517200e+03	9.3545446e-44
7.8698300e+03	9.3984552e-44
7.8879800e+03	9.4425915e-44
7.9061700e+03	9.4868928e-44
7.9244000e+03	9.5314213e-44
7.9426700e+03	9.5761778e-44
7.9609900e+03	9.6211012e-44
7.9793500e+03	9.6662541e-44
7.9977500e+03	9.7116373e-44
8.0161900e+03	9.7571893e-44
8.0346800e+03	9.8029731e-44
8.0532000e+03	9.8489269e-44
8.0717700e+03	9.8951139e-44
8.0903900e+03	9.9415351e-44
8.1090400e+03	9.9881914e-44
8.1277400e+03	1.0035020e-43
8.1464900e+03	1.0082086e-43
8.1652700e+03	1.0129388e-43
8.1841000e+03	1.0176866e-43
8.2029700e+03	1.0224582e-43
8.2218900e+03	1.0272538e-43
8.2408500e+03	1.0320670e-43
8.2598500e+03	1.0369044e-43
8.2789000e+03	1.0417660e-43
8.2979900e+03	1.0466519e-43
8.3171300e+03	1.0515557e-43
8.3363100e+03	1.0564840e-43
8.3555300e+03	1.0614369e-43
8.3748000e+03	1.0664078e-43
8.3941100e+03	1.0714035e-43
8.4134700e+03	1.0764239e-43
8.4328700e+03	1.0814693e-43
8.4523100e+03	1.0865330e-43
8.4718100e+03	1.0916218e-43
8.4913400e+03	1.0967357e-43
8.5109200e+03	1.1018748e-43
8.5305500e+03	1.1070326e-43
8.5502200e+03	1.1122158e-43
8.5699400e+03	1.1174245e-43
8.5897000e+03	1.1226587e-43
8.6095100e+03	1.1279186e-43
8.6293600e+03	1.1331976e-43
8.6492600e+03	1.1385023e-43
8.6692100e+03	1.1438330e-43
8.6892000e+03	1.1491829e-43
8.7092300e+03	1.1545656e-43
8.7293200e+03	1.1599678e-43
8.7494500e+03	1.1653962e-43
8.7696200e+03	1.1708510e-43
8.7898500e+03	1.1763322e-43
8.8101200e+03	1.1818331e-43
8.8304300e+03	1.1873675e-43
8.8508000e+03	1.1929218e-43
8.8712100e+03	1.1985029e-43
8.8916600e+03	1.2041108e-43
8.9121700e+03	1.2097388e-43
8.9327200e+03	1.2154009e-43
8.9533200e+03	1.2210831e-43
8.9739600e+03	1.2267927e-43
8.9946600e+03	1.2325366e-43
9.0154000e+03	1.2382939e-43
9.0361900e+03	1.2440858e-43
9.0570300e+03	1.2499053e-43
9.0779100e+03	1.2557526e-43
9.0988500e+03	1.2616207e-43
9.1198300e+03	1.2675166e-43
9.1408600e+03	1.2734478e-43
9.1619400e+03	1.2793999e-43
9.1830700e+03	1.2853802e-43
9.2042400e+03	1.2913889e-43
9.2254700e+03	1.2974188e-43
9.2467400e+03	1.3034844e-43
9.2680600e+03	1.3095786e-43
9.2894400e+03	1.3156943e-43
9.3108600e+03	1.3218460e-43
9.3323300e+03	1.3280194e-43
9.3538500e+03	1.3342290e-43
9.3754200e+03	1.3404605e-43
9.3970400e+03	1.3467212e-43
9.4187100e+03	1.3530112e-43
9.4404300e+03	1.3593379e-43
9.4622000e+03	1.3656868e-43
9.4840200e+03	1.3720653e-43
9.5058900e+03	1.3784735e-43
9.5278100e+03	1.3849116e-43
9.5497800e+03	1.3913795e-43
9.5718000e+03	1.3978775e-43
9.5938700e+03	1.4044056e-43
9.6160000e+03	1.4109639e-43
9.6381700e+03	1.4175526e-43
9.6604000e+03	1.4241642e-43
9.6826700e+03	1.4308138e-43
9.7050000e+03	1.4374941e-43
9.7273800e+03	1.4442052e-43
9.7498100e+03	1.4509471e-43
9.7723000e+03	1.4577200e-43
9.7948300e+03	1.4645240e-43
9.8174200e+03	1.4713592e-43
9.8400600e+03	1.4782256e-43
9.8627500e+03	1.4851235e-43
9.8854900e+03	1.4920606e-43
9.9082900e+03	1.4990216e-43
9.9311400e+03	1.5060143e-43
9.9540400e+03	1.5130388e-43
9.9769900e+03	1.5201031e-43
1.0000000e+04	1.5271917e-43
