9.0000000e+00	3.1820819e-42
9.0203998e+00	4.8790090e-42
9.0408458e+00	8.6686717e-42
9.0613382e+00	2.0299945e-41
9.0818770e+00	9.9233797e-41
9.1024624e+00	1.7110286e-39
9.1230944e+00	4.3996115e-41
9.1437733e+00	1.2907133e-41
9.1644989e+00	6.0703622e-42
9.1852716e+00	3.5289892e-42
9.2060913e+00	2.3186460e-42
9.2269583e+00	1.6512083e-42
9.2478725e+00	1.2454701e-42
9.2688341e+00	9.8099988e-43
9.2898433e+00	7.9931251e-43
9.3109000e+00	6.6925909e-43
9.3320045e+00	5.7303171e-43
9.3531568e+00	4.9986092e-43
9.3743571e+00	4.4292905e-43
9.3956054e+00	3.9775324e-43
9.4169019e+00	3.6128989e-43
9.4382467e+00	3.3141523e-43
9.4596398e+00	3.0661181e-43
9.4810815e+00	2.8577267e-43
9.5025717e+00	2.6807541e-43
9.5241107e+00	2.5289910e-43
9.5456984e+00	2.3976800e-43
9.5673351e+00	2.2831289e-43
9.5890209e+00	2.1824375e-43
9.6107557e+00	2.0933040e-43
9.6325399e+00	2.0138824e-43
9.6543734e+00	1.9426798e-43
9.6762565e+00	1.8784783e-43
9.6981891e+00	1.8202771e-43
9.7201714e+00	1.7672478e-43
9.7422036e+00	1.7187002e-43
9.7642857e+00	1.6740554e-43
9.7864179e+00	1.6328255e-43
9.8086002e+00	1.5945970e-43
9.8308328e+00	1.5590177e-43
9.8531158e+00	1.5257859e-43
9.8754493e+00	1.4946421e-43
9.8978334e+00	1.4653629e-43
9.9202683e+00	1.4377539e-43
9.9427540e+00	1.4116462e-43
9.9652907e+00	1.3868925e-43
9.9878784e+00	1.3633634e-43
1.0010517e+01	1.3409455e-43
1.0033208e+01	1.3195387e-43
1.0055949e+01	1.2990545e-43
1.0078743e+01	1.2794141e-43
1.0101588e+01	1.2605479e-43
1.0124484e+01	1.2423933e-43
1.0147433e+01	1.2248948e-43
1.0170433e+01	1.2080024e-43
1.0193486e+01	1.1916713e-43
1.0216591e+01	1.1758612e-43
1.0239749e+01	1.1605356e-43
1.0262958e+01	1.1456617e-43
1.0286221e+01	1.1312096e-43
1.0309536e+01	1.1171523e-43
1.0332904e+01	1.1034654e-43
1.0356325e+01	1.0901263e-43
1.0379799e+01	1.0771145e-43
1.0403327e+01	1.0644115e-43
1.0426907e+01	1.0520002e-43
1.0450541e+01	1.0398648e-43
1.0474229e+01	1.0279910e-43
1.0497970e+01	1.0163654e-43
1.0521765e+01	1.0049759e-43
1.0545615e+01	9.9381125e-44
1.0569518e+01	9.8286094e-44
1.0593475e+01	9.7211532e-44
1.0617487e+01	9.6156552e-44
1.0641553e+01	9.5120330e-44
1.0665673e+01	9.4102078e-44
1.0689849e+01	9.3101089e-44
1.0714079e+01	9.2116693e-44
1.0738364e+01	9.1148271e-44
1.0762704e+01	9.0195226e-44
1.0787099e+01	8.9257024e-44
1.0811549e+01	8.8333154e-44
1.0836055e+01	8.7423132e-44
1.0860617e+01	8.6526505e-44
1.0885234e+01	8.5642858e-44
1.0909907e+01	8.4771793e-44
1.0934636e+01	8.3912927e-44
1.0959421e+01	8.3065915e-44
1.0984262e+01	8.2230414e-44
1.1009159e+01	8.1406116e-44
1.1034113e+01	8.0592714e-44
1.1059124e+01	7.9789928e-44
1.1084191e+01	7.8997495e-44
1.1109315e+01	7.8215147e-44
1.1134495e+01	7.7442653e-44
1.1159733e+01	7.6679774e-44
1.1185028e+01	7.5926292e-44
1.1210381e+01	7.5181999e-44
1.1235791e+01	7.4446691e-44
1.1261258e+01	7.3720183e-44
1.1286784e+01	7.3002285e-44
1.1312367e+01	7.2292819e-44
1.1338008e+01	7.1591629e-44
1.1363707e+01	7.0898541e-44
1.1389465e+01	7.0213404e-44
1.1415280e+01	6.9536076e-44
1.1441155e+01	6.8866403e-44
1.1467088e+01	6.8204253e-44
1.1493080e+01	6.7549497e-44
1.1519130e+01	6.6902000e-44
1.1545240e+01	6.6261643e-44
1.1571409e+01	6.5628300e-44
1.1597637e+01	6.5001868e-44
1.1623925e+01	6.4382222e-44
1.1650272e+01	6.3769265e-44
1.1676679e+01	6.3162883e-44
1.1703146e+01	6.2562981e-44
1.1729673e+01	6.1969456e-44
1.1756260e+01	6.1382218e-44
1.1782907e+01	6.0801174e-44
1.1809615e+01	6.0226225e-44
1.1836383e+01	5.9657296e-44
1.1863212e+01	5.9094289e-44
1.1890102e+01	5.8537131e-44
1.1917052e+01	5.7985733e-44
1.1944064e+01	5.7440026e-44
1.1971137e+01	5.6899924e-44
1.1998271e+01	5.6365355e-44
1.2025467e+01	5.5836249e-44
1.2052725e+01	5.5312525e-44
1.2080044e+01	5.4794125e-44
1.2107425e+01	5.4280971e-44
1.2134868e+01	5.3773000e-44
1.2162374e+01	5.3270149e-44
1.2189941e+01	5.2772349e-44
1.2217572e+01	5.2279542e-44
1.2245264e+01	5.1791660e-44
1.2273020e+01	5.1308647e-44
1.2300839e+01	5.0830444e-44
1.2328720e+01	5.0356994e-44
1.2356665e+01	4.9888238e-44
1.2384673e+01	4.9424124e-44
1.2412745e+01	4.8964591e-44
1.2440880e+01	4.8509587e-44
1.2469079e+01	4.8059061e-44
1.2497342e+01	4.7612959e-44
1.2525669e+01	4.7171235e-44
1.2554060e+01	4.6733831e-44
1.2582516e+01	4.6300707e-44
1.2611036e+01	4.5871809e-44
1.2639621e+01	4.5447085e-44
1.2668270e+01	4.5026497e-44
1.2696985e+01	4.4609994e-44
1.2725764e+01	4.4197532e-44
1.2754609e+01	4.3789065e-44
1.2783519e+01	4.3384553e-44
1.2812495e+01	4.2983946e-44
1.2841536e+01	4.2587202e-44
1.2870644e+01	4.2194287e-44
1.2899817e+01	4.1805151e-44
1.2929056e+01	4.1419755e-44
1.2958362e+01	4.1038061e-44
1.2987734e+01	4.0660029e-44
1.3017172e+01	4.0285620e-44
1.3046677e+01	3.9914793e-44
1.3076250e+01	3.9547511e-44
1.3105889e+01	3.9183735e-44
1.3135595e+01	3.8823434e-44
1.3165369e+01	3.8466565e-44
1.3195210e+01	3.8113097e-44
1.3225119e+01	3.7762987e-44
1.3255096e+01	3.7416209e-44
1.3285140e+01	3.7072722e-44
1.3315253e+01	3.6732494e-44
1.3345434e+01	3.6395494e-44
1.3375683e+01	3.6061683e-44
1.3406001e+01	3.5731033e-44
1.3436388e+01	3.5403508e-44
1.3466843e+01	3.5079076e-44
1.3497368e+01	3.4757711e-44
1.3527961e+01	3.4439376e-44
1.3558624e+01	3.4124042e-44
1.3589357e+01	3.3811678e-44
1.3620159e+01	3.3502254e-44
1.3651031e+01	3.3195743e-44
1.3681973e+01	3.2892110e-44
1.3712985e+01	3.2591334e-44
1.3744068e+01	3.2293377e-44
1.3775221e+01	3.1998215e-44
1.3806444e+01	3.1705823e-44
1.3837739e+01	3.1416169e-44
1.3869104e+01	3.1129228e-44
1.3900540e+01	3.0844973e-44
1.3932048e+01	3.0563375e-44
1.3963627e+01	3.0284412e-44
1.3995277e+01	3.0008051e-44
1.4027000e+01	2.9734271e-44
1.4058794e+01	2.9463046e-44
1.4090660e+01	2.9194353e-44
1.4122599e+01	2.8928162e-44
1.4154610e+01	2.8664454e-44
1.4186693e+01	2.8403200e-44
1.4218849e+01	2.8144377e-44
1.4251078e+01	2.7887961e-44
1.4283380e+01	2.7633932e-44
1.4315756e+01	2.7382260e-44
1.4348204e+01	2.7132929e-44
1.4380727e+01	2.6885912e-44
1.4413323e+01	2.6641190e-44
1.4445993e+01	2.6398737e-44
1.4478736e+01	2.6158530e-44
1.4511555e+01	2.5920552e-44
1.4544447e+01	2.5684777e-44
1.4577414e+01	2.5451186e-44
1.4610456e+01	2.5219759e-44
1.4643573e+01	2.4990472e-44
1.4676764e+01	2.4763309e-44
1.4710031e+01	2.4538245e-44
1.4743374e+01	2.4315260e-44
1.4776792e+01	2.4094338e-44
1.4810286e+01	2.3875454e-44
1.4843855e+01	2.3658593e-44
1.4877501e+01	2.3443732e-44
1.4911223e+01	2.3230853e-44
1.4945021e+01	2.3019942e-44
1.4978896e+01	2.2810973e-44
1.5012848e+01	2.2603929e-44
1.5046877e+01	2.2398795e-44
1.5080983e+01	2.2195550e-44
1.5115166e+01	2.1994177e-44
1.5149427e+01	2.1794658e-44
1.5183765e+01	2.1596974e-44
1.5218181e+01	2.1401109e-44
1.5252676e+01	2.1207048e-44
1.5287248e+01	2.1014770e-44
1.5321899e+01	2.0824262e-44
1.5356628e+01	2.0635501e-44
1.5391436e+01	2.0448477e-44
1.5426323e+01	2.0263169e-44
1.5461289e+01	2.0079564e-44
1.5496334e+01	1.9897647e-44
1.5531459e+01	1.9717397e-44
1.5566663e+01	1.9538803e-44
1.5601947e+01	1.9361846e-44
1.5637311e+01	1.9186513e-44
1.5672755e+01	1.9012786e-44
1.5708280e+01	1.8840653e-44
1.5743885e+01	1.8670099e-44
1.5779571e+01	1.8501106e-44
1.5815337e+01	1.8333661e-44
1.5851185e+01	1.8167751e-44
1.5887114e+01	1.8003360e-44
1.5923125e+01	1.7840475e-44
1.5959217e+01	1.7679080e-44
1.5995390e+01	1.7519162e-44
1.6031646e+01	1.7360708e-44
1.6067984e+01	1.7203704e-44
1.6104405e+01	1.7048136e-44
1.6140908e+01	1.6893989e-44
1.6177493e+01	1.6741255e-44
1.6214162e+01	1.6589914e-44
1.6250914e+01	1.6439956e-44
1.6287749e+01	1.6291370e-44
1.6324667e+01	1.6144142e-44
1.6361670e+01	1.5998258e-44
1.6398756e+01	1.5853706e-44
1.6435926e+01	1.5710474e-44
1.6473180e+01	1.5568551e-44
1.6510519e+01	1.5427923e-44
1.6547942e+01	1.5288578e-44
1.6585451e+01	1.5150506e-44
1.6623044e+01	1.5013694e-44
1.6660723e+01	1.4878127e-44
1.6698486e+01	1.4743800e-44
1.6736336e+01	1.4610698e-44
1.6774271e+01	1.4478808e-44
1.6812293e+01	1.4348123e-44
1.6850400e+01	1.4218628e-44
1.6888594e+01	1.4090312e-44
1.6926874e+01	1.3963168e-44
1.6965242e+01	1.3837182e-44
1.7003696e+01	1.3712342e-44
1.7042237e+01	1.3588642e-44
1.7080866e+01	1.3466068e-44
1.7119582e+01	1.3344609e-44
1.7158386e+01	1.3224259e-44
1.7197278e+01	1.3105002e-44
1.7236258e+01	1.2986834e-44
1.7275326e+01	1.2869739e-44
1.7314483e+01	1.2753711e-44
1.7353729e+01	1.2638738e-44
1.7393064e+01	1.2524813e-44
1.7432488e+01	1.2411923e-44
1.7472001e+01	1.2300061e-44
1.7511604e+01	1.2189215e-44
1.7551296e+01	1.2079379e-44
1.7591079e+01	1.1970544e-44
1.7630952e+01	1.1862695e-44
1.7670915e+01	1.1755829e-44
1.7710968e+01	1.1649934e-44
1.7751113e+01	1.1545002e-44
1.7791348e+01	1.1441023e-44
1.7831675e+01	1.1337990e-44
1.7872093e+01	1.1235894e-44
1.7912603e+01	1.1134726e-44
1.7953204e+01	1.1034477e-44
1.7993898e+01	1.0935138e-44
1.8034683e+01	1.0836702e-44
1.8075562e+01	1.0739160e-44
1.8116532e+01	1.0642506e-44
1.8157596e+01	1.0546727e-44
1.8198753e+01	1.0451819e-44
1.8240003e+01	1.0357774e-44
1.8281347e+01	1.0264581e-44
1.8322784e+01	1.0172235e-44
1.8364315e+01	1.0080728e-44
1.8405941e+01	9.9900517e-45
1.8447660e+01	9.9001983e-45
1.8489475e+01	9.8111604e-45
1.8531384e+01	9.7229306e-45
1.8573388e+01	9.6355018e-45
1.8615487e+01	9.5488662e-45
1.8657682e+01	9.4630167e-45
1.8699972e+01	9.3779463e-45
1.8742358e+01	9.2936475e-45
1.8784840e+01	9.2101136e-45
1.8827419e+01	9.1273375e-45
1.8870094e+01	9.0453123e-45
1.8912866e+01	8.9640309e-45
1.8955734e+01	8.8834868e-45
1.8998700e+01	8.8036731e-45
1.9041764e+01	8.7245831e-45
1.9084925e+01	8.6462102e-45
1.9128183e+01	8.5685480e-45
1.9171540e+01	8.4915901e-45
1.9214995e+01	8.4153297e-45
1.9258549e+01	8.3397605e-45
1.9302201e+01	8.2648765e-45
1.9345952e+01	8.1906710e-45
1.9389802e+01	8.1171382e-45
1.9433752e+01	8.0442719e-45
1.9477802e+01	7.9720657e-45
1.9521951e+01	7.9005141e-45
1.9566200e+01	7.8296106e-45
1.9610550e+01	7.7593497e-45
1.9655000e+01	7.6897252e-45
1.9699551e+01	7.6207316e-45
1.9744203e+01	7.5523629e-45
1.9788956e+01	7.4846135e-45
1.9833810e+01	7.4174779e-45
1.9878766e+01	7.3509503e-45
1.9923825e+01	7.2850254e-45
1.9968985e+01	7.2196973e-45
2.0014247e+01	7.1549609e-45
2.0059612e+01	7.0908108e-45
2.0105080e+01	7.0272416e-45
2.0150652e+01	6.9642478e-45
2.0196326e+01	6.9018245e-45
2.0242104e+01	6.8399662e-45
2.0287985e+01	6.7786681e-45
2.0333971e+01	6.7179247e-45
2.0380061e+01	6.6577313e-45
2.0426255e+01	6.5980827e-45
2.0472554e+01	6.5389740e-45
2.0518958e+01	6.4804004e-45
2.0565467e+01	6.4223568e-45
2.0612082e+01	6.3648383e-45
2.0658802e+01	6.3078406e-45
2.0705628e+01	6.2513587e-45
2.0752561e+01	6.1953877e-45
2.0799599e+01	6.1399232e-45
2.0846745e+01	6.0849605e-45
2.0893997e+01	6.0304952e-45
2.0941356e+01	5.9765225e-45
2.0988823e+01	5.9230382e-45
2.1036397e+01	5.8700377e-45
2.1084079e+01	5.8175165e-45
2.1131869e+01	5.7654704e-45
2.1179767e+01	5.7138951e-45
2.1227774e+01	5.6627863e-45
2.1275890e+01	5.6121398e-45
2.1324115e+01	5.5619512e-45
2.1372449e+01	5.5122165e-45
2.1420893e+01	5.4629317e-45
2.1469446e+01	5.4140925e-45
2.1518110e+01	5.3656948e-45
2.1566884e+01	5.3177348e-45
2.1615768e+01	5.2702084e-45
2.1664764e+01	5.2231118e-45
2.1713870e+01	5.1764409e-45
2.1763087e+01	5.1301919e-45
2.1812417e+01	5.0843611e-45
2.1861858e+01	5.0389446e-45
2.1911411e+01	4.9939385e-45
2.1961076e+01	4.9493393e-45
2.2010854e+01	4.9051433e-45
2.2060745e+01	4.8613467e-45
2.2110749e+01	4.8179459e-45
2.2160866e+01	4.7749374e-45
2.2211097e+01	4.7323175e-45
2.2261441e+01	4.6900829e-45
2.2311900e+01	4.6482299e-45
2.2362473e+01	4.6067551e-45
2.2413161e+01	4.5656550e-45
2.2463963e+01	4.5249264e-45
2.2514881e+01	4.4845657e-45
2.2565914e+01	4.4445697e-45
2.2617063e+01	4.4049351e-45
2.2668328e+01	4.3656585e-45
2.2719709e+01	4.3267369e-45
2.2771207e+01	4.2881667e-45
2.2822821e+01	4.2499451e-45
2.2874552e+01	4.2120687e-45
2.2926401e+01	4.1745344e-45
2.2978367e+01	4.1373391e-45
2.3030450e+01	4.1004798e-45
2.3082652e+01	4.0639535e-45
2.3134972e+01	4.0277571e-45
2.3187411e+01	3.9918875e-45
2.3239969e+01	3.9563419e-45
2.3292645e+01	3.9211174e-45
2.3345442e+01	3.8862109e-45
2.3398357e+01	3.8516196e-45
2.3451393e+01	3.8173406e-45
2.3504549e+01	3.7833714e-45
2.3557825e+01	3.7497087e-45
2.3611223e+01	3.7163500e-45
2.3664741e+01	3.6832925e-45
2.3718380e+01	3.6505334e-45
2.3772142e+01	3.6180701e-45
2.3826025e+01	3.5858999e-45
2.3880030e+01	3.5540201e-45
2.3934157e+01	3.5224282e-45
2.3988407e+01	3.4911215e-45
2.4042781e+01	3.4600972e-45
2.4097277e+01	3.4293531e-45
2.4151897e+01	3.3988865e-45
2.4206641e+01	3.3686949e-45
2.4261508e+01	3.3387758e-45
2.4316501e+01	3.3091268e-45
2.4371617e+01	3.2797453e-45
2.4426859e+01	3.2506290e-45
2.4482226e+01	3.2217755e-45
2.4537719e+01	3.1931824e-45
2.4593337e+01	3.1648473e-45
2.4649081e+01	3.1367679e-45
2.4704952e+01	3.1089420e-45
2.4760949e+01	3.0813671e-45
2.4817074e+01	3.0540409e-45
2.4873325e+01	3.0269615e-45
2.4929704e+01	3.0001263e-45
2.4986211e+01	2.9735332e-45
2.5042846e+01	2.9471801e-45
2.5099609e+01	2.9210648e-45
2.5156501e+01	2.8951851e-45
2.5213522e+01	2.8695388e-45
2.5270672e+01	2.8441239e-45
2.5327951e+01	2.8189382e-45
2.5385361e+01	2.7939799e-45
2.5442900e+01	2.7692465e-45
2.5500570e+01	2.7447364e-45
2.5558371e+01	2.7204473e-45
2.5616303e+01	2.6963773e-45
2.5674366e+01	2.6725244e-45
2.5732560e+01	2.6488867e-45
2.5790887e+01	2.6254621e-45
2.5849346e+01	2.6022488e-45
2.5907937e+01	2.5792449e-45
2.5966661e+01	2.5564484e-45
2.6025518e+01	2.5338576e-45
2.6084509e+01	2.5114704e-45
2.6143633e+01	2.4892851e-45
2.6202891e+01	2.4672999e-45
2.6262284e+01	2.4455130e-45
2.6321811e+01	2.4239225e-45
2.6381473e+01	2.4025266e-45
2.6441271e+01	2.3813238e-45
2.6501204e+01	2.3603120e-45
2.6561272e+01	2.3394897e-45
2.6621477e+01	2.3188552e-45
2.6681819e+01	2.2984067e-45
2.6742297e+01	2.2781425e-45
2.6802912e+01	2.2580611e-45
2.6863665e+01	2.2381606e-45
2.6924555e+01	2.2184396e-45
2.6985584e+01	2.1988963e-45
2.7046750e+01	2.1795293e-45
2.7108056e+01	2.1603368e-45
2.7169500e+01	2.1413173e-45
2.7231084e+01	2.1224692e-45
2.7292807e+01	2.1037910e-45
2.7354670e+01	2.0852813e-45
2.7416673e+01	2.0669383e-45
2.7478817e+01	2.0487606e-45
2.7541102e+01	2.0307467e-45
2.7603527e+01	2.0128952e-45
2.7666095e+01	1.9952047e-45
2.7728804e+01	1.9776735e-45
2.7791655e+01	1.9603002e-45
2.7854649e+01	1.9430836e-45
2.7917786e+01	1.9260222e-45
2.7981065e+01	1.9091144e-45
2.8044488e+01	1.8923590e-45
2.8108055e+01	1.8757546e-45
2.8171766e+01	1.8592998e-45
2.8235622e+01	1.8429932e-45
2.8299622e+01	1.8268336e-45
2.8363767e+01	1.8108196e-45
2.8428057e+01	1.7949499e-45
2.8492494e+01	1.7792231e-45
2.8557076e+01	1.7636380e-45
2.8621805e+01	1.7481933e-45
2.8686680e+01	1.7328877e-45
2.8751703e+01	1.7177201e-45
2.8816873e+01	1.7026891e-45
2.8882190e+01	1.6877934e-45
2.8947656e+01	1.6730319e-45
2.9013270e+01	1.6584035e-45
2.9079033e+01	1.6439068e-45
2.9144944e+01	1.6295405e-45
2.9211006e+01	1.6153038e-45
2.9277216e+01	1.6011953e-45
2.9343577e+01	1.5872138e-45
2.9410089e+01	1.5733582e-45
2.9476751e+01	1.5596275e-45
2.9543564e+01	1.5460203e-45
2.9610529e+01	1.5325358e-45
2.9677646e+01	1.5191726e-45
2.9744914e+01	1.5059298e-45
2.9812335e+01	1.4928063e-45
2.9879909e+01	1.4798009e-45
2.9947636e+01	1.4669126e-45
3.0015517e+01	1.4541403e-45
3.0083552e+01	1.4414831e-45
3.0151740e+01	1.4289399e-45
3.0220084e+01	1.4165095e-45
3.0288582e+01	1.4041911e-45
3.0357235e+01	1.3919836e-45
3.0426044e+01	1.3798859e-45
3.0495009e+01	1.3678973e-45
3.0564130e+01	1.3560165e-45
3.0633408e+01	1.3442427e-45
3.0702844e+01	1.3325748e-45
3.0772436e+01	1.3210120e-45
3.0842186e+01	1.3095533e-45
3.0912094e+01	1.2981977e-45
3.0982161e+01	1.2869443e-45
3.1052387e+01	1.2757922e-45
3.1122771e+01	1.2647406e-45
3.1193315e+01	1.2537883e-45
3.1264020e+01	1.2429346e-45
3.1334884e+01	1.2321786e-45
3.1405909e+01	1.2215194e-45
3.1477095e+01	1.2109562e-45
3.1548442e+01	1.2004880e-45
3.1619951e+01	1.1901139e-45
3.1691623e+01	1.1798333e-45
3.1763456e+01	1.1696452e-45
3.1835453e+01	1.1595487e-45
3.1907612e+01	1.1495431e-45
3.1979936e+01	1.1396275e-45
3.2052423e+01	1.1298012e-45
3.2125074e+01	1.1200632e-45
3.2197890e+01	1.1104128e-45
3.2270871e+01	1.1008493e-45
3.2344018e+01	1.0913718e-45
3.2417330e+01	1.0819796e-45
3.2490809e+01	1.0726719e-45
3.2564454e+01	1.0634478e-45
3.2638266e+01	1.0543068e-45
3.2712245e+01	1.0452480e-45
3.2786392e+01	1.0362707e-45
3.2860707e+01	1.0273742e-45
3.2935191e+01	1.0185576e-45
3.3009843e+01	1.0098204e-45
3.3084665e+01	1.0011617e-45
3.3159656e+01	9.9258090e-46
3.3234817e+01	9.8407728e-46
3.3310148e+01	9.7565015e-46
3.3385651e+01	9.6729876e-46
3.3461324e+01	9.5902254e-46
3.3537169e+01	9.5082072e-46
3.3613186e+01	9.4269263e-46
3.3689375e+01	9.3463765e-46
3.3765737e+01	9.2665509e-46
3.3842272e+01	9.1874429e-46
3.3918980e+01	9.1090465e-46
3.3995862e+01	9.0313551e-46
3.4072919e+01	8.9543620e-46
3.4150150e+01	8.8780609e-46
3.4227556e+01	8.8024458e-46
3.4305138e+01	8.7275109e-46
3.4382895e+01	8.6532494e-46
3.4460829e+01	8.5796555e-46
3.4538940e+01	8.5067230e-46
3.4617227e+01	8.4344462e-46
3.4695692e+01	8.3628190e-46
3.4774335e+01	8.2918358e-46
3.4853156e+01	8.2214907e-46
3.4932155e+01	8.1517776e-46
3.5011334e+01	8.0826911e-46
3.5090692e+01	8.0142252e-46
3.5170230e+01	7.9463754e-46
3.5249949e+01	7.8791345e-46
3.5329848e+01	7.8124985e-46
3.5409928e+01	7.7464611e-46
3.5490190e+01	7.6810171e-46
3.5570633e+01	7.6161610e-46
3.5651259e+01	7.5518876e-46
3.5732068e+01	7.4881920e-46
3.5813060e+01	7.4250686e-46
3.5894235e+01	7.3625124e-46
3.5975595e+01	7.3005181e-46
3.6057139e+01	7.2390808e-46
3.6138867e+01	7.1781957e-46
3.6220781e+01	7.1178574e-46
3.6302881e+01	7.0580613e-46
3.6385167e+01	6.9988020e-46
3.6467639e+01	6.9400750e-46
3.6550298e+01	6.8818755e-46
3.6633144e+01	6.8241991e-46
3.6716179e+01	6.7670406e-46
3.6799401e+01	6.7103955e-46
3.6882812e+01	6.6542588e-46
3.6966413e+01	6.5986266e-46
3.7050202e+01	6.5434939e-46
3.7134182e+01	6.4888565e-46
3.7218352e+01	6.4347094e-46
3.7302713e+01	6.3810488e-46
3.7387265e+01	6.3278695e-46
3.7472008e+01	6.2751683e-46
3.7556944e+01	6.2229404e-46
3.7642072e+01	6.1711811e-46
3.7727393e+01	6.1198863e-46
3.7812908e+01	6.0690525e-46
3.7898616e+01	6.0186745e-46
3.7984519e+01	5.9687493e-46
3.8070616e+01	5.9192720e-46
3.8156909e+01	5.8702389e-46
3.8243397e+01	5.8216458e-46
3.8330081e+01	5.7734892e-46
3.8416962e+01	5.7257646e-46
3.8504039e+01	5.6784683e-46
3.8591314e+01	5.6315970e-46
3.8678787e+01	5.5851458e-46
3.8766458e+01	5.5391115e-46
3.8854328e+01	5.4934903e-46
3.8942397e+01	5.4482786e-46
3.9030665e+01	5.4034727e-46
3.9119134e+01	5.3590690e-46
3.9207803e+01	5.3150633e-46
3.9296673e+01	5.2714525e-46
3.9385745e+01	5.2282332e-46
3.9475018e+01	5.1854016e-46
3.9564494e+01	5.1429545e-46
3.9654172e+01	5.1008877e-46
3.9744054e+01	5.0591984e-46
3.9834140e+01	5.0178836e-46
3.9924430e+01	4.9769389e-46
4.0014924e+01	4.9363615e-46
4.0105624e+01	4.8961479e-46
4.0196529e+01	4.8562955e-46
4.0287640e+01	4.8167998e-46
4.0378958e+01	4.7776587e-46
4.0470483e+01	4.7388688e-46
4.0562215e+01	4.7004265e-46
4.0654155e+01	4.6623290e-46
4.0746303e+01	4.6245733e-46
4.0838661e+01	4.5871560e-46
4.0931227e+01	4.5500742e-46
4.1024004e+01	4.5133248e-46
4.1116991e+01	4.4769050e-46
4.1210188e+01	4.4408115e-46
4.1303597e+01	4.4050416e-46
4.1397218e+01	4.3695924e-46
4.1491050e+01	4.3344613e-46
4.1585096e+01	4.2996444e-46
4.1679354e+01	4.2651403e-46
4.1773827e+01	4.2309450e-46
4.1868513e+01	4.1970566e-46
4.1963414e+01	4.1634713e-46
4.2058530e+01	4.1301876e-46
4.2153862e+01	4.0972018e-46
4.2249410e+01	4.0645116e-46
4.2345174e+01	4.0321146e-46
4.2441155e+01	4.0000076e-46
4.2537354e+01	3.9681883e-46
4.2633771e+01	3.9366544e-46
4.2730407e+01	3.9054028e-46
4.2827262e+01	3.8744309e-46
4.2924336e+01	3.8437367e-46
4.3021630e+01	3.8133177e-46
4.3119145e+01	3.7831709e-46
4.3216880e+01	3.7532940e-46
4.3314838e+01	3.7236850e-46
4.3413017e+01	3.6943412e-46
4.3511419e+01	3.6652601e-46
4.3610044e+01	3.6364392e-46
4.3708892e+01	3.6078769e-46
4.3807965e+01	3.5795702e-46
4.3907262e+01	3.5515166e-46
4.4006784e+01	3.5237146e-46
4.4106531e+01	3.4961614e-46
4.4206505e+01	3.4688548e-46
4.4306706e+01	3.4417926e-46
4.4407133e+01	3.4149728e-46
4.4507788e+01	3.3883933e-46
4.4608672e+01	3.3620516e-46
4.4709784e+01	3.3359455e-46
4.4811125e+01	3.3100730e-46
4.4912696e+01	3.2844324e-46
4.5014497e+01	3.2590211e-46
4.5116528e+01	3.2338372e-46
4.5218792e+01	3.2088786e-46
4.5321286e+01	3.1841437e-46
4.5424014e+01	3.1596296e-46
4.5526974e+01	3.1353353e-46
4.5630167e+01	3.1112582e-46
4.5733594e+01	3.0873965e-46
4.5837256e+01	3.0637482e-46
4.5941153e+01	3.0403115e-46
4.6045285e+01	3.0170846e-46
4.6149653e+01	2.9940654e-46
4.6254258e+01	2.9712520e-46
4.6359100e+01	2.9486426e-46
4.6464180e+01	2.9262355e-46
4.6569498e+01	2.9040287e-46
4.6675054e+01	2.8820206e-46
4.6780850e+01	2.8602092e-46
4.6886885e+01	2.8385932e-46
4.6993161e+01	2.8171699e-46
4.7099678e+01	2.7959385e-46
4.7206436e+01	2.7748970e-46
4.7313436e+01	2.7540435e-46
4.7420679e+01	2.7333764e-46
4.7528165e+01	2.7128939e-46
4.7635894e+01	2.6925948e-46
4.7743868e+01	2.6724769e-46
4.7852086e+01	2.6525389e-46
4.7960550e+01	2.6327788e-46
4.8069259e+01	2.6131958e-46
4.8178215e+01	2.5937876e-46
4.8287418e+01	2.5745525e-46
4.8396868e+01	2.5554897e-46
4.8506567e+01	2.5365971e-46
4.8616514e+01	2.5178733e-46
4.8726710e+01	2.4993166e-46
4.8837156e+01	2.4809258e-46
4.8947853e+01	2.4626994e-46
4.9058800e+01	2.4446358e-46
4.9169999e+01	2.4267334e-46
4.9281450e+01	2.4089908e-46
4.9393153e+01	2.3914068e-46
4.9505110e+01	2.3739799e-46
4.9617320e+01	2.3567085e-46
4.9729785e+01	2.3395914e-46
4.9842505e+01	2.3226272e-46
4.9955480e+01	2.3058143e-46
5.0068711e+01	2.2891514e-46
5.0182199e+01	2.2726377e-46
5.0295944e+01	2.2562711e-46
5.0409947e+01	2.2400507e-46
5.0524209e+01	2.2239751e-46
5.0638729e+01	2.2080426e-46
5.0753509e+01	2.1922528e-46
5.0868549e+01	2.1766036e-46
5.0983850e+01	2.1610943e-46
5.1099412e+01	2.1457234e-46
5.1215237e+01	2.1304894e-46
5.1331323e+01	2.1153916e-46
5.1447673e+01	2.1004282e-46
5.1564287e+01	2.0855987e-46
5.1681164e+01	2.0709012e-46
5.1798307e+01	2.0563348e-46
5.1915716e+01	2.0418984e-46
5.2033390e+01	2.0275906e-46
5.2151331e+01	2.0134106e-46
5.2269540e+01	1.9993570e-46
5.2388016e+01	1.9854289e-46
5.2506761e+01	1.9716249e-46
5.2625775e+01	1.9579437e-46
5.2745059e+01	1.9443848e-46
5.2864613e+01	1.9309468e-46
5.2984439e+01	1.9176284e-46
5.3104535e+01	1.9044290e-46
5.3224904e+01	1.8913469e-46
5.3345546e+01	1.8783815e-46
5.3466462e+01	1.8655320e-46
5.3587651e+01	1.8527968e-46
5.3709115e+01	1.8401750e-46
5.3830855e+01	1.8276658e-46
5.3952870e+01	1.8152679e-46
5.4075162e+01	1.8029808e-46
5.4197731e+01	1.7908028e-46
5.4320578e+01	1.7787336e-46
5.4443703e+01	1.7667718e-46
5.4567108e+01	1.7549165e-46
5.4690792e+01	1.7431667e-46
5.4814757e+01	1.7315218e-46
5.4939002e+01	1.7199806e-46
5.5063529e+01	1.7085420e-46
5.5188339e+01	1.6972055e-46
5.5313431e+01	1.6859698e-46
5.5438807e+01	1.6748343e-46
5.5564467e+01	1.6637976e-46
5.5690412e+01	1.6528597e-46
5.5816642e+01	1.6420188e-46
5.5943158e+01	1.6312743e-46
5.6069962e+01	1.6206257e-46
5.6197052e+01	1.6100719e-46
5.6324431e+01	1.5996120e-46
5.6452098e+01	1.5892452e-46
5.6580055e+01	1.5789704e-46
5.6708302e+01	1.5687873e-46
5.6836840e+01	1.5586948e-46
5.6965668e+01	1.5486921e-46
5.7094789e+01	1.5387785e-46
5.7224203e+01	1.5289530e-46
5.7353910e+01	1.5192148e-46
5.7483911e+01	1.5095634e-46
5.7614206e+01	1.4999976e-46
5.7744797e+01	1.4905172e-46
5.7875684e+01	1.4811209e-46
5.8006867e+01	1.4718084e-46
5.8138348e+01	1.4625785e-46
5.8270127e+01	1.4534309e-46
5.8402205e+01	1.4443643e-46
5.8534582e+01	1.4353787e-46
5.8667259e+01	1.4264726e-46
5.8800237e+01	1.4176460e-46
5.8933516e+01	1.4088978e-46
5.9067097e+01	1.4002273e-46
5.9200981e+01	1.3916338e-46
5.9335169e+01	1.3831169e-46
5.9469660e+01	1.3746756e-46
5.9604457e+01	1.3663092e-46
5.9739559e+01	1.3580173e-46
5.9874967e+01	1.3497992e-46
6.0010683e+01	1.3416540e-46
6.0146705e+01	1.3335811e-46
6.0283037e+01	1.3255801e-46
6.0419677e+01	1.3176501e-46
6.0556627e+01	1.3097905e-46
6.0693887e+01	1.3020008e-46
6.0831458e+01	1.2942801e-46
6.0969342e+01	1.2866281e-46
6.1107537e+01	1.2790443e-46
6.1246046e+01	1.2715275e-46
6.1384869e+01	1.2640777e-46
6.1524007e+01	1.2566939e-46
6.1663460e+01	1.2493758e-46
6.1803229e+01	1.2421227e-46
6.1943315e+01	1.2349339e-46
6.2083718e+01	1.2278089e-46
6.2224440e+01	1.2207474e-46
6.2365481e+01	1.2137484e-46
6.2506841e+01	1.2068117e-46
6.2648522e+01	1.1999362e-46
6.2790524e+01	1.1931221e-46
6.2932847e+01	1.1863684e-46
6.3075494e+01	1.1796745e-46
6.3218463e+01	1.1730402e-46
6.3361757e+01	1.1664648e-46
6.3505376e+01	1.1599475e-46
6.3649320e+01	1.1534882e-46
6.3793590e+01	1.1470862e-46
6.3938187e+01	1.1407411e-46
6.4083113e+01	1.1344523e-46
6.4228366e+01	1.1282191e-46
6.4373949e+01	1.1220415e-46
6.4519862e+01	1.1159184e-46
6.4666105e+01	1.1098498e-46
6.4812680e+01	1.1038350e-46
6.4959588e+01	1.0978735e-46
6.5106828e+01	1.0919650e-46
6.5254402e+01	1.0861089e-46
6.5402310e+01	1.0803048e-46
6.5550554e+01	1.0745520e-46
6.5699134e+01	1.0688502e-46
6.5848050e+01	1.0631992e-46
6.5997304e+01	1.0575981e-46
6.6146897e+01	1.0520467e-46
6.6296828e+01	1.0465448e-46
6.6447099e+01	1.0410913e-46
6.6597711e+01	1.0356864e-46
6.6748665e+01	1.0303293e-46
6.6899960e+01	1.0250198e-46
6.7051599e+01	1.0197574e-46
6.7203581e+01	1.0145417e-46
6.7355907e+01	1.0093721e-46
6.7508579e+01	1.0042483e-46
6.7661597e+01	9.9917009e-47
6.7814962e+01	9.9413684e-47
6.7968674e+01	9.8914822e-47
6.8122735e+01	9.8420382e-47
6.8277145e+01	9.7930325e-47
6.8431905e+01	9.7444613e-47
6.8587015e+01	9.6963206e-47
6.8742478e+01	9.6486068e-47
6.8898292e+01	9.6013158e-47
6.9054460e+01	9.5544441e-47
6.9210982e+01	9.5079879e-47
6.9367859e+01	9.4619435e-47
6.9525091e+01	9.4163075e-47
6.9682680e+01	9.3710758e-47
6.9840626e+01	9.3262451e-47
6.9998929e+01	9.2818118e-47
7.0157592e+01	9.2377724e-47
7.0316614e+01	9.1941235e-47
7.0475997e+01	9.1508612e-47
7.0635741e+01	9.1079828e-47
7.0795847e+01	9.0654841e-47
7.0956316e+01	9.0233625e-47
7.1117149e+01	8.9816141e-47
7.1278346e+01	8.9402358e-47
7.1439908e+01	8.8992243e-47
7.1601837e+01	8.8585765e-47
7.1764133e+01	8.8182889e-47
7.1926797e+01	8.7783586e-47
7.2089829e+01	8.7387822e-47
7.2253231e+01	8.6995567e-47
7.2417004e+01	8.6606790e-47
7.2581147e+01	8.6221461e-47
7.2745663e+01	8.5839547e-47
7.2910551e+01	8.5461019e-47
7.3075813e+01	8.5085849e-47
7.3241450e+01	8.4714004e-47
7.3407463e+01	8.4345457e-47
7.3573851e+01	8.3980181e-47
7.3740617e+01	8.3618140e-47
7.3907761e+01	8.3259312e-47
7.4075283e+01	8.2903667e-47
7.4243185e+01	8.2551177e-47
7.4411468e+01	8.2201812e-47
7.4580133e+01	8.1855548e-47
7.4749179e+01	8.1512353e-47
7.4918609e+01	8.1172206e-47
7.5088423e+01	8.0835074e-47
7.5258621e+01	8.0500936e-47
7.5429206e+01	8.0169761e-47
7.5600177e+01	7.9841525e-47
7.5771536e+01	7.9516203e-47
7.5943283e+01	7.9193769e-47
7.6115419e+01	7.8874195e-47
7.6287946e+01	7.8557459e-47
7.6460863e+01	7.8243535e-47
7.6634173e+01	7.7932398e-47
7.6807875e+01	7.7624024e-47
7.6981971e+01	7.7318388e-47
7.7156462e+01	7.7015466e-47
7.7331348e+01	7.6715236e-47
7.7506631e+01	7.6417672e-47
7.7682311e+01	7.6122751e-47
7.7858389e+01	7.5830452e-47
7.8034866e+01	7.5540749e-47
7.8211743e+01	7.5253621e-47
7.8389021e+01	7.4969046e-47
7.8566701e+01	7.4687000e-47
7.8744784e+01	7.4407462e-47
7.8923271e+01	7.4130409e-47
7.9102161e+01	7.3855820e-47
7.9281458e+01	7.3583674e-47
7.9461161e+01	7.3313949e-47
7.9641271e+01	7.3046623e-47
7.9821789e+01	7.2781675e-47
8.0002717e+01	7.2519088e-47
8.0184054e+01	7.2258837e-47
8.0365803e+01	7.2000903e-47
8.0547964e+01	7.1745266e-47
8.0730537e+01	7.1491905e-47
8.0913525e+01	7.1240801e-47
8.1096927e+01	7.0991935e-47
8.1280745e+01	7.0745288e-47
8.1464979e+01	7.0500838e-47
8.1649631e+01	7.0258568e-47
8.1834702e+01	7.0018459e-47
8.2020192e+01	6.9780489e-47
8.2206103e+01	6.9544645e-47
8.2392434e+01	6.9310903e-47
8.2579189e+01	6.9079249e-47
8.2766366e+01	6.8849663e-47
8.2953968e+01	6.8622126e-47
8.3141995e+01	6.8396623e-47
8.3330449e+01	6.8173133e-47
8.3519329e+01	6.7951642e-47
8.3708638e+01	6.7732130e-47
8.3898375e+01	6.7514581e-47
8.4088543e+01	6.7298977e-47
8.4279142e+01	6.7085304e-47
8.4470173e+01	6.6873541e-47
8.4661636e+01	6.6663675e-47
8.4853534e+01	6.6455689e-47
8.5045867e+01	6.6249565e-47
8.5238636e+01	6.6045288e-47
8.5431841e+01	6.5842843e-47
8.5625485e+01	6.5642213e-47
8.5819567e+01	6.5443382e-47
8.6014090e+01	6.5246336e-47
8.6209053e+01	6.5051058e-47
8.6404458e+01	6.4857535e-47
8.6600306e+01	6.4665750e-47
8.6796598e+01	6.4475687e-47
8.6993335e+01	6.4287335e-47
8.7190518e+01	6.4100675e-47
8.7388148e+01	6.3915695e-47
8.7586226e+01	6.3732381e-47
8.7784753e+01	6.3550718e-47
8.7983729e+01	6.3370691e-47
8.8183157e+01	6.3192286e-47
8.8383037e+01	6.3015491e-47
8.8583370e+01	6.2840291e-47
8.8784157e+01	6.2666670e-47
8.8985399e+01	6.2494619e-47
8.9187097e+01	6.2324123e-47
8.9389252e+01	6.2155167e-47
8.9591866e+01	6.1987740e-47
8.9794939e+01	6.1821826e-47
8.9998472e+01	6.1657417e-47
9.0202466e+01	6.1494495e-47
9.0406923e+01	6.1333050e-47
9.0611843e+01	6.1173070e-47
9.0817228e+01	6.1014542e-47
9.1023079e+01	6.0857453e-47
9.1229395e+01	6.0701791e-47
9.1436180e+01	6.0547543e-47
9.1643433e+01	6.0394700e-47
9.1851156e+01	6.0243246e-47
9.2059350e+01	6.0093174e-47
9.2268016e+01	5.9944468e-47
9.2477155e+01	5.9797118e-47
9.2686767e+01	5.9651113e-47
9.2896855e+01	5.9506442e-47
9.3107419e+01	5.9363092e-47
9.3318461e+01	5.9221056e-47
9.3529980e+01	5.9080318e-47
9.3741979e+01	5.8940868e-47
9.3954459e+01	5.8802698e-47
9.4167420e+01	5.8665794e-47
9.4380864e+01	5.8530149e-47
9.4594792e+01	5.8395749e-47
9.4809205e+01	5.8262585e-47
9.5024104e+01	5.8130646e-47
9.5239489e+01	5.7999924e-47
9.5455363e+01	5.7870406e-47
9.5671727e+01	5.7742084e-47
9.5888580e+01	5.7614946e-47
9.6105926e+01	5.7488985e-47
9.6323764e+01	5.7364188e-47
9.6542095e+01	5.7240547e-47
9.6760922e+01	5.7118052e-47
9.6980244e+01	5.6996696e-47
9.7200064e+01	5.6876465e-47
9.7420382e+01	5.6757353e-47
9.7641199e+01	5.6639350e-47
9.7862517e+01	5.6522446e-47
9.8084336e+01	5.6406632e-47
9.8306659e+01	5.6291901e-47
9.8529485e+01	5.6178242e-47
9.8752816e+01	5.6065647e-47
9.8976653e+01	5.5954106e-47
9.9200998e+01	5.5843613e-47
9.9425852e+01	5.5734156e-47
9.9651215e+01	5.5625729e-47
9.9877088e+01	5.5518323e-47
1.0010347e+02	5.5411930e-47
1.0033037e+02	5.5306540e-47
1.0055779e+02	5.5202148e-47
1.0078571e+02	5.5098742e-47
1.0101416e+02	5.4996317e-47
1.0124312e+02	5.4894865e-47
1.0147261e+02	5.4794375e-47
1.0170261e+02	5.4694843e-47
1.0193313e+02	5.4596258e-47
1.0216418e+02	5.4498615e-47
1.0239575e+02	5.4401905e-47
1.0262784e+02	5.4306120e-47
1.0286046e+02	5.4211254e-47
1.0309361e+02	5.4117299e-47
1.0332729e+02	5.4024248e-47
1.0356149e+02	5.3932092e-47
1.0379623e+02	5.3840826e-47
1.0403150e+02	5.3750442e-47
1.0426730e+02	5.3660933e-47
1.0450364e+02	5.3572292e-47
1.0474051e+02	5.3484512e-47
1.0497792e+02	5.3397586e-47
1.0521587e+02	5.3311508e-47
1.0545435e+02	5.3226271e-47
1.0569338e+02	5.3141868e-47
1.0593295e+02	5.3058292e-47
1.0617306e+02	5.2975536e-47
1.0641372e+02	5.2893597e-47
1.0665492e+02	5.2812465e-47
1.0689667e+02	5.2732133e-47
1.0713897e+02	5.2652598e-47
1.0738181e+02	5.2573853e-47
1.0762521e+02	5.2495891e-47
1.0786916e+02	5.2418705e-47
1.0811366e+02	5.2342291e-47
1.0835871e+02	5.2266640e-47
1.0860432e+02	5.2191750e-47
1.0885049e+02	5.2117612e-47
1.0909722e+02	5.2044221e-47
1.0934450e+02	5.1971573e-47
1.0959235e+02	5.1899661e-47
1.0984075e+02	5.1828476e-47
1.1008972e+02	5.1758019e-47
1.1033926e+02	5.1688279e-47
1.1058936e+02	5.1619253e-47
1.1084002e+02	5.1550937e-47
1.1109126e+02	5.1483321e-47
1.1134306e+02	5.1416403e-47
1.1159544e+02	5.1350177e-47
1.1184839e+02	5.1284639e-47
1.1210191e+02	5.1219782e-47
1.1235600e+02	5.1155601e-47
1.1261067e+02	5.1092091e-47
1.1286592e+02	5.1029249e-47
1.1312175e+02	5.0967067e-47
1.1337815e+02	5.0905542e-47
1.1363514e+02	5.0844669e-47
1.1389271e+02	5.0784442e-47
1.1415087e+02	5.0724857e-47
1.1440961e+02	5.0665908e-47
1.1466893e+02	5.0607593e-47
1.1492885e+02	5.0549906e-47
1.1518935e+02	5.0492841e-47
1.1545044e+02	5.0436396e-47
1.1571213e+02	5.0380563e-47
1.1597440e+02	5.0325343e-47
1.1623728e+02	5.0270725e-47
1.1650075e+02	5.0216709e-47
1.1676481e+02	5.0163289e-47
1.1702948e+02	5.0110461e-47
1.1729474e+02	5.0058222e-47
1.1756060e+02	5.0006565e-47
1.1782707e+02	4.9955489e-47
1.1809414e+02	4.9904987e-47
1.1836182e+02	4.9855058e-47
1.1863011e+02	4.9805695e-47
1.1889900e+02	4.9756894e-47
1.1916850e+02	4.9708653e-47
1.1943861e+02	4.9660969e-47
1.1970934e+02	4.9613835e-47
1.1998068e+02	4.9567248e-47
1.2025263e+02	4.9521204e-47
1.2052520e+02	4.9475701e-47
1.2079839e+02	4.9430735e-47
1.2107219e+02	4.9386300e-47
1.2134662e+02	4.9342395e-47
1.2162167e+02	4.9299015e-47
1.2189734e+02	4.9256156e-47
1.2217364e+02	4.9213814e-47
1.2245057e+02	4.9171988e-47
1.2272812e+02	4.9130672e-47
1.2300630e+02	4.9089864e-47
1.2328511e+02	4.9049560e-47
1.2356455e+02	4.9009757e-47
1.2384463e+02	4.8970452e-47
1.2412534e+02	4.8931639e-47
1.2440669e+02	4.8893319e-47
1.2468868e+02	4.8855485e-47
1.2497130e+02	4.8818137e-47
1.2525457e+02	4.8781269e-47
1.2553847e+02	4.8744879e-47
1.2582302e+02	4.8708965e-47
1.2610822e+02	4.8673521e-47
1.2639406e+02	4.8638546e-47
1.2668055e+02	4.8604039e-47
1.2696769e+02	4.8569993e-47
1.2725548e+02	4.8536407e-47
1.2754393e+02	4.8503278e-47
1.2783302e+02	4.8470604e-47
1.2812277e+02	4.8438380e-47
1.2841318e+02	4.8406604e-47
1.2870425e+02	4.8375274e-47
1.2899598e+02	4.8344388e-47
1.2928836e+02	4.8313940e-47
1.2958142e+02	4.8283931e-47
1.2987513e+02	4.8254357e-47
1.3016951e+02	4.8225214e-47
1.3046456e+02	4.8196500e-47
1.3076028e+02	4.8168212e-47
1.3105666e+02	4.8140350e-47
1.3135372e+02	4.8112910e-47
1.3165145e+02	4.8085887e-47
1.3194986e+02	4.8059282e-47
1.3224894e+02	4.8033092e-47
1.3254870e+02	4.8007312e-47
1.3284915e+02	4.7981942e-47
1.3315027e+02	4.7956980e-47
1.3345207e+02	4.7932421e-47
1.3375456e+02	4.7908266e-47
1.3405773e+02	4.7884509e-47
1.3436159e+02	4.7861151e-47
1.3466614e+02	4.7838189e-47
1.3497138e+02	4.7815619e-47
1.3527732e+02	4.7793442e-47
1.3558394e+02	4.7771652e-47
1.3589126e+02	4.7750249e-47
1.3619928e+02	4.7729232e-47
1.3650800e+02	4.7708595e-47
1.3681741e+02	4.7688342e-47
1.3712753e+02	4.7668465e-47
1.3743835e+02	4.7648964e-47
1.3774987e+02	4.7629838e-47
1.3806210e+02	4.7611085e-47
1.3837504e+02	4.7592702e-47
1.3868868e+02	4.7574688e-47
1.3900304e+02	4.7557039e-47
1.3931811e+02	4.7539756e-47
1.3963390e+02	4.7522836e-47
1.3995040e+02	4.7506276e-47
1.4026761e+02	4.7490076e-47
1.4058555e+02	4.7474235e-47
1.4090421e+02	4.7458747e-47
1.4122359e+02	4.7443613e-47
1.4154369e+02	4.7428832e-47
1.4186452e+02	4.7414401e-47
1.4218608e+02	4.7400318e-47
1.4250836e+02	4.7386584e-47
1.4283138e+02	4.7373193e-47
1.4315513e+02	4.7360147e-47
1.4347961e+02	4.7347444e-47
1.4380482e+02	4.7335080e-47
1.4413078e+02	4.7323056e-47
1.4445747e+02	4.7311369e-47
1.4478491e+02	4.7300017e-47
1.4511308e+02	4.7289000e-47
1.4544200e+02	4.7278316e-47
1.4577167e+02	4.7267963e-47
1.4610208e+02	4.7257940e-47
1.4643324e+02	4.7248247e-47
1.4676515e+02	4.7238880e-47
1.4709782e+02	4.7229838e-47
1.4743123e+02	4.7221120e-47
1.4776541e+02	4.7212726e-47
1.4810034e+02	4.7204654e-47
1.4843603e+02	4.7196901e-47
1.4877248e+02	4.7189468e-47
1.4910970e+02	4.7182352e-47
1.4944768e+02	4.7175553e-47
1.4978642e+02	4.7169070e-47
1.5012593e+02	4.7162900e-47
1.5046621e+02	4.7157042e-47
1.5080727e+02	4.7151496e-47
1.5114909e+02	4.7146261e-47
1.5149170e+02	4.7141335e-47
1.5183507e+02	4.7136716e-47
1.5217923e+02	4.7132406e-47
1.5252417e+02	4.7128399e-47
1.5286988e+02	4.7124699e-47
1.5321638e+02	4.7121301e-47
1.5356367e+02	4.7118207e-47
1.5391175e+02	4.7115414e-47
1.5426061e+02	4.7112921e-47
1.5461026e+02	4.7110728e-47
1.5496071e+02	4.7108833e-47
1.5531195e+02	4.7107236e-47
1.5566399e+02	4.7105936e-47
1.5601682e+02	4.7104931e-47
1.5637046e+02	4.7104220e-47
1.5672489e+02	4.7103802e-47
1.5708013e+02	4.7103679e-47
1.5743618e+02	4.7103846e-47
1.5779303e+02	4.7104305e-47
1.5815069e+02	4.7105054e-47
1.5850916e+02	4.7106092e-47
1.5886844e+02	4.7107418e-47
1.5922854e+02	4.7109032e-47
1.5958946e+02	4.7110934e-47
1.5995119e+02	4.7113122e-47
1.6031374e+02	4.7115594e-47
1.6067712e+02	4.7118351e-47
1.6104131e+02	4.7121392e-47
1.6140634e+02	4.7124716e-47
1.6177219e+02	4.7128321e-47
1.6213887e+02	4.7132210e-47
1.6250638e+02	4.7136378e-47
1.6287472e+02	4.7140827e-47
1.6324390e+02	4.7145555e-47
1.6361392e+02	4.7150562e-47
1.6398477e+02	4.7155848e-47
1.6435647e+02	4.7161412e-47
1.6472900e+02	4.7167252e-47
1.6510239e+02	4.7173369e-47
1.6547661e+02	4.7179762e-47
1.6585169e+02	4.7186431e-47
1.6622762e+02	4.7193373e-47
1.6660440e+02	4.7200591e-47
1.6698203e+02	4.7208081e-47
1.6736052e+02	4.7215845e-47
1.6773986e+02	4.7223882e-47
1.6812007e+02	4.7232191e-47
1.6850114e+02	4.7240771e-47
1.6888307e+02	4.7249623e-47
1.6926587e+02	4.7258745e-47
1.6964953e+02	4.7268139e-47
1.7003407e+02	4.7277801e-47
1.7041948e+02	4.7287733e-47
1.7080576e+02	4.7297933e-47
1.7119291e+02	4.7308404e-47
1.7158095e+02	4.7319141e-47
1.7196986e+02	4.7330148e-47
1.7235965e+02	4.7341422e-47
1.7275033e+02	4.7352963e-47
1.7314189e+02	4.7364770e-47
1.7353435e+02	4.7376844e-47
1.7392769e+02	4.7389185e-47
1.7432192e+02	4.7401790e-47
1.7471704e+02	4.7414662e-47
1.7511306e+02	4.7427799e-47
1.7550998e+02	4.7441202e-47
1.7590780e+02	4.7454868e-47
1.7630652e+02	4.7468801e-47
1.7670615e+02	4.7482996e-47
1.7710668e+02	4.7497457e-47
1.7750811e+02	4.7512181e-47
1.7791046e+02	4.7527168e-47
1.7831372e+02	4.7542419e-47
1.7871790e+02	4.7557934e-47
1.7912299e+02	4.7573712e-47
1.7952899e+02	4.7589752e-47
1.7993592e+02	4.7606056e-47
1.8034377e+02	4.7622622e-47
1.8075255e+02	4.7639451e-47
1.8116225e+02	4.7656542e-47
1.8157288e+02	4.7673896e-47
1.8198444e+02	4.7691511e-47
1.8239693e+02	4.7709390e-47
1.8281036e+02	4.7727530e-47
1.8322473e+02	4.7745932e-47
1.8364003e+02	4.7764596e-47
1.8405628e+02	4.7783522e-47
1.8447347e+02	4.7802710e-47
1.8489161e+02	4.7822160e-47
1.8531069e+02	4.7841872e-47
1.8573072e+02	4.7861845e-47
1.8615171e+02	4.7882081e-47
1.8657365e+02	4.7902578e-47
1.8699654e+02	4.7923336e-47
1.8742040e+02	4.7944357e-47
1.8784521e+02	4.7965640e-47
1.8827099e+02	4.7987186e-47
1.8869774e+02	4.8008993e-47
1.8912545e+02	4.8031062e-47
1.8955413e+02	4.8053395e-47
1.8998378e+02	4.8075989e-47
1.9041440e+02	4.8098845e-47
1.9084600e+02	4.8121963e-47
1.9127858e+02	4.8145345e-47
1.9171214e+02	4.8168990e-47
1.9214669e+02	4.8192898e-47
1.9258222e+02	4.8217068e-47
1.9301873e+02	4.8241502e-47
1.9345624e+02	4.8266200e-47
1.9389473e+02	4.8291161e-47
1.9433422e+02	4.8316386e-47
1.9477471e+02	4.8341874e-47
1.9521619e+02	4.8367627e-47
1.9565868e+02	4.8393644e-47
1.9610217e+02	4.8419926e-47
1.9654666e+02	4.8446472e-47
1.9699216e+02	4.8473284e-47
1.9743867e+02	4.8500362e-47
1.9788620e+02	4.8527704e-47
1.9833473e+02	4.8555314e-47
1.9878429e+02	4.8583188e-47
1.9923486e+02	4.8611329e-47
1.9968646e+02	4.8639738e-47
2.0013907e+02	4.8668413e-47
2.0059272e+02	4.8697355e-47
2.0104739e+02	4.8726565e-47
2.0150309e+02	4.8756044e-47
2.0195983e+02	4.8785790e-47
2.0241760e+02	4.8815805e-47
2.0287641e+02	4.8846089e-47
2.0333626e+02	4.8876643e-47
2.0379715e+02	4.8907466e-47
2.0425908e+02	4.8938559e-47
2.0472207e+02	4.8969923e-47
2.0518610e+02	4.9001558e-47
2.0565118e+02	4.9033464e-47
2.0611732e+02	4.9065643e-47
2.0658451e+02	4.9098094e-47
2.0705277e+02	4.9130816e-47
2.0752208e+02	4.9163812e-47
2.0799246e+02	4.9197083e-47
2.0846391e+02	4.9230625e-47
2.0893642e+02	4.9264443e-47
2.0941000e+02	4.9298537e-47
2.0988466e+02	4.9332905e-47
2.1036040e+02	4.9367550e-47
2.1083721e+02	4.9402470e-47
2.1131510e+02	4.9437668e-47
2.1179408e+02	4.9473142e-47
2.1227414e+02	4.9508896e-47
2.1275529e+02	4.9544928e-47
2.1323753e+02	4.9581238e-47
2.1372086e+02	4.9617828e-47
2.1420529e+02	4.9654698e-47
2.1469082e+02	4.9691849e-47
2.1517745e+02	4.9729281e-47
2.1566518e+02	4.9766995e-47
2.1615401e+02	4.9804992e-47
2.1664396e+02	4.9843271e-47
2.1713501e+02	4.9881834e-47
2.1762718e+02	4.9920681e-47
2.1812046e+02	4.9959815e-47
2.1861486e+02	4.9999232e-47
2.1911039e+02	5.0038936e-47
2.1960703e+02	5.0078927e-47
2.2010480e+02	5.0119206e-47
2.2060370e+02	5.0159772e-47
2.2110373e+02	5.0200627e-47
2.2160489e+02	5.0241771e-47
2.2210719e+02	5.0283207e-47
2.2261063e+02	5.0324932e-47
2.2311521e+02	5.0366949e-47
2.2362093e+02	5.0409259e-47
2.2412780e+02	5.0451862e-47
2.2463582e+02	5.0494758e-47
2.2514499e+02	5.0537949e-47
2.2565531e+02	5.0581436e-47
2.2616679e+02	5.0625217e-47
2.2667943e+02	5.0669297e-47
2.2719323e+02	5.0713673e-47
2.2770820e+02	5.0758348e-47
2.2822433e+02	5.0803320e-47
2.2874164e+02	5.0848594e-47
2.2926011e+02	5.0894169e-47
2.2977976e+02	5.0940045e-47
2.3030059e+02	5.0986222e-47
2.3082260e+02	5.1032704e-47
2.3134580e+02	5.1079489e-47
2.3187017e+02	5.1126578e-47
2.3239574e+02	5.1173973e-47
2.3292250e+02	5.1221676e-47
2.3345045e+02	5.1269684e-47
2.3397960e+02	5.1318002e-47
2.3450995e+02	5.1366629e-47
2.3504150e+02	5.1415565e-47
2.3557425e+02	5.1464813e-47
2.3610822e+02	5.1514373e-47
2.3664339e+02	5.1564245e-47
2.3717978e+02	5.1614431e-47
2.3771738e+02	5.1664930e-47
2.3825620e+02	5.1715746e-47
2.3879624e+02	5.1766878e-47
2.3933751e+02	5.1818329e-47
2.3988000e+02	5.1870096e-47
2.4042372e+02	5.1922183e-47
2.4096868e+02	5.1974592e-47
2.4151487e+02	5.2027320e-47
2.4206230e+02	5.2080372e-47
2.4261097e+02	5.2133746e-47
2.4316088e+02	5.2187445e-47
2.4371204e+02	5.2241469e-47
2.4426445e+02	5.2295820e-47
2.4481811e+02	5.2350498e-47
2.4537302e+02	5.2405504e-47
2.4592919e+02	5.2460839e-47
2.4648663e+02	5.2516506e-47
2.4704533e+02	5.2572504e-47
2.4760529e+02	5.2628835e-47
2.4816652e+02	5.2685499e-47
2.4872903e+02	5.2742499e-47
2.4929281e+02	5.2799834e-47
2.4985787e+02	5.2857506e-47
2.5042420e+02	5.2915516e-47
2.5099183e+02	5.2973866e-47
2.5156074e+02	5.3032556e-47
2.5213093e+02	5.3091587e-47
2.5270243e+02	5.3150962e-47
2.5327521e+02	5.3210680e-47
2.5384930e+02	5.3270744e-47
2.5442468e+02	5.3331154e-47
2.5500137e+02	5.3391910e-47
2.5557937e+02	5.3453017e-47
2.5615868e+02	5.3514471e-47
2.5673930e+02	5.3576278e-47
2.5732123e+02	5.3638436e-47
2.5790449e+02	5.3700948e-47
2.5848907e+02	5.3763814e-47
2.5907497e+02	5.3827038e-47
2.5966220e+02	5.3890617e-47
2.6025076e+02	5.3954554e-47
2.6084066e+02	5.4018853e-47
2.6143189e+02	5.4083512e-47
2.6202446e+02	5.4148532e-47
2.6261838e+02	5.4213916e-47
2.6321364e+02	5.4279666e-47
2.6381025e+02	5.4345781e-47
2.6440822e+02	5.4412264e-47
2.6500754e+02	5.4479115e-47
2.6560821e+02	5.4546337e-47
2.6621025e+02	5.4613930e-47
2.6681366e+02	5.4681896e-47
2.6741843e+02	5.4750235e-47
2.6802457e+02	5.4818951e-47
2.6863209e+02	5.4888043e-47
2.6924098e+02	5.4957514e-47
2.6985125e+02	5.5027363e-47
2.7046291e+02	5.5097595e-47
2.7107595e+02	5.5168208e-47
2.7169039e+02	5.5239207e-47
2.7230621e+02	5.5310589e-47
2.7292343e+02	5.5382359e-47
2.7354205e+02	5.5454516e-47
2.7416208e+02	5.5527064e-47
2.7478350e+02	5.5600002e-47
2.7540634e+02	5.5673333e-47
2.7603059e+02	5.5747059e-47
2.7665625e+02	5.5821180e-47
2.7728333e+02	5.5895697e-47
2.7791183e+02	5.5970614e-47
2.7854176e+02	5.6045930e-47
2.7917312e+02	5.6121648e-47
2.7980590e+02	5.6197770e-47
2.8044012e+02	5.6274295e-47
2.8107578e+02	5.6351228e-47
2.8171288e+02	5.6428568e-47
2.8235142e+02	5.6506316e-47
2.8299141e+02	5.6584477e-47
2.8363285e+02	5.6663050e-47
2.8427575e+02	5.6742036e-47
2.8492010e+02	5.6821438e-47
2.8556591e+02	5.6901259e-47
2.8621319e+02	5.6981498e-47
2.8686193e+02	5.7062156e-47
2.8751214e+02	5.7143239e-47
2.8816383e+02	5.7224744e-47
2.8881700e+02	5.7306674e-47
2.8947164e+02	5.7389034e-47
2.9012777e+02	5.7471820e-47
2.9078539e+02	5.7555038e-47
2.9144449e+02	5.7638689e-47
2.9210510e+02	5.7722774e-47
2.9276719e+02	5.7807292e-47
2.9343079e+02	5.7892250e-47
2.9409590e+02	5.7977647e-47
2.9476251e+02	5.8063484e-47
2.9543063e+02	5.8149765e-47
2.9610026e+02	5.8236489e-47
2.9677142e+02	5.8323661e-47
2.9744409e+02	5.8411279e-47
2.9811829e+02	5.8499349e-47
2.9879402e+02	5.8587869e-47
2.9947128e+02	5.8676842e-47
3.0015007e+02	5.8766273e-47
3.0083041e+02	5.8856158e-47
3.0151228e+02	5.8946503e-47
3.0219570e+02	5.9037309e-47
3.0288067e+02	5.9128578e-47
3.0356720e+02	5.9220312e-47
3.0425528e+02	5.9312512e-47
3.0494491e+02	5.9405180e-47
3.0563612e+02	5.9498318e-47
3.0632888e+02	5.9591929e-47
3.0702322e+02	5.9686014e-47
3.0771913e+02	5.9780574e-47
3.0841662e+02	5.9875613e-47
3.0911569e+02	5.9971131e-47
3.0981635e+02	6.0067131e-47
3.1051859e+02	6.0163616e-47
3.1122243e+02	6.0260586e-47
3.1192786e+02	6.0358043e-47
3.1263489e+02	6.0455991e-47
3.1334352e+02	6.0554432e-47
3.1405376e+02	6.0653365e-47
3.1476561e+02	6.0752795e-47
3.1547907e+02	6.0852722e-47
3.1619415e+02	6.0953149e-47
3.1691085e+02	6.1054080e-47
3.1762917e+02	6.1155514e-47
3.1834912e+02	6.1257454e-47
3.1907071e+02	6.1359903e-47
3.1979393e+02	6.1462862e-47
3.2051878e+02	6.1566333e-47
3.2124529e+02	6.1670320e-47
3.2197343e+02	6.1774824e-47
3.2270323e+02	6.1879846e-47
3.2343469e+02	6.1985390e-47
3.2416780e+02	6.2091458e-47
3.2490257e+02	6.2198051e-47
3.2563901e+02	6.2305172e-47
3.2637712e+02	6.2412823e-47
3.2711690e+02	6.2521006e-47
3.2785835e+02	6.2629725e-47
3.2860149e+02	6.2738979e-47
3.2934632e+02	6.2848773e-47
3.3009283e+02	6.2959107e-47
3.3084103e+02	6.3069986e-47
3.3159093e+02	6.3181410e-47
3.3234253e+02	6.3293382e-47
3.3309583e+02	6.3405905e-47
3.3385084e+02	6.3518981e-47
3.3460756e+02	6.3632612e-47
3.3536600e+02	6.3746800e-47
3.3612615e+02	6.3861549e-47
3.3688803e+02	6.3976860e-47
3.3765163e+02	6.4092734e-47
3.3841697e+02	6.4209177e-47
3.3918404e+02	6.4326189e-47
3.3995285e+02	6.4443773e-47
3.4072340e+02	6.4561930e-47
3.4149570e+02	6.4680664e-47
3.4226975e+02	6.4799979e-47
3.4304555e+02	6.4919874e-47
3.4382312e+02	6.5040354e-47
3.4460244e+02	6.5161420e-47
3.4538353e+02	6.5283076e-47
3.4616639e+02	6.5405324e-47
3.4695103e+02	6.5528165e-47
3.4773744e+02	6.5651603e-47
3.4852564e+02	6.5775641e-47
3.4931562e+02	6.5900279e-47
3.5010740e+02	6.6025523e-47
3.5090097e+02	6.6151374e-47
3.5169633e+02	6.6277835e-47
3.5249350e+02	6.6404909e-47
3.5329248e+02	6.6532597e-47
3.5409327e+02	6.6660902e-47
3.5489587e+02	6.6789828e-47
3.5570029e+02	6.6919376e-47
3.5650654e+02	6.7049551e-47
3.5731461e+02	6.7180353e-47
3.5812452e+02	6.7311787e-47
3.5893626e+02	6.7443855e-47
3.5974984e+02	6.7576558e-47
3.6056526e+02	6.7709902e-47
3.6138254e+02	6.7843887e-47
3.6220166e+02	6.7978516e-47
3.6302265e+02	6.8113795e-47
3.6384549e+02	6.8249722e-47
3.6467020e+02	6.8386302e-47
3.6549677e+02	6.8523541e-47
3.6632522e+02	6.8661437e-47
3.6715555e+02	6.8799994e-47
3.6798776e+02	6.8939216e-47
3.6882186e+02	6.9079106e-47
3.6965785e+02	6.9219666e-47
3.7049573e+02	6.9360899e-47
3.7133551e+02	6.9502809e-47
3.7217720e+02	6.9645399e-47
3.7302079e+02	6.9788669e-47
3.7386630e+02	6.9932626e-47
3.7471372e+02	7.0077271e-47
3.7556306e+02	7.0222607e-47
3.7641433e+02	7.0368635e-47
3.7726753e+02	7.0515363e-47
3.7812266e+02	7.0662790e-47
3.7897973e+02	7.0810919e-47
3.7983874e+02	7.0959756e-47
3.8069970e+02	7.1109303e-47
3.8156261e+02	7.1259560e-47
3.8242747e+02	7.1410536e-47
3.8329430e+02	7.1562228e-47
3.8416309e+02	7.1714644e-47
3.8503385e+02	7.1867784e-47
3.8590659e+02	7.2021653e-47
3.8678130e+02	7.2176252e-47
3.8765800e+02	7.2331587e-47
3.8853668e+02	7.2487660e-47
3.8941735e+02	7.2644475e-47
3.9030002e+02	7.2802032e-47
3.9118470e+02	7.2960338e-47
3.9207137e+02	7.3119396e-47
3.9296006e+02	7.3279207e-47
3.9385076e+02	7.3439775e-47
3.9474348e+02	7.3601106e-47
3.9563822e+02	7.3763200e-47
3.9653499e+02	7.3926061e-47
3.9743379e+02	7.4089695e-47
3.9833464e+02	7.4254102e-47
3.9923752e+02	7.4419289e-47
4.0014245e+02	7.4585256e-47
4.0104943e+02	7.4752007e-47
4.0195846e+02	7.4919548e-47
4.0286956e+02	7.5087880e-47
4.0378272e+02	7.5257008e-47
4.0469795e+02	7.5426934e-47
4.0561526e+02	7.5597662e-47
4.0653465e+02	7.5769196e-47
4.0745611e+02	7.5941541e-47
4.0837967e+02	7.6114698e-47
4.0930532e+02	7.6288673e-47
4.1023307e+02	7.6463466e-47
4.1116293e+02	7.6639085e-47
4.1209489e+02	7.6815531e-47
4.1302896e+02	7.6992808e-47
4.1396515e+02	7.7170922e-47
4.1490346e+02	7.7349874e-47
4.1584390e+02	7.7529668e-47
4.1678647e+02	7.7710309e-47
4.1773117e+02	7.7891801e-47
4.1867802e+02	7.8074147e-47
4.1962701e+02	7.8257349e-47
4.2057816e+02	7.8441415e-47
4.2153146e+02	7.8626346e-47
4.2248692e+02	7.8812148e-47
4.2344455e+02	7.8998821e-47
4.2440435e+02	7.9186374e-47
4.2536632e+02	7.9374807e-47
4.2633047e+02	7.9564127e-47
4.2729681e+02	7.9754336e-47
4.2826534e+02	7.9945438e-47
4.2923607e+02	8.0137441e-47
4.3020899e+02	8.0330344e-47
4.3118412e+02	8.0524155e-47
4.3216147e+02	8.0718874e-47
4.3314102e+02	8.0914510e-47
4.3412280e+02	8.1111066e-47
4.3510680e+02	8.1308545e-47
4.3609303e+02	8.1506951e-47
4.3708150e+02	8.1706292e-47
4.3807221e+02	8.1906569e-47
4.3906516e+02	8.2107790e-47
4.4006037e+02	8.2309957e-47
4.4105783e+02	8.2513075e-47
4.4205755e+02	8.2717151e-47
4.4305953e+02	8.2922188e-47
4.4406379e+02	8.3128194e-47
4.4507033e+02	8.3335172e-47
4.4607914e+02	8.3543128e-47
4.4709024e+02	8.3752068e-47
4.4810364e+02	8.3962000e-47
4.4911933e+02	8.4172929e-47
4.5013732e+02	8.4384861e-47
4.5115762e+02	8.4597805e-47
4.5218024e+02	8.4811768e-47
4.5320517e+02	8.5026760e-47
4.5423242e+02	8.5242790e-47
4.5526201e+02	8.5459869e-47
4.5629392e+02	8.5678009e-47
4.5732818e+02	8.5897222e-47
4.5836478e+02	8.6117528e-47
4.5940373e+02	8.6338943e-47
4.6044503e+02	8.6561493e-47
4.6148870e+02	8.6785205e-47
4.6253473e+02	8.7010116e-47
4.6358313e+02	8.7236272e-47
4.6463391e+02	8.7463735e-47
4.6568707e+02	8.7692587e-47
4.6674261e+02	8.7922938e-47
4.6780055e+02	8.8154955e-47
4.6886089e+02	8.8388870e-47
4.6992363e+02	8.8625045e-47
4.7098878e+02	8.8864057e-47
4.7205634e+02	8.9106866e-47
4.7312633e+02	8.9355195e-47
4.7419874e+02	8.9612379e-47
4.7527358e+02	8.9885597e-47
4.7635085e+02	9.0192785e-47
4.7743057e+02	9.0590021e-47
4.7851274e+02	9.1335981e-47
4.7959735e+02	9.5470585e-47
4.8068443e+02	1.2456247e-46
4.8177397e+02	9.2731322e-47
4.8286598e+02	9.1926977e-47
4.8396047e+02	9.1926028e-47
4.8505743e+02	9.2078397e-47
4.8615688e+02	9.2280539e-47
4.8725883e+02	9.2504037e-47
4.8836327e+02	9.2738558e-47
4.8947022e+02	9.2979619e-47
4.9057967e+02	9.3225021e-47
4.9169164e+02	9.3473587e-47
4.9280613e+02	9.3724644e-47
4.9392315e+02	9.3977781e-47
4.9504269e+02	9.4232741e-47
4.9616478e+02	9.4489355e-47
4.9728941e+02	9.4747511e-47
4.9841659e+02	9.5007128e-47
4.9954632e+02	9.5268155e-47
5.0067861e+02	9.5530550e-47
5.0181347e+02	9.5794291e-47
5.0295090e+02	9.6059356e-47
5.0409091e+02	9.6325731e-47
5.0523351e+02	9.6593409e-47
5.0637869e+02	9.6862381e-47
5.0752647e+02	9.7132644e-47
5.0867686e+02	9.7404200e-47
5.0982984e+02	9.7677043e-47
5.1098545e+02	9.7951179e-47
5.1214367e+02	9.8226605e-47
5.1330452e+02	9.8503326e-47
5.1446799e+02	9.8781344e-47
5.1563411e+02	9.9060662e-47
5.1680287e+02	9.9341284e-47
5.1797428e+02	9.9623216e-47
5.1914834e+02	9.9906460e-47
5.2032506e+02	1.0019101e-46
5.2150446e+02	1.0047691e-46
5.2268652e+02	1.0076411e-46
5.2387127e+02	1.0105266e-46
5.2505869e+02	1.0134254e-46
5.2624882e+02	1.0163376e-46
5.2744163e+02	1.0192633e-46
5.2863716e+02	1.0222027e-46
5.2983539e+02	1.0251554e-46
5.3103634e+02	1.0281220e-46
5.3224001e+02	1.0311021e-46
5.3344641e+02	1.0340962e-46
5.3465554e+02	1.0371039e-46
5.3586741e+02	1.0401256e-46
5.3708203e+02	1.0431613e-46
5.3829941e+02	1.0462111e-46
5.3951954e+02	1.0492749e-46
5.4074244e+02	1.0523526e-46
5.4196811e+02	1.0554447e-46
5.4319656e+02	1.0585510e-46
5.4442779e+02	1.0616718e-46
5.4566181e+02	1.0648067e-46
5.4689863e+02	1.0679563e-46
5.4813826e+02	1.0711203e-46
5.4938069e+02	1.0742989e-46
5.5062594e+02	1.0774920e-46
5.5187402e+02	1.0807000e-46
5.5312492e+02	1.0839225e-46
5.5437866e+02	1.0871601e-46
5.5563523e+02	1.0904125e-46
5.5689466e+02	1.0936799e-46
5.5815694e+02	1.0969623e-46
5.5942209e+02	1.1002598e-46
5.6069010e+02	1.1035725e-46
5.6196098e+02	1.1069005e-46
5.6323475e+02	1.1102439e-46
5.6451140e+02	1.1136024e-46
5.6579095e+02	1.1169765e-46
5.6707339e+02	1.1203662e-46
5.6835874e+02	1.1237713e-46
5.6964701e+02	1.1271922e-46
5.7093820e+02	1.1306288e-46
5.7223231e+02	1.1340810e-46
5.7352936e+02	1.1375494e-46
5.7482935e+02	1.1410335e-46
5.7613228e+02	1.1445337e-46
5.7743817e+02	1.1480499e-46
5.7874701e+02	1.1515822e-46
5.8005883e+02	1.1551310e-46
5.8137361e+02	1.1586959e-46
5.8269138e+02	1.1622772e-46
5.8401213e+02	1.1658750e-46
5.8533588e+02	1.1694891e-46
5.8666263e+02	1.1731201e-46
5.8799238e+02	1.1767676e-46
5.8932515e+02	1.1804318e-46
5.9066094e+02	1.1841131e-46
5.9199976e+02	1.1878109e-46
5.9334161e+02	1.1915259e-46
5.9468651e+02	1.1952581e-46
5.9603445e+02	1.1990073e-46
5.9738545e+02	1.2027735e-46
5.9873951e+02	1.2065573e-46
6.0009664e+02	1.2103582e-46
6.0145684e+02	1.2141766e-46
6.0282013e+02	1.2180124e-46
6.0418651e+02	1.2218660e-46
6.0555598e+02	1.2257373e-46
6.0692856e+02	1.2296262e-46
6.0830425e+02	1.2335330e-46
6.0968306e+02	1.2374578e-46
6.1106500e+02	1.2414004e-46
6.1245006e+02	1.2453611e-46
6.1383827e+02	1.2493402e-46
6.1522962e+02	1.2533373e-46
6.1662413e+02	1.2573529e-46
6.1802180e+02	1.2613866e-46
6.1942263e+02	1.2654392e-46
6.2082664e+02	1.2695101e-46
6.2223384e+02	1.2735996e-46
6.2364422e+02	1.2777081e-46
6.2505780e+02	1.2818352e-46
6.2647458e+02	1.2859814e-46
6.2789458e+02	1.2901464e-46
6.2931779e+02	1.2943306e-46
6.3074423e+02	1.2985339e-46
6.3217390e+02	1.3027565e-46
6.3360681e+02	1.3069984e-46
6.3504297e+02	1.3112597e-46
6.3648239e+02	1.3155404e-46
6.3792507e+02	1.3198409e-46
6.3937102e+02	1.3241611e-46
6.4082024e+02	1.3285011e-46
6.4227276e+02	1.3328608e-46
6.4372856e+02	1.3372406e-46
6.4518766e+02	1.3416404e-46
6.4665007e+02	1.3460603e-46
6.4811580e+02	1.3505006e-46
6.4958485e+02	1.3549610e-46
6.5105722e+02	1.3594417e-46
6.5253294e+02	1.3639432e-46
6.5401200e+02	1.3684653e-46
6.5549441e+02	1.3730079e-46
6.5698018e+02	1.3775715e-46
6.5846932e+02	1.3821557e-46
6.5996184e+02	1.3867611e-46
6.6145774e+02	1.3913875e-46
6.6295703e+02	1.3960351e-46
6.6445971e+02	1.4007040e-46
6.6596581e+02	1.4053941e-46
6.6747531e+02	1.4101057e-46
6.6898824e+02	1.4148389e-46
6.7050460e+02	1.4195936e-46
6.7202439e+02	1.4243702e-46
6.7354763e+02	1.4291686e-46
6.7507433e+02	1.4339890e-46
6.7660448e+02	1.4388312e-46
6.7813810e+02	1.4436957e-46
6.7967520e+02	1.4485827e-46
6.8121578e+02	1.4534916e-46
6.8275985e+02	1.4584231e-46
6.8430743e+02	1.4633772e-46
6.8585851e+02	1.4683541e-46
6.8741311e+02	1.4733534e-46
6.8897123e+02	1.4783758e-46
6.9053288e+02	1.4834210e-46
6.9209807e+02	1.4884893e-46
6.9366681e+02	1.4935807e-46
6.9523911e+02	1.4986955e-46
6.9681497e+02	1.5038338e-46
6.9839440e+02	1.5089953e-46
6.9997741e+02	1.5141805e-46
7.0156401e+02	1.5193893e-46
7.0315420e+02	1.5246219e-46
7.0474800e+02	1.5298786e-46
7.0634542e+02	1.5351592e-46
7.0794645e+02	1.5404637e-46
7.0955111e+02	1.5457927e-46
7.1115941e+02	1.5511460e-46
7.1277136e+02	1.5565237e-46
7.1438695e+02	1.5619261e-46
7.1600622e+02	1.5673528e-46
7.1762915e+02	1.5728047e-46
7.1925576e+02	1.5782811e-46
7.2088605e+02	1.5837827e-46
7.2252004e+02	1.5893095e-46
7.2415774e+02	1.5948616e-46
7.2579915e+02	1.6004388e-46
7.2744428e+02	1.6060417e-46
7.2909313e+02	1.6116701e-46
7.3074573e+02	1.6173242e-46
7.3240207e+02	1.6230039e-46
7.3406216e+02	1.6287097e-46
7.3572602e+02	1.6344416e-46
7.3739365e+02	1.6401997e-46
7.3906506e+02	1.6459838e-46
7.4074025e+02	1.6517946e-46
7.4241925e+02	1.6576318e-46
7.4410205e+02	1.6634956e-46
7.4578866e+02	1.6693860e-46
7.4747910e+02	1.6753036e-46
7.4917337e+02	1.6812481e-46
7.5087148e+02	1.6872197e-46
7.5257344e+02	1.6932185e-46
7.5427925e+02	1.6992447e-46
7.5598893e+02	1.7052983e-46
7.5770249e+02	1.7113797e-46
7.5941993e+02	1.7174886e-46
7.6114127e+02	1.7236258e-46
7.6286650e+02	1.7297905e-46
7.6459565e+02	1.7359836e-46
7.6632872e+02	1.7422049e-46
7.6806571e+02	1.7484545e-46
7.6980664e+02	1.7547329e-46
7.7155152e+02	1.7610397e-46
7.7330035e+02	1.7673751e-46
7.7505315e+02	1.7737397e-46
7.7680992e+02	1.7801331e-46
7.7857067e+02	1.7865557e-46
7.8033541e+02	1.7930078e-46
7.8210415e+02	1.7994892e-46
7.8387690e+02	1.8060000e-46
7.8565367e+02	1.8125407e-46
7.8743447e+02	1.8191109e-46
7.8921930e+02	1.8257114e-46
7.9100818e+02	1.8323418e-46
7.9280112e+02	1.8390026e-46
7.9459812e+02	1.8456937e-46
7.9639919e+02	1.8524152e-46
7.9820434e+02	1.8591674e-46
8.0001358e+02	1.8659503e-46
8.0182693e+02	1.8727643e-46
8.0364439e+02	1.8796092e-46
8.0546596e+02	1.8864855e-46
8.0729167e+02	1.8933931e-46
8.0912151e+02	1.9003320e-46
8.1095550e+02	1.9073027e-46
8.1279365e+02	1.9143050e-46
8.1463596e+02	1.9213392e-46
8.1648245e+02	1.9284055e-46
8.1833312e+02	1.9355042e-46
8.2018799e+02	1.9426350e-46
8.2204707e+02	1.9497986e-46
8.2391036e+02	1.9569945e-46
8.2577787e+02	1.9642233e-46
8.2764961e+02	1.9714853e-46
8.2952560e+02	1.9787801e-46
8.3140584e+02	1.9861082e-46
8.3329034e+02	1.9934695e-46
8.3517911e+02	2.0008646e-46
8.3707216e+02	2.0082934e-46
8.3896951e+02	2.0157559e-46
8.4087115e+02	2.0232525e-46
8.4277711e+02	2.0307832e-46
8.4468738e+02	2.0383481e-46
8.4660199e+02	2.0459478e-46
8.4852093e+02	2.0535819e-46
8.5044423e+02	2.0612509e-46
8.5237188e+02	2.0689546e-46
8.5430391e+02	2.0766934e-46
8.5624031e+02	2.0844675e-46
8.5818110e+02	2.0922772e-46
8.6012629e+02	2.1001224e-46
8.6207589e+02	2.1080032e-46
8.6402991e+02	2.1159199e-46
8.6598836e+02	2.1238728e-46
8.6795124e+02	2.1318616e-46
8.6991858e+02	2.1398871e-46
8.7189038e+02	2.1479491e-46
8.7386664e+02	2.1560476e-46
8.7584739e+02	2.1641832e-46
8.7783262e+02	2.1723559e-46
8.7982235e+02	2.1805658e-46
8.8181660e+02	2.1888128e-46
8.8381536e+02	2.1970977e-46
8.8581866e+02	2.2054201e-46
8.8782649e+02	2.2137803e-46
8.8983888e+02	2.2221790e-46
8.9185583e+02	2.2306154e-46
8.9387734e+02	2.2390906e-46
8.9590345e+02	2.2476042e-46
8.9793414e+02	2.2561566e-46
8.9996944e+02	2.2647481e-46
9.0200935e+02	2.2733785e-46
9.0405388e+02	2.2820483e-46
9.0610305e+02	2.2907576e-46
9.0815686e+02	2.2995066e-46
9.1021533e+02	2.3082953e-46
9.1227846e+02	2.3171239e-46
9.1434627e+02	2.3259928e-46
9.1641877e+02	2.3349023e-46
9.1849597e+02	2.3438523e-46
9.2057787e+02	2.3528428e-46
9.2266449e+02	2.3618744e-46
9.2475584e+02	2.3709471e-46
9.2685193e+02	2.3800612e-46
9.2895278e+02	2.3892169e-46
9.3105838e+02	2.3984141e-46
9.3316876e+02	2.4076534e-46
9.3528392e+02	2.4169348e-46
9.3740388e+02	2.4262586e-46
9.3952864e+02	2.4356247e-46
9.4165821e+02	2.4450342e-46
9.4379262e+02	2.4544865e-46
9.4593186e+02	2.4639829e-46
9.4807595e+02	2.4735237e-46
9.5022490e+02	2.4831100e-46
9.5237872e+02	2.4927452e-46
9.5453743e+02	2.5024377e-46
9.5670102e+02	2.5122218e-46
9.5886952e+02	2.5224272e-46
9.6104294e+02	2.5603626e-46
9.6322128e+02	2.5418397e-46
9.6540456e+02	2.5514817e-46
9.6759279e+02	2.5613650e-46
9.6978598e+02	2.5713261e-46
9.7198413e+02	2.5813429e-46
9.7418728e+02	2.5914090e-46
9.7639541e+02	2.6015232e-46
9.7860855e+02	2.6116842e-46
9.8082671e+02	2.6218922e-46
9.8304989e+02	2.6321470e-46
9.8527812e+02	2.6424486e-46
9.8751139e+02	2.6527972e-46
9.8974973e+02	2.6631929e-46
9.9199314e+02	2.6736364e-46
9.9424163e+02	2.6841272e-46
9.9649523e+02	2.6946657e-46
9.9875393e+02	2.7052522e-46
1.0010177e+03	2.7158869e-46
1.0032867e+03	2.7265701e-46
1.0055608e+03	2.7373018e-46
1.0078400e+03	2.7480823e-46
1.0101245e+03	2.7589120e-46
1.0124140e+03	2.7697906e-46
1.0147088e+03	2.7807190e-46
1.0170088e+03	2.7916973e-46
1.0193140e+03	2.8027253e-46
1.0216244e+03	2.8138033e-46
1.0239401e+03	2.8249320e-46
1.0262610e+03	2.8361113e-46
1.0285872e+03	2.8473410e-46
1.0309186e+03	2.8586224e-46
1.0332553e+03	2.8699548e-46
1.0355973e+03	2.8813385e-46
1.0379447e+03	2.8927744e-46
1.0402973e+03	2.9042619e-46
1.0426553e+03	2.9158021e-46
1.0450186e+03	2.9273944e-46
1.0473873e+03	2.9390395e-46
1.0497614e+03	2.9507376e-46
1.0521408e+03	2.9624888e-46
1.0545256e+03	2.9742938e-46
1.0569159e+03	2.9861520e-46
1.0593115e+03	2.9980645e-46
1.0617126e+03	3.0100310e-46
1.0641191e+03	3.0220519e-46
1.0665311e+03	3.0341275e-46
1.0689486e+03	3.0462578e-46
1.0713715e+03	3.0584434e-46
1.0737999e+03	3.0706846e-46
1.0762338e+03	3.0829811e-46
1.0786733e+03	3.0953339e-46
1.0811182e+03	3.1077427e-46
1.0835687e+03	3.1202078e-46
1.0860248e+03	3.1327297e-46
1.0884864e+03	3.1453086e-46
1.0909536e+03	3.1579444e-46
1.0934265e+03	3.1706379e-46
1.0959049e+03	3.1833889e-46
1.0983889e+03	3.1961981e-46
1.1008785e+03	3.2090652e-46
1.1033738e+03	3.2219913e-46
1.1058748e+03	3.2349760e-46
1.1083814e+03	3.2480193e-46
1.1108937e+03	3.2611224e-46
1.1134117e+03	3.2742848e-46
1.1159354e+03	3.2875071e-46
1.1184649e+03	3.3007895e-46
1.1210000e+03	3.3141321e-46
1.1235409e+03	3.3275356e-46
1.1260876e+03	3.3410002e-46
1.1286400e+03	3.3545256e-46
1.1311983e+03	3.3681128e-46
1.1337623e+03	3.3817614e-46
1.1363321e+03	3.3954725e-46
1.1389078e+03	3.4092454e-46
1.1414893e+03	3.4230813e-46
1.1440766e+03	3.4369801e-46
1.1466698e+03	3.4509419e-46
1.1492689e+03	3.4649671e-46
1.1518739e+03	3.4790561e-46
1.1544848e+03	3.4932092e-46
1.1571016e+03	3.5074267e-46
1.1597243e+03	3.5217086e-46
1.1623530e+03	3.5360557e-46
1.1649877e+03	3.5504678e-46
1.1676283e+03	3.5649454e-46
1.1702749e+03	3.5794888e-46
1.1729275e+03	3.5940982e-46
1.1755861e+03	3.6087742e-46
1.1782507e+03	3.6235171e-46
1.1809214e+03	3.6383266e-46
1.1835981e+03	3.6532034e-46
1.1862809e+03	3.6681481e-46
1.1889698e+03	3.6831605e-46
1.1916648e+03	3.6982413e-46
1.1943658e+03	3.7133903e-46
1.1970730e+03	3.7286085e-46
1.1997864e+03	3.7438957e-46
1.2025059e+03	3.7592522e-46
1.2052315e+03	3.7746789e-46
1.2079634e+03	3.7901755e-46
1.2107014e+03	3.8057424e-46
1.2134456e+03	3.8213803e-46
1.2161961e+03	3.8370890e-46
1.2189527e+03	3.8528692e-46
1.2217157e+03	3.8687208e-46
1.2244849e+03	3.8846451e-46
1.2272603e+03	3.9006412e-46
1.2300421e+03	3.9167101e-46
1.2328302e+03	3.9328522e-46
1.2356246e+03	3.9490676e-46
1.2384253e+03	3.9653565e-46
1.2412323e+03	3.9817193e-46
1.2440458e+03	3.9981566e-46
1.2468656e+03	4.0146690e-46
1.2496918e+03	4.0312560e-46
1.2525244e+03	4.0479183e-46
1.2553634e+03	4.0646564e-46
1.2582089e+03	4.0814707e-46
1.2610608e+03	4.0983614e-46
1.2639192e+03	4.1153287e-46
1.2667840e+03	4.1323730e-46
1.2696554e+03	4.1494949e-46
1.2725332e+03	4.1666946e-46
1.2754176e+03	4.1839725e-46
1.2783085e+03	4.2013287e-46
1.2812060e+03	4.2187640e-46
1.2841100e+03	4.2362782e-46
1.2870206e+03	4.2538724e-46
1.2899379e+03	4.2715461e-46
1.2928617e+03	4.2893003e-46
1.2957922e+03	4.3071353e-46
1.2987292e+03	4.3250510e-46
1.3016730e+03	4.3430485e-46
1.3046234e+03	4.3611272e-46
1.3075806e+03	4.3792887e-46
1.3105444e+03	4.3975323e-46
1.3135149e+03	4.4158588e-46
1.3164922e+03	4.4342686e-46
1.3194762e+03	4.4527621e-46
1.3224670e+03	4.4713395e-46
1.3254645e+03	4.4900012e-46
1.3284689e+03	4.5087477e-46
1.3314801e+03	4.5275797e-46
1.3344981e+03	4.5464969e-46
1.3375229e+03	4.5655001e-46
1.3405546e+03	4.5845897e-46
1.3435931e+03	4.6037663e-46
1.3466386e+03	4.6230298e-46
1.3496909e+03	4.6423804e-46
1.3527502e+03	4.6618195e-46
1.3558164e+03	4.6813467e-46
1.3588896e+03	4.7009624e-46
1.3619697e+03	4.7206674e-46
1.3650568e+03	4.7404620e-46
1.3681509e+03	4.7603464e-46
1.3712520e+03	4.7803209e-46
1.3743601e+03	4.8003863e-46
1.3774753e+03	4.8205430e-46
1.3805976e+03	4.8407912e-46
1.3837269e+03	4.8611311e-46
1.3868633e+03	4.8815637e-46
1.3900068e+03	4.9020891e-46
1.3931575e+03	4.9227073e-46
1.3963153e+03	4.9434200e-46
1.3994802e+03	4.9642260e-46
1.4026523e+03	4.9851270e-46
1.4058316e+03	5.0061225e-46
1.4090182e+03	5.0272138e-46
1.4122119e+03	5.0484010e-46
1.4154129e+03	5.0696841e-46
1.4186211e+03	5.0910639e-46
1.4218366e+03	5.1125411e-46
1.4250594e+03	5.1341161e-46
1.4282895e+03	5.1557897e-46
1.4315270e+03	5.1775626e-46
1.4347717e+03	5.1994384e-46
1.4380238e+03	5.2214421e-46
1.4412833e+03	5.2731971e-46
1.4445502e+03	5.2656729e-46
1.4478245e+03	5.2879141e-46
1.4511062e+03	5.3102796e-46
1.4543953e+03	5.3327501e-46
1.4576919e+03	5.3553235e-46
1.4609960e+03	5.3780003e-46
1.4643075e+03	5.4007803e-46
1.4676266e+03	5.4236634e-46
1.4709532e+03	5.4466509e-46
1.4742873e+03	5.4697427e-46
1.4776290e+03	5.4929395e-46
1.4809783e+03	5.5162414e-46
1.4843351e+03	5.5396495e-46
1.4876996e+03	5.5631638e-46
1.4910717e+03	5.5867846e-46
1.4944514e+03	5.6105128e-46
1.4978388e+03	5.6343491e-46
1.5012338e+03	5.6582931e-46
1.5046366e+03	5.6823465e-46
1.5080471e+03	5.7065088e-46
1.5114653e+03	5.7307807e-46
1.5148912e+03	5.7551631e-46
1.5183250e+03	5.7796559e-46
1.5217665e+03	5.8042601e-46
1.5252158e+03	5.8289763e-46
1.5286729e+03	5.8538046e-46
1.5321378e+03	5.8787453e-46
1.5356106e+03	5.9037997e-46
1.5390913e+03	5.9289674e-46
1.5425799e+03	5.9542500e-46
1.5460764e+03	5.9796471e-46
1.5495808e+03	6.0051595e-46
1.5530931e+03	6.0307876e-46
1.5566134e+03	6.0565323e-46
1.5601417e+03	6.0823940e-46
1.5636780e+03	6.1083730e-46
1.5672223e+03	6.1344704e-46
1.5707746e+03	6.1606859e-46
1.5743350e+03	6.1870205e-46
1.5779035e+03	6.2134745e-46
1.5814800e+03	6.2400490e-46
1.5850647e+03	6.2667437e-46
1.5886575e+03	6.2935601e-46
1.5922584e+03	6.3204977e-46
1.5958675e+03	6.3475583e-46
1.5994847e+03	6.3747413e-46
1.6031102e+03	6.4020482e-46
1.6067439e+03	6.4294783e-46
1.6103858e+03	6.4570337e-46
1.6140360e+03	6.4847142e-46
1.6176944e+03	6.5125197e-46
1.6213611e+03	6.5404523e-46
1.6250362e+03	6.5685113e-46
1.6287196e+03	6.5966976e-46
1.6324113e+03	6.6250122e-46
1.6361114e+03	6.6534555e-46
1.6398199e+03	6.6820275e-46
1.6435368e+03	6.7107296e-46
1.6472621e+03	6.7395618e-46
1.6509958e+03	6.7685250e-46
1.6547380e+03	6.7976196e-46
1.6584887e+03	6.8268466e-46
1.6622479e+03	6.8562060e-46
1.6660157e+03	6.8856988e-46
1.6697919e+03	6.9153258e-46
1.6735768e+03	6.9450870e-46
1.6773702e+03	6.9749835e-46
1.6811722e+03	7.0050156e-46
1.6849828e+03	7.0351839e-46
1.6888020e+03	7.0654898e-46
1.6926299e+03	7.0959327e-46
1.6964665e+03	7.1265143e-46
1.7003118e+03	7.1572344e-46
1.7041658e+03	7.1880940e-46
1.7080286e+03	7.2190936e-46
1.7119001e+03	7.2502342e-46
1.7157803e+03	7.2815164e-46
1.7196694e+03	7.3129405e-46
1.7235673e+03	7.3445070e-46
1.7274740e+03	7.3762171e-46
1.7313895e+03	7.4080711e-46
1.7353140e+03	7.4400696e-46
1.7392473e+03	7.4722136e-46
1.7431896e+03	7.5045036e-46
1.7471408e+03	7.5369400e-46
1.7511009e+03	7.5695235e-46
1.7550700e+03	7.6022555e-46
1.7590482e+03	7.6351355e-46
1.7630353e+03	7.6681651e-46
1.7670315e+03	7.7013449e-46
1.7710367e+03	7.7346746e-46
1.7750510e+03	7.7681561e-46
1.7790744e+03	7.8017897e-46
1.7831069e+03	7.8355761e-46
1.7871486e+03	7.8695156e-46
1.7911994e+03	7.9036095e-46
1.7952594e+03	7.9378577e-46
1.7993287e+03	7.9722618e-46
1.8034071e+03	8.0068223e-46
1.8074948e+03	8.0415393e-46
1.8115917e+03	8.0764144e-46
1.8156980e+03	8.1114475e-46
1.8198135e+03	8.1466392e-46
1.8239384e+03	8.1819911e-46
1.8280726e+03	8.2175039e-46
1.8322162e+03	8.2531775e-46
1.8363692e+03	8.2890130e-46
1.8405316e+03	8.3250115e-46
1.8447034e+03	8.3611730e-46
1.8488847e+03	8.3974987e-46
1.8530754e+03	8.4339896e-46
1.8572757e+03	8.4706464e-46
1.8614855e+03	8.5074691e-46
1.8657048e+03	8.5444592e-46
1.8699337e+03	8.5816175e-46
1.8741722e+03	8.6189445e-46
1.8784202e+03	8.6564408e-46
1.8826780e+03	8.6941069e-46
1.8869453e+03	8.7319446e-46
1.8912223e+03	8.7699539e-46
1.8955091e+03	8.8081354e-46
1.8998055e+03	8.8464908e-46
1.9041117e+03	8.8850202e-46
1.9084276e+03	8.9237247e-46
1.9127534e+03	8.9626061e-46
1.9170889e+03	9.0016681e-46
1.9214343e+03	9.0528985e-46
1.9257895e+03	9.0803144e-46
1.9301545e+03	9.1198987e-46
1.9345295e+03	9.1596684e-46
1.9389144e+03	9.1996186e-46
1.9433092e+03	9.2397512e-46
1.9477140e+03	9.2800655e-46
1.9521288e+03	9.3205635e-46
1.9565536e+03	9.3612446e-46
1.9609884e+03	9.4021111e-46
1.9654332e+03	9.4431624e-46
1.9698882e+03	9.4844006e-46
1.9743532e+03	9.5258261e-46
1.9788284e+03	9.5674396e-46
1.9833137e+03	9.6092418e-46
1.9878091e+03	9.6512338e-46
1.9923148e+03	9.6934165e-46
1.9968307e+03	9.7357903e-46
2.0013568e+03	9.7783573e-46
2.0058931e+03	9.8211167e-46
2.0104398e+03	9.8640706e-46
2.0149967e+03	9.9072196e-46
2.0195640e+03	9.9505643e-46
2.0241416e+03	9.9941060e-46
2.0287296e+03	1.0037845e-45
2.0333280e+03	1.0081783e-45
2.0379369e+03	1.0125920e-45
2.0425562e+03	1.0170258e-45
2.0471859e+03	1.0214797e-45
2.0518261e+03	1.0259538e-45
2.0564769e+03	1.0304482e-45
2.0611382e+03	1.0349631e-45
2.0658101e+03	1.0394984e-45
2.0704925e+03	1.0440543e-45
2.0751856e+03	1.0486308e-45
2.0798893e+03	1.0532282e-45
2.0846037e+03	1.0578465e-45
2.0893287e+03	1.0624857e-45
2.0940645e+03	1.0671460e-45
2.0988110e+03	1.0718273e-45
2.1035682e+03	1.0765300e-45
2.1083363e+03	1.0812540e-45
2.1131151e+03	1.0859995e-45
2.1179048e+03	1.0907665e-45
2.1227053e+03	1.0955551e-45
2.1275168e+03	1.1003655e-45
2.1323391e+03	1.1051978e-45
2.1371723e+03	1.1100519e-45
2.1420165e+03	1.1149281e-45
2.1468717e+03	1.1198264e-45
2.1517379e+03	1.1247470e-45
2.1566151e+03	1.1296899e-45
2.1615034e+03	1.1346552e-45
2.1664028e+03	1.1396431e-45
2.1713132e+03	1.1446536e-45
2.1762348e+03	1.1496869e-45
2.1811676e+03	1.1547430e-45
2.1861115e+03	1.1598220e-45
2.1910667e+03	1.1649242e-45
2.1960330e+03	1.1700495e-45
2.2010106e+03	1.1751980e-45
2.2059996e+03	1.1803699e-45
2.2109998e+03	1.1855653e-45
2.2160113e+03	1.1907843e-45
2.2210342e+03	1.1960270e-45
2.2260685e+03	1.2012934e-45
2.2311142e+03	1.2065838e-45
2.2361714e+03	1.2118982e-45
2.2412400e+03	1.2172367e-45
2.2463201e+03	1.2225995e-45
2.2514117e+03	1.2279865e-45
2.2565148e+03	1.2333981e-45
2.2616295e+03	1.2388342e-45
2.2667558e+03	1.2442950e-45
2.2718938e+03	1.2497806e-45
2.2770433e+03	1.2552911e-45
2.2822046e+03	1.2608265e-45
2.2873775e+03	1.2663872e-45
2.2925622e+03	1.2719730e-45
2.2977586e+03	1.2775842e-45
2.3029668e+03	1.2832209e-45
2.3081868e+03	1.2888832e-45
2.3134187e+03	1.2945712e-45
2.3186624e+03	1.3002849e-45
2.3239179e+03	1.3060247e-45
2.3291854e+03	1.3117905e-45
2.3344649e+03	1.3175825e-45
2.3397563e+03	1.3234007e-45
2.3450597e+03	1.3292453e-45
2.3503751e+03	1.3351166e-45
2.3557025e+03	1.3410144e-45
2.3610421e+03	1.3469390e-45
2.3663937e+03	1.3528905e-45
2.3717575e+03	1.3588690e-45
2.3771334e+03	1.3648747e-45
2.3825215e+03	1.3709076e-45
2.3879219e+03	1.3769680e-45
2.3933344e+03	1.3830558e-45
2.3987593e+03	1.3891719e-45
2.4041964e+03	1.3953157e-45
2.4096459e+03	1.4014856e-45
2.4151077e+03	1.4076846e-45
2.4205819e+03	1.4139118e-45
2.4260685e+03	1.4201674e-45
2.4315675e+03	1.4264512e-45
2.4370790e+03	1.4327637e-45
2.4426030e+03	1.4391047e-45
2.4481395e+03	1.4454746e-45
2.4536885e+03	1.4518734e-45
2.4592502e+03	1.4583012e-45
2.4648244e+03	1.4647582e-45
2.4704113e+03	1.4712445e-45
2.4760108e+03	1.4777603e-45
2.4816231e+03	1.4843056e-45
2.4872480e+03	1.4908806e-45
2.4928857e+03	1.4974855e-45
2.4985362e+03	1.5041204e-45
2.5041995e+03	1.5107853e-45
2.5098756e+03	1.5174806e-45
2.5155646e+03	1.5242062e-45
2.5212665e+03	1.5309624e-45
2.5269813e+03	1.5377492e-45
2.5327091e+03	1.5445668e-45
2.5384499e+03	1.5514154e-45
2.5442036e+03	1.5582950e-45
2.5499704e+03	1.5652059e-45
2.5557503e+03	1.5721482e-45
2.5615433e+03	1.5791219e-45
2.5673494e+03	1.5861273e-45
2.5731686e+03	1.5931646e-45
2.5790011e+03	1.6002337e-45
2.5848468e+03	1.6073349e-45
2.5907057e+03	1.6144684e-45
2.5965779e+03	1.6216343e-45
2.6024634e+03	1.6288327e-45
2.6083623e+03	1.6360638e-45
2.6142745e+03	1.6433276e-45
2.6202001e+03	1.6506245e-45
2.6261392e+03	1.6579545e-45
2.6320917e+03	1.6653177e-45
2.6380577e+03	1.6727144e-45
2.6440373e+03	1.6801446e-45
2.6500304e+03	1.6876085e-45
2.6560370e+03	1.6951064e-45
2.6620573e+03	1.7026382e-45
2.6680913e+03	1.7102043e-45
2.6741389e+03	1.7178047e-45
2.6802002e+03	1.7254397e-45
2.6862753e+03	1.7331092e-45
2.6923641e+03	1.7408136e-45
2.6984667e+03	1.7485529e-45
2.7045832e+03	1.7563274e-45
2.7107135e+03	1.7641371e-45
2.7168577e+03	1.7719823e-45
2.7230159e+03	1.7798631e-45
2.7291880e+03	1.7877797e-45
2.7353741e+03	1.7957322e-45
2.7415742e+03	1.8037209e-45
2.7477884e+03	1.8117458e-45
2.7540166e+03	1.8198070e-45
2.7602590e+03	1.8279049e-45
2.7665155e+03	1.8360395e-45
2.7727862e+03	1.8442111e-45
2.7790712e+03	1.8524198e-45
2.7853703e+03	1.8606657e-45
2.7916838e+03	1.8689490e-45
2.7980115e+03	1.8772700e-45
2.8043536e+03	1.8856287e-45
2.8107101e+03	1.8940253e-45
2.8170810e+03	1.9024601e-45
2.8234663e+03	1.9109331e-45
2.8298661e+03	1.9194446e-45
2.8362804e+03	1.9279947e-45
2.8427092e+03	1.9365837e-45
2.8491526e+03	1.9452117e-45
2.8556106e+03	1.9538788e-45
2.8620833e+03	1.9625852e-45
2.8685706e+03	1.9713311e-45
2.8750726e+03	1.9801169e-45
2.8815894e+03	1.9889488e-45
2.8881209e+03	1.9978080e-45
2.8946673e+03	2.0067137e-45
2.9012285e+03	2.0156599e-45
2.9078045e+03	2.0246468e-45
2.9143955e+03	2.0336744e-45
2.9210014e+03	2.0427430e-45
2.9276222e+03	2.0518528e-45
2.9342581e+03	2.0610039e-45
2.9409090e+03	2.0701966e-45
2.9475750e+03	2.0794310e-45
2.9542561e+03	2.0887073e-45
2.9609524e+03	2.0980257e-45
2.9676638e+03	2.1073863e-45
2.9743904e+03	2.1167895e-45
2.9811323e+03	2.1262354e-45
2.9878895e+03	2.1357241e-45
2.9946620e+03	2.1452559e-45
3.0014498e+03	2.1548310e-45
3.0082530e+03	2.1644495e-45
3.0150716e+03	2.1741116e-45
3.0219057e+03	2.1838177e-45
3.0287553e+03	2.1935678e-45
3.0356204e+03	2.2033621e-45
3.0425011e+03	2.2132009e-45
3.0493974e+03	2.2230844e-45
3.0563093e+03	2.2330126e-45
3.0632368e+03	2.2429861e-45
3.0701801e+03	2.2530047e-45
3.0771391e+03	2.2630688e-45
3.0841139e+03	2.2731786e-45
3.0911045e+03	2.2833343e-45
3.0981109e+03	2.2935361e-45
3.1051332e+03	2.3037841e-45
3.1121714e+03	2.3140787e-45
3.1192256e+03	2.3244201e-45
3.1262958e+03	2.3348083e-45
3.1333820e+03	2.3452437e-45
3.1404843e+03	2.3557265e-45
3.1476026e+03	2.3662568e-45
3.1547371e+03	2.3768349e-45
3.1618878e+03	2.3874611e-45
3.1690546e+03	2.3981355e-45
3.1762378e+03	2.4088584e-45
3.1834372e+03	2.4196298e-45
3.1906529e+03	2.4304503e-45
3.1978850e+03	2.4413197e-45
3.2051334e+03	2.4522385e-45
3.2123983e+03	2.4632070e-45
3.2196797e+03	2.4742252e-45
3.2269775e+03	2.4852933e-45
3.2342919e+03	2.4964118e-45
3.2416229e+03	2.5075806e-45
3.2489705e+03	2.5188002e-45
3.2563348e+03	2.5300707e-45
3.2637158e+03	2.5413923e-45
3.2711134e+03	2.5527654e-45
3.2785279e+03	2.5641900e-45
3.2859591e+03	2.5756665e-45
3.2934072e+03	2.5871952e-45
3.3008722e+03	2.5987762e-45
3.3083541e+03	2.6104096e-45
3.3158530e+03	2.6220959e-45
3.3233688e+03	2.6338353e-45
3.3309017e+03	2.6456278e-45
3.3384517e+03	2.6574739e-45
3.3460188e+03	2.6693739e-45
3.3536030e+03	2.6813279e-45
3.3612044e+03	2.6933369e-45
3.3688231e+03	2.7053987e-45
3.3764590e+03	2.7175160e-45
3.3841122e+03	2.7296885e-45
3.3917828e+03	2.7419161e-45
3.3994708e+03	2.7541993e-45
3.4071762e+03	2.7665382e-45
3.4148990e+03	2.7789331e-45
3.4226394e+03	2.7913843e-45
3.4303973e+03	2.8038921e-45
3.4381728e+03	2.8164565e-45
3.4459659e+03	2.8290779e-45
3.4537767e+03	2.8417567e-45
3.4616051e+03	2.8544931e-45
3.4694514e+03	2.8672872e-45
3.4773154e+03	2.8801394e-45
3.4851972e+03	2.8930499e-45
3.4930969e+03	2.9060190e-45
3.5010145e+03	2.9190469e-45
3.5089501e+03	2.9321340e-45
3.5169036e+03	2.9452805e-45
3.5248752e+03	2.9584867e-45
3.5328648e+03	2.9717529e-45
3.5408726e+03	2.9850792e-45
3.5488985e+03	2.9984659e-45
3.5569425e+03	3.0119135e-45
3.5650049e+03	3.0254222e-45
3.5730855e+03	3.0389921e-45
3.5811844e+03	3.0526236e-45
3.5893016e+03	3.0663170e-45
3.5974373e+03	3.0800724e-45
3.6055914e+03	3.0938904e-45
3.6137640e+03	3.1077710e-45
3.6219551e+03	3.1217147e-45
3.6301648e+03	3.1357217e-45
3.6383931e+03	3.1497923e-45
3.6466400e+03	3.1639266e-45
3.6549057e+03	3.1781252e-45
3.6631900e+03	3.1923881e-45
3.6714932e+03	3.2067158e-45
3.6798152e+03	3.2211086e-45
3.6881560e+03	3.2355666e-45
3.6965157e+03	3.2500903e-45
3.7048944e+03	3.2646800e-45
3.7132921e+03	3.2793358e-45
3.7217088e+03	3.2940580e-45
3.7301446e+03	3.3088472e-45
3.7385995e+03	3.3237035e-45
3.7470736e+03	3.3386272e-45
3.7555668e+03	3.3536187e-45
3.7640794e+03	3.3686782e-45
3.7726112e+03	3.3838060e-45
3.7811624e+03	3.3990025e-45
3.7897329e+03	3.4142679e-45
3.7983229e+03	3.4296027e-45
3.8069323e+03	3.4450070e-45
3.8155613e+03	3.4604813e-45
3.8242098e+03	3.4760258e-45
3.8328779e+03	3.4916409e-45
3.8415657e+03	3.5073272e-45
3.8502732e+03	3.5230839e-45
3.8590004e+03	3.5389124e-45
3.8677473e+03	3.5548129e-45
3.8765141e+03	3.5707856e-45
3.8853008e+03	3.5868307e-45
3.8941074e+03	3.6029486e-45
3.9029340e+03	3.6191397e-45
3.9117805e+03	3.6354043e-45
3.9206471e+03	3.6517427e-45
3.9295339e+03	3.6681553e-45
3.9384407e+03	3.6846424e-45
3.9473677e+03	3.7012042e-45
3.9563150e+03	3.7178412e-45
3.9652826e+03	3.7345538e-45
3.9742705e+03	3.7513422e-45
3.9832787e+03	3.7682069e-45
3.9923074e+03	3.7851479e-45
4.0013565e+03	3.8021660e-45
4.0104262e+03	3.8192613e-45
4.0195164e+03	3.8364341e-45
4.0286272e+03	3.8536849e-45
4.0377587e+03	3.8710139e-45
4.0469108e+03	3.8884218e-45
4.0560837e+03	3.9059085e-45
4.0652774e+03	3.9234746e-45
4.0744920e+03	3.9411205e-45
4.0837274e+03	3.9588464e-45
4.0929837e+03	3.9766528e-45
4.1022611e+03	3.9945400e-45
4.1115594e+03	4.0125083e-45
4.1208789e+03	4.0305583e-45
4.1302194e+03	4.0486901e-45
4.1395812e+03	4.0669042e-45
4.1489641e+03	4.0852011e-45
4.1583684e+03	4.1035810e-45
4.1677939e+03	4.1220442e-45
4.1772408e+03	4.1405912e-45
4.1867091e+03	4.1592224e-45
4.1961989e+03	4.1779383e-45
4.2057102e+03	4.1967390e-45
4.2152430e+03	4.2156252e-45
4.2247975e+03	4.2345970e-45
4.2343736e+03	4.2536548e-45
4.2439714e+03	4.2727992e-45
4.2535910e+03	4.2920305e-45
4.2632324e+03	4.3113491e-45
4.2728956e+03	4.3307553e-45
4.2825807e+03	4.3502496e-45
4.2922878e+03	4.3698324e-45
4.3020169e+03	4.3895041e-45
4.3117680e+03	4.4092650e-45
4.3215413e+03	4.4291159e-45
4.3313367e+03	4.4490565e-45
4.3411543e+03	4.4690876e-45
4.3509941e+03	4.4892098e-45
4.3608563e+03	4.5094233e-45
4.3707408e+03	4.5297285e-45
4.3806477e+03	4.5501259e-45
4.3905771e+03	4.5706159e-45
4.4005289e+03	4.5911987e-45
4.4105034e+03	4.6118751e-45
4.4205004e+03	4.6326453e-45
4.4305201e+03	4.6535098e-45
4.4405625e+03	4.6744689e-45
4.4506277e+03	4.6955232e-45
4.4607157e+03	4.7166730e-45
4.4708265e+03	4.7379190e-45
4.4809603e+03	4.7592612e-45
4.4911170e+03	4.7807002e-45
4.5012968e+03	4.8022368e-45
4.5114996e+03	4.8238709e-45
4.5217256e+03	4.8456032e-45
4.5319747e+03	4.8674343e-45
4.5422471e+03	4.8893644e-45
4.5525428e+03	4.9113939e-45
4.5628618e+03	4.9335234e-45
4.5732041e+03	4.9557535e-45
4.5835700e+03	4.9780845e-45
4.5939593e+03	5.0005168e-45
4.6043722e+03	5.0230507e-45
4.6148086e+03	5.0456871e-45
4.6252688e+03	5.0684262e-45
4.6357526e+03	5.0912684e-45
4.6462602e+03	5.1142144e-45
4.6567916e+03	5.1372645e-45
4.6673469e+03	5.1604192e-45
4.6779261e+03	5.1836790e-45
4.6885293e+03	5.2070444e-45
4.6991565e+03	5.2305158e-45
4.7098078e+03	5.2540938e-45
4.7204833e+03	5.2777787e-45
4.7311829e+03	5.3015712e-45
4.7419069e+03	5.3254716e-45
4.7526551e+03	5.3494805e-45
4.7634276e+03	5.3735982e-45
4.7742246e+03	5.3978256e-45
4.7850461e+03	5.4221629e-45
4.7958921e+03	5.4466106e-45
4.8067627e+03	5.4711695e-45
4.8176579e+03	5.4958394e-45
4.8285778e+03	5.5206217e-45
4.8395225e+03	5.5455162e-45
4.8504919e+03	5.5705237e-45
4.8614863e+03	5.5956448e-45
4.8725055e+03	5.6208800e-45
4.8835498e+03	5.6462295e-45
4.8946190e+03	5.6716942e-45
4.9057134e+03	5.6972745e-45
4.9168329e+03	5.7229708e-45
4.9279776e+03	5.7487837e-45
4.9391476e+03	5.7747138e-45
4.9503429e+03	5.8007616e-45
4.9615635e+03	5.8269276e-45
4.9728096e+03	5.8532124e-45
4.9840812e+03	5.8796164e-45
4.9953784e+03	5.9061403e-45
5.0067011e+03	5.9327847e-45
5.0180495e+03	5.9595499e-45
5.0294236e+03	5.9864366e-45
5.0408236e+03	6.0134452e-45
5.0522493e+03	6.0405765e-45
5.0637010e+03	6.0678309e-45
5.0751786e+03	6.0952091e-45
5.0866822e+03	6.1227115e-45
5.0982119e+03	6.1503387e-45
5.1097677e+03	6.1780911e-45
5.1213497e+03	6.2059697e-45
5.1329580e+03	6.2339748e-45
5.1445926e+03	6.2621069e-45
5.1562535e+03	6.2903667e-45
5.1679409e+03	6.3187549e-45
5.1796548e+03	6.3472718e-45
5.1913953e+03	6.3759182e-45
5.2031623e+03	6.4046946e-45
5.2149560e+03	6.4336016e-45
5.2267765e+03	6.4626397e-45
5.2386237e+03	6.4918096e-45
5.2504978e+03	6.5211119e-45
5.2623988e+03	6.5505474e-45
5.2743268e+03	6.5801163e-45
5.2862818e+03	6.6098194e-45
5.2982639e+03	6.6396572e-45
5.3102732e+03	6.6696307e-45
5.3223097e+03	6.6997401e-45
5.3343735e+03	6.7299862e-45
5.3464646e+03	6.7603695e-45
5.3585831e+03	6.7908906e-45
5.3707291e+03	6.8215503e-45
5.3829027e+03	6.8523493e-45
5.3951038e+03	6.8832880e-45
5.4073326e+03	6.9143670e-45
5.4195891e+03	6.9455871e-45
5.4318733e+03	6.9769490e-45
5.4441855e+03	7.0084530e-45
5.4565255e+03	7.0401002e-45
5.4688935e+03	7.0718910e-45
5.4812895e+03	7.1038260e-45
5.4937136e+03	7.1359060e-45
5.5061659e+03	7.1681316e-45
5.5186465e+03	7.2005034e-45
5.5311553e+03	7.2330221e-45
5.5436924e+03	7.2656885e-45
5.5562580e+03	7.2985031e-45
5.5688521e+03	7.3314666e-45
5.5814747e+03	7.3645798e-45
5.5941259e+03	7.3978433e-45
5.6068058e+03	7.4312575e-45
5.6195144e+03	7.4648237e-45
5.6322518e+03	7.4985420e-45
5.6450181e+03	7.5324135e-45
5.6578134e+03	7.5664386e-45
5.6706376e+03	7.6006181e-45
5.6834909e+03	7.6349528e-45
5.6963734e+03	7.6694433e-45
5.7092850e+03	7.7040904e-45
5.7222260e+03	7.7388947e-45
5.7351962e+03	7.7738569e-45
5.7481959e+03	7.8089778e-45
5.7612250e+03	7.8442582e-45
5.7742836e+03	7.8796985e-45
5.7873719e+03	7.9152999e-45
5.8004898e+03	7.9510628e-45
5.8136374e+03	7.9869880e-45
5.8268149e+03	8.0230760e-45
5.8400222e+03	8.0593282e-45
5.8532594e+03	8.0957446e-45
5.8665267e+03	8.1323263e-45
5.8798240e+03	8.1690742e-45
5.8931515e+03	8.2059888e-45
5.9065091e+03	8.2430711e-45
5.9198971e+03	8.2803215e-45
5.9333154e+03	8.3177410e-45
5.9467641e+03	8.3553303e-45
5.9602433e+03	8.3930902e-45
5.9737530e+03	8.4310215e-45
5.9872934e+03	8.4691250e-45
6.0008645e+03	8.5074015e-45
6.0144663e+03	8.5458515e-45
6.0280989e+03	8.5844761e-45
6.0417625e+03	8.6232760e-45
6.0554570e+03	8.6622520e-45
6.0691826e+03	8.7014048e-45
6.0829393e+03	8.7407356e-45
6.0967271e+03	8.7802445e-45
6.1105462e+03	8.8199329e-45
6.1243967e+03	8.8598016e-45
6.1382785e+03	8.8998509e-45
6.1521918e+03	8.9400822e-45
6.1661366e+03	8.9804960e-45
6.1801130e+03	9.0210933e-45
6.1941211e+03	9.0618748e-45
6.2081610e+03	9.1028414e-45
6.2222327e+03	9.1439937e-45
6.2363363e+03	9.1853330e-45
6.2504718e+03	9.2268600e-45
6.2646394e+03	9.2685752e-45
6.2788391e+03	9.3104801e-45
6.2930710e+03	9.3525748e-45
6.3073352e+03	9.3948608e-45
6.3216317e+03	9.4373385e-45
6.3359605e+03	9.4800092e-45
6.3503219e+03	9.5228734e-45
6.3647158e+03	9.5659323e-45
6.3791424e+03	9.6091865e-45
6.3936016e+03	9.6526371e-45
6.4080936e+03	9.6962848e-45
6.4226185e+03	9.7401306e-45
6.4371763e+03	9.7841754e-45
6.4517671e+03	9.8284202e-45
6.4663909e+03	9.8728657e-45
6.4810479e+03	9.9175130e-45
6.4957382e+03	9.9623629e-45
6.5104617e+03	1.0007415e-44
6.5252186e+03	1.0052673e-44
6.5400089e+03	1.0098138e-44
6.5548328e+03	1.0143807e-44
6.5696903e+03	1.0189683e-44
6.5845814e+03	1.0235770e-44
6.5995063e+03	1.0282063e-44
6.6144650e+03	1.0328567e-44
6.6294577e+03	1.0375282e-44
6.6444843e+03	1.0422211e-44
6.6595450e+03	1.0469352e-44
6.6746398e+03	1.0516706e-44
6.6897688e+03	1.0564275e-44
6.7049321e+03	1.0612059e-44
6.7201298e+03	1.0660063e-44
6.7353620e+03	1.0708282e-44
6.7506286e+03	1.0756720e-44
6.7659299e+03	1.0805380e-44
6.7812659e+03	1.0854258e-44
6.7966366e+03	1.0903359e-44
6.8120421e+03	1.0952684e-44
6.8274826e+03	1.1002231e-44
6.8429581e+03	1.1052006e-44
6.8584686e+03	1.1102002e-44
6.8740143e+03	1.1152228e-44
6.8895953e+03	1.1202683e-44
6.9052115e+03	1.1253365e-44
6.9208632e+03	1.1304278e-44
6.9365503e+03	1.1355421e-44
6.9522730e+03	1.1406798e-44
6.9680313e+03	1.1458407e-44
6.9838254e+03	1.1510249e-44
6.9996552e+03	1.1562329e-44
7.0155209e+03	1.1614642e-44
7.0314226e+03	1.1667195e-44
7.0473604e+03	1.1719985e-44
7.0633342e+03	1.1773016e-44
7.0793443e+03	1.1826286e-44
7.0953906e+03	1.1879799e-44
7.1114734e+03	1.1933555e-44
7.1275925e+03	1.1987554e-44
7.1437482e+03	1.2041799e-44
7.1599406e+03	1.2096291e-44
7.1761696e+03	1.2151028e-44
7.1924354e+03	1.2206016e-44
7.2087381e+03	1.2261252e-44
7.2250778e+03	1.2316738e-44
7.2414544e+03	1.2372478e-44
7.2578682e+03	1.2428468e-44
7.2743192e+03	1.2484715e-44
7.2908075e+03	1.2541216e-44
7.3073332e+03	1.2597972e-44
7.3238963e+03	1.2654988e-44
7.3404970e+03	1.2712263e-44
7.3571353e+03	1.2769796e-44
7.3738113e+03	1.2827590e-44
7.3905251e+03	1.2885648e-44
7.4072768e+03	1.2943968e-44
7.4240664e+03	1.3002554e-44
7.4408941e+03	1.3061404e-44
7.4577600e+03	1.3120523e-44
7.4746641e+03	1.3179910e-44
7.4916065e+03	1.3239565e-44
7.5085873e+03	1.3299494e-44
7.5256066e+03	1.3359691e-44
7.5426644e+03	1.3420164e-44
7.5597610e+03	1.3480910e-44
7.5768963e+03	1.3541933e-44
7.5940704e+03	1.3603231e-44
7.6112834e+03	1.3664808e-44
7.6285355e+03	1.3726665e-44
7.6458267e+03	1.3788804e-44
7.6631570e+03	1.3851223e-44
7.6805267e+03	1.3913927e-44
7.6979357e+03	1.3976914e-44
7.7153842e+03	1.4040186e-44
7.7328722e+03	1.4103748e-44
7.7503999e+03	1.4167596e-44
7.7679673e+03	1.4231734e-44
7.7855745e+03	1.4296165e-44
7.8032216e+03	1.4360887e-44
7.8209087e+03	1.4425903e-44
7.8386359e+03	1.4491214e-44
7.8564033e+03	1.4556821e-44
7.8742110e+03	1.4622727e-44
7.8920590e+03	1.4688931e-44
7.9099475e+03	1.4755435e-44
7.9278766e+03	1.4822242e-44
7.9458462e+03	1.4889351e-44
7.9638566e+03	1.4956767e-44
7.9819079e+03	1.5024486e-44
8.0000000e+03	1.5092513e-44
