   5.0000000e+00   1.1063490e-20
   5.0115300e+00   1.0974330e-20
   5.0230870e+00   1.0885800e-20
   5.0346700e+00   1.0797900e-20
   5.0462800e+00   1.0710620e-20
   5.0579170e+00   1.0623970e-20
   5.0695800e+00   1.0537950e-20
   5.0812710e+00   1.0452550e-20
   5.0929880e+00   1.0367770e-20
   5.1047330e+00   1.0283610e-20
   5.1165040e+00   1.0200060e-20
   5.1283030e+00   1.0117140e-20
   5.1401290e+00   1.0034830e-20
   5.1519820e+00   9.9531420e-21
   5.1638630e+00   9.8720650e-21
   5.1757700e+00   9.7916020e-21
   5.1877060e+00   9.7117510e-21
   5.1996690e+00   9.6325120e-21
   5.2116590e+00   9.5538840e-21
   5.2236770e+00   9.4758710e-21
   5.2357230e+00   9.3984790e-21
   5.2477970e+00   9.3217130e-21
   5.2598980e+00   9.2455770e-21
   5.2720280e+00   9.1700770e-21
   5.2841850e+00   9.0952160e-21
   5.2963700e+00   9.0210000e-21
   5.3085840e+00   8.9474310e-21
   5.3208250e+00   8.8745150e-21
   5.3330950e+00   8.8022540e-21
   5.3453930e+00   8.7306520e-21
   5.3577200e+00   8.6597130e-21
   5.3700750e+00   8.5894400e-21
   5.3824580e+00   8.5198360e-21
   5.3948700e+00   8.4509050e-21
   5.4073110e+00   8.3826490e-21
   5.4197800e+00   8.3150620e-21
   5.4322780e+00   8.2481270e-21
   5.4448050e+00   8.1818310e-21
   5.4573610e+00   8.1161580e-21
   5.4699460e+00   8.0510940e-21
   5.4825590e+00   7.9866240e-21
   5.4952020e+00   7.9227340e-21
   5.5078740e+00   7.8594110e-21
   5.5205750e+00   7.7966400e-21
   5.5333060e+00   7.7344070e-21
   5.5460660e+00   7.6726980e-21
   5.5588550e+00   7.6114990e-21
   5.5716740e+00   7.5507970e-21
   5.5845220e+00   7.4905780e-21
   5.5974000e+00   7.4308260e-21
   5.6103080e+00   7.3715310e-21
   5.6232450e+00   7.3126860e-21
   5.6362120e+00   7.2542910e-21
   5.6492090e+00   7.1963430e-21
   5.6622370e+00   7.1388430e-21
   5.6752940e+00   7.0817870e-21
   5.6883810e+00   7.0251760e-21
   5.7014980e+00   6.9690080e-21
   5.7146460e+00   6.9132810e-21
   5.7278240e+00   6.8579950e-21
   5.7410330e+00   6.8031490e-21
   5.7542710e+00   6.7487410e-21
   5.7675410e+00   6.6947710e-21
   5.7808410e+00   6.6412370e-21
   5.7941710e+00   6.5881380e-21
   5.8075330e+00   6.5354730e-21
   5.8209250e+00   6.4832380e-21
   5.8343480e+00   6.4314260e-21
   5.8478020e+00   6.3800280e-21
   5.8612870e+00   6.3290380e-21
   5.8748040e+00   6.2784480e-21
   5.8883510e+00   6.2282510e-21
   5.9019290e+00   6.1784400e-21
   5.9155390e+00   6.1290070e-21
   5.9291810e+00   6.0799460e-21
   5.9428530e+00   6.0312480e-21
   5.9565580e+00   5.9829080e-21
   5.9702930e+00   5.9349180e-21
   5.9840610e+00   5.8872700e-21
   5.9978600e+00   5.8399590e-21
   6.0116910e+00   5.7929790e-21
   6.0255540e+00   5.7463340e-21
   6.0394490e+00   5.7000340e-21
   6.0533760e+00   5.6540850e-21
   6.0673360e+00   5.6084980e-21
   6.0813270e+00   5.5632790e-21
   6.0953500e+00   5.5184370e-21
   6.1094060e+00   5.4739790e-21
   6.1234950e+00   5.4299150e-21
   6.1376160e+00   5.3862500e-21
   6.1517690e+00   5.3429940e-21
   6.1659550e+00   5.3001540e-21
   6.1801740e+00   5.2577370e-21
   6.1944250e+00   5.2157520e-21
   6.2087100e+00   5.1742050e-21
   6.2230270e+00   5.1330910e-21
   6.2373770e+00   5.0923950e-21
   6.2517610e+00   5.0521000e-21
   6.2661770e+00   5.0121910e-21
   6.2806270e+00   4.9726520e-21
   6.2951100e+00   4.9334680e-21
   6.3096270e+00   4.8946220e-21
   6.3241770e+00   4.8560980e-21
   6.3387610e+00   4.8178790e-21
   6.3533780e+00   4.7799510e-21
   6.3680290e+00   4.7422950e-21
   6.3827130e+00   4.7048940e-21
   6.3974320e+00   4.6677320e-21
   6.4121850e+00   4.6307940e-21
   6.4269710e+00   4.5940780e-21
   6.4417920e+00   4.5575880e-21
   6.4566470e+00   4.5213280e-21
   6.4715360e+00   4.4853030e-21
   6.4864590e+00   4.4495160e-21
   6.5014170e+00   4.4139730e-21
   6.5164090e+00   4.3786770e-21
   6.5314360e+00   4.3436350e-21
   6.5464980e+00   4.3088490e-21
   6.5615940e+00   4.2743250e-21
   6.5767250e+00   4.2400670e-21
   6.5918910e+00   4.2060800e-21
   6.6070920e+00   4.1723690e-21
   6.6223280e+00   4.1389330e-21
   6.6375990e+00   4.1057700e-21
   6.6529050e+00   4.0728760e-21
   6.6682470e+00   4.0402480e-21
   6.6836240e+00   4.0078810e-21
   6.6990370e+00   3.9757740e-21
   6.7144850e+00   3.9439210e-21
   6.7299680e+00   3.9123210e-21
   6.7454880e+00   3.8809690e-21
   6.7610430e+00   3.8498630e-21
   6.7766340e+00   3.8189980e-21
   6.7922610e+00   3.7883720e-21
   6.8079240e+00   3.7579820e-21
   6.8236230e+00   3.7278260e-21
   6.8393580e+00   3.6979050e-21
   6.8551300e+00   3.6682200e-21
   6.8709380e+00   3.6387710e-21
   6.8867820e+00   3.6095600e-21
   6.9026630e+00   3.5805860e-21
   6.9185810e+00   3.5518510e-21
   6.9345350e+00   3.5233560e-21
   6.9505260e+00   3.4951030e-21
   6.9665540e+00   3.4670860e-21
   6.9826190e+00   3.4393130e-21
   6.9987210e+00   3.4117830e-21
   7.0148600e+00   3.3844950e-21
   7.0310370e+00   3.3574470e-21
   7.0472500e+00   3.3306340e-21
   7.0635010e+00   3.3040540e-21
   7.0797900e+00   3.2777030e-21
   7.0961160e+00   3.2515770e-21
   7.1124790e+00   3.2256720e-21
   7.1288810e+00   3.1999850e-21
   7.1453200e+00   3.1745130e-21
   7.1617970e+00   3.1492530e-21
   7.1783120e+00   3.1242010e-21
   7.1948660e+00   3.0993530e-21
   7.2114570e+00   3.0747080e-21
   7.2280870e+00   3.0502640e-21
   7.2447550e+00   3.0260190e-21
   7.2614610e+00   3.0019730e-21
   7.2782060e+00   2.9781260e-21
   7.2949900e+00   2.9544780e-21
   7.3118120e+00   2.9310280e-21
   7.3286730e+00   2.9077760e-21
   7.3455730e+00   2.8847240e-21
   7.3625120e+00   2.8618700e-21
   7.3794900e+00   2.8392170e-21
   7.3965070e+00   2.8167689e-21
   7.4135640e+00   2.7944973e-21
   7.4306590e+00   2.7724035e-21
   7.4477950e+00   2.7504824e-21
   7.4649690e+00   2.7287365e-21
   7.4821840e+00   2.7071608e-21
   7.4994380e+00   2.6857566e-21
   7.5167310e+00   2.6645225e-21
   7.5340650e+00   2.6434550e-21
   7.5514390e+00   2.6225540e-21
   7.5688520e+00   2.6018196e-21
   7.5863060e+00   2.5812481e-21
   7.6038000e+00   2.5608395e-21
   7.6213350e+00   2.5405915e-21
   7.6389090e+00   2.5205052e-21
   7.6565250e+00   2.5005761e-21
   7.6741810e+00   2.4808053e-21
   7.6918770e+00   2.4611916e-21
   7.7096150e+00   2.4417316e-21
   7.7273930e+00   2.4224265e-21
   7.7452130e+00   2.4032729e-21
   7.7630730e+00   2.3842720e-21
   7.7809750e+00   2.3654204e-21
   7.7989180e+00   2.3467181e-21
   7.8169020e+00   2.3281642e-21
   7.8349280e+00   2.3097563e-21
   7.8529960e+00   2.2914936e-21
   7.8711050e+00   2.2733759e-21
   7.8892560e+00   2.2554013e-21
   7.9074480e+00   2.2375696e-21
   7.9256830e+00   2.2198779e-21
   7.9439600e+00   2.2023261e-21
   7.9622780e+00   2.1849141e-21
   7.9806400e+00   2.1676382e-21
   7.9990430e+00   2.1505001e-21
   8.0174890e+00   2.1334971e-21
   8.0359770e+00   2.1166289e-21
   8.0545080e+00   2.0998937e-21
   8.0730820e+00   2.0832907e-21
   8.0916990e+00   2.0668188e-21
   8.1103580e+00   2.0504779e-21
   8.1290610e+00   2.0342654e-21
   8.1478060e+00   2.0181820e-21
   8.1665950e+00   2.0022251e-21
   8.1854270e+00   1.9863947e-21
   8.2043030e+00   1.9706890e-21
   8.2232220e+00   1.9551078e-21
   8.2421850e+00   1.9396496e-21
   8.2611920e+00   1.9243134e-21
   8.2802420e+00   1.9090990e-21
   8.2993360e+00   1.8940050e-21
   8.3184750e+00   1.8790295e-21
   8.3376570e+00   1.8641732e-21
   8.3568840e+00   1.8494339e-21
   8.3761550e+00   1.8348114e-21
   8.3954700e+00   1.8203048e-21
   8.4148300e+00   1.8059125e-21
   8.4342350e+00   1.7916338e-21
   8.4536840e+00   1.7774685e-21
   8.4731790e+00   1.7634144e-21
   8.4927180e+00   1.7494721e-21
   8.5123020e+00   1.7356400e-21
   8.5319320e+00   1.7219168e-21
   8.5516060e+00   1.7083029e-21
   8.5713260e+00   1.6947962e-21
   8.5910920e+00   1.6813960e-21
   8.6109030e+00   1.6681021e-21
   8.6307600e+00   1.6549131e-21
   8.6506620e+00   1.6418289e-21
   8.6706110e+00   1.6288474e-21
   8.6906050e+00   1.6159692e-21
   8.7106460e+00   1.6031923e-21
   8.7307330e+00   1.5905165e-21
   8.7508660e+00   1.5779412e-21
   8.7710460e+00   1.5654649e-21
   8.7912720e+00   1.5530876e-21
   8.8115440e+00   1.5408085e-21
   8.8318640e+00   1.5286258e-21
   8.8522300e+00   1.5165399e-21
   8.8726430e+00   1.5045495e-21
   8.8931040e+00   1.4926534e-21
   8.9136110e+00   1.4808521e-21
   8.9341660e+00   1.4691436e-21
   8.9547690e+00   1.4575274e-21
   8.9754180e+00   1.4460038e-21
   8.9961160e+00   1.4345707e-21
   9.0168610e+00   1.4232283e-21
   9.0376540e+00   1.4119755e-21
   9.0584950e+00   1.4008116e-21
   9.0793840e+00   1.3897360e-21
   9.1003210e+00   1.3787481e-21
   9.1213060e+00   1.3678473e-21
   9.1423400e+00   1.3570323e-21
   9.1634220e+00   1.3463030e-21
   9.1845530e+00   1.3356584e-21
   9.2057330e+00   1.3250978e-21
   9.2269610e+00   1.3146212e-21
   9.2482390e+00   1.3042268e-21
   9.2695650e+00   1.2939152e-21
   9.2909410e+00   1.2836847e-21
   9.3123660e+00   1.2735352e-21
   9.3338400e+00   1.2634662e-21
   9.3553640e+00   1.2534765e-21
   9.3769380e+00   1.2435657e-21
   9.3985610e+00   1.2337335e-21
   9.4202340e+00   1.2239791e-21
   9.4419570e+00   1.2143017e-21
   9.4637310e+00   1.2047005e-21
   9.4855540e+00   1.1951757e-21
   9.5074280e+00   1.1857259e-21
   9.5293520e+00   1.1763510e-21
   9.5513270e+00   1.1670501e-21
   9.5733520e+00   1.1578230e-21
   9.5954280e+00   1.1486687e-21
   9.6175560e+00   1.1395864e-21
   9.6397340e+00   1.1305763e-21
   9.6619630e+00   1.1216375e-21
   9.6842440e+00   1.1127691e-21
   9.7065750e+00   1.1039714e-21
   9.7289590e+00   1.0952426e-21
   9.7513940e+00   1.0865830e-21
   9.7738810e+00   1.0779919e-21
   9.7964190e+00   1.0694690e-21
   9.8190100e+00   1.0610130e-21
   9.8416530e+00   1.0526240e-21
   9.8643480e+00   1.0443014e-21
   9.8870950e+00   1.0360447e-21
   9.9098950e+00   1.0278531e-21
   9.9327470e+00   1.0197265e-21
   9.9556520e+00   1.0116640e-21
   9.9786100e+00   1.0036890e-21
   1.0001620e+01   9.9577770e-22
   1.0024680e+01   9.8792930e-22
   1.0047800e+01   9.8014330e-22
   1.0070970e+01   9.7241910e-22
   1.0094200e+01   9.6475610e-22
   1.0117470e+01   9.5715370e-22
   1.0140800e+01   9.4961140e-22
   1.0164190e+01   9.4212850e-22
   1.0187630e+01   9.3470470e-22
   1.0211120e+01   9.2733920e-22
   1.0234670e+01   9.2003160e-22
   1.0258270e+01   9.1278120e-22
   1.0281920e+01   9.0558760e-22
   1.0305630e+01   8.9845000e-22
   1.0329400e+01   8.9136810e-22
   1.0353220e+01   8.8434120e-22
   1.0377090e+01   8.7736870e-22
   1.0401020e+01   8.7045020e-22
   1.0425010e+01   8.6358520e-22
   1.0449050e+01   8.5677370e-22
   1.0473140e+01   8.5001590e-22
   1.0497290e+01   8.4331200e-22
   1.0521500e+01   8.3666220e-22
   1.0545760e+01   8.3006650e-22
   1.0570080e+01   8.2352520e-22
   1.0594460e+01   8.1703840e-22
   1.0618890e+01   8.1060620e-22
   1.0643380e+01   8.0422810e-22
   1.0667920e+01   7.9790350e-22
   1.0692520e+01   7.9163140e-22
   1.0717180e+01   7.8541130e-22
   1.0741890e+01   7.7924220e-22
   1.0766660e+01   7.7312350e-22
   1.0791490e+01   7.6705450e-22
   1.0816370e+01   7.6103440e-22
   1.0841320e+01   7.5506250e-22
   1.0866320e+01   7.4913820e-22
   1.0891370e+01   7.4326080e-22
   1.0916490e+01   7.3742970e-22
   1.0941660e+01   7.3164430e-22
   1.0966900e+01   7.2590390e-22
   1.0992190e+01   7.2020790e-22
   1.1017530e+01   7.1455570e-22
   1.1042940e+01   7.0894720e-22
   1.1068410e+01   7.0338270e-22
   1.1093930e+01   6.9786250e-22
   1.1119510e+01   6.9238670e-22
   1.1145150e+01   6.8695560e-22
   1.1170850e+01   6.8156940e-22
   1.1196610e+01   6.7622850e-22
   1.1222430e+01   6.7093320e-22
   1.1248310e+01   6.6568460e-22
   1.1274250e+01   6.6048420e-22
   1.1300250e+01   6.5533340e-22
   1.1326310e+01   6.5023350e-22
   1.1352430e+01   6.4518610e-22
   1.1378610e+01   6.4019270e-22
   1.1404840e+01   6.3525470e-22
   1.1431140e+01   6.3037270e-22
   1.1457500e+01   6.2554480e-22
   1.1483930e+01   6.2076870e-22
   1.1510410e+01   6.1604210e-22
   1.1536950e+01   6.1136280e-22
   1.1563560e+01   6.0672860e-22
   1.1590220e+01   6.0213700e-22
   1.1616950e+01   5.9758580e-22
   1.1643740e+01   5.9307390e-22
   1.1670590e+01   5.8860110e-22
   1.1697500e+01   5.8416720e-22
   1.1724470e+01   5.7977200e-22
   1.1751510e+01   5.7541520e-22
   1.1778610e+01   5.7109660e-22
   1.1805770e+01   5.6681600e-22
   1.1833000e+01   5.6257300e-22
   1.1860280e+01   5.5836640e-22
   1.1887630e+01   5.5419490e-22
   1.1915050e+01   5.5005720e-22
   1.1942520e+01   5.4595210e-22
   1.1970060e+01   5.4187820e-22
   1.1997660e+01   5.3783420e-22
   1.2025330e+01   5.3381910e-22
   1.2053060e+01   5.2983320e-22
   1.2080860e+01   5.2587730e-22
   1.2108710e+01   5.2195220e-22
   1.2136640e+01   5.1805890e-22
   1.2164620e+01   5.1419820e-22
   1.2192680e+01   5.1037090e-22
   1.2220790e+01   5.0657810e-22
   1.2248970e+01   5.0282030e-22
   1.2277220e+01   4.9909790e-22
   1.2305530e+01   4.9541150e-22
   1.2333910e+01   4.9176140e-22
   1.2362350e+01   4.8814820e-22
   1.2390860e+01   4.8457250e-22
   1.2419430e+01   4.8103450e-22
   1.2448070e+01   4.7753370e-22
   1.2476780e+01   4.7406870e-22
   1.2505550e+01   4.7063800e-22
   1.2534390e+01   4.6724020e-22
   1.2563290e+01   4.6387380e-22
   1.2592260e+01   4.6053730e-22
   1.2621300e+01   4.5722920e-22
   1.2650400e+01   4.5394830e-22
   1.2679580e+01   4.5069360e-22
   1.2708810e+01   4.4746400e-22
   1.2738120e+01   4.4425850e-22
   1.2767500e+01   4.4107610e-22
   1.2796940e+01   4.3791550e-22
   1.2826450e+01   4.3477580e-22
   1.2856030e+01   4.3165600e-22
   1.2885670e+01   4.2855500e-22
   1.2915390e+01   4.2547180e-22
   1.2945170e+01   4.2240540e-22
   1.2975020e+01   4.1935480e-22
   1.3004940e+01   4.1631890e-22
   1.3034930e+01   4.1329660e-22
   1.3064990e+01   4.1028590e-22
   1.3095120e+01   4.0728510e-22
   1.3125310e+01   4.0429220e-22
   1.3155580e+01   4.0130540e-22
   1.3185920e+01   3.9832270e-22
   1.3216330e+01   3.9534240e-22
   1.3246800e+01   3.9236480e-22
   1.3277350e+01   3.8939240e-22
   1.3307970e+01   3.8642760e-22
   1.3338660e+01   3.8347290e-22
   1.3369410e+01   3.8053080e-22
   1.3400240e+01   3.7760390e-22
   1.3431150e+01   3.7469430e-22
   1.3462120e+01   3.7180300e-22
   1.3493160e+01   3.6893040e-22
   1.3524280e+01   3.6607710e-22
   1.3555460e+01   3.6324360e-22
   1.3586720e+01   3.6043060e-22
   1.3618050e+01   3.5763850e-22
   1.3649460e+01   3.5486730e-22
   1.3680930e+01   3.5211690e-22
   1.3712480e+01   3.4938690e-22
   1.3744100e+01   3.4667690e-22
   1.3775800e+01   3.4398670e-22
   1.3807560e+01   3.4131600e-22
   1.3839400e+01   3.3866450e-22
   1.3871320e+01   3.3603220e-22
   1.3903310e+01   3.3341910e-22
   1.3935370e+01   3.3082510e-22
   1.3967500e+01   3.2825020e-22
   1.3999710e+01   3.2569440e-22
   1.4031990e+01   3.2315760e-22
   1.4064350e+01   3.2063960e-22
   1.4096780e+01   3.1814020e-22
   1.4129290e+01   3.1565910e-22
   1.4161870e+01   3.1319610e-22
   1.4194530e+01   3.1075110e-22
   1.4227260e+01   3.0832390e-22
   1.4260070e+01   3.0591450e-22
   1.4292960e+01   3.0352330e-22
   1.4325920e+01   3.0115070e-22
   1.4358950e+01   2.9879680e-22
   1.4392060e+01   2.9646210e-22
   1.4425250e+01   2.9414660e-22
   1.4458520e+01   2.9184930e-22
   1.4491860e+01   2.8956870e-22
   1.4525280e+01   2.8730310e-22
   1.4558770e+01   2.8505090e-22
   1.4592340e+01   2.8281060e-22
   1.4625990e+01   2.8058070e-22
   1.4659720e+01   2.7835960e-22
   1.4693530e+01   2.7614590e-22
   1.4727410e+01   2.7393810e-22
   1.4761370e+01   2.7173490e-22
   1.4795410e+01   2.6953500e-22
   1.4829530e+01   2.6733720e-22
   1.4863730e+01   2.6514260e-22
   1.4898000e+01   2.6295260e-22
   1.4932360e+01   2.6076900e-22
   1.4966790e+01   2.5859330e-22
   1.5001310e+01   2.5642710e-22
   1.5035900e+01   2.5427170e-22
   1.5070570e+01   2.5212780e-22
   1.5105320e+01   2.4999610e-22
   1.5140160e+01   2.4787730e-22
   1.5175070e+01   2.4577180e-22
   1.5210060e+01   2.4368040e-22
   1.5245140e+01   2.4160360e-22
   1.5280290e+01   2.3954240e-22
   1.5315530e+01   2.3749770e-22
   1.5350850e+01   2.3547030e-22
   1.5386250e+01   2.3346100e-22
   1.5421730e+01   2.3147050e-22
   1.5457290e+01   2.2949900e-22
   1.5492940e+01   2.2754660e-22
   1.5528660e+01   2.2561300e-22
   1.5564470e+01   2.2369810e-22
   1.5600360e+01   2.2180190e-22
   1.5636340e+01   2.1992460e-22
   1.5672400e+01   2.1806840e-22
   1.5708540e+01   2.1623560e-22
   1.5744760e+01   2.1442850e-22
   1.5781070e+01   2.1264920e-22
   1.5817460e+01   2.1089990e-22
   1.5853930e+01   2.0917990e-22
   1.5890490e+01   2.0748590e-22
   1.5927140e+01   2.0581470e-22
   1.5963870e+01   2.0416330e-22
   1.6000680e+01   2.0252840e-22
   1.6037580e+01   2.0090730e-22
   1.6074560e+01   1.9929820e-22
   1.6111630e+01   1.9769920e-22
   1.6148780e+01   1.9610860e-22
   1.6186020e+01   1.9452490e-22
   1.6223340e+01   1.9294670e-22
   1.6260760e+01   1.9137550e-22
   1.6298250e+01   1.8981490e-22
   1.6335840e+01   1.8826810e-22
   1.6373510e+01   1.8673860e-22
   1.6411270e+01   1.8522950e-22
   1.6449110e+01   1.8374180e-22
   1.6487040e+01   1.8227330e-22
   1.6525060e+01   1.8082170e-22
   1.6563170e+01   1.7938470e-22
   1.6601360e+01   1.7795980e-22
   1.6639650e+01   1.7654550e-22
   1.6678020e+01   1.7514230e-22
   1.6716480e+01   1.7375130e-22
   1.6755020e+01   1.7237330e-22
   1.6793660e+01   1.7100940e-22
   1.6832390e+01   1.6966010e-22
   1.6871200e+01   1.6832410e-22
   1.6910110e+01   1.6699940e-22
   1.6949100e+01   1.6568400e-22
   1.6988190e+01   1.6437590e-22
   1.7027360e+01   1.6307380e-22
   1.7066630e+01   1.6178140e-22
   1.7105980e+01   1.6050520e-22
   1.7145430e+01   1.5925160e-22
   1.7184970e+01   1.5802700e-22
   1.7224600e+01   1.5683750e-22
   1.7264320e+01   1.5568740e-22
   1.7304130e+01   1.5457960e-22
   1.7344030e+01   1.5351780e-22
   1.7384030e+01   1.5250620e-22
   1.7424120e+01   1.5154950e-22
   1.7464300e+01   1.5064540e-22
   1.7504570e+01   1.4978550e-22
   1.7544930e+01   1.4896000e-22
   1.7585390e+01   1.4815790e-22
   1.7625940e+01   1.4736690e-22
   1.7666590e+01   1.4658160e-22
   1.7707330e+01   1.4580190e-22
   1.7748160e+01   1.4502790e-22
   1.7789090e+01   1.4426000e-22
   1.7830110e+01   1.4349810e-22
   1.7871230e+01   1.4274010e-22
   1.7912440e+01   1.4198190e-22
   1.7953750e+01   1.4121940e-22
   1.7995150e+01   1.4044820e-22
   1.8036640e+01   1.3966400e-22
   1.8078240e+01   1.3886300e-22
   1.8119930e+01   1.3804170e-22
   1.8161710e+01   1.3719660e-22
   1.8203590e+01   1.3632420e-22
   1.8245570e+01   1.3542160e-22
   1.8287640e+01   1.3448680e-22
   1.8329810e+01   1.3351840e-22
   1.8372080e+01   1.3251500e-22
   1.8414450e+01   1.3147580e-22
   1.8456910e+01   1.3040180e-22
   1.8499470e+01   1.2929720e-22
   1.8542130e+01   1.2816630e-22
   1.8584890e+01   1.2701360e-22
   1.8627750e+01   1.2584370e-22
   1.8670710e+01   1.2466000e-22
   1.8713760e+01   1.2346550e-22
   1.8756910e+01   1.2226280e-22
   1.8800170e+01   1.2105490e-22
   1.8843520e+01   1.1984530e-22
   1.8886970e+01   1.1863960e-22
   1.8930530e+01   1.1744360e-22
   1.8974180e+01   1.1626270e-22
   1.9017940e+01   1.1510140e-22
   1.9061790e+01   1.1396020e-22
   1.9105750e+01   1.1283540e-22
   1.9149810e+01   1.1172320e-22
   1.9193970e+01   1.1062060e-22
   1.9238230e+01   1.0952800e-22
   1.9282590e+01   1.0846020e-22
   1.9327060e+01   1.0743480e-22
   1.9371630e+01   1.0646590e-22
   1.9416300e+01   1.0556520e-22
   1.9461070e+01   1.0473120e-22
   1.9505950e+01   1.0394540e-22
   1.9550930e+01   1.0318990e-22
   1.9596010e+01   1.0244730e-22
   1.9641200e+01   1.0170280e-22
   1.9686500e+01   1.0095520e-22
   1.9731890e+01   1.0020800e-22
   1.9777390e+01   9.9464760e-23
   1.9823000e+01   9.8728890e-23
   1.9868710e+01   9.8001600e-23
   1.9914530e+01   9.7281940e-23
   1.9960450e+01   9.6568900e-23
   2.0006480e+01   9.5861430e-23
   2.0052620e+01   9.5158800e-23
   2.0098860e+01   9.4461100e-23
   2.0145210e+01   9.3768510e-23
   2.0191660e+01   9.3081260e-23
   2.0238220e+01   9.2399500e-23
   2.0284890e+01   9.1723220e-23
   2.0331670e+01   9.1052260e-23
   2.0378560e+01   9.0386510e-23
   2.0425550e+01   8.9725830e-23
   2.0472650e+01   8.9070150e-23
   2.0519860e+01   8.8419430e-23
   2.0567180e+01   8.7773640e-23
   2.0614610e+01   8.7132750e-23
   2.0662150e+01   8.6496710e-23
   2.0709790e+01   8.5865450e-23
   2.0757550e+01   8.5238900e-23
   2.0805420e+01   8.4617000e-23
   2.0853390e+01   8.3999690e-23
   2.0901480e+01   8.3386960e-23
   2.0949680e+01   8.2778790e-23
   2.0997990e+01   8.2175180e-23
   2.1046410e+01   8.1576120e-23
   2.1094950e+01   8.0981600e-23
   2.1143590e+01   8.0391600e-23
   2.1192350e+01   7.9806110e-23
   2.1241220e+01   7.9225110e-23
   2.1290200e+01   7.8648560e-23
   2.1339300e+01   7.8076440e-23
   2.1388500e+01   7.7508690e-23
   2.1437830e+01   7.6945300e-23
   2.1487260e+01   7.6386220e-23
   2.1536810e+01   7.5831420e-23
   2.1586480e+01   7.5280890e-23
   2.1636250e+01   7.4734580e-23
   2.1686150e+01   7.4192470e-23
   2.1736160e+01   7.3654520e-23
   2.1786280e+01   7.3120710e-23
   2.1836520e+01   7.2591010e-23
   2.1886870e+01   7.2065380e-23
   2.1937350e+01   7.1543800e-23
   2.1987930e+01   7.1026240e-23
   2.2038640e+01   7.0512680e-23
   2.2089460e+01   7.0003070e-23
   2.2140400e+01   6.9497400e-23
   2.2191450e+01   6.8995630e-23
   2.2242630e+01   6.8497740e-23
   2.2293920e+01   6.8003690e-23
   2.2345330e+01   6.7513470e-23
   2.2396860e+01   6.7027060e-23
   2.2448500e+01   6.6544440e-23
   2.2500270e+01   6.6065550e-23
   2.2552160e+01   6.5590350e-23
   2.2604160e+01   6.5118800e-23
   2.2656290e+01   6.4650850e-23
   2.2708530e+01   6.4186570e-23
   2.2760900e+01   6.3726010e-23
   2.2813390e+01   6.3269220e-23
   2.2865990e+01   6.2816120e-23
   2.2918720e+01   6.2366340e-23
   2.2971570e+01   6.1919470e-23
   2.3024550e+01   6.1475130e-23
   2.3077640e+01   6.1033100e-23
   2.3130860e+01   6.0593400e-23
   2.3184200e+01   6.0156010e-23
   2.3237660e+01   5.9720970e-23
   2.3291250e+01   5.9288310e-23
   2.3344960e+01   5.8858140e-23
   2.3398790e+01   5.8430530e-23
   2.3452750e+01   5.8005570e-23
   2.3506830e+01   5.7583360e-23
   2.3561040e+01   5.7164010e-23
   2.3615370e+01   5.6747620e-23
   2.3669830e+01   5.6334220e-23
   2.3724410e+01   5.5923740e-23
   2.3779120e+01   5.5516100e-23
   2.3833950e+01   5.5111230e-23
   2.3888910e+01   5.4709470e-23
   2.3944000e+01   5.4311400e-23
   2.3999220e+01   5.3917580e-23
   2.4054560e+01   5.3528540e-23
   2.4110030e+01   5.3144730e-23
   2.4165630e+01   5.2766550e-23
   2.4221350e+01   5.2394420e-23
   2.4277210e+01   5.2028070e-23
   2.4333190e+01   5.1666320e-23
   2.4389300e+01   5.1307950e-23
   2.4445550e+01   5.0951900e-23
   2.4501920e+01   5.0598030e-23
   2.4558420e+01   5.0246640e-23
   2.4615050e+01   4.9898030e-23
   2.4671810e+01   4.9552370e-23
   2.4728710e+01   4.9209600e-23
   2.4785730e+01   4.8869640e-23
   2.4842890e+01   4.8532410e-23
   2.4900180e+01   4.8197810e-23
   2.4957600e+01   4.7865770e-23
   2.5015150e+01   4.7536190e-23
   2.5072830e+01   4.7209190e-23
   2.5130650e+01   4.6885280e-23
   2.5188600e+01   4.6565010e-23
   2.5246690e+01   4.6248870e-23
   2.5304910e+01   4.5936920e-23
   2.5363260e+01   4.5629040e-23
   2.5421750e+01   4.5325100e-23
   2.5480370e+01   4.5025000e-23
   2.5539130e+01   4.4728630e-23
   2.5598020e+01   4.4435890e-23
   2.5657050e+01   4.4146680e-23
   2.5716220e+01   4.3860910e-23
   2.5775520e+01   4.3578470e-23
   2.5834960e+01   4.3299250e-23
   2.5894530e+01   4.3023160e-23
   2.5954250e+01   4.2750100e-23
   2.6014100e+01   4.2479940e-23
   2.6074090e+01   4.2212600e-23
   2.6134210e+01   4.1947940e-23
   2.6194480e+01   4.1685860e-23
   2.6254880e+01   4.1426230e-23
   2.6315430e+01   4.1168930e-23
   2.6376110e+01   4.0913830e-23
   2.6436930e+01   4.0660800e-23
   2.6497900e+01   4.0409700e-23
   2.6559000e+01   4.0160410e-23
   2.6620250e+01   3.9912760e-23
   2.6681630e+01   3.9666630e-23
   2.6743160e+01   3.9421850e-23
   2.6804830e+01   3.9178300e-23
   2.6866640e+01   3.8935800e-23
   2.6928600e+01   3.8694220e-23
   2.6990700e+01   3.8453390e-23
   2.7052940e+01   3.8213170e-23
   2.7115320e+01   3.7973420e-23
   2.7177850e+01   3.7733980e-23
   2.7240520e+01   3.7494740e-23
   2.7303340e+01   3.7255520e-23
   2.7366300e+01   3.7016160e-23
   2.7429410e+01   3.6776510e-23
   2.7492660e+01   3.6536530e-23
   2.7556060e+01   3.6296360e-23
   2.7619600e+01   3.6056140e-23
   2.7683290e+01   3.5816020e-23
   2.7747130e+01   3.5576110e-23
   2.7811120e+01   3.5336560e-23
   2.7875250e+01   3.5097490e-23
   2.7939530e+01   3.4859020e-23
   2.8003960e+01   3.4621270e-23
   2.8068540e+01   3.4384370e-23
   2.8133260e+01   3.4148420e-23
   2.8198140e+01   3.3913560e-23
   2.8263160e+01   3.3679880e-23
   2.8328340e+01   3.3447500e-23
   2.8393660e+01   3.3216540e-23
   2.8459140e+01   3.2987070e-23
   2.8524770e+01   3.2759220e-23
   2.8590540e+01   3.2533050e-23
   2.8656470e+01   3.2308670e-23
   2.8722560e+01   3.2086150e-23
   2.8788790e+01   3.1865580e-23
   2.8855180e+01   3.1647010e-23
   2.8921720e+01   3.1430510e-23
   2.8988410e+01   3.1216150e-23
   2.9055260e+01   3.1003970e-23
   2.9122260e+01   3.0794040e-23
   2.9189420e+01   3.0586380e-23
   2.9256730e+01   3.0381050e-23
   2.9324190e+01   3.0178070e-23
   2.9391820e+01   2.9977490e-23
   2.9459590e+01   2.9779320e-23
   2.9527530e+01   2.9583590e-23
   2.9595620e+01   2.9390340e-23
   2.9663870e+01   2.9199580e-23
   2.9732270e+01   2.9011330e-23
   2.9800830e+01   2.8825590e-23
   2.9869560e+01   2.8642400e-23
   2.9938430e+01   2.8461800e-23
   3.0007470e+01   2.8283850e-23
   3.0076670e+01   2.8108540e-23
   3.0146030e+01   2.7935580e-23
   3.0215540e+01   2.7764650e-23
   3.0285220e+01   2.7595510e-23
   3.0355060e+01   2.7428130e-23
   3.0425060e+01   2.7262500e-23
   3.0495220e+01   2.7098580e-23
   3.0565540e+01   2.6936320e-23
   3.0636030e+01   2.6775700e-23
   3.0706670e+01   2.6616660e-23
   3.0777480e+01   2.6459180e-23
   3.0848460e+01   2.6303240e-23
   3.0919590e+01   2.6148780e-23
   3.0990890e+01   2.5995730e-23
   3.1062360e+01   2.5844040e-23
   3.1133990e+01   2.5693760e-23
   3.1205780e+01   2.5545020e-23
   3.1277740e+01   2.5397780e-23
   3.1349870e+01   2.5251540e-23
   3.1422160e+01   2.5105700e-23
   3.1494620e+01   2.4961050e-23
   3.1567250e+01   2.4820690e-23
   3.1640050e+01   2.4687870e-23
   3.1713010e+01   2.4562290e-23
   3.1786140e+01   2.4440280e-23
   3.1859440e+01   2.4318160e-23
   3.1932900e+01   2.4195370e-23
   3.2006540e+01   2.4072820e-23
   3.2080350e+01   2.3951180e-23
   3.2154330e+01   2.3830190e-23
   3.2228480e+01   2.3709360e-23
   3.2302790e+01   2.3588350e-23
   3.2377280e+01   2.3467060e-23
   3.2451950e+01   2.3345390e-23
   3.2526780e+01   2.3223210e-23
   3.2601790e+01   2.3100340e-23
   3.2676970e+01   2.2976630e-23
   3.2752320e+01   2.2851820e-23
   3.2827850e+01   2.2725660e-23
   3.2903550e+01   2.2598190e-23
   3.2979430e+01   2.2469810e-23
   3.3055480e+01   2.2340960e-23
   3.3131700e+01   2.2211880e-23
   3.3208110e+01   2.2082740e-23
   3.3284680e+01   2.1953670e-23
   3.3361440e+01   2.1824710e-23
   3.3438370e+01   2.1695930e-23
   3.3515480e+01   2.1567380e-23
   3.3592770e+01   2.1439130e-23
   3.3670230e+01   2.1311280e-23
   3.3747870e+01   2.1183870e-23
   3.3825700e+01   2.1056990e-23
   3.3903700e+01   2.0930690e-23
   3.3981880e+01   2.0805040e-23
   3.4060240e+01   2.0680100e-23
   3.4138790e+01   2.0555940e-23
   3.4217510e+01   2.0432590e-23
   3.4296420e+01   2.0310130e-23
   3.4375510e+01   2.0188600e-23
   3.4454780e+01   2.0068060e-23
   3.4534230e+01   1.9948530e-23
   3.4613870e+01   1.9830070e-23
   3.4693690e+01   1.9712710e-23
   3.4773690e+01   1.9596490e-23
   3.4853880e+01   1.9481440e-23
   3.4934250e+01   1.9367580e-23
   3.5014810e+01   1.9254940e-23
   3.5095550e+01   1.9143540e-23
   3.5176480e+01   1.9033400e-23
   3.5257600e+01   1.8924530e-23
   3.5338910e+01   1.8816940e-23
   3.5420400e+01   1.8710640e-23
   3.5502080e+01   1.8605640e-23
   3.5583950e+01   1.8501950e-23
   3.5666000e+01   1.8399580e-23
   3.5748250e+01   1.8298500e-23
   3.5830680e+01   1.8198650e-23
   3.5913310e+01   1.8100080e-23
   3.5996130e+01   1.8002970e-23
   3.6079130e+01   1.7907420e-23
   3.6162330e+01   1.7813090e-23
   3.6245720e+01   1.7719560e-23
   3.6329310e+01   1.7626660e-23
   3.6413080e+01   1.7534400e-23
   3.6497050e+01   1.7442820e-23
   3.6581210e+01   1.7352030e-23
   3.6665570e+01   1.7262080e-23
   3.6750120e+01   1.7172760e-23
   3.6834870e+01   1.7083750e-23
   3.6919810e+01   1.6995460e-23
   3.7004950e+01   1.6909120e-23
   3.7090280e+01   1.6825460e-23
   3.7175810e+01   1.6743590e-23
   3.7261540e+01   1.6662430e-23
   3.7347460e+01   1.6581720e-23
   3.7433590e+01   1.6501630e-23
   3.7519910e+01   1.6422270e-23
   3.7606430e+01   1.6343580e-23
   3.7693150e+01   1.6265520e-23
   3.7780070e+01   1.6188090e-23
   3.7867190e+01   1.6111290e-23
   3.7954510e+01   1.6035120e-23
   3.8042040e+01   1.5959580e-23
   3.8129760e+01   1.5884650e-23
   3.8217690e+01   1.5810340e-23
   3.8305820e+01   1.5736640e-23
   3.8394150e+01   1.5663540e-23
   3.8482690e+01   1.5591010e-23
   3.8571430e+01   1.5519060e-23
   3.8660380e+01   1.5447650e-23
   3.8749530e+01   1.5376780e-23
   3.8838890e+01   1.5306460e-23
   3.8928450e+01   1.5236680e-23
   3.9018220e+01   1.5167450e-23
   3.9108190e+01   1.5098740e-23
   3.9198380e+01   1.5030570e-23
   3.9288770e+01   1.4962930e-23
   3.9379370e+01   1.4895820e-23
   3.9470180e+01   1.4829240e-23
   3.9561200e+01   1.4763170e-23
   3.9652430e+01   1.4697630e-23
   3.9743870e+01   1.4632600e-23
   3.9835520e+01   1.4568080e-23
   3.9927380e+01   1.4504080e-23
   4.0019450e+01   1.4440590e-23
   4.0111730e+01   1.4377600e-23
   4.0204230e+01   1.4315110e-23
   4.0296940e+01   1.4253130e-23
   4.0389870e+01   1.4191640e-23
   4.0483010e+01   1.4130650e-23
   4.0576360e+01   1.4070150e-23
   4.0669930e+01   1.4010130e-23
   4.0763720e+01   1.3950610e-23
   4.0857720e+01   1.3891570e-23
   4.0951940e+01   1.3833010e-23
   4.1046370e+01   1.3774930e-23
   4.1141020e+01   1.3717320e-23
   4.1235900e+01   1.3660190e-23
   4.1330990e+01   1.3603530e-23
   4.1426300e+01   1.3547320e-23
   4.1521830e+01   1.3491580e-23
   4.1617580e+01   1.3436330e-23
   4.1713550e+01   1.3381740e-23
   4.1809740e+01   1.3328300e-23
   4.1906150e+01   1.3276240e-23
   4.2002790e+01   1.3224980e-23
   4.2099650e+01   1.3173910e-23
   4.2196730e+01   1.3123080e-23
   4.2294030e+01   1.3072640e-23
   4.2391560e+01   1.3022570e-23
   4.2489320e+01   1.2972800e-23
   4.2587300e+01   1.2923340e-23
   4.2685510e+01   1.2874160e-23
   4.2783940e+01   1.2825270e-23
   4.2882600e+01   1.2776650e-23
   4.2981490e+01   1.2728280e-23
   4.3080600e+01   1.2680150e-23
   4.3179950e+01   1.2632260e-23
   4.3279520e+01   1.2584630e-23
   4.3379320e+01   1.2537270e-23
   4.3479360e+01   1.2490210e-23
   4.3579620e+01   1.2443460e-23
   4.3680120e+01   1.2397010e-23
   4.3780840e+01   1.2350870e-23
   4.3881800e+01   1.2305040e-23
   4.3982990e+01   1.2259520e-23
   4.4084420e+01   1.2214330e-23
   4.4186080e+01   1.2169450e-23
   4.4287970e+01   1.2124910e-23
   4.4390100e+01   1.2080690e-23
   4.4492460e+01   1.2036810e-23
   4.4595060e+01   1.1993260e-23
   4.4697900e+01   1.1950050e-23
   4.4800970e+01   1.1907180e-23
   4.4904280e+01   1.1864660e-23
   4.5007830e+01   1.1822480e-23
   4.5111620e+01   1.1780650e-23
   4.5215650e+01   1.1739160e-23
   4.5319920e+01   1.1698030e-23
   4.5424430e+01   1.1657240e-23
   4.5529170e+01   1.1616810e-23
   4.5634170e+01   1.1576720e-23
   4.5739400e+01   1.1536990e-23
   4.5844870e+01   1.1497600e-23
   4.5950590e+01   1.1458570e-23
   4.6056550e+01   1.1419880e-23
   4.6162760e+01   1.1381540e-23
   4.6269210e+01   1.1343550e-23
   4.6375910e+01   1.1305900e-23
   4.6482850e+01   1.1268590e-23
   4.6590040e+01   1.1231620e-23
   4.6697480e+01   1.1194990e-23
   4.6805160e+01   1.1158700e-23
   4.6913100e+01   1.1122740e-23
   4.7021280e+01   1.1087110e-23
   4.7129710e+01   1.1051810e-23
   4.7238390e+01   1.1016840e-23
   4.7347320e+01   1.0982190e-23
   4.7456510e+01   1.0947830e-23
   4.7565940e+01   1.0913760e-23
   4.7675630e+01   1.0879980e-23
   4.7785570e+01   1.0846480e-23
   4.7895760e+01   1.0813270e-23
   4.8006210e+01   1.0780330e-23
   4.8116920e+01   1.0747660e-23
   4.8227870e+01   1.0715270e-23
   4.8339090e+01   1.0683140e-23
   4.8450560e+01   1.0651280e-23
   4.8562290e+01   1.0619680e-23
   4.8674270e+01   1.0588340e-23
   4.8786510e+01   1.0557260e-23
   4.8899020e+01   1.0526430e-23
   4.9011780e+01   1.0495850e-23
   4.9124800e+01   1.0465520e-23
   4.9238080e+01   1.0435440e-23
   4.9351620e+01   1.0405600e-23
   4.9465430e+01   1.0376000e-23
   4.9579500e+01   1.0346650e-23
   4.9693830e+01   1.0317520e-23
   4.9808420e+01   1.0288630e-23
   4.9923280e+01   1.0259970e-23
   5.0038400e+01   1.0231540e-23
   5.0153790e+01   1.0203340e-23
   5.0269450e+01   1.0175360e-23
   5.0385370e+01   1.0147600e-23
   5.0501560e+01   1.0120070e-23
   5.0618020e+01   1.0092750e-23
   5.0734740e+01   1.0065640e-23
   5.0851740e+01   1.0038750e-23
   5.0969000e+01   1.0012080e-23
   5.1086540e+01   9.9856060e-24
   5.1204340e+01   9.9593440e-24
   5.1322420e+01   9.9332870e-24
   5.1440770e+01   9.9074340e-24
   5.1559390e+01   9.8817820e-24
   5.1678290e+01   9.8563300e-24
   5.1797460e+01   9.8310760e-24
   5.1916900e+01   9.8060170e-24
   5.2036620e+01   9.7811530e-24
   5.2156620e+01   9.7564820e-24
   5.2276890e+01   9.7320010e-24
   5.2397450e+01   9.7077100e-24
   5.2518270e+01   9.6836070e-24
   5.2639380e+01   9.6596890e-24
   5.2760770e+01   9.6359570e-24
   5.2882440e+01   9.6124070e-24
   5.3004380e+01   9.5890400e-24
   5.3126610e+01   9.5658530e-24
   5.3249120e+01   9.5428450e-24
   5.3371910e+01   9.5200150e-24
   5.3494990e+01   9.4973620e-24
   5.3618350e+01   9.4748840e-24
   5.3742000e+01   9.4525810e-24
   5.3865920e+01   9.4304520e-24
   5.3990140e+01   9.4084950e-24
   5.4114640e+01   9.3867100e-24
   5.4239430e+01   9.3650950e-24
   5.4364510e+01   9.3436510e-24
   5.4489870e+01   9.3223760e-24
   5.4615530e+01   9.3012700e-24
   5.4741470e+01   9.2803330e-24
   5.4867700e+01   9.2595630e-24
   5.4994230e+01   9.2389750e-24
   5.5121050e+01   9.2185670e-24
   5.5248160e+01   9.1983110e-24
   5.5375560e+01   9.1782070e-24
   5.5503260e+01   9.1582530e-24
   5.5631250e+01   9.1384480e-24
   5.5759530e+01   9.1187900e-24
   5.5888110e+01   9.0992780e-24
   5.6016990e+01   9.0799120e-24
   5.6146170e+01   9.0606890e-24
   5.6275640e+01   9.0416080e-24
   5.6405410e+01   9.0226670e-24
   5.6535480e+01   9.0038670e-24
   5.6665860e+01   8.9852050e-24
   5.6796530e+01   8.9666800e-24
   5.6927500e+01   8.9482910e-24
   5.7058780e+01   8.9300360e-24
   5.7190350e+01   8.9119150e-24
   5.7322240e+01   8.8939260e-24
   5.7454420e+01   8.8760680e-24
   5.7586910e+01   8.8583400e-24
   5.7719710e+01   8.8407400e-24
   5.7852810e+01   8.8232680e-24
   5.7986220e+01   8.8059220e-24
   5.8119940e+01   8.7887010e-24
   5.8253960e+01   8.7716040e-24
   5.8388290e+01   8.7546300e-24
   5.8522940e+01   8.7377780e-24
   5.8657890e+01   8.7210460e-24
   5.8793160e+01   8.7044340e-24
   5.8928740e+01   8.6879400e-24
   5.9064630e+01   8.6715640e-24
   5.9200830e+01   8.6553040e-24
   5.9337350e+01   8.6391590e-24
   5.9474180e+01   8.6231280e-24
   5.9611330e+01   8.6072100e-24
   5.9748790e+01   8.5914050e-24
   5.9886570e+01   8.5757100e-24
   6.0024670e+01   8.5601260e-24
   6.0163090e+01   8.5446510e-24
   6.0301830e+01   8.5292830e-24
   6.0440880e+01   8.5140230e-24
   6.0580260e+01   8.4988690e-24
   6.0719960e+01   8.4838200e-24
   6.0859980e+01   8.4688760e-24
   6.1000320e+01   8.4540340e-24
   6.1140990e+01   8.4392950e-24
   6.1281980e+01   8.4246570e-24
   6.1423300e+01   8.4101200e-24
   6.1564940e+01   8.3956820e-24
   6.1706910e+01   8.3813430e-24
   6.1849210e+01   8.3671020e-24
   6.1991830e+01   8.3529570e-24
   6.2134780e+01   8.3389080e-24
   6.2278070e+01   8.3249550e-24
   6.2421680e+01   8.3110960e-24
   6.2565630e+01   8.2973300e-24
   6.2709900e+01   8.2836570e-24
   6.2854510e+01   8.2700750e-24
   6.2999460e+01   8.2565840e-24
   6.3144730e+01   8.2431830e-24
   6.3290340e+01   8.2298720e-24
   6.3436290e+01   8.2166490e-24
   6.3582580e+01   8.2035140e-24
   6.3729200e+01   8.1904650e-24
   6.3876160e+01   8.1775020e-24
   6.4023460e+01   8.1646250e-24
   6.4171100e+01   8.1518320e-24
   6.4319080e+01   8.1391230e-24
   6.4467400e+01   8.1264970e-24
   6.4616060e+01   8.1139540e-24
   6.4765060e+01   8.1014910e-24
   6.4914410e+01   8.0891100e-24
   6.5064110e+01   8.0768080e-24
   6.5214140e+01   8.0645860e-24
   6.5364530e+01   8.0524420e-24
   6.5515260e+01   8.0403770e-24
   6.5666340e+01   8.0283880e-24
   6.5817760e+01   8.0164760e-24
   6.5969540e+01   8.0046400e-24
   6.6121670e+01   7.9928790e-24
   6.6274140e+01   7.9811920e-24
   6.6426970e+01   7.9695800e-24
   6.6580150e+01   7.9580400e-24
   6.6733690e+01   7.9465730e-24
   6.6887580e+01   7.9351780e-24
   6.7041820e+01   7.9238530e-24
   6.7196420e+01   7.9126000e-24
   6.7351370e+01   7.9014160e-24
   6.7506690e+01   7.8903020e-24
   6.7662360e+01   7.8792560e-24
   6.7818390e+01   7.8682790e-24
   6.7974780e+01   7.8573690e-24
   6.8131530e+01   7.8465250e-24
   6.8288640e+01   7.8357480e-24
   6.8446110e+01   7.8250370e-24
   6.8603950e+01   7.8143910e-24
   6.8762150e+01   7.8038090e-24
   6.8920720e+01   7.7932920e-24
   6.9079650e+01   7.7828380e-24
   6.9238950e+01   7.7724460e-24
   6.9398610e+01   7.7621170e-24
   6.9558650e+01   7.7518500e-24
   6.9719050e+01   7.7416440e-24
   6.9879820e+01   7.7314980e-24
   7.0040970e+01   7.7214130e-24
   7.0202480e+01   7.7113870e-24
   7.0364370e+01   7.7014200e-24
   7.0526630e+01   7.6915120e-24
   7.0689260e+01   7.6816620e-24
   7.0852270e+01   7.6718690e-24
   7.1015660e+01   7.6621340e-24
   7.1179420e+01   7.6524550e-24
   7.1343560e+01   7.6428320e-24
   7.1508080e+01   7.6332650e-24
   7.1672980e+01   7.6237520e-24
   7.1838260e+01   7.6142940e-24
   7.2003920e+01   7.6048910e-24
   7.2169960e+01   7.5955410e-24
   7.2336380e+01   7.5862440e-24
   7.2503190e+01   7.5770000e-24
   7.2670390e+01   7.5678080e-24
   7.2837960e+01   7.5586680e-24
   7.3005930e+01   7.5495800e-24
   7.3174280e+01   7.5405420e-24
   7.3343020e+01   7.5315550e-24
   7.3512150e+01   7.5226170e-24
   7.3681670e+01   7.5137300e-24
   7.3851580e+01   7.5048920e-24
   7.4021880e+01   7.4961020e-24
   7.4192580e+01   7.4873610e-24
   7.4363670e+01   7.4786680e-24
   7.4535150e+01   7.4700220e-24
   7.4707030e+01   7.4614230e-24
   7.4879300e+01   7.4528720e-24
   7.5051980e+01   7.4443660e-24
   7.5225050e+01   7.4359070e-24
   7.5398520e+01   7.4274930e-24
   7.5572390e+01   7.4191240e-24
   7.5746660e+01   7.4108000e-24
   7.5921330e+01   7.4025200e-24
   7.6096400e+01   7.3942850e-24
   7.6271880e+01   7.3860930e-24
   7.6447770e+01   7.3779440e-24
   7.6624060e+01   7.3698380e-24
   7.6800750e+01   7.3617750e-24
   7.6977850e+01   7.3537540e-24
   7.7155370e+01   7.3457750e-24
   7.7333290e+01   7.3378380e-24
   7.7511620e+01   7.3299420e-24
   7.7690360e+01   7.3220860e-24
   7.7869520e+01   7.3142710e-24
   7.8049080e+01   7.3064960e-24
   7.8229060e+01   7.2987610e-24
   7.8409460e+01   7.2910660e-24
   7.8590270e+01   7.2834090e-24
   7.8771500e+01   7.2757920e-24
   7.8953150e+01   7.2682130e-24
   7.9135220e+01   7.2606720e-24
   7.9317700e+01   7.2531690e-24
   7.9500610e+01   7.2457040e-24
   7.9683940e+01   7.2382760e-24
   7.9867690e+01   7.2308850e-24
   8.0051870e+01   7.2235300e-24
   8.0236470e+01   7.2162120e-24
   8.0421490e+01   7.2089300e-24
   8.0606950e+01   7.2016840e-24
   8.0792830e+01   7.1944740e-24
   8.0979140e+01   7.1872980e-24
   8.1165870e+01   7.1801580e-24
   8.1353040e+01   7.1730520e-24
   8.1540640e+01   7.1659800e-24
   8.1728680e+01   7.1589430e-24
   8.1917140e+01   7.1519390e-24
   8.2106050e+01   7.1449690e-24
   8.2295380e+01   7.1380320e-24
   8.2485160e+01   7.1311290e-24
   8.2675370e+01   7.1242580e-24
   8.2866020e+01   7.1174190e-24
   8.3057110e+01   7.1106130e-24
   8.3248640e+01   7.1038390e-24
   8.3440610e+01   7.0970960e-24
   8.3633030e+01   7.0903850e-24
   8.3825880e+01   7.0837050e-24
   8.4019190e+01   7.0770560e-24
   8.4212940e+01   7.0704380e-24
   8.4407130e+01   7.0638510e-24
   8.4601770e+01   7.0572930e-24
   8.4796870e+01   7.0507660e-24
   8.4992410e+01   7.0442680e-24
   8.5188400e+01   7.0378000e-24
   8.5384850e+01   7.0313620e-24
   8.5581750e+01   7.0249520e-24
   8.5779100e+01   7.0185720e-24
   8.5976910e+01   7.0122200e-24
   8.6175170e+01   7.0058960e-24
   8.6373890e+01   6.9996010e-24
   8.6573070e+01   6.9933340e-24
   8.6772710e+01   6.9870940e-24
   8.6972800e+01   6.9808820e-24
   8.7173360e+01   6.9746980e-24
   8.7374390e+01   6.9685400e-24
   8.7575870e+01   6.9624100e-24
   8.7777820e+01   6.9563060e-24
   8.7980240e+01   6.9502290e-24
   8.8183120e+01   6.9441790e-24
   8.8386470e+01   6.9381540e-24
   8.8590290e+01   6.9321560e-24
   8.8794580e+01   6.9261830e-24
   8.8999340e+01   6.9202360e-24
   8.9204580e+01   6.9143140e-24
   8.9410280e+01   6.9084170e-24
   8.9616470e+01   6.9025460e-24
   8.9823120e+01   6.8966990e-24
   9.0030250e+01   6.8908770e-24
   9.0237860e+01   6.8850790e-24
   9.0445950e+01   6.8793060e-24
   9.0654520e+01   6.8735560e-24
   9.0863570e+01   6.8678310e-24
   9.1073110e+01   6.8621300e-24
   9.1283120e+01   6.8564520e-24
   9.1493620e+01   6.8507970e-24
   9.1704610e+01   6.8451660e-24
   9.1916080e+01   6.8395580e-24
   9.2128040e+01   6.8339720e-24
   9.2340480e+01   6.8284100e-24
   9.2553420e+01   6.8228700e-24
   9.2766850e+01   6.8173530e-24
   9.2980770e+01   6.8118570e-24
   9.3195190e+01   6.8063840e-24
   9.3410090e+01   6.8009330e-24
   9.3625500e+01   6.7955040e-24
   9.3841400e+01   6.7900960e-24
   9.4057800e+01   6.7847100e-24
   9.4274700e+01   6.7793450e-24
   9.4492100e+01   6.7740010e-24
   9.4709990e+01   6.7686790e-24
   9.4928400e+01   6.7633770e-24
   9.5147300e+01   6.7580960e-24
   9.5366710e+01   6.7528360e-24
   9.5586630e+01   6.7475960e-24
   9.5807050e+01   6.7423760e-24
   9.6027980e+01   6.7371770e-24
   9.6249430e+01   6.7319980e-24
   9.6471380e+01   6.7268380e-24
   9.6693840e+01   6.7216990e-24
   9.6916820e+01   6.7165790e-24
   9.7140310e+01   6.7114790e-24
   9.7364320e+01   6.7063980e-24
   9.7588840e+01   6.7013360e-24
   9.7813880e+01   6.6962930e-24
   9.8039440e+01   6.6912700e-24
   9.8265520e+01   6.6862650e-24
   9.8492120e+01   6.6812790e-24
   9.8719240e+01   6.6763110e-24
   9.8946890e+01   6.6713620e-24
   9.9175060e+01   6.6664320e-24
   9.9403760e+01   6.6615200e-24
   9.9632990e+01   6.6566260e-24
   9.9862740e+01   6.6517490e-24
   1.0009300e+02   6.6468910e-24
   1.0032380e+02   6.6420510e-24
   1.0055520e+02   6.6372280e-24
   1.0078710e+02   6.6324230e-24
   1.0101950e+02   6.6276350e-24
   1.0125240e+02   6.6228650e-24
   1.0148590e+02   6.6181110e-24
   1.0172000e+02   6.6133750e-24
   1.0195450e+02   6.6086560e-24
   1.0218960e+02   6.6039540e-24
   1.0242530e+02   6.5992690e-24
   1.0266150e+02   6.5946000e-24
   1.0289820e+02   6.5899480e-24
   1.0313550e+02   6.5853120e-24
   1.0337330e+02   6.5806930e-24
   1.0361170e+02   6.5760900e-24
   1.0385060e+02   6.5715030e-24
   1.0409010e+02   6.5669320e-24
   1.0433010e+02   6.5623770e-24
   1.0457070e+02   6.5578390e-24
   1.0481190e+02   6.5533150e-24
   1.0505360e+02   6.5488080e-24
   1.0529580e+02   6.5443160e-24
   1.0553860e+02   6.5398400e-24
   1.0578200e+02   6.5353790e-24
   1.0602590e+02   6.5309330e-24
   1.0627040e+02   6.5265020e-24
   1.0651550e+02   6.5220870e-24
   1.0676110e+02   6.5176870e-24
   1.0700730e+02   6.5133010e-24
   1.0725410e+02   6.5089310e-24
   1.0750140e+02   6.5045750e-24
   1.0774930e+02   6.5002340e-24
   1.0799780e+02   6.4959070e-24
   1.0824680e+02   6.4915950e-24
   1.0849640e+02   6.4872980e-24
   1.0874660e+02   6.4830150e-24
   1.0899740e+02   6.4787460e-24
   1.0924880e+02   6.4744910e-24
   1.0950070e+02   6.4702500e-24
   1.0975320e+02   6.4660230e-24
   1.1000630e+02   6.4618110e-24
   1.1026000e+02   6.4576120e-24
   1.1051420e+02   6.4534270e-24
   1.1076910e+02   6.4492550e-24
   1.1102450e+02   6.4450970e-24
   1.1128050e+02   6.4409530e-24
   1.1153710e+02   6.4368220e-24
   1.1179430e+02   6.4327050e-24
   1.1205210e+02   6.4286010e-24
   1.1231050e+02   6.4245100e-24
   1.1256950e+02   6.4204330e-24
   1.1282910e+02   6.4163680e-24
   1.1308930e+02   6.4123170e-24
   1.1335010e+02   6.4082780e-24
   1.1361150e+02   6.4042520e-24
   1.1387350e+02   6.4002400e-24
   1.1413600e+02   6.3962400e-24
   1.1439920e+02   6.3922520e-24
   1.1466300e+02   6.3882770e-24
   1.1492750e+02   6.3843150e-24
   1.1519250e+02   6.3803660e-24
   1.1545810e+02   6.3764280e-24
   1.1572440e+02   6.3725030e-24
   1.1599120e+02   6.3685910e-24
   1.1625870e+02   6.3646900e-24
   1.1652680e+02   6.3608020e-24
   1.1679550e+02   6.3569260e-24
   1.1706480e+02   6.3530620e-24
   1.1733480e+02   6.3492100e-24
   1.1760540e+02   6.3453700e-24
   1.1787660e+02   6.3415410e-24
   1.1814840e+02   6.3377250e-24
   1.1842080e+02   6.3339200e-24
   1.1869390e+02   6.3301270e-24
   1.1896760e+02   6.3263450e-24
   1.1924200e+02   6.3225750e-24
   1.1951690e+02   6.3188170e-24
   1.1979260e+02   6.3150700e-24
   1.2006880e+02   6.3113340e-24
   1.2034570e+02   6.3076100e-24
   1.2062320e+02   6.3038970e-24
   1.2090140e+02   6.3001950e-24
   1.2118020e+02   6.2965050e-24
   1.2145960e+02   6.2928250e-24
   1.2173970e+02   6.2891570e-24
   1.2202040e+02   6.2855000e-24
   1.2230180e+02   6.2818530e-24
   1.2258380e+02   6.2782180e-24
   1.2286650e+02   6.2745930e-24
   1.2314980e+02   6.2709790e-24
   1.2343380e+02   6.2673760e-24
   1.2371850e+02   6.2637840e-24
   1.2400380e+02   6.2602020e-24
   1.2428970e+02   6.2566310e-24
   1.2457630e+02   6.2530700e-24
   1.2486360e+02   6.2495200e-24
   1.2515150e+02   6.2459810e-24
   1.2544010e+02   6.2424520e-24
   1.2572940e+02   6.2389330e-24
   1.2601930e+02   6.2354240e-24
   1.2630990e+02   6.2319260e-24
   1.2660120e+02   6.2284380e-24
   1.2689310e+02   6.2249610e-24
   1.2718580e+02   6.2214930e-24
   1.2747910e+02   6.2180360e-24
   1.2777300e+02   6.2145880e-24
   1.2806770e+02   6.2111510e-24
   1.2836300e+02   6.2077230e-24
   1.2865900e+02   6.2043060e-24
   1.2895570e+02   6.2008980e-24
   1.2925310e+02   6.1975000e-24
   1.2955110e+02   6.1941120e-24
   1.2984990e+02   6.1907340e-24
   1.3014930e+02   6.1873650e-24
   1.3044940e+02   6.1840070e-24
   1.3075020e+02   6.1806570e-24
   1.3105180e+02   6.1773180e-24
   1.3135400e+02   6.1739880e-24
   1.3165690e+02   6.1706670e-24
   1.3196050e+02   6.1673560e-24
   1.3226480e+02   6.1640540e-24
   1.3256980e+02   6.1607620e-24
   1.3287550e+02   6.1574790e-24
   1.3318190e+02   6.1542060e-24
   1.3348900e+02   6.1509420e-24
   1.3379680e+02   6.1476870e-24
   1.3410540e+02   6.1444410e-24
   1.3441460e+02   6.1412040e-24
   1.3472460e+02   6.1379770e-24
   1.3503530e+02   6.1347580e-24
   1.3534660e+02   6.1315490e-24
   1.3565880e+02   6.1283490e-24
   1.3597160e+02   6.1251580e-24
   1.3628510e+02   6.1219760e-24
   1.3659940e+02   6.1188020e-24
   1.3691440e+02   6.1156380e-24
   1.3723010e+02   6.1124820e-24
   1.3754660e+02   6.1093360e-24
   1.3786380e+02   6.1061980e-24
   1.3818170e+02   6.1030690e-24
   1.3850030e+02   6.0999480e-24
   1.3881970e+02   6.0968370e-24
   1.3913980e+02   6.0937340e-24
   1.3946070e+02   6.0906390e-24
   1.3978230e+02   6.0875540e-24
   1.4010460e+02   6.0844770e-24
   1.4042770e+02   6.0814080e-24
   1.4075150e+02   6.0783480e-24
   1.4107610e+02   6.0752960e-24
   1.4140140e+02   6.0722530e-24
   1.4172750e+02   6.0692190e-24
   1.4205430e+02   6.0661930e-24
   1.4238190e+02   6.0631750e-24
   1.4271020e+02   6.0601650e-24
   1.4303930e+02   6.0571640e-24
   1.4336920e+02   6.0541710e-24
   1.4369980e+02   6.0511870e-24
   1.4403120e+02   6.0482100e-24
   1.4436330e+02   6.0452420e-24
   1.4469620e+02   6.0422820e-24
   1.4502990e+02   6.0393300e-24
   1.4536430e+02   6.0363870e-24
   1.4569950e+02   6.0334510e-24
   1.4603550e+02   6.0305240e-24
   1.4637230e+02   6.0276040e-24
   1.4670980e+02   6.0246930e-24
   1.4704810e+02   6.0217890e-24
   1.4738720e+02   6.0188940e-24
   1.4772710e+02   6.0160060e-24
   1.4806780e+02   6.0131270e-24
   1.4840920e+02   6.0102550e-24
   1.4875140e+02   6.0073910e-24
   1.4909450e+02   6.0045350e-24
   1.4943830e+02   6.0016870e-24
   1.4978290e+02   5.9988470e-24
   1.5012830e+02   5.9960150e-24
   1.5047450e+02   5.9931900e-24
   1.5082150e+02   5.9903730e-24
   1.5116930e+02   5.9875640e-24
   1.5151790e+02   5.9847620e-24
   1.5186730e+02   5.9819680e-24
   1.5221750e+02   5.9791820e-24
   1.5256850e+02   5.9764030e-24
   1.5292030e+02   5.9736320e-24
   1.5327290e+02   5.9708690e-24
   1.5362640e+02   5.9681130e-24
   1.5398070e+02   5.9653650e-24
   1.5433570e+02   5.9626240e-24
   1.5469160e+02   5.9598910e-24
   1.5504840e+02   5.9571650e-24
   1.5540590e+02   5.9544460e-24
   1.5576430e+02   5.9517350e-24
   1.5612350e+02   5.9490320e-24
   1.5648350e+02   5.9463360e-24
   1.5684430e+02   5.9436470e-24
   1.5720600e+02   5.9409660e-24
   1.5756850e+02   5.9382920e-24
   1.5793190e+02   5.9356250e-24
   1.5829610e+02   5.9329660e-24
   1.5866110e+02   5.9303140e-24
   1.5902700e+02   5.9276690e-24
   1.5939370e+02   5.9250310e-24
   1.5976130e+02   5.9224010e-24
   1.6012970e+02   5.9197780e-24
   1.6049890e+02   5.9171620e-24
   1.6086910e+02   5.9145530e-24
   1.6124000e+02   5.9119510e-24
   1.6161180e+02   5.9093570e-24
   1.6198450e+02   5.9067700e-24
   1.6235810e+02   5.9041890e-24
   1.6273250e+02   5.9016160e-24
   1.6310770e+02   5.8990500e-24
   1.6348380e+02   5.8964910e-24
   1.6386080e+02   5.8939390e-24
   1.6423870e+02   5.8913940e-24
   1.6461740e+02   5.8888560e-24
   1.6499700e+02   5.8863250e-24
   1.6537750e+02   5.8838010e-24
   1.6575890e+02   5.8812840e-24
   1.6614110e+02   5.8787740e-24
   1.6652430e+02   5.8762710e-24
   1.6690830e+02   5.8737750e-24
   1.6729320e+02   5.8712860e-24
   1.6767890e+02   5.8688040e-24
   1.6806560e+02   5.8663280e-24
   1.6845320e+02   5.8638590e-24
   1.6884160e+02   5.8613980e-24
   1.6923100e+02   5.8589430e-24
   1.6962120e+02   5.8564940e-24
   1.7001240e+02   5.8540530e-24
   1.7040440e+02   5.8516190e-24
   1.7079740e+02   5.8491910e-24
   1.7119120e+02   5.8467700e-24
   1.7158600e+02   5.8443550e-24
   1.7198170e+02   5.8419480e-24
   1.7237830e+02   5.8395470e-24
   1.7277580e+02   5.8371530e-24
   1.7317420e+02   5.8347660e-24
   1.7357350e+02   5.8323850e-24
   1.7397380e+02   5.8300110e-24
   1.7437500e+02   5.8276430e-24
   1.7477710e+02   5.8252830e-24
   1.7518010e+02   5.8229290e-24
   1.7558410e+02   5.8205810e-24
   1.7598900e+02   5.8182400e-24
   1.7639480e+02   5.8159060e-24
   1.7680160e+02   5.8135780e-24
   1.7720930e+02   5.8112570e-24
   1.7761790e+02   5.8089430e-24
   1.7802750e+02   5.8066350e-24
   1.7843810e+02   5.8043330e-24
   1.7884950e+02   5.8020380e-24
   1.7926200e+02   5.7997500e-24
   1.7967540e+02   5.7974680e-24
   1.8008970e+02   5.7951930e-24
   1.8050500e+02   5.7929240e-24
   1.8092120e+02   5.7906620e-24
   1.8133840e+02   5.7884060e-24
   1.8175660e+02   5.7861560e-24
   1.8217570e+02   5.7839130e-24
   1.8259580e+02   5.7816770e-24
   1.8301690e+02   5.7794460e-24
   1.8343890e+02   5.7772230e-24
   1.8386190e+02   5.7750050e-24
   1.8428590e+02   5.7727950e-24
   1.8471090e+02   5.7705900e-24
   1.8513680e+02   5.7683920e-24
   1.8556380e+02   5.7662000e-24
   1.8599170e+02   5.7640150e-24
   1.8642060e+02   5.7618360e-24
   1.8685050e+02   5.7596630e-24
   1.8728130e+02   5.7574970e-24
   1.8771320e+02   5.7553370e-24
   1.8814610e+02   5.7531830e-24
   1.8857990e+02   5.7510360e-24
   1.8901480e+02   5.7488950e-24
   1.8945070e+02   5.7467600e-24
   1.8988760e+02   5.7446310e-24
   1.9032540e+02   5.7425090e-24
   1.9076430e+02   5.7403930e-24
   1.9120420e+02   5.7382840e-24
   1.9164520e+02   5.7361800e-24
   1.9208710e+02   5.7340830e-24
   1.9253000e+02   5.7319920e-24
   1.9297400e+02   5.7299080e-24
   1.9341900e+02   5.7278290e-24
   1.9386500e+02   5.7257570e-24
   1.9431210e+02   5.7236910e-24
   1.9476020e+02   5.7216310e-24
   1.9520930e+02   5.7195780e-24
   1.9565950e+02   5.7175300e-24
   1.9611070e+02   5.7154890e-24
   1.9656290e+02   5.7134540e-24
   1.9701620e+02   5.7114250e-24
   1.9747050e+02   5.7094030e-24
   1.9792580e+02   5.7073860e-24
   1.9838230e+02   5.7053760e-24
   1.9883970e+02   5.7033720e-24
   1.9929830e+02   5.7013740e-24
   1.9975780e+02   5.6993820e-24
   2.0021850e+02   5.6973960e-24
   2.0068020e+02   5.6954170e-24
   2.0114300e+02   5.6934430e-24
   2.0160680e+02   5.6914760e-24
   2.0207170e+02   5.6895150e-24
   2.0253770e+02   5.6875600e-24
   2.0300470e+02   5.6856110e-24
   2.0347290e+02   5.6836680e-24
   2.0394210e+02   5.6817310e-24
   2.0441240e+02   5.6798000e-24
   2.0488380e+02   5.6778750e-24
   2.0535620e+02   5.6759570e-24
   2.0582980e+02   5.6740440e-24
   2.0630440e+02   5.6721380e-24
   2.0678020e+02   5.6702380e-24
   2.0725700e+02   5.6683430e-24
   2.0773490e+02   5.6664550e-24
   2.0821400e+02   5.6645730e-24
   2.0869410e+02   5.6626970e-24
   2.0917540e+02   5.6608270e-24
   2.0965770e+02   5.6589630e-24
   2.1014120e+02   5.6571050e-24
   2.1062580e+02   5.6552530e-24
   2.1111150e+02   5.6534070e-24
   2.1159830e+02   5.6515670e-24
   2.1208630e+02   5.6497330e-24
   2.1257530e+02   5.6479050e-24
   2.1306550e+02   5.6460840e-24
   2.1355690e+02   5.6442680e-24
   2.1404930e+02   5.6424580e-24
   2.1454290e+02   5.6406540e-24
   2.1503770e+02   5.6388570e-24
   2.1553350e+02   5.6370650e-24
   2.1603060e+02   5.6352790e-24
   2.1652870e+02   5.6335000e-24
   2.1702800e+02   5.6317260e-24
   2.1752850e+02   5.6299580e-24
   2.1803010e+02   5.6281960e-24
   2.1853290e+02   5.6264410e-24
   2.1903690e+02   5.6246910e-24
   2.1954200e+02   5.6229470e-24
   2.2004820e+02   5.6212090e-24
   2.2055560e+02   5.6194780e-24
   2.2106430e+02   5.6177520e-24
   2.2157400e+02   5.6160320e-24
   2.2208500e+02   5.6143180e-24
   2.2259710e+02   5.6126100e-24
   2.2311040e+02   5.6109080e-24
   2.2362490e+02   5.6092130e-24
   2.2414060e+02   5.6075230e-24
   2.2465750e+02   5.6058390e-24
   2.2517550e+02   5.6041610e-24
   2.2569480e+02   5.6024890e-24
   2.2621520e+02   5.6008230e-24
   2.2673690e+02   5.5991630e-24
   2.2725970e+02   5.5975090e-24
   2.2778380e+02   5.5958600e-24
   2.2830910e+02   5.5942180e-24
   2.2883560e+02   5.5925820e-24
   2.2936330e+02   5.5909520e-24
   2.2989220e+02   5.5893280e-24
   2.3042230e+02   5.5877090e-24
   2.3095370e+02   5.5860970e-24
   2.3148620e+02   5.5844910e-24
   2.3202010e+02   5.5828900e-24
   2.3255510e+02   5.5812960e-24
   2.3309140e+02   5.5797080e-24
   2.3362890e+02   5.5781250e-24
   2.3416760e+02   5.5765490e-24
   2.3470760e+02   5.5749780e-24
   2.3524890e+02   5.5734130e-24
   2.3579130e+02   5.5718550e-24
   2.3633510e+02   5.5703020e-24
   2.3688010e+02   5.5687560e-24
   2.3742630e+02   5.5672150e-24
   2.3797380e+02   5.5656800e-24
   2.3852260e+02   5.5641510e-24
   2.3907260e+02   5.5626290e-24
   2.3962390e+02   5.5611120e-24
   2.4017650e+02   5.5596010e-24
   2.4073040e+02   5.5580960e-24
   2.4128550e+02   5.5565970e-24
   2.4184190e+02   5.5551050e-24
   2.4239960e+02   5.5536180e-24
   2.4295860e+02   5.5521370e-24
   2.4351880e+02   5.5506620e-24
   2.4408040e+02   5.5491930e-24
   2.4464320e+02   5.5477300e-24
   2.4520740e+02   5.5462730e-24
   2.4577280e+02   5.5448220e-24
   2.4633960e+02   5.5433770e-24
   2.4690760e+02   5.5419380e-24
   2.4747700e+02   5.5405050e-24
   2.4804770e+02   5.5390780e-24
   2.4861970e+02   5.5376570e-24
   2.4919300e+02   5.5362420e-24
   2.4976770e+02   5.5348330e-24
   2.5034360e+02   5.5334310e-24
   2.5092090e+02   5.5320340e-24
   2.5149950e+02   5.5306430e-24
   2.5207950e+02   5.5292580e-24
   2.5266080e+02   5.5278790e-24
   2.5324340e+02   5.5265060e-24
   2.5382740e+02   5.5251400e-24
   2.5441270e+02   5.5237790e-24
   2.5499940e+02   5.5224240e-24
   2.5558750e+02   5.5210760e-24
   2.5617680e+02   5.5197330e-24
   2.5676760e+02   5.5183960e-24
   2.5735970e+02   5.5170660e-24
   2.5795320e+02   5.5157410e-24
   2.5854800e+02   5.5144230e-24
   2.5914420e+02   5.5131110e-24
   2.5974180e+02   5.5118040e-24
   2.6034080e+02   5.5105040e-24
   2.6094110e+02   5.5092100e-24
   2.6154290e+02   5.5079220e-24
   2.6214600e+02   5.5066400e-24
   2.6275050e+02   5.5053640e-24
   2.6335640e+02   5.5040950e-24
   2.6396370e+02   5.5028310e-24
   2.6457240e+02   5.5015730e-24
   2.6518250e+02   5.5003220e-24
   2.6579400e+02   5.4990770e-24
   2.6640690e+02   5.4978370e-24
   2.6702130e+02   5.4966040e-24
   2.6763700e+02   5.4953770e-24
   2.6825420e+02   5.4941570e-24
   2.6887280e+02   5.4929420e-24
   2.6949280e+02   5.4917330e-24
   2.7011430e+02   5.4905310e-24
   2.7073720e+02   5.4893350e-24
   2.7136150e+02   5.4881450e-24
   2.7198720e+02   5.4869610e-24
   2.7261440e+02   5.4857830e-24
   2.7324310e+02   5.4846110e-24
   2.7387320e+02   5.4834460e-24
   2.7450480e+02   5.4822870e-24
   2.7513780e+02   5.4811340e-24
   2.7577220e+02   5.4799870e-24
   2.7640820e+02   5.4788460e-24
   2.7704560e+02   5.4777120e-24
   2.7768440e+02   5.4765840e-24
   2.7832480e+02   5.4754620e-24
   2.7896660e+02   5.4743460e-24
   2.7960990e+02   5.4732370e-24
   2.8025470e+02   5.4721330e-24
   2.8090090e+02   5.4710370e-24
   2.8154870e+02   5.4699460e-24
   2.8219800e+02   5.4688610e-24
   2.8284870e+02   5.4677830e-24
   2.8350100e+02   5.4667110e-24
   2.8415470e+02   5.4656460e-24
   2.8481000e+02   5.4645870e-24
   2.8546680e+02   5.4635340e-24
   2.8612500e+02   5.4624870e-24
   2.8678480e+02   5.4614470e-24
   2.8744620e+02   5.4604130e-24
   2.8810900e+02   5.4593850e-24
   2.8877340e+02   5.4583640e-24
   2.8943930e+02   5.4573490e-24
   2.9010680e+02   5.4563400e-24
   2.9077580e+02   5.4553380e-24
   2.9144630e+02   5.4543420e-24
   2.9211840e+02   5.4533520e-24
   2.9279200e+02   5.4523690e-24
   2.9346720e+02   5.4513930e-24
   2.9414390e+02   5.4504220e-24
   2.9482220e+02   5.4494590e-24
   2.9550210e+02   5.4485010e-24
   2.9618350e+02   5.4475500e-24
   2.9686650e+02   5.4466060e-24
   2.9755110e+02   5.4456680e-24
   2.9823720e+02   5.4447360e-24
   2.9892500e+02   5.4438110e-24
   2.9961430e+02   5.4428920e-24
   3.0030520e+02   5.4419800e-24
   3.0099770e+02   5.4410740e-24
   3.0169180e+02   5.4401750e-24
   3.0238750e+02   5.4392830e-24
   3.0308480e+02   5.4383970e-24
   3.0378370e+02   5.4375170e-24
   3.0448430e+02   5.4366440e-24
   3.0518640e+02   5.4357780e-24
   3.0589020e+02   5.4349180e-24
   3.0659560e+02   5.4340650e-24
   3.0730260e+02   5.4332180e-24
   3.0801120e+02   5.4323780e-24
   3.0872150e+02   5.4315450e-24
   3.0943340e+02   5.4307180e-24
   3.1014700e+02   5.4298980e-24
   3.1086220e+02   5.4290850e-24
   3.1157900e+02   5.4282780e-24
   3.1229750e+02   5.4274780e-24
   3.1301770e+02   5.4266850e-24
   3.1373950e+02   5.4258980e-24
   3.1446300e+02   5.4251180e-24
   3.1518810e+02   5.4243450e-24
   3.1591500e+02   5.4235780e-24
   3.1664350e+02   5.4228190e-24
   3.1737370e+02   5.4220660e-24
   3.1810550e+02   5.4213200e-24
   3.1883910e+02   5.4205800e-24
   3.1957430e+02   5.4198480e-24
   3.2031130e+02   5.4191220e-24
   3.2104990e+02   5.4184030e-24
   3.2179020e+02   5.4176910e-24
   3.2253230e+02   5.4169860e-24
   3.2327610e+02   5.4162880e-24
   3.2402150e+02   5.4155960e-24
   3.2476870e+02   5.4149120e-24
   3.2551760e+02   5.4142340e-24
   3.2626830e+02   5.4135640e-24
   3.2702070e+02   5.4129000e-24
   3.2777480e+02   5.4122430e-24
   3.2853060e+02   5.4115940e-24
   3.2928820e+02   5.4109510e-24
   3.3004760e+02   5.4103150e-24
   3.3080870e+02   5.4096860e-24
   3.3157150e+02   5.4090650e-24
   3.3233610e+02   5.4084500e-24
   3.3310250e+02   5.4078430e-24
   3.3387060e+02   5.4072430e-24
   3.3464050e+02   5.4066490e-24
   3.3541220e+02   5.4060630e-24
   3.3618570e+02   5.4054840e-24
   3.3696090e+02   5.4049130e-24
   3.3773800e+02   5.4043480e-24
   3.3851680e+02   5.4037910e-24
   3.3929740e+02   5.4032410e-24
   3.4007980e+02   5.4026980e-24
   3.4086410e+02   5.4021620e-24
   3.4165010e+02   5.4016340e-24
   3.4243790e+02   5.4011130e-24
   3.4322760e+02   5.4005990e-24
   3.4401910e+02   5.4000930e-24
   3.4481240e+02   5.3995940e-24
   3.4560750e+02   5.3991030e-24
   3.4640450e+02   5.3986190e-24
   3.4720330e+02   5.3981420e-24
   3.4800400e+02   5.3976730e-24
   3.4880650e+02   5.3972120e-24
   3.4961080e+02   5.3967580e-24
   3.5041700e+02   5.3963110e-24
   3.5122510e+02   5.3958720e-24
   3.5203500e+02   5.3954410e-24
   3.5284680e+02   5.3950180e-24
   3.5366050e+02   5.3946020e-24
   3.5447600e+02   5.3941930e-24
   3.5529350e+02   5.3937930e-24
   3.5611280e+02   5.3934000e-24
   3.5693400e+02   5.3930150e-24
   3.5775710e+02   5.3926380e-24
   3.5858200e+02   5.3922690e-24
   3.5940890e+02   5.3919080e-24
   3.6023770e+02   5.3915550e-24
   3.6106850e+02   5.3912090e-24
   3.6190110e+02   5.3908720e-24
   3.6273560e+02   5.3905430e-24
   3.6357210e+02   5.3902220e-24
   3.6441050e+02   5.3899090e-24
   3.6525080e+02   5.3896040e-24
   3.6609310e+02   5.3893080e-24
   3.6693730e+02   5.3890200e-24
   3.6778350e+02   5.3887400e-24
   3.6863160e+02   5.3884690e-24
   3.6948170e+02   5.3882060e-24
   3.7033370e+02   5.3879520e-24
   3.7118770e+02   5.3877060e-24
   3.7204360e+02   5.3874700e-24
   3.7290160e+02   5.3872420e-24
   3.7376150e+02   5.3870220e-24
   3.7462340e+02   5.3868120e-24
   3.7548730e+02   5.3866110e-24
   3.7635310e+02   5.3864190e-24
   3.7722100e+02   5.3862360e-24
   3.7809090e+02   5.3860630e-24
   3.7896280e+02   5.3858980e-24
   3.7983670e+02   5.3857440e-24
   3.8071260e+02   5.3855990e-24
   3.8159050e+02   5.3854640e-24
   3.8247040e+02   5.3853390e-24
   3.8335240e+02   5.3852240e-24
   3.8423640e+02   5.3851200e-24
   3.8512250e+02   5.3850260e-24
   3.8601060e+02   5.3849430e-24
   3.8690070e+02   5.3848700e-24
   3.8779290e+02   5.3851252e-24
   3.8868720e+02   5.3853803e-24
   3.8958350e+02   5.3856355e-24
   3.9048190e+02   5.3858907e-24
   3.9138230e+02   5.3861459e-24
   3.9228490e+02   5.3864012e-24
   3.9318950e+02   5.3866564e-24
   3.9409620e+02   5.3869116e-24
   3.9500500e+02   5.3871669e-24
   3.9591580e+02   5.3874221e-24
   3.9682880e+02   5.3876774e-24
   3.9774390e+02   5.3879327e-24
   3.9866110e+02   5.3881880e-24
   3.9958040e+02   5.3884433e-24
   4.0050190e+02   5.3886987e-24
   4.0142540e+02   5.3889540e-24
   4.0235110e+02   5.3892093e-24
   4.0327890e+02   5.3894647e-24
   4.0420890e+02   5.3897201e-24
   4.0514100e+02   5.3899755e-24
   4.0607530e+02   5.3902309e-24
   4.0701170e+02   5.3904863e-24
   4.0795030e+02   5.3907417e-24
   4.0889100e+02   5.3909971e-24
   4.0983390e+02   5.3912526e-24
   4.1077900e+02   5.3915081e-24
   4.1172620e+02   5.3917635e-24
   4.1267570e+02   5.3920190e-24
   4.1362730e+02   5.3922745e-24
   4.1458110e+02   5.3925300e-24
   4.1553720e+02   5.3927855e-24
   4.1649540e+02   5.3930411e-24
   4.1745580e+02   5.3932966e-24
   4.1841850e+02   5.3935522e-24
   4.1938340e+02   5.3938078e-24
   4.2035050e+02   5.3940633e-24
   4.2131980e+02   5.3943189e-24
   4.2229140e+02   5.3945745e-24
   4.2326520e+02   5.3948302e-24
   4.2424120e+02   5.3950858e-24
   4.2521950e+02   5.3953414e-24
   4.2620010e+02   5.3955971e-24
   4.2718290e+02   5.3958527e-24
   4.2816800e+02   5.3961084e-24
   4.2915540e+02   5.3963641e-24
   4.3014500e+02   5.3966198e-24
   4.3113690e+02   5.3968755e-24
   4.3213110e+02   5.3971312e-24
   4.3312760e+02   5.3973870e-24
   4.3412640e+02   5.3976427e-24
   4.3512750e+02   5.3978985e-24
   4.3613090e+02   5.3981543e-24
   4.3713670e+02   5.3984101e-24
   4.3814470e+02   5.3986659e-24
   4.3915510e+02   5.3989217e-24
   4.4016780e+02   5.3991775e-24
   4.4118280e+02   5.3994334e-24
   4.4220020e+02   5.3996892e-24
   4.4321990e+02   5.3999451e-24
   4.4424190e+02   5.4002009e-24
   4.4526640e+02   5.4004568e-24
   4.4629320e+02   5.4007127e-24
   4.4732230e+02   5.4009686e-24
   4.4835380e+02   5.4012245e-24
   4.4938770e+02   5.4014805e-24
   4.5042400e+02   5.4017364e-24
   4.5146270e+02   5.4019924e-24
   4.5250380e+02   5.4022483e-24
   4.5354730e+02   5.4025043e-24
   4.5459320e+02   5.4027603e-24
   4.5564140e+02   5.4030163e-24
   4.5669220e+02   5.4032724e-24
   4.5774530e+02   5.4035284e-24
   4.5880090e+02   5.4037844e-24
   4.5985890e+02   5.4040405e-24
   4.6091930e+02   5.4042965e-24
   4.6198220e+02   5.4045526e-24
   4.6304750e+02   5.4048087e-24
   4.6411530e+02   5.4050648e-24
   4.6518560e+02   5.4053209e-24
   4.6625830e+02   5.4055771e-24
   4.6733350e+02   5.4058332e-24
   4.6841110e+02   5.4060893e-24
   4.6949130e+02   5.4063455e-24
   4.7057400e+02   5.4066017e-24
   4.7165910e+02   5.4068579e-24
   4.7274680e+02   5.4071141e-24
   4.7383690e+02   5.4073703e-24
   4.7492960e+02   5.4076265e-24
   4.7602480e+02   5.4078828e-24
   4.7712250e+02   5.4081390e-24
   4.7822270e+02   5.4087220e-24
   4.7932550e+02   5.4093250e-24
   4.8043090e+02   5.4099460e-24
   4.8153870e+02   5.4105840e-24
   4.8264920e+02   5.4112390e-24
   4.8376220e+02   5.4119100e-24
   4.8487770e+02   5.4125970e-24
   4.8599580e+02   5.4132980e-24
   4.8711660e+02   5.4140150e-24
   4.8823990e+02   5.4147460e-24
   4.8936570e+02   5.4154910e-24
   4.9049420e+02   5.4162490e-24
   4.9162530e+02   5.4170210e-24
   4.9275900e+02   5.4178070e-24
   4.9389530e+02   5.4186050e-24
   4.9503420e+02   5.4194170e-24
   4.9617580e+02   5.4202410e-24
   4.9732000e+02   5.4210780e-24
   4.9846680e+02   5.4219280e-24
   4.9961630e+02   5.4227900e-24
   5.0076840e+02   5.4236640e-24
   5.0192310e+02   5.4245500e-24
   5.0308060e+02   5.4254490e-24
   5.0424070e+02   5.4263600e-24
   5.0540350e+02   5.4272820e-24
   5.0656890e+02   5.4282170e-24
   5.0773710e+02   5.4291640e-24
   5.0890790e+02   5.4301220e-24
   5.1008150e+02   5.4310930e-24
   5.1125770e+02   5.4320750e-24
   5.1243670e+02   5.4330690e-24
   5.1361840e+02   5.4340750e-24
   5.1480280e+02   5.4350930e-24
   5.1598990e+02   5.4361220e-24
   5.1717980e+02   5.4371640e-24
   5.1837240e+02   5.4382170e-24
   5.1956780e+02   5.4392820e-24
   5.2076590e+02   5.4403580e-24
   5.2196680e+02   5.4414470e-24
   5.2317050e+02   5.4425470e-24
   5.2437690e+02   5.4436590e-24
   5.2558610e+02   5.4447830e-24
   5.2679810e+02   5.4459180e-24
   5.2801290e+02   5.4470660e-24
   5.2923050e+02   5.4482250e-24
   5.3045090e+02   5.4493960e-24
   5.3167420e+02   5.4505790e-24
   5.3290020e+02   5.4517740e-24
   5.3412910e+02   5.4529800e-24
   5.3536080e+02   5.4541990e-24
   5.3659530e+02   5.4554300e-24
   5.3783270e+02   5.4566720e-24
   5.3907300e+02   5.4579270e-24
   5.4031610e+02   5.4591940e-24
   5.4156210e+02   5.4604720e-24
   5.4281090e+02   5.4617630e-24
   5.4406260e+02   5.4630660e-24
   5.4531720e+02   5.4643810e-24
   5.4657470e+02   5.4657080e-24
   5.4783520e+02   5.4670470e-24
   5.4909850e+02   5.4683980e-24
   5.5036470e+02   5.4697620e-24
   5.5163380e+02   5.4711380e-24
   5.5290590e+02   5.4725260e-24
   5.5418090e+02   5.4739270e-24
   5.5545890e+02   5.4753400e-24
   5.5673980e+02   5.4767650e-24
   5.5802360e+02   5.4782030e-24
   5.5931040e+02   5.4796530e-24
   5.6060020e+02   5.4811160e-24
   5.6189290e+02   5.4825910e-24
   5.6318870e+02   5.4840790e-24
   5.6448740e+02   5.4855790e-24
   5.6578910e+02   5.4870920e-24
   5.6709380e+02   5.4886170e-24
   5.6840150e+02   5.4901550e-24
   5.6971230e+02   5.4917060e-24
   5.7102600e+02   5.4932700e-24
   5.7234280e+02   5.4948470e-24
   5.7366260e+02   5.4964360e-24
   5.7498550e+02   5.4980380e-24
   5.7631140e+02   5.4996530e-24
   5.7764040e+02   5.5012810e-24
   5.7897250e+02   5.5029220e-24
   5.8030760e+02   5.5045760e-24
   5.8164580e+02   5.5062430e-24
   5.8298700e+02   5.5079230e-24
   5.8433140e+02   5.5096160e-24
   5.8567890e+02   5.5113220e-24
   5.8702950e+02   5.5130420e-24
   5.8838320e+02   5.5147750e-24
   5.8974000e+02   5.5165210e-24
   5.9109990e+02   5.5182800e-24
   5.9246300e+02   5.5200530e-24
   5.9382920e+02   5.5218390e-24
   5.9519860e+02   5.5236380e-24
   5.9657110e+02   5.5254510e-24
   5.9794680e+02   5.5272770e-24
   5.9932570e+02   5.5291170e-24
   6.0070780e+02   5.5309710e-24
   6.0209300e+02   5.5328380e-24
   6.0348140e+02   5.5347190e-24
   6.0487310e+02   5.5366130e-24
   6.0626790e+02   5.5385220e-24
   6.0766600e+02   5.5404440e-24
   6.0906720e+02   5.5423790e-24
   6.1047170e+02   5.5443290e-24
   6.1187950e+02   5.5462930e-24
   6.1329050e+02   5.5482700e-24
   6.1470480e+02   5.5502620e-24
   6.1612230e+02   5.5522670e-24
   6.1754300e+02   5.5542870e-24
   6.1896710e+02   5.5563210e-24
   6.2039440e+02   5.5583690e-24
   6.2182510e+02   5.5604310e-24
   6.2325900e+02   5.5625070e-24
   6.2469630e+02   5.5645980e-24
   6.2613680e+02   5.5667020e-24
   6.2758070e+02   5.5688220e-24
   6.2902790e+02   5.5709550e-24
   6.3047840e+02   5.5731040e-24
   6.3193230e+02   5.5752660e-24
   6.3338960e+02   5.5774430e-24
   6.3485020e+02   5.5796350e-24
   6.3631410e+02   5.5818410e-24
   6.3778150e+02   5.5840620e-24
   6.3925220e+02   5.5862980e-24
   6.4072630e+02   5.5885490e-24
   6.4220390e+02   5.5908140e-24
   6.4368480e+02   5.5930940e-24
   6.4516910e+02   5.5953890e-24
   6.4665690e+02   5.5976990e-24
   6.4814810e+02   5.6000240e-24
   6.4964270e+02   5.6023640e-24
   6.5114080e+02   5.6047190e-24
   6.5264230e+02   5.6070890e-24
   6.5414730e+02   5.6094740e-24
   6.5565580e+02   5.6118750e-24
   6.5716770e+02   5.6142900e-24
   6.5868320e+02   5.6167210e-24
   6.6020210e+02   5.6191680e-24
   6.6172450e+02   5.6216300e-24
   6.6325050e+02   5.6241070e-24
   6.6477990e+02   5.6265990e-24
   6.6631290e+02   5.6291080e-24
   6.6784950e+02   5.6316310e-24
   6.6938950e+02   5.6341710e-24
   6.7093310e+02   5.6367260e-24
   6.7248030e+02   5.6392970e-24
   6.7403110e+02   5.6418830e-24
   6.7558540e+02   5.6444850e-24
   6.7714330e+02   5.6471040e-24
   6.7870480e+02   5.6497380e-24
   6.8026990e+02   5.6523880e-24
   6.8183860e+02   5.6550540e-24
   6.8341090e+02   5.6577360e-24
   6.8498690e+02   5.6604340e-24
   6.8656640e+02   5.6631480e-24
   6.8814970e+02   5.6658790e-24
   6.8973660e+02   5.6686260e-24
   6.9132710e+02   5.6713890e-24
   6.9292130e+02   5.6741680e-24
   6.9451920e+02   5.6769640e-24
   6.9612070e+02   5.6797760e-24
   6.9772600e+02   5.6826050e-24
   6.9933500e+02   5.6854500e-24
   7.0094760e+02   5.6883120e-24
   7.0256400e+02   5.6911910e-24
   7.0418410e+02   5.6940860e-24
   7.0580800e+02   5.6969980e-24
   7.0743560e+02   5.6999260e-24
   7.0906700e+02   5.7028720e-24
   7.1070210e+02   5.7058350e-24
   7.1234090e+02   5.7088140e-24
   7.1398360e+02   5.7118100e-24
   7.1563010e+02   5.7148240e-24
   7.1728030e+02   5.7178540e-24
   7.1893440e+02   5.7209020e-24
   7.2059220e+02   5.7239670e-24
   7.2225390e+02   5.7270490e-24
   7.2391940e+02   5.7301490e-24
   7.2558880e+02   5.7332660e-24
   7.2726200e+02   5.7364000e-24
   7.2893910e+02   5.7395520e-24
   7.3062000e+02   5.7427210e-24
   7.3230490e+02   5.7459080e-24
   7.3399360e+02   5.7491130e-24
   7.3568610e+02   5.7523350e-24
   7.3738260e+02   5.7555750e-24
   7.3908310e+02   5.7588330e-24
   7.4078740e+02   5.7621080e-24
   7.4249560e+02   5.7654020e-24
   7.4420780e+02   5.7687130e-24
   7.4592400e+02   5.7720430e-24
   7.4764410e+02   5.7753910e-24
   7.4936820e+02   5.7787570e-24
   7.5109620e+02   5.7821410e-24
   7.5282830e+02   5.7855430e-24
   7.5456430e+02   5.7889640e-24
   7.5630430e+02   5.7924030e-24
   7.5804840e+02   5.7958610e-24
   7.5979640e+02   5.7993370e-24
   7.6154850e+02   5.8028320e-24
   7.6330470e+02   5.8063460e-24
   7.6506480e+02   5.8098780e-24
   7.6682910e+02   5.8134290e-24
   7.6859740e+02   5.8169990e-24
   7.7036980e+02   5.8205880e-24
   7.7214630e+02   5.8241960e-24
   7.7392690e+02   5.8278230e-24
   7.7571150e+02   5.8314690e-24
   7.7750030e+02   5.8351350e-24
   7.7929330e+02   5.8388200e-24
   7.8109030e+02   5.8425250e-24
   7.8289150e+02   5.8462490e-24
   7.8469690e+02   5.8499930e-24
   7.8650640e+02   5.8537570e-24
   7.8832010e+02   5.8575410e-24
   7.9013790e+02   5.8613440e-24
   7.9196000e+02   5.8651690e-24
   7.9378630e+02   5.8690130e-24
   7.9561670e+02   5.8728780e-24
   7.9745140e+02   5.8767640e-24
   7.9929040e+02   5.8806710e-24
   8.0113350e+02   5.8845990e-24
   8.0298100e+02   5.8885480e-24
   8.0483260e+02   5.8925200e-24
   8.0668860e+02   5.8965130e-24
   8.0854880e+02   5.9005300e-24
   8.1041330e+02   5.9045690e-24
   8.1228220e+02   5.9086320e-24
   8.1415530e+02   5.9127190e-24
   8.1603270e+02   5.9168320e-24
   8.1791450e+02   5.9209700e-24
   8.1980060e+02   5.9251370e-24
   8.2169110e+02   5.9293320e-24
   8.2358590e+02   5.9335590e-24
   8.2548510e+02   5.9378190e-24
   8.2738870e+02   5.9421160e-24
   8.2929670e+02   5.9464550e-24
   8.3120900e+02   5.9508420e-24
   8.3312580e+02   5.9553119e-24
   8.3504700e+02   5.9597851e-24
   8.3697260e+02   5.9642615e-24
   8.3890270e+02   5.9687415e-24
   8.4083720e+02   5.9732248e-24
   8.4277620e+02   5.9777114e-24
   8.4471960e+02   5.9822013e-24
   8.4666760e+02   5.9866949e-24
   8.4862000e+02   5.9911916e-24
   8.5057690e+02   5.9956916e-24
   8.5253830e+02   6.0001951e-24
   8.5450430e+02   6.0047020e-24
   8.5647480e+02   6.0092123e-24
   8.5844980e+02   6.0137259e-24
   8.6042940e+02   6.0182430e-24
   8.6241360e+02   6.0227635e-24
   8.6440230e+02   6.0272873e-24
   8.6639560e+02   6.0318145e-24
   8.6839350e+02   6.0363451e-24
   8.7039610e+02   6.0408793e-24
   8.7240320e+02   6.0454167e-24
   8.7441500e+02   6.0499576e-24
   8.7643140e+02   6.0545019e-24
   8.7845240e+02   6.0590494e-24
   8.8047820e+02   6.0636007e-24
   8.8250850e+02   6.0681550e-24
   8.8454360e+02   6.0727130e-24
   8.8658340e+02   6.0773820e-24
   8.8862790e+02   6.0821060e-24
   8.9067700e+02   6.0868760e-24
   8.9273090e+02   6.0916870e-24
   8.9478960e+02   6.0965350e-24
   8.9685300e+02   6.1014170e-24
   8.9892110e+02   6.1063300e-24
   9.0099400e+02   6.1112740e-24
   9.0307170e+02   6.1162460e-24
   9.0515420e+02   6.1212450e-24
   9.0724150e+02   6.1262720e-24
   9.0933360e+02   6.1313250e-24
   9.1143060e+02   6.1364030e-24
   9.1353230e+02   6.1415080e-24
   9.1563890e+02   6.1466370e-24
   9.1775040e+02   6.1517910e-24
   9.1986680e+02   6.1569700e-24
   9.2198800e+02   6.1621730e-24
   9.2411410e+02   6.1674010e-24
   9.2624510e+02   6.1726540e-24
   9.2838100e+02   6.1779300e-24
   9.3052190e+02   6.1832310e-24
   9.3266770e+02   6.1885560e-24
   9.3481840e+02   6.1939060e-24
   9.3697410e+02   6.1992790e-24
   9.3913480e+02   6.2046770e-24
   9.4130040e+02   6.2100990e-24
   9.4347110e+02   6.2155450e-24
   9.4564670e+02   6.2210160e-24
   9.4782740e+02   6.2265100e-24
   9.5001310e+02   6.2320290e-24
   9.5220380e+02   6.2375730e-24
   9.5439960e+02   6.2431410e-24
   9.5660050e+02   6.2487330e-24
   9.5880640e+02   6.2543500e-24
   9.6101740e+02   6.2599910e-24
   9.6323350e+02   6.2656570e-24
   9.6545480e+02   6.2713480e-24
   9.6768110e+02   6.2770630e-24
   9.6991260e+02   6.2828030e-24
   9.7214920e+02   6.2885680e-24
   9.7439100e+02   6.2943580e-24
   9.7663790e+02   6.3001720e-24
   9.7889010e+02   6.3060120e-24
   9.8114740e+02   6.3118760e-24
   9.8340990e+02   6.3177660e-24
   9.8567770e+02   6.3236810e-24
   9.8795070e+02   6.3296210e-24
   9.9022890e+02   6.3355860e-24
   9.9251240e+02   6.3415760e-24
   9.9480110e+02   6.3475920e-24
   9.9709510e+02   6.3536340e-24
   9.9939440e+02   6.3597010e-24
   1.0016990e+03   6.3657930e-24
   1.0040090e+03   6.3719110e-24
   1.0063240e+03   6.3780550e-24
   1.0086450e+03   6.3842240e-24
   1.0109710e+03   6.3904200e-24
   1.0133020e+03   6.3966410e-24
   1.0156390e+03   6.4028880e-24
   1.0179810e+03   6.4091620e-24
   1.0203280e+03   6.4154610e-24
   1.0226810e+03   6.4217860e-24
   1.0250390e+03   6.4281380e-24
   1.0274030e+03   6.4345160e-24
   1.0297720e+03   6.4409200e-24
   1.0321470e+03   6.4473510e-24
   1.0345270e+03   6.4538080e-24
   1.0369130e+03   6.4602920e-24
   1.0393040e+03   6.4668020e-24
   1.0417010e+03   6.4733390e-24
   1.0441030e+03   6.4799030e-24
   1.0465110e+03   6.4864940e-24
   1.0489240e+03   6.4931110e-24
   1.0513430e+03   6.4997560e-24
   1.0537670e+03   6.5064270e-24
   1.0561970e+03   6.5131260e-24
   1.0586330e+03   6.5198520e-24
   1.0610740e+03   6.5266050e-24
   1.0635210e+03   6.5333850e-24
   1.0659730e+03   6.5401930e-24
   1.0684310e+03   6.5470280e-24
   1.0708950e+03   6.5538900e-24
   1.0733650e+03   6.5607800e-24
   1.0758400e+03   6.5676980e-24
   1.0783210e+03   6.5746440e-24
   1.0808070e+03   6.5816170e-24
   1.0833000e+03   6.5886180e-24
   1.0857980e+03   6.5956470e-24
   1.0883020e+03   6.6027040e-24
   1.0908110e+03   6.6097890e-24
   1.0933270e+03   6.6169020e-24
   1.0958480e+03   6.6240440e-24
   1.0983750e+03   6.6312140e-24
   1.1009080e+03   6.6384120e-24
   1.1034460e+03   6.6456380e-24
   1.1059910e+03   6.6528930e-24
   1.1085410e+03   6.6601770e-24
   1.1110980e+03   6.6674890e-24
   1.1136600e+03   6.6748300e-24
   1.1162280e+03   6.6822000e-24
   1.1188020e+03   6.6895990e-24
   1.1213820e+03   6.6970270e-24
   1.1239680e+03   6.7044830e-24
   1.1265600e+03   6.7119690e-24
   1.1291580e+03   6.7194840e-24
   1.1317620e+03   6.7270290e-24
   1.1343710e+03   6.7346030e-24
   1.1369870e+03   6.7422060e-24
   1.1396090e+03   6.7498390e-24
   1.1422370e+03   6.7575010e-24
   1.1448710e+03   6.7651940e-24
   1.1475110e+03   6.7729160e-24
   1.1501570e+03   6.7806680e-24
   1.1528100e+03   6.7884500e-24
   1.1554680e+03   6.7962630e-24
   1.1581330e+03   6.8041060e-24
   1.1608030e+03   6.8119790e-24
   1.1634800e+03   6.8198830e-24
   1.1661630e+03   6.8278180e-24
   1.1688520e+03   6.8357830e-24
   1.1715480e+03   6.8437800e-24
   1.1742490e+03   6.8518090e-24
   1.1769570e+03   6.8598690e-24
   1.1796710e+03   6.8679610e-24
   1.1823910e+03   6.8760850e-24
   1.1851180e+03   6.8842430e-24
   1.1878510e+03   6.8924330e-24
   1.1905900e+03   6.9006580e-24
   1.1933360e+03   6.9089180e-24
   1.1960870e+03   6.9172140e-24
   1.1988460e+03   6.9255470e-24
   1.2016100e+03   6.9339210e-24
   1.2043810e+03   6.9423360e-24
   1.2071580e+03   6.9507980e-24
   1.2099420e+03   6.9593120e-24
   1.2127320e+03   6.9678870e-24
   1.2155290e+03   6.9765370e-24
   1.2183320e+03   6.9852822e-24
   1.2211410e+03   6.9940369e-24
   1.2239570e+03   7.0028041e-24
   1.2267800e+03   7.0115840e-24
   1.2296090e+03   7.0203733e-24
   1.2324440e+03   7.0291719e-24
   1.2352860e+03   7.0379831e-24
   1.2381350e+03   7.0468066e-24
   1.2409900e+03   7.0556395e-24
   1.2438520e+03   7.0644847e-24
   1.2467200e+03   7.0733391e-24
   1.2495950e+03   7.0822059e-24
   1.2524770e+03   7.0910849e-24
   1.2553650e+03   7.0999730e-24
   1.2582600e+03   7.1082050e-24
   1.2611610e+03   7.1167590e-24
   1.2640690e+03   7.1255000e-24
   1.2669840e+03   7.1343640e-24
   1.2699060e+03   7.1433160e-24
   1.2728350e+03   7.1523380e-24
   1.2757700e+03   7.1614170e-24
   1.2787120e+03   7.1705470e-24
   1.2816600e+03   7.1797230e-24
   1.2846160e+03   7.1889400e-24
   1.2875780e+03   7.1981980e-24
   1.2905470e+03   7.2074950e-24
   1.2935230e+03   7.2168290e-24
   1.2965060e+03   7.2262000e-24
   1.2994960e+03   7.2356080e-24
   1.3024930e+03   7.2450510e-24
   1.3054960e+03   7.2545290e-24
   1.3085070e+03   7.2640430e-24
   1.3115240e+03   7.2735920e-24
   1.3145480e+03   7.2831750e-24
   1.3175800e+03   7.2927940e-24
   1.3206180e+03   7.3024470e-24
   1.3236640e+03   7.3121350e-24
   1.3267160e+03   7.3218580e-24
   1.3297750e+03   7.3316150e-24
   1.3328420e+03   7.3414070e-24
   1.3359150e+03   7.3512340e-24
   1.3389960e+03   7.3610960e-24
   1.3420840e+03   7.3709930e-24
   1.3451790e+03   7.3809240e-24
   1.3482810e+03   7.3908910e-24
   1.3513900e+03   7.4008930e-24
   1.3545060e+03   7.4109290e-24
   1.3576300e+03   7.4210010e-24
   1.3607600e+03   7.4311080e-24
   1.3638980e+03   7.4412500e-24
   1.3670430e+03   7.4514280e-24
   1.3701960e+03   7.4616410e-24
   1.3733550e+03   7.4718890e-24
   1.3765220e+03   7.4821730e-24
   1.3796970e+03   7.4924920e-24
   1.3828780e+03   7.5028480e-24
   1.3860670e+03   7.5132390e-24
   1.3892630e+03   7.5236650e-24
   1.3924670e+03   7.5341280e-24
   1.3956780e+03   7.5446270e-24
   1.3988970e+03   7.5551610e-24
   1.4021220e+03   7.5657320e-24
   1.4053560e+03   7.5763390e-24
   1.4085970e+03   7.5869820e-24
   1.4118450e+03   7.5976620e-24
   1.4151000e+03   7.6083780e-24
   1.4183640e+03   7.6191310e-24
   1.4216340e+03   7.6299200e-24
   1.4249130e+03   7.6407460e-24
   1.4281990e+03   7.6516090e-24
   1.4314920e+03   7.6625080e-24
   1.4347930e+03   7.6734450e-24
   1.4381020e+03   7.6844180e-24
   1.4414180e+03   7.6954290e-24
   1.4447420e+03   7.7064760e-24
   1.4480740e+03   7.7175610e-24
   1.4514130e+03   7.7286840e-24
   1.4547600e+03   7.7398440e-24
   1.4581140e+03   7.7510410e-24
   1.4614770e+03   7.7622760e-24
   1.4648470e+03   7.7735490e-24
   1.4682250e+03   7.7848600e-24
   1.4716110e+03   7.7962090e-24
   1.4750040e+03   7.8075950e-24
   1.4784060e+03   7.8190200e-24
   1.4818150e+03   7.8304830e-24
   1.4852320e+03   7.8419850e-24
   1.4886570e+03   7.8535250e-24
   1.4920900e+03   7.8651040e-24
   1.4955310e+03   7.8767220e-24
   1.4989790e+03   7.8883790e-24
   1.5024360e+03   7.9000760e-24
   1.5059010e+03   7.9118110e-24
   1.5093730e+03   7.9235870e-24
   1.5128540e+03   7.9354030e-24
   1.5163420e+03   7.9472600e-24
   1.5198390e+03   7.9591580e-24
   1.5233440e+03   7.9710970e-24
   1.5268570e+03   7.9830800e-24
   1.5303780e+03   7.9951070e-24
   1.5339070e+03   8.0071810e-24
   1.5374440e+03   8.0193030e-24
   1.5409890e+03   8.0314790e-24
   1.5445430e+03   8.0437150e-24
   1.5481050e+03   8.0560210e-24
   1.5516740e+03   8.0684200e-24
   1.5552530e+03   8.0809490e-24
   1.5588390e+03   8.0936940e-24
   1.5624340e+03   8.1068670e-24
   1.5660370e+03   8.1192488e-24
   1.5696480e+03   8.1316484e-24
   1.5732680e+03   8.1440693e-24
   1.5768960e+03   8.1565080e-24
   1.5805320e+03   8.1689644e-24
   1.5841770e+03   8.1814419e-24
   1.5878300e+03   8.1939372e-24
   1.5914910e+03   8.2064500e-24
   1.5951610e+03   8.2186520e-24
   1.5988400e+03   8.2311230e-24
   1.6025270e+03   8.2437450e-24
   1.6062220e+03   8.2564690e-24
   1.6099260e+03   8.2692710e-24
   1.6136390e+03   8.2821360e-24
   1.6173600e+03   8.2950570e-24
   1.6210890e+03   8.3080300e-24
   1.6248280e+03   8.3210510e-24
   1.6285740e+03   8.3341190e-24
   1.6323300e+03   8.3472320e-24
   1.6360940e+03   8.3603900e-24
   1.6398670e+03   8.3735910e-24
   1.6436490e+03   8.3868370e-24
   1.6474390e+03   8.4001250e-24
   1.6512380e+03   8.4134570e-24
   1.6550460e+03   8.4268310e-24
   1.6588620e+03   8.4402490e-24
   1.6626870e+03   8.4537090e-24
   1.6665220e+03   8.4672120e-24
   1.6703650e+03   8.4807570e-24
   1.6742170e+03   8.4943460e-24
   1.6780770e+03   8.5079770e-24
   1.6819470e+03   8.5216520e-24
   1.6858250e+03   8.5353690e-24
   1.6897130e+03   8.5491290e-24
   1.6936100e+03   8.5629320e-24
   1.6975150e+03   8.5767780e-24
   1.7014290e+03   8.5906680e-24
   1.7053530e+03   8.6046010e-24
   1.7092860e+03   8.6185770e-24
   1.7132270e+03   8.6325960e-24
   1.7171780e+03   8.6466590e-24
   1.7211380e+03   8.6607660e-24
   1.7251070e+03   8.6749160e-24
   1.7290850e+03   8.6891100e-24
   1.7330720e+03   8.7033470e-24
   1.7370690e+03   8.7176290e-24
   1.7410740e+03   8.7319540e-24
   1.7450890e+03   8.7463240e-24
   1.7491130e+03   8.7607380e-24
   1.7531470e+03   8.7751960e-24
   1.7571900e+03   8.7896980e-24
   1.7612420e+03   8.8042450e-24
   1.7653030e+03   8.8188360e-24
   1.7693740e+03   8.8334720e-24
   1.7734540e+03   8.8481530e-24
   1.7775440e+03   8.8628780e-24
   1.7816430e+03   8.8776490e-24
   1.7857510e+03   8.8924640e-24
   1.7898690e+03   8.9073250e-24
   1.7939970e+03   8.9222300e-24
   1.7981340e+03   8.9371810e-24
   1.8022800e+03   8.9521780e-24
   1.8064360e+03   8.9672200e-24
   1.8106020e+03   8.9823080e-24
   1.8147770e+03   8.9974420e-24
   1.8189620e+03   9.0126210e-24
   1.8231570e+03   9.0278470e-24
   1.8273610e+03   9.0431200e-24
   1.8315750e+03   9.0584390e-24
   1.8357980e+03   9.0738050e-24
   1.8400320e+03   9.0892180e-24
   1.8442750e+03   9.1046790e-24
   1.8485280e+03   9.1201890e-24
   1.8527900e+03   9.1357490e-24
   1.8570630e+03   9.1513600e-24
   1.8613450e+03   9.1670240e-24
   1.8656380e+03   9.1827470e-24
   1.8699400e+03   9.1985340e-24
   1.8742520e+03   9.2144020e-24
   1.8785740e+03   9.2303830e-24
   1.8829060e+03   9.2465620e-24
   1.8872480e+03   9.2625089e-24
   1.8916000e+03   9.2784832e-24
   1.8959620e+03   9.2944850e-24
   1.9003340e+03   9.3105141e-24
   1.9047160e+03   9.3265706e-24
   1.9091090e+03   9.3426580e-24
   1.9135110e+03   9.3587691e-24
   1.9179240e+03   9.3749110e-24
   1.9223460e+03   9.3910630e-24
   1.9267790e+03   9.4073250e-24
   1.9312220e+03   9.4236670e-24
   1.9356760e+03   9.4400750e-24
   1.9401400e+03   9.4565420e-24
   1.9446130e+03   9.4730640e-24
   1.9490980e+03   9.4896390e-24
   1.9535920e+03   9.5062660e-24
   1.9580970e+03   9.5229440e-24
   1.9626130e+03   9.5396720e-24
   1.9671390e+03   9.5564500e-24
   1.9716750e+03   9.5732780e-24
   1.9762220e+03   9.5901560e-24
   1.9807790e+03   9.6070830e-24
   1.9853460e+03   9.6240600e-24
   1.9899250e+03   9.6410870e-24
   1.9945130e+03   9.6581630e-24
   1.9991130e+03   9.6752890e-24
   2.0037230e+03   9.6924650e-24
   2.0083430e+03   9.7096910e-24
   2.0129750e+03   9.7269660e-24
   2.0176170e+03   9.7442920e-24
   2.0222690e+03   9.7616680e-24
   2.0269330e+03   9.7790940e-24
   2.0316070e+03   9.7965700e-24
   2.0362920e+03   9.8140960e-24
   2.0409870e+03   9.8316730e-24
   2.0456940e+03   9.8493010e-24
   2.0504110e+03   9.8669790e-24
   2.0551390e+03   9.8847080e-24
   2.0598790e+03   9.9024870e-24
   2.0646290e+03   9.9203180e-24
   2.0693900e+03   9.9381990e-24
   2.0741620e+03   9.9561320e-24
   2.0789450e+03   9.9741150e-24
   2.0837390e+03   9.9921500e-24
   2.0885440e+03   1.0010240e-23
   2.0933600e+03   1.0028370e-23
   2.0981880e+03   1.0046560e-23
   2.1030260e+03   1.0064810e-23
   2.1078760e+03   1.0083100e-23
   2.1127360e+03   1.0101440e-23
   2.1176080e+03   1.0119840e-23
   2.1224920e+03   1.0138290e-23
   2.1273860e+03   1.0156790e-23
   2.1322920e+03   1.0175340e-23
   2.1372090e+03   1.0193950e-23
   2.1421370e+03   1.0212610e-23
   2.1470770e+03   1.0231320e-23
   2.1520280e+03   1.0250080e-23
   2.1569910e+03   1.0268900e-23
   2.1619650e+03   1.0287770e-23
   2.1669500e+03   1.0306690e-23
   2.1719470e+03   1.0325670e-23
   2.1769560e+03   1.0344700e-23
   2.1819760e+03   1.0363780e-23
   2.1870080e+03   1.0382910e-23
   2.1920510e+03   1.0402100e-23
   2.1971060e+03   1.0421350e-23
   2.2021720e+03   1.0440650e-23
   2.2072510e+03   1.0460000e-23
   2.2123400e+03   1.0479410e-23
   2.2174420e+03   1.0498870e-23
   2.2225560e+03   1.0518400e-23
   2.2276810e+03   1.0537980e-23
   2.2328180e+03   1.0557630e-23
   2.2379670e+03   1.0577360e-23
   2.2431280e+03   1.0597220e-23
   2.2483000e+03   1.0617056e-23
   2.2534850e+03   1.0636933e-23
   2.2586810e+03   1.0656843e-23
   2.2638900e+03   1.0676795e-23
   2.2691100e+03   1.0696780e-23
   2.2743430e+03   1.0716650e-23
   2.2795880e+03   1.0736690e-23
   2.2848440e+03   1.0756820e-23
   2.2901130e+03   1.0777030e-23
   2.2953940e+03   1.0797290e-23
   2.3006880e+03   1.0817620e-23
   2.3059930e+03   1.0838010e-23
   2.3113110e+03   1.0858450e-23
   2.3166400e+03   1.0878950e-23
   2.3219830e+03   1.0899510e-23
   2.3273370e+03   1.0920120e-23
   2.3327040e+03   1.0940790e-23
   2.3380830e+03   1.0961520e-23
   2.3434750e+03   1.0982310e-23
   2.3488790e+03   1.1003150e-23
   2.3542950e+03   1.1024050e-23
   2.3597240e+03   1.1045000e-23
   2.3651660e+03   1.1066010e-23
   2.3706200e+03   1.1087080e-23
   2.3760870e+03   1.1108210e-23
   2.3815660e+03   1.1129390e-23
   2.3870580e+03   1.1150640e-23
   2.3925630e+03   1.1171940e-23
   2.3980800e+03   1.1193290e-23
   2.4036100e+03   1.1214710e-23
   2.4091530e+03   1.1236180e-23
   2.4147080e+03   1.1257710e-23
   2.4202760e+03   1.1279300e-23
   2.4258580e+03   1.1300950e-23
   2.4314520e+03   1.1322650e-23
   2.4370590e+03   1.1344420e-23
   2.4426780e+03   1.1366240e-23
   2.4483110e+03   1.1388120e-23
   2.4539570e+03   1.1410060e-23
   2.4596160e+03   1.1432060e-23
   2.4652880e+03   1.1454120e-23
   2.4709730e+03   1.1476230e-23
   2.4766710e+03   1.1498410e-23
   2.4823820e+03   1.1520650e-23
   2.4881070e+03   1.1542940e-23
   2.4938440e+03   1.1565300e-23
   2.4995950e+03   1.1587710e-23
   2.5053590e+03   1.1610180e-23
   2.5111360e+03   1.1632720e-23
   2.5169270e+03   1.1655310e-23
   2.5227310e+03   1.1677970e-23
   2.5285490e+03   1.1700680e-23
   2.5343790e+03   1.1723460e-23
   2.5402240e+03   1.1746290e-23
   2.5460820e+03   1.1769190e-23
   2.5519530e+03   1.1792150e-23
   2.5578380e+03   1.1815160e-23
   2.5637360e+03   1.1838240e-23
   2.5696480e+03   1.1861380e-23
   2.5755740e+03   1.1884580e-23
   2.5815130e+03   1.1907840e-23
   2.5874660e+03   1.1931170e-23
   2.5934330e+03   1.1954550e-23
   2.5994130e+03   1.1978000e-23
   2.6054070e+03   1.2001510e-23
   2.6114150e+03   1.2025080e-23
   2.6174370e+03   1.2048720e-23
   2.6234730e+03   1.2072410e-23
   2.6295230e+03   1.2096170e-23
   2.6355870e+03   1.2120000e-23
   2.6416640e+03   1.2143890e-23
   2.6477560e+03   1.2167870e-23
   2.6538620e+03   1.2192010e-23
   2.6599820e+03   1.2218040e-23
   2.6661160e+03   1.2241340e-23
   2.6722640e+03   1.2264380e-23
   2.6784260e+03   1.2288530e-23
   2.6846020e+03   1.2312820e-23
   2.6907930e+03   1.2337200e-23
   2.6969980e+03   1.2361640e-23
   2.7032170e+03   1.2386150e-23
   2.7094510e+03   1.2410720e-23
   2.7156990e+03   1.2435360e-23
   2.7219610e+03   1.2460060e-23
   2.7282380e+03   1.2484830e-23
   2.7345300e+03   1.2509660e-23
   2.7408360e+03   1.2534560e-23
   2.7471560e+03   1.2559520e-23
   2.7534910e+03   1.2584550e-23
   2.7598400e+03   1.2609640e-23
   2.7662050e+03   1.2634790e-23
   2.7725840e+03   1.2660020e-23
   2.7789770e+03   1.2685300e-23
   2.7853850e+03   1.2710650e-23
   2.7918090e+03   1.2736070e-23
   2.7982470e+03   1.2761550e-23
   2.8046990e+03   1.2787100e-23
   2.8111670e+03   1.2812710e-23
   2.8176500e+03   1.2838410e-23
   2.8241470e+03   1.2864220e-23
   2.8306600e+03   1.2890090e-23
   2.8371870e+03   1.2916030e-23
   2.8437300e+03   1.2942040e-23
   2.8502870e+03   1.2968110e-23
   2.8568600e+03   1.2994250e-23
   2.8634480e+03   1.3020450e-23
   2.8700510e+03   1.3046720e-23
   2.8766700e+03   1.3073060e-23
   2.8833030e+03   1.3099470e-23
   2.8899520e+03   1.3125940e-23
   2.8966160e+03   1.3152480e-23
   2.9032960e+03   1.3179080e-23
   2.9099910e+03   1.3205760e-23
   2.9167010e+03   1.3232500e-23
   2.9234270e+03   1.3259310e-23
   2.9301690e+03   1.3286190e-23
   2.9369260e+03   1.3313130e-23
   2.9436980e+03   1.3340150e-23
   2.9504870e+03   1.3367230e-23
   2.9572900e+03   1.3394380e-23
   2.9641100e+03   1.3421600e-23
   2.9709450e+03   1.3448890e-23
   2.9777960e+03   1.3476250e-23
   2.9846630e+03   1.3503670e-23
   2.9915460e+03   1.3531240e-23
   2.9984440e+03   1.3559060e-23
   3.0053590e+03   1.3586960e-23
   3.0122890e+03   1.3614920e-23
   3.0192350e+03   1.3642950e-23
   3.0261980e+03   1.3671060e-23
   3.0331760e+03   1.3699230e-23
   3.0401710e+03   1.3727470e-23
   3.0471810e+03   1.3755780e-23
   3.0542080e+03   1.3784160e-23
   3.0612510e+03   1.3812610e-23
   3.0683110e+03   1.3841130e-23
   3.0753860e+03   1.3869730e-23
   3.0824780e+03   1.3898410e-23
   3.0895860e+03   1.3927155e-23
   3.0967110e+03   1.3955962e-23
   3.1038520e+03   1.3984827e-23
   3.1110090e+03   1.4013750e-23
   3.1181830e+03   1.4042750e-23
   3.1253740e+03   1.4071830e-23
   3.1325810e+03   1.4100980e-23
   3.1398050e+03   1.4130210e-23
   3.1470450e+03   1.4159510e-23
   3.1543020e+03   1.4188880e-23
   3.1615760e+03   1.4218320e-23
   3.1688670e+03   1.4247830e-23
   3.1761740e+03   1.4277420e-23
   3.1834980e+03   1.4307080e-23
   3.1908400e+03   1.4336810e-23
   3.1981980e+03   1.4366610e-23
   3.2055730e+03   1.4396480e-23
   3.2129650e+03   1.4426430e-23
   3.2203740e+03   1.4456450e-23
   3.2278000e+03   1.4486550e-23
   3.2352440e+03   1.4516710e-23
   3.2427040e+03   1.4546950e-23
   3.2501820e+03   1.4577270e-23
   3.2576770e+03   1.4607650e-23
   3.2651890e+03   1.4638110e-23
   3.2727180e+03   1.4668650e-23
   3.2802650e+03   1.4699260e-23
   3.2878300e+03   1.4729940e-23
   3.2954110e+03   1.4760700e-23
   3.3030110e+03   1.4791530e-23
   3.3106270e+03   1.4822430e-23
   3.3182620e+03   1.4853410e-23
   3.3259140e+03   1.4884470e-23
   3.3335830e+03   1.4915600e-23
   3.3412710e+03   1.4946800e-23
   3.3489760e+03   1.4978080e-23
   3.3566980e+03   1.5009430e-23
   3.3644390e+03   1.5040870e-23
   3.3721970e+03   1.5072370e-23
   3.3799740e+03   1.5103950e-23
   3.3877680e+03   1.5135610e-23
   3.3955800e+03   1.5167340e-23
   3.4034100e+03   1.5199150e-23
   3.4112590e+03   1.5231040e-23
   3.4191250e+03   1.5263000e-23
   3.4270100e+03   1.5295040e-23
   3.4349120e+03   1.5327150e-23
   3.4428330e+03   1.5359350e-23
   3.4507720e+03   1.5391620e-23
   3.4587300e+03   1.5423960e-23
   3.4667060e+03   1.5456390e-23
   3.4747000e+03   1.5488890e-23
   3.4827130e+03   1.5521470e-23
   3.4907440e+03   1.5554120e-23
   3.4987940e+03   1.5586860e-23
   3.5068620e+03   1.5619670e-23
   3.5149490e+03   1.5652560e-23
   3.5230540e+03   1.5685540e-23
   3.5311780e+03   1.5718620e-23
   3.5393210e+03   1.5764080e-23
   3.5474830e+03   1.5784970e-23
   3.5556640e+03   1.5818200e-23
   3.5638630e+03   1.5851550e-23
   3.5720810e+03   1.5884990e-23
   3.5803180e+03   1.5918510e-23
   3.5885750e+03   1.5952110e-23
   3.5968500e+03   1.5985780e-23
   3.6051440e+03   1.6019540e-23
   3.6134580e+03   1.6053380e-23
   3.6217900e+03   1.6087300e-23
   3.6301420e+03   1.6121300e-23
   3.6385130e+03   1.6155380e-23
   3.6469040e+03   1.6189540e-23
   3.6553140e+03   1.6223770e-23
   3.6637430e+03   1.6258090e-23
   3.6721920e+03   1.6292500e-23
   3.6806600e+03   1.6326980e-23
   3.6891470e+03   1.6361540e-23
   3.6976540e+03   1.6396190e-23
   3.7061810e+03   1.6430910e-23
   3.7147280e+03   1.6465720e-23
   3.7232940e+03   1.6500610e-23
   3.7318800e+03   1.6535580e-23
   3.7404860e+03   1.6570680e-23
   3.7491110e+03   1.6605880e-23
   3.7577570e+03   1.6641170e-23
   3.7664220e+03   1.6676530e-23
   3.7751080e+03   1.6711980e-23
   3.7838130e+03   1.6747510e-23
   3.7925380e+03   1.6783130e-23
   3.8012840e+03   1.6818820e-23
   3.8100500e+03   1.6854600e-23
   3.8188360e+03   1.6890470e-23
   3.8276420e+03   1.6926410e-23
   3.8364690e+03   1.6962440e-23
   3.8453160e+03   1.6998560e-23
   3.8541830e+03   1.7034750e-23
   3.8630710e+03   1.7071040e-23
   3.8719790e+03   1.7107400e-23
   3.8809080e+03   1.7143850e-23
   3.8898570e+03   1.7180380e-23
   3.8988270e+03   1.7217000e-23
   3.9078180e+03   1.7253710e-23
   3.9168290e+03   1.7290500e-23
   3.9258620e+03   1.7327370e-23
   3.9349150e+03   1.7364330e-23
   3.9439890e+03   1.7401370e-23
   3.9530840e+03   1.7438500e-23
   3.9621990e+03   1.7475730e-23
   3.9713360e+03   1.7513080e-23
   3.9804940e+03   1.7551480e-23
   3.9896730e+03   1.7587900e-23
   3.9988730e+03   1.7625440e-23
   4.0080950e+03   1.7663080e-23
   4.0173380e+03   1.7700810e-23
   4.0266020e+03   1.7738630e-23
   4.0358870e+03   1.7776530e-23
   4.0451940e+03   1.7814520e-23
   4.0545220e+03   1.7852600e-23
   4.0638720e+03   1.7890770e-23
   4.0732430e+03   1.7929020e-23
   4.0826360e+03   1.7967360e-23
   4.0920510e+03   1.8005790e-23
   4.1014870e+03   1.8044310e-23
   4.1109450e+03   1.8082910e-23
   4.1204250e+03   1.8121610e-23
   4.1299270e+03   1.8160390e-23
   4.1394500e+03   1.8199260e-23
   4.1489960e+03   1.8238220e-23
   4.1585630e+03   1.8277260e-23
   4.1681530e+03   1.8316400e-23
   4.1777650e+03   1.8355630e-23
   4.1873990e+03   1.8394940e-23
   4.1970550e+03   1.8434340e-23
   4.2067330e+03   1.8473840e-23
   4.2164340e+03   1.8513420e-23
   4.2261570e+03   1.8553090e-23
   4.2359030e+03   1.8592860e-23
   4.2456710e+03   1.8632710e-23
   4.2554610e+03   1.8672650e-23
   4.2652750e+03   1.8712690e-23
   4.2751100e+03   1.8752810e-23
   4.2849690e+03   1.8793030e-23
   4.2948500e+03   1.8833340e-23
   4.3047540e+03   1.8873730e-23
   4.3146810e+03   1.8914220e-23
   4.3246300e+03   1.8954800e-23
   4.3346030e+03   1.8995480e-23
   4.3445990e+03   1.9036240e-23
   4.3546170e+03   1.9077100e-23
   4.3646590e+03   1.9118040e-23
   4.3747240e+03   1.9159090e-23
   4.3848120e+03   1.9200240e-23
   4.3949240e+03   1.9241910e-23
   4.4050580e+03   1.9282840e-23
   4.4152160e+03   1.9324180e-23
   4.4253980e+03   1.9365670e-23
   4.4356030e+03   1.9407260e-23
   4.4458320e+03   1.9448950e-23
   4.4560840e+03   1.9490730e-23
   4.4663590e+03   1.9532610e-23
   4.4766590e+03   1.9574580e-23
   4.4869820e+03   1.9616640e-23
   4.4973290e+03   1.9658800e-23
   4.5077000e+03   1.9701050e-23
   4.5180950e+03   1.9743400e-23
   4.5285130e+03   1.9785840e-23
   4.5389560e+03   1.9828370e-23
   4.5494230e+03   1.9871000e-23
   4.5599140e+03   1.9913730e-23
   4.5704290e+03   1.9956550e-23
   4.5809690e+03   1.9999460e-23
   4.5915330e+03   2.0042480e-23
   4.6021210e+03   2.0085580e-23
   4.6127330e+03   2.0128780e-23
   4.6233700e+03   2.0172080e-23
   4.6340320e+03   2.0215480e-23
   4.6447180e+03   2.0258970e-23
   4.6554290e+03   2.0302550e-23
   4.6661640e+03   2.0346240e-23
   4.6769240e+03   2.0390020e-23
   4.6877090e+03   2.0433890e-23
   4.6985190e+03   2.0477870e-23
   4.7093540e+03   2.0521940e-23
   4.7202140e+03   2.0566110e-23
   4.7310990e+03   2.0610370e-23
   4.7420090e+03   2.0654740e-23
   4.7529440e+03   2.0699200e-23
   4.7639040e+03   2.0743770e-23
   4.7748900e+03   2.0788530e-23
   4.7859010e+03   2.0833670e-23
   4.7969370e+03   2.0878050e-23
   4.8079990e+03   2.0922980e-23
   4.8190860e+03   2.0968020e-23
   4.8301990e+03   2.1013170e-23
   4.8413370e+03   2.1058420e-23
   4.8525010e+03   2.1103760e-23
   4.8636910e+03   2.1149210e-23
   4.8749070e+03   2.1194760e-23
   4.8861490e+03   2.1240400e-23
   4.8974160e+03   2.1286150e-23
   4.9087100e+03   2.1331990e-23
   4.9200290e+03   2.1377940e-23
   4.9313750e+03   2.1423980e-23
   4.9427460e+03   2.1470130e-23
   4.9541450e+03   2.1516380e-23
   4.9655690e+03   2.1562720e-23
   4.9770190e+03   2.1609170e-23
   4.9884960e+03   2.1655720e-23
   5.0000000e+03   2.1702370e-23
