9.0000000e+00	3.0244688e-42
9.0204000e+00	4.7252760e-42
9.0408500e+00	8.5283273e-42
9.0613400e+00	2.0256391e-41
9.0818800e+00	1.0144720e-40
9.1024600e+00	1.4146400e-39
9.1230900e+00	7.1680776e-41
9.1437700e+00	1.3203485e-41
9.1645000e+00	6.0048522e-42
9.1852700e+00	3.4105225e-42
9.2060900e+00	2.1860805e-42
9.2269600e+00	1.5143271e-42
9.2478700e+00	1.1074195e-42
9.2688300e+00	8.4298473e-43
9.2898400e+00	6.6180340e-43
9.3109000e+00	5.3256279e-43
9.3320000e+00	4.3735076e-43
9.3531600e+00	3.6519904e-43
9.3743600e+00	3.0937068e-43
9.3956100e+00	2.6532389e-43
9.4169000e+00	2.2998451e-43
9.4382500e+00	2.0124375e-43
9.4596400e+00	1.7758807e-43
9.4810800e+00	1.5788305e-43
9.5025700e+00	1.4131660e-43
9.5241100e+00	1.2725915e-43
9.5457000e+00	1.1524735e-43
9.5673400e+00	1.0490408e-43
9.5890200e+00	9.5935151e-44
9.6107600e+00	8.8116360e-44
9.6325400e+00	8.1260344e-44
9.6543700e+00	7.5214708e-44
9.6762600e+00	6.9862948e-44
9.6981900e+00	6.5099992e-44
9.7201700e+00	6.0847076e-44
9.7422000e+00	5.7031171e-44
9.7642900e+00	5.3598732e-44
9.7864200e+00	5.0496831e-44
9.8086000e+00	4.7687204e-44
9.8308300e+00	4.5134153e-44
9.8531200e+00	4.2805127e-44
9.8754500e+00	4.0677243e-44
9.8978300e+00	3.8727091e-44
9.9202700e+00	3.6935459e-44
9.9427500e+00	3.5284993e-44
9.9652900e+00	3.3761490e-44
9.9878800e+00	3.2351778e-44
1.0010500e+01	3.1043268e-44
1.0033200e+01	2.9829435e-44
1.0055900e+01	2.8698054e-44
1.0078700e+01	2.7645048e-44
1.0101600e+01	2.6662318e-44
1.0124500e+01	2.5738427e-44
1.0147400e+01	2.4875598e-44
1.0170400e+01	2.4064696e-44
1.0193500e+01	2.3300191e-44
1.0216600e+01	2.2581373e-44
1.0239700e+01	2.1904296e-44
1.0263000e+01	2.1263764e-44
1.0286200e+01	2.0656588e-44
1.0309500e+01	2.0081724e-44
1.0332900e+01	1.9537889e-44
1.0356300e+01	1.9020271e-44
1.0379800e+01	1.8528927e-44
1.0403300e+01	1.8060403e-44
1.0426900e+01	1.7614068e-44
1.0450500e+01	1.7187997e-44
1.0474200e+01	1.6781130e-44
1.0498000e+01	1.6391681e-44
1.0521800e+01	1.6019205e-44
1.0545600e+01	1.5663023e-44
1.0569500e+01	1.5321241e-44
1.0593500e+01	1.4992043e-44
1.0617500e+01	1.4676111e-44
1.0641600e+01	1.4372653e-44
1.0665700e+01	1.4080433e-44
1.0689800e+01	1.3799201e-44
1.0714100e+01	1.3527783e-44
1.0738400e+01	1.3265972e-44
1.0762700e+01	1.3012877e-44
1.0787100e+01	1.2768548e-44
1.0811500e+01	1.2532803e-44
1.0836100e+01	1.2304356e-44
1.0860600e+01	1.2082626e-44
1.0885200e+01	1.1868795e-44
1.0909900e+01	1.1660760e-44
1.0934600e+01	1.1459274e-44
1.0959400e+01	1.1263789e-44
1.0984300e+01	1.1073774e-44
1.1009200e+01	1.0889131e-44
1.1034100e+01	1.0709766e-44
1.1059100e+01	1.0535380e-44
1.1084200e+01	1.0365480e-44
1.1109300e+01	1.0200192e-44
1.1134500e+01	1.0039038e-44
1.1159700e+01	9.8819703e-45
1.1185000e+01	9.7288632e-45
1.1210400e+01	9.5797897e-45
1.1235800e+01	9.4342175e-45
1.1261300e+01	9.2921695e-45
1.1286800e+01	9.1533421e-45
1.1312400e+01	9.0177625e-45
1.1338000e+01	8.8854943e-45
1.1363700e+01	8.7561122e-45
1.1389500e+01	8.6293138e-45
1.1415300e+01	8.5056166e-45
1.1441200e+01	8.3843690e-45
1.1467100e+01	8.2658645e-45
1.1493100e+01	8.1499006e-45
1.1519100e+01	8.0363695e-45
1.1545200e+01	7.9250767e-45
1.1571400e+01	7.8160275e-45
1.1597600e+01	7.7091034e-45
1.1623900e+01	7.6042934e-45
1.1650300e+01	7.5016732e-45
1.1676700e+01	7.4009716e-45
1.1703100e+01	7.3021981e-45
1.1729700e+01	7.2052255e-45
1.1756300e+01	7.1100479e-45
1.1782900e+01	7.0167763e-45
1.1809600e+01	6.9251523e-45
1.1836400e+01	6.8351722e-45
1.1863200e+01	6.7469303e-45
1.1890100e+01	6.6602084e-45
1.1917100e+01	6.5748259e-45
1.1944100e+01	6.4910898e-45
1.1971100e+01	6.4088831e-45
1.1998300e+01	6.3279002e-45
1.2025500e+01	6.2482701e-45
1.2052700e+01	6.1701025e-45
1.2080000e+01	6.0933480e-45
1.2107400e+01	6.0178031e-45
1.2134900e+01	5.9433461e-45
1.2162400e+01	5.8702260e-45
1.2189900e+01	5.7983656e-45
1.2217600e+01	5.7274927e-45
1.2245300e+01	5.6577325e-45
1.2273000e+01	5.5891772e-45
1.2300800e+01	5.5217680e-45
1.2328700e+01	5.4553882e-45
1.2356700e+01	5.3900118e-45
1.2384700e+01	5.3255987e-45
1.2412700e+01	5.2621532e-45
1.2440900e+01	5.1997511e-45
1.2469100e+01	5.1382518e-45
1.2497300e+01	5.0776456e-45
1.2525700e+01	5.0179231e-45
1.2554100e+01	4.9591595e-45
1.2582500e+01	4.9013301e-45
1.2611000e+01	4.8442157e-45
1.2639600e+01	4.7879065e-45
1.2668300e+01	4.7324906e-45
1.2697000e+01	4.6779171e-45
1.2725800e+01	4.6241224e-45
1.2754600e+01	4.5710445e-45
1.2783500e+01	4.5187166e-45
1.2812500e+01	4.4670776e-45
1.2841500e+01	4.4162139e-45
1.2870600e+01	4.3660510e-45
1.2899800e+01	4.3165557e-45
1.2929100e+01	4.2677998e-45
1.2958400e+01	4.2197626e-45
1.2987700e+01	4.1723590e-45
1.3017200e+01	4.1255700e-45
1.3046700e+01	4.0794024e-45
1.3076200e+01	4.0338250e-45
1.3105900e+01	3.9889077e-45
1.3135600e+01	3.9446313e-45
1.3165400e+01	3.9009393e-45
1.3195200e+01	3.8577887e-45
1.3225100e+01	3.8151870e-45
1.3255100e+01	3.7731166e-45
1.3285100e+01	3.7316338e-45
1.3315300e+01	3.6907326e-45
1.3345400e+01	3.6503589e-45
1.3375700e+01	3.6104596e-45
1.3406000e+01	3.5711261e-45
1.3436400e+01	3.5322815e-45
1.3466800e+01	3.4938975e-45
1.3497400e+01	3.4560407e-45
1.3528000e+01	3.4186473e-45
1.3558600e+01	3.3817016e-45
1.3589400e+01	3.3452458e-45
1.3620200e+01	3.3092867e-45
1.3651000e+01	3.2737622e-45
1.3682000e+01	3.2386457e-45
1.3713000e+01	3.2040015e-45
1.3744100e+01	3.1697801e-45
1.3775200e+01	3.1359328e-45
1.3806400e+01	3.1025457e-45
1.3837700e+01	3.0695478e-45
1.3869100e+01	3.0369578e-45
1.3900500e+01	3.0048158e-45
1.3932000e+01	2.9729974e-45
1.3963600e+01	2.9415654e-45
1.3995300e+01	2.9105701e-45
1.4027000e+01	2.8799108e-45
1.4058800e+01	2.8496059e-45
1.4090700e+01	2.8196312e-45
1.4122600e+01	2.7900263e-45
1.4154600e+01	2.7608089e-45
1.4186700e+01	2.7319647e-45
1.4218800e+01	2.7034488e-45
1.4251100e+01	2.6752377e-45
1.4283400e+01	2.6473495e-45
1.4315800e+01	2.6197814e-45
1.4348200e+01	2.5925918e-45
1.4380700e+01	2.5656758e-45
1.4413300e+01	2.5390916e-45
1.4446000e+01	2.5128164e-45
1.4478700e+01	2.4868075e-45
1.4511600e+01	2.4611124e-45
1.4544400e+01	2.4357384e-45
1.4577400e+01	2.4106529e-45
1.4610500e+01	2.3858145e-45
1.4643600e+01	2.3612796e-45
1.4676800e+01	2.3370456e-45
1.4710000e+01	2.3130809e-45
1.4743400e+01	2.2893545e-45
1.4776800e+01	2.2659123e-45
1.4810300e+01	2.2427423e-45
1.4843900e+01	2.2198421e-45
1.4877500e+01	2.1971625e-45
1.4911200e+01	2.1747486e-45
1.4945000e+01	2.1525981e-45
1.4978900e+01	2.1307179e-45
1.5012800e+01	2.1090781e-45
1.5046900e+01	2.0876309e-45
1.5081000e+01	2.0664479e-45
1.5115200e+01	2.0455087e-45
1.5149400e+01	2.0248020e-45
1.5183800e+01	2.0042902e-45
1.5218200e+01	1.9840165e-45
1.5252700e+01	1.9639788e-45
1.5287200e+01	1.9441662e-45
1.5321900e+01	1.9245769e-45
1.5356600e+01	1.9051654e-45
1.5391400e+01	1.8859738e-45
1.5426300e+01	1.8670090e-45
1.5461300e+01	1.8482433e-45
1.5496300e+01	1.8296579e-45
1.5531500e+01	1.8113196e-45
1.5566700e+01	1.7931498e-45
1.5601900e+01	1.7751897e-45
1.5637300e+01	1.7574205e-45
1.5672800e+01	1.7398159e-45
1.5708300e+01	1.7224409e-45
1.5743900e+01	1.7052192e-45
1.5779600e+01	1.6881827e-45
1.5815300e+01	1.6713134e-45
1.5851200e+01	1.6546590e-45
1.5887100e+01	1.6381932e-45
1.5923100e+01	1.6218662e-45
1.5959200e+01	1.6057171e-45
1.5995400e+01	1.5897525e-45
1.6031600e+01	1.5739628e-45
1.6068000e+01	1.5582993e-45
1.6104400e+01	1.5428241e-45
1.6140900e+01	1.5275356e-45
1.6177500e+01	1.5123932e-45
1.6214200e+01	1.4974114e-45
1.6250900e+01	1.4825503e-45
1.6287700e+01	1.4678936e-45
1.6324700e+01	1.4533631e-45
1.6361700e+01	1.4390187e-45
1.6398800e+01	1.4247983e-45
1.6435900e+01	1.4107236e-45
1.6473200e+01	1.3967710e-45
1.6510500e+01	1.3829994e-45
1.6547900e+01	1.3693478e-45
1.6585500e+01	1.3558744e-45
1.6623000e+01	1.3425116e-45
1.6660700e+01	1.3292951e-45
1.6698500e+01	1.3162166e-45
1.6736300e+01	1.3032750e-45
1.6774300e+01	1.2904404e-45
1.6812300e+01	1.2777765e-45
1.6850400e+01	1.2652178e-45
1.6888600e+01	1.2528202e-45
1.6926900e+01	1.2405259e-45
1.6965200e+01	1.2283553e-45
1.7003700e+01	1.2162866e-45
1.7042200e+01	1.2043746e-45
1.7080900e+01	1.1925902e-45
1.7119600e+01	1.1808982e-45
1.7158400e+01	1.1693596e-45
1.7197300e+01	1.1579048e-45
1.7236300e+01	1.1465876e-45
1.7275300e+01	1.1353732e-45
1.7314500e+01	1.1242810e-45
1.7353700e+01	1.1133100e-45
1.7393100e+01	1.1024458e-45
1.7432500e+01	1.0916680e-45
1.7472000e+01	1.0810352e-45
1.7511600e+01	1.0704806e-45
1.7551300e+01	1.0600624e-45
1.7591100e+01	1.0497341e-45
1.7631000e+01	1.0395079e-45
1.7670900e+01	1.0293831e-45
1.7711000e+01	1.0193653e-45
1.7751100e+01	1.0094409e-45
1.7791300e+01	9.9963469e-46
1.7831700e+01	9.8990149e-46
1.7872100e+01	9.8028479e-46
1.7912600e+01	9.7077111e-46
1.7953200e+01	9.6133483e-46
1.7993900e+01	9.5200634e-46
1.8034700e+01	9.4276018e-46
1.8075600e+01	9.3360802e-46
1.8116500e+01	9.2454308e-46
1.8157600e+01	9.1560103e-46
1.8198800e+01	9.0672050e-46
1.8240000e+01	8.9793718e-46
1.8281300e+01	8.8923836e-46
1.8322800e+01	8.8062937e-46
1.8364300e+01	8.7209177e-46
1.8405900e+01	8.6364867e-46
1.8447700e+01	8.5529342e-46
1.8489500e+01	8.4703117e-46
1.8531400e+01	8.3882641e-46
1.8573400e+01	8.3072498e-46
1.8615500e+01	8.2268581e-46
1.8657700e+01	8.1474852e-46
1.8700000e+01	8.0688379e-46
1.8742400e+01	7.9908548e-46
1.8784800e+01	7.9136441e-46
1.8827400e+01	7.8373682e-46
1.8870100e+01	7.7617403e-46
1.8912900e+01	7.6869226e-46
1.8955700e+01	7.6127432e-46
1.8998700e+01	7.5393078e-46
1.9041800e+01	7.4666109e-46
1.9084900e+01	7.3947556e-46
1.9128200e+01	7.3235184e-46
1.9171500e+01	7.2529492e-46
1.9215000e+01	7.1830968e-46
1.9258500e+01	7.1140625e-46
1.9302200e+01	7.0455739e-46
1.9346000e+01	6.9777864e-46
1.9389800e+01	6.9106420e-46
1.9433800e+01	6.8442931e-46
1.9477800e+01	6.7784726e-46
1.9522000e+01	6.7132810e-46
1.9566200e+01	6.6487654e-46
1.9610500e+01	6.5848692e-46
1.9655000e+01	6.5216901e-46
1.9699600e+01	6.4590698e-46
1.9744200e+01	6.3970550e-46
1.9789000e+01	6.3356917e-46
1.9833800e+01	6.2749248e-46
1.9878800e+01	6.2147000e-46
1.9923800e+01	6.1551625e-46
1.9969000e+01	6.0961091e-46
2.0014200e+01	6.0376353e-46
2.0059600e+01	5.9797855e-46
2.0105100e+01	5.9224576e-46
2.0150700e+01	5.8657449e-46
2.0196300e+01	5.8095943e-46
2.0242100e+01	5.7539536e-46
2.0288000e+01	5.6989148e-46
2.0334000e+01	5.6443781e-46
2.0380100e+01	5.5902928e-46
2.0426300e+01	5.5367972e-46
2.0472600e+01	5.4838867e-46
2.0519000e+01	5.4314633e-46
2.0565500e+01	5.3795236e-46
2.0612100e+01	5.3281104e-46
2.0658800e+01	5.2772197e-46
2.0705600e+01	5.2267562e-46
2.0752600e+01	5.1769446e-46
2.0799600e+01	5.1274621e-46
2.0846700e+01	5.0784876e-46
2.0894000e+01	5.0300621e-46
2.0941400e+01	4.9820918e-46
2.0988800e+01	4.9345291e-46
2.1036400e+01	4.8874598e-46
2.1084100e+01	4.8408800e-46
2.1131900e+01	4.7947423e-46
2.1179800e+01	4.7489998e-46
2.1227800e+01	4.7037802e-46
2.1275900e+01	4.6589496e-46
2.1324100e+01	4.6145484e-46
2.1372400e+01	4.5706164e-46
2.1420900e+01	4.5270647e-46
2.1469400e+01	4.4839757e-46
2.1518100e+01	4.4413034e-46
2.1566900e+01	4.3990448e-46
2.1615800e+01	4.3571970e-46
2.1664800e+01	4.3157570e-46
2.1713900e+01	4.2747217e-46
2.1763100e+01	4.2341293e-46
2.1812400e+01	4.1938535e-46
2.1861900e+01	4.1540147e-46
2.1911400e+01	4.1145283e-46
2.1961100e+01	4.0754727e-46
2.2010900e+01	4.0367641e-46
2.2060700e+01	3.9984402e-46
2.2110700e+01	3.9604980e-46
2.2160900e+01	3.9229348e-46
2.2211100e+01	3.8857083e-46
2.2261400e+01	3.8488554e-46
2.2311900e+01	3.8123734e-46
2.2362500e+01	3.7762206e-46
2.2413200e+01	3.7404334e-46
2.2464000e+01	3.7050090e-46
2.2514900e+01	3.6698682e-46
2.2565900e+01	3.6351236e-46
2.2617100e+01	3.6006960e-46
2.2668300e+01	3.5666589e-46
2.2719700e+01	3.5328962e-46
2.2771200e+01	3.4994437e-46
2.2822800e+01	3.4663365e-46
2.2874600e+01	3.4335719e-46
2.2926400e+01	3.4011105e-46
2.2978400e+01	3.3689501e-46
2.3030400e+01	3.3371252e-46
2.3082700e+01	3.3055967e-46
2.3135000e+01	3.2743626e-46
2.3187400e+01	3.2434569e-46
2.3240000e+01	3.2128412e-46
2.3292600e+01	3.1825133e-46
2.3345400e+01	3.1524713e-46
2.3398400e+01	3.1227484e-46
2.3451400e+01	3.0933071e-46
2.3504500e+01	3.0641452e-46
2.3557800e+01	3.0352608e-46
2.3611200e+01	3.0066520e-46
2.3664700e+01	2.9783166e-46
2.3718400e+01	2.9502872e-46
2.3772100e+01	2.9225270e-46
2.3826000e+01	2.8950002e-46
2.3880000e+01	2.8677390e-46
2.3934200e+01	2.8408091e-46
2.3988400e+01	2.8140734e-46
2.4042800e+01	2.7876309e-46
2.4097300e+01	2.7614131e-46
2.4151900e+01	2.7354844e-46
2.4206600e+01	2.7097769e-46
2.4261500e+01	2.6843218e-46
2.4316500e+01	2.6591499e-46
2.4371600e+01	2.6341939e-46
2.4426900e+01	2.6094849e-46
2.4482200e+01	2.5849887e-46
2.4537700e+01	2.5607681e-46
2.4593300e+01	2.5367570e-46
2.4649100e+01	2.5129859e-46
2.4705000e+01	2.4894528e-46
2.4760900e+01	2.4661248e-46
2.4817100e+01	2.4430315e-46
2.4873300e+01	2.4202025e-46
2.4929700e+01	2.3975735e-46
2.4986200e+01	2.3751433e-46
2.5042800e+01	2.3529412e-46
2.5099600e+01	2.3309350e-46
2.5156500e+01	2.3091538e-46
2.5213500e+01	2.2876260e-46
2.5270700e+01	2.2662593e-46
2.5328000e+01	2.2451426e-46
2.5385400e+01	2.2242143e-46
2.5442900e+01	2.2034730e-46
2.5500600e+01	2.1829176e-46
2.5558400e+01	2.1625761e-46
2.5616300e+01	2.1424177e-46
2.5674400e+01	2.1224702e-46
2.5732600e+01	2.1027320e-46
2.5790900e+01	2.0831726e-46
2.5849300e+01	2.0637908e-46
2.5907900e+01	2.0446140e-46
2.5966700e+01	2.0256406e-46
2.6025500e+01	2.0068122e-46
2.6084500e+01	1.9881564e-46
2.6143600e+01	1.9697280e-46
2.6202900e+01	1.9514414e-46
2.6262300e+01	1.9333512e-46
2.6321800e+01	1.9154283e-46
2.6381500e+01	1.8976991e-46
2.6441300e+01	1.8801346e-46
2.6501200e+01	1.8627336e-46
2.6561300e+01	1.8454951e-46
2.6621500e+01	1.8284178e-46
2.6681800e+01	1.8115276e-46
2.6742300e+01	1.7947693e-46
2.6802900e+01	1.7782222e-46
2.6863700e+01	1.7618049e-46
2.6924600e+01	1.7455430e-46
2.6985600e+01	1.7294354e-46
2.7046700e+01	1.7135072e-46
2.7108100e+01	1.6977048e-46
2.7169500e+01	1.6820793e-46
2.7231100e+01	1.6666294e-46
2.7292800e+01	1.6513021e-46
2.7354700e+01	1.6360968e-46
2.7416700e+01	1.6210637e-46
2.7478800e+01	1.6061760e-46
2.7541100e+01	1.5914579e-46
2.7603500e+01	1.5768578e-46
2.7666100e+01	1.5624000e-46
2.7728800e+01	1.5480585e-46
2.7791700e+01	1.5338823e-46
2.7854600e+01	1.5198452e-46
2.7917800e+01	1.5059462e-46
2.7981100e+01	1.4921844e-46
2.8044500e+01	1.4785344e-46
2.8108100e+01	1.4650197e-46
2.8171800e+01	1.4516635e-46
2.8235600e+01	1.4384404e-46
2.8299600e+01	1.4253256e-46
2.8363800e+01	1.4123421e-46
2.8428100e+01	1.3994890e-46
2.8492500e+01	1.3867418e-46
2.8557100e+01	1.3741466e-46
2.8621800e+01	1.3616556e-46
2.8686700e+01	1.3493146e-46
2.8751700e+01	1.3370528e-46
2.8816900e+01	1.3249391e-46
2.8882200e+01	1.3129264e-46
2.8947700e+01	1.3010368e-46
2.9013300e+01	1.2892694e-46
2.9079000e+01	1.2776007e-46
2.9144900e+01	1.2660525e-46
2.9211000e+01	1.2546464e-46
2.9277200e+01	1.2433142e-46
2.9343600e+01	1.2321000e-46
2.9410100e+01	1.2210029e-46
2.9476800e+01	1.2100220e-46
2.9543600e+01	1.1991345e-46
2.9610500e+01	1.1883398e-46
2.9677600e+01	1.1776807e-46
2.9744900e+01	1.1671129e-46
2.9812300e+01	1.1566357e-46
2.9879900e+01	1.1462700e-46
2.9947600e+01	1.1359936e-46
3.0015500e+01	1.1258271e-46
3.0083600e+01	1.1157908e-46
3.0151700e+01	1.1058205e-46
3.0220100e+01	1.0959368e-46
3.0288600e+01	1.0861600e-46
3.0357200e+01	1.0764893e-46
3.0426000e+01	1.0669237e-46
3.0495000e+01	1.0574215e-46
3.0564100e+01	1.0480436e-46
3.0633400e+01	1.0387279e-46
3.0702800e+01	1.0295349e-46
3.0772400e+01	1.0203828e-46
3.0842200e+01	1.0113721e-46
3.0912100e+01	1.0024415e-46
3.0982200e+01	9.9357635e-47
3.1052400e+01	9.8480219e-47
3.1122800e+01	9.7611634e-47
3.1193300e+01	9.6752011e-47
3.1264000e+01	9.5900303e-47
3.1334900e+01	9.5057235e-47
3.1405900e+01	9.4222743e-47
3.1477100e+01	9.3395989e-47
3.1548400e+01	9.2577688e-47
3.1620000e+01	9.1767778e-47
3.1691600e+01	9.0964860e-47
3.1763500e+01	9.0169648e-47
3.1835500e+01	8.9383410e-47
3.1907600e+01	8.8604192e-47
3.1979900e+01	8.7832135e-47
3.2052400e+01	8.7068867e-47
3.2125100e+01	8.6312461e-47
3.2197900e+01	8.5562870e-47
3.2270900e+01	8.4821890e-47
3.2344000e+01	8.4087616e-47
3.2417300e+01	8.3360004e-47
3.2490800e+01	8.2640645e-47
3.2564500e+01	8.1928023e-47
3.2638300e+01	8.1221371e-47
3.2712200e+01	8.0522984e-47
3.2786400e+01	7.9831008e-47
3.2860700e+01	7.9145221e-47
3.2935200e+01	7.8467176e-47
3.3009800e+01	7.7795399e-47
3.3084700e+01	7.7130374e-47
3.3159700e+01	7.6471177e-47
3.3234800e+01	7.5818989e-47
3.3310100e+01	7.5173235e-47
3.3385700e+01	7.4534214e-47
3.3461300e+01	7.3901875e-47
3.3537200e+01	7.3274970e-47
3.3613200e+01	7.2654485e-47
3.3689400e+01	7.2039524e-47
3.3765700e+01	7.1430895e-47
3.3842300e+01	7.0829224e-47
3.3919000e+01	7.0232110e-47
3.3995900e+01	6.9641862e-47
3.4072900e+01	6.9056931e-47
3.4150100e+01	6.8478108e-47
3.4227600e+01	6.7905016e-47
3.4305100e+01	6.7337780e-47
3.4382900e+01	6.6775537e-47
3.4460800e+01	6.6219069e-47
3.4538900e+01	6.5668333e-47
3.4617200e+01	6.5122963e-47
3.4695700e+01	6.4583404e-47
3.4774300e+01	6.4048649e-47
3.4853200e+01	6.3519147e-47
3.4932200e+01	6.2995175e-47
3.5011300e+01	6.2476378e-47
3.5090700e+01	6.1962244e-47
3.5170200e+01	6.1453997e-47
3.5249900e+01	6.0950342e-47
3.5329800e+01	6.0451714e-47
3.5409900e+01	5.9957611e-47
3.5490200e+01	5.9468929e-47
3.5570600e+01	5.8985318e-47
3.5651300e+01	5.8506130e-47
3.5732100e+01	5.8031791e-47
3.5813100e+01	5.7562114e-47
3.5894200e+01	5.7097216e-47
3.5975600e+01	5.6636612e-47
3.6057100e+01	5.6180871e-47
3.6138900e+01	5.5729510e-47
3.6220800e+01	5.5283091e-47
3.6302900e+01	5.4840838e-47
3.6385200e+01	5.4402868e-47
3.6467600e+01	5.3969446e-47
3.6550300e+01	5.3539806e-47
3.6633100e+01	5.3114944e-47
3.6716200e+01	5.2694533e-47
3.6799400e+01	5.2277817e-47
3.6882800e+01	5.1865347e-47
3.6966400e+01	5.1457381e-47
3.7050200e+01	5.1053169e-47
3.7134200e+01	5.0652970e-47
3.7218400e+01	5.0256757e-47
3.7302700e+01	4.9864641e-47
3.7387300e+01	4.9476453e-47
3.7472000e+01	4.9091743e-47
3.7556900e+01	4.8711326e-47
3.7642100e+01	4.8334753e-47
3.7727400e+01	4.7961581e-47
3.7812900e+01	4.7592338e-47
3.7898600e+01	4.7226721e-47
3.7984500e+01	4.6864978e-47
3.8070600e+01	4.6506535e-47
3.8156900e+01	4.6151642e-47
3.8243400e+01	4.5800816e-47
3.8330100e+01	4.5453081e-47
3.8417000e+01	4.5108954e-47
3.8504000e+01	4.4768410e-47
3.8591300e+01	4.4431157e-47
3.8678800e+01	4.4097170e-47
3.8766500e+01	4.3766560e-47
3.8854300e+01	4.3439436e-47
3.8942400e+01	4.3115508e-47
3.9030700e+01	4.2794755e-47
3.9119100e+01	4.2477546e-47
3.9207800e+01	4.2163205e-47
3.9296700e+01	4.1851972e-47
3.9385700e+01	4.1544212e-47
3.9475000e+01	4.1239258e-47
3.9564500e+01	4.0937347e-47
3.9654200e+01	4.0638585e-47
3.9744100e+01	4.0342823e-47
3.9834100e+01	4.0050039e-47
3.9924400e+01	3.9760339e-47
4.0014900e+01	3.9473325e-47
4.0105600e+01	3.9189228e-47
4.0196500e+01	3.8908153e-47
4.0287600e+01	3.8629830e-47
4.0379000e+01	3.8354364e-47
4.0470500e+01	3.8081611e-47
4.0562200e+01	3.7811554e-47
4.0654200e+01	3.7544541e-47
4.0746300e+01	3.7279939e-47
4.0838700e+01	3.7017855e-47
4.0931200e+01	3.6758635e-47
4.1024000e+01	3.6502260e-47
4.1117000e+01	3.6248106e-47
4.1210200e+01	3.5996520e-47
4.1303600e+01	3.5747724e-47
4.1397200e+01	3.5501458e-47
4.1491100e+01	3.5257588e-47
4.1585100e+01	3.5016215e-47
4.1679400e+01	3.4777086e-47
4.1773800e+01	3.4540539e-47
4.1868500e+01	3.4306440e-47
4.1963400e+01	3.4074655e-47
4.2058500e+01	3.3845168e-47
4.2153900e+01	3.3618080e-47
4.2249400e+01	3.3393258e-47
4.2345200e+01	3.3170804e-47
4.2441200e+01	3.2950470e-47
4.2537400e+01	3.2732473e-47
4.2633800e+01	3.2516796e-47
4.2730400e+01	3.2303082e-47
4.2827300e+01	3.2091659e-47
4.2924300e+01	3.1882398e-47
4.3021600e+01	3.1675284e-47
4.3119100e+01	3.1470305e-47
4.3216900e+01	3.1267333e-47
4.3314800e+01	3.1066466e-47
4.3413000e+01	3.0867580e-47
4.3511400e+01	3.0670662e-47
4.3610000e+01	3.0475920e-47
4.3708900e+01	3.0283119e-47
4.3808000e+01	3.0092246e-47
4.3907300e+01	2.9903289e-47
4.4006800e+01	2.9716345e-47
4.4106500e+01	2.9531290e-47
4.4206500e+01	2.9348114e-47
4.4306700e+01	2.9166804e-47
4.4407100e+01	2.8987456e-47
4.4507800e+01	2.8809734e-47
4.4608700e+01	2.8633950e-47
4.4709800e+01	2.8459878e-47
4.4811100e+01	2.8287719e-47
4.4912700e+01	2.8117249e-47
4.5014500e+01	2.7948457e-47
4.5116500e+01	2.7781438e-47
4.5218800e+01	2.7616181e-47
4.5321300e+01	2.7452570e-47
4.5424000e+01	2.7290698e-47
4.5527000e+01	2.7130452e-47
4.5630200e+01	2.6971819e-47
4.5733600e+01	2.6814791e-47
4.5837300e+01	2.6659460e-47
4.5941200e+01	2.6505611e-47
4.6045300e+01	2.6353438e-47
4.6149700e+01	2.6202830e-47
4.6254300e+01	2.6053674e-47
4.6359100e+01	2.5906166e-47
4.6464200e+01	2.5760091e-47
4.6569500e+01	2.5615543e-47
4.6675100e+01	2.5472411e-47
4.6780900e+01	2.5330787e-47
4.6886900e+01	2.5190662e-47
4.6993200e+01	2.5052027e-47
4.7099700e+01	2.4914773e-47
4.7206400e+01	2.4778991e-47
4.7313400e+01	2.4644473e-47
4.7420700e+01	2.4511411e-47
4.7528200e+01	2.4379696e-47
4.7635900e+01	2.4249321e-47
4.7743900e+01	2.4120377e-47
4.7852100e+01	2.3992657e-47
4.7960500e+01	2.3866352e-47
4.8069300e+01	2.3741354e-47
4.8178200e+01	2.3617559e-47
4.8287400e+01	2.3495057e-47
4.8396900e+01	2.3373841e-47
4.8506600e+01	2.3253902e-47
4.8616500e+01	2.3135138e-47
4.8726700e+01	2.3017637e-47
4.8837200e+01	2.2901393e-47
4.8947900e+01	2.2786302e-47
4.9058800e+01	2.2672358e-47
4.9170000e+01	2.2559745e-47
4.9281400e+01	2.2448170e-47
4.9393200e+01	2.2337723e-47
4.9505100e+01	2.2228490e-47
4.9617300e+01	2.2120372e-47
4.9729800e+01	2.2013363e-47
4.9842500e+01	2.1907455e-47
4.9955500e+01	2.1802643e-47
5.0068700e+01	2.1698920e-47
5.0182200e+01	2.1596282e-47
5.0295900e+01	2.1494629e-47
5.0409900e+01	2.1394140e-47
5.0524200e+01	2.1294718e-47
5.0638700e+01	2.1196171e-47
5.0753500e+01	2.1098772e-47
5.0868500e+01	2.1002331e-47
5.0983800e+01	2.0906933e-47
5.1099400e+01	2.0812483e-47
5.1215200e+01	2.0718974e-47
5.1331300e+01	2.0626494e-47
5.1447700e+01	2.0535036e-47
5.1564300e+01	2.0444414e-47
5.1681200e+01	2.0354715e-47
5.1798300e+01	2.0266023e-47
5.1915700e+01	2.0178244e-47
5.2033400e+01	2.0091372e-47
5.2151300e+01	2.0005403e-47
5.2269500e+01	1.9920333e-47
5.2388000e+01	1.9836245e-47
5.2506800e+01	1.9752869e-47
5.2625800e+01	1.9670378e-47
5.2745100e+01	1.9588768e-47
5.2864600e+01	1.9508034e-47
5.2984400e+01	1.9428084e-47
5.3104500e+01	1.9349002e-47
5.3224900e+01	1.9270695e-47
5.3345500e+01	1.9193249e-47
5.3466500e+01	1.9116658e-47
5.3587700e+01	1.9040743e-47
5.3709100e+01	1.8965764e-47
5.3830900e+01	1.8891454e-47
5.3952900e+01	1.8817897e-47
5.4075200e+01	1.8745176e-47
5.4197700e+01	1.8673202e-47
5.4320600e+01	1.8601969e-47
5.4443700e+01	1.8531475e-47
5.4567100e+01	1.8461717e-47
5.4690800e+01	1.8392605e-47
5.4814800e+01	1.8324307e-47
5.4939000e+01	1.8256734e-47
5.5063500e+01	1.8189799e-47
5.5188300e+01	1.8123582e-47
5.5313400e+01	1.8057995e-47
5.5438800e+01	1.7993122e-47
5.5564500e+01	1.7928958e-47
5.5690400e+01	1.7865500e-47
5.5816600e+01	1.7802661e-47
5.5943200e+01	1.7740439e-47
5.6070000e+01	1.7678913e-47
5.6197100e+01	1.7617915e-47
5.6324400e+01	1.7557692e-47
5.6452100e+01	1.7497991e-47
5.6580100e+01	1.7438976e-47
5.6708300e+01	1.7380561e-47
5.6836800e+01	1.7322743e-47
5.6965700e+01	1.7265521e-47
5.7094800e+01	1.7208891e-47
5.7224200e+01	1.7152851e-47
5.7353900e+01	1.7097398e-47
5.7483900e+01	1.7042448e-47
5.7614200e+01	1.6988164e-47
5.7744800e+01	1.6934460e-47
5.7875700e+01	1.6881251e-47
5.8006900e+01	1.6828619e-47
5.8138300e+01	1.6776561e-47
5.8270100e+01	1.6724910e-47
5.8402200e+01	1.6673911e-47
5.8534600e+01	1.6623397e-47
5.8667300e+01	1.6573448e-47
5.8800200e+01	1.6523981e-47
5.8933500e+01	1.6475075e-47
5.9067100e+01	1.6426566e-47
5.9201000e+01	1.6378614e-47
5.9335200e+01	1.6331136e-47
5.9469700e+01	1.6284211e-47
5.9604500e+01	1.6237757e-47
5.9739600e+01	1.6191771e-47
5.9875000e+01	1.6146172e-47
6.0010700e+01	1.6101119e-47
6.0146700e+01	1.6056530e-47
6.0283000e+01	1.6012402e-47
6.0419700e+01	1.5968735e-47
6.0556600e+01	1.5925527e-47
6.0693900e+01	1.5882696e-47
6.0831500e+01	1.5840320e-47
6.0969300e+01	1.5798399e-47
6.1107500e+01	1.5756930e-47
6.1246000e+01	1.5715912e-47
6.1384900e+01	1.5675265e-47
6.1524000e+01	1.5634986e-47
6.1663500e+01	1.5595233e-47
6.1803200e+01	1.5555767e-47
6.1943300e+01	1.5516824e-47
6.2083700e+01	1.5478244e-47
6.2224400e+01	1.5440027e-47
6.2365500e+01	1.5402171e-47
6.2506800e+01	1.5364675e-47
6.2648500e+01	1.5327695e-47
6.2790500e+01	1.5290994e-47
6.2932800e+01	1.5254649e-47
6.3075500e+01	1.5218737e-47
6.3218500e+01	1.5183180e-47
6.3361800e+01	1.5147898e-47
6.3505400e+01	1.5113123e-47
6.3649300e+01	1.5078543e-47
6.3793600e+01	1.5044391e-47
6.3938200e+01	1.5010588e-47
6.4083100e+01	1.4977132e-47
6.4228400e+01	1.4943946e-47
6.4373900e+01	1.4911182e-47
6.4519900e+01	1.4878686e-47
6.4666100e+01	1.4846534e-47
6.4812700e+01	1.4814724e-47
6.4959600e+01	1.4783256e-47
6.5106800e+01	1.4752052e-47
6.5254400e+01	1.4721188e-47
6.5402300e+01	1.4690586e-47
6.5550600e+01	1.4660322e-47
6.5699100e+01	1.4630319e-47
6.5848100e+01	1.4600652e-47
6.5997300e+01	1.4571245e-47
6.6146900e+01	1.4542172e-47
6.6296800e+01	1.4513433e-47
6.6447100e+01	1.4484951e-47
6.6597700e+01	1.4456649e-47
6.6748700e+01	1.4428754e-47
6.6900000e+01	1.4401038e-47
6.7051600e+01	1.4373652e-47
6.7203600e+01	1.4346520e-47
6.7355900e+01	1.4319640e-47
6.7508600e+01	1.4293012e-47
6.7661600e+01	1.4266635e-47
6.7815000e+01	1.4240510e-47
6.7968700e+01	1.4214710e-47
6.8122700e+01	1.4189084e-47
6.8277100e+01	1.4163782e-47
6.8431900e+01	1.4138653e-47
6.8587000e+01	1.4113847e-47
6.8742500e+01	1.4089138e-47
6.8898300e+01	1.4064825e-47
6.9054500e+01	1.4040683e-47
6.9211000e+01	1.4016787e-47
6.9367900e+01	1.3993061e-47
6.9525100e+01	1.3969579e-47
6.9682700e+01	1.3946341e-47
6.9840600e+01	1.3923271e-47
6.9998900e+01	1.3900519e-47
7.0157600e+01	1.3877935e-47
7.0316600e+01	1.3855517e-47
7.0476000e+01	1.3833416e-47
7.0635700e+01	1.3811480e-47
7.0795800e+01	1.3789711e-47
7.0956300e+01	1.3768181e-47
7.1117100e+01	1.3746817e-47
7.1278300e+01	1.3725691e-47
7.1439900e+01	1.3704730e-47
7.1601800e+01	1.3683933e-47
7.1764100e+01	1.3663373e-47
7.1926800e+01	1.3642976e-47
7.2089800e+01	1.3622817e-47
7.2253200e+01	1.3602819e-47
7.2417000e+01	1.3582984e-47
7.2581100e+01	1.3563310e-47
7.2745700e+01	1.3543798e-47
7.2910600e+01	1.3524595e-47
7.3075800e+01	1.3505405e-47
7.3241500e+01	1.3486522e-47
7.3407500e+01	1.3467726e-47
7.3573900e+01	1.3449089e-47
7.3740600e+01	1.3430686e-47
7.3907800e+01	1.3412368e-47
7.4075300e+01	1.3394282e-47
7.4243200e+01	1.3376282e-47
7.4411500e+01	1.3358440e-47
7.4580100e+01	1.3340829e-47
7.4749200e+01	1.3323303e-47
7.4918600e+01	1.3305934e-47
7.5088400e+01	1.3288795e-47
7.5258600e+01	1.3271740e-47
7.5429200e+01	1.3254842e-47
7.5600200e+01	1.3238100e-47
7.5771500e+01	1.3221441e-47
7.5943300e+01	1.3204938e-47
7.6115400e+01	1.3188664e-47
7.6287900e+01	1.3172399e-47
7.6460900e+01	1.3156362e-47
7.6634200e+01	1.3140408e-47
7.6807900e+01	1.3124607e-47
7.6982000e+01	1.3108962e-47
7.7156500e+01	1.3093398e-47
7.7331300e+01	1.3077987e-47
7.7506600e+01	1.3062731e-47
7.7682300e+01	1.3047555e-47
7.7858400e+01	1.3032461e-47
7.8034900e+01	1.3017520e-47
7.8211700e+01	1.3002731e-47
7.8389000e+01	1.2988023e-47
7.8566700e+01	1.2973467e-47
7.8744800e+01	1.2958992e-47
7.8923300e+01	1.2944669e-47
7.9102200e+01	1.2930425e-47
7.9281500e+01	1.2916333e-47
7.9461200e+01	1.2902248e-47
7.9641300e+01	1.2888315e-47
7.9821800e+01	1.2874533e-47
8.0002700e+01	1.2860902e-47
8.0184100e+01	1.2847278e-47
8.0365800e+01	1.2833733e-47
8.0548000e+01	1.2820338e-47
8.0730500e+01	1.2807022e-47
8.0913500e+01	1.2793856e-47
8.1096900e+01	1.2780768e-47
8.1280700e+01	1.2767758e-47
8.1465000e+01	1.2754827e-47
8.1649600e+01	1.2741973e-47
8.1834700e+01	1.2729268e-47
8.2020200e+01	1.2716570e-47
8.2206100e+01	1.2704021e-47
8.2392400e+01	1.2691549e-47
8.2579200e+01	1.2679154e-47
8.2766400e+01	1.2666837e-47
8.2954000e+01	1.2654597e-47
8.3142000e+01	1.2642505e-47
8.3330400e+01	1.2630418e-47
8.3519300e+01	1.2618480e-47
8.3708600e+01	1.2606547e-47
8.3898400e+01	1.2594691e-47
8.4088500e+01	1.2582983e-47
8.4279100e+01	1.2571279e-47
8.4470200e+01	1.2559723e-47
8.4661600e+01	1.2548173e-47
8.4853500e+01	1.2536769e-47
8.5045900e+01	1.2525370e-47
8.5238600e+01	1.2514048e-47
8.5431800e+01	1.2502801e-47
8.5625500e+01	1.2491630e-47
8.5819600e+01	1.2480535e-47
8.6014100e+01	1.2469444e-47
8.6209100e+01	1.2458500e-47
8.6404500e+01	1.2447631e-47
8.6600300e+01	1.2436766e-47
8.6796600e+01	1.2425978e-47
8.6993300e+01	1.2415264e-47
8.7190500e+01	1.2404554e-47
8.7388100e+01	1.2393991e-47
8.7586200e+01	1.2383431e-47
8.7784800e+01	1.2372947e-47
8.7983700e+01	1.2362467e-47
8.8183200e+01	1.2352062e-47
8.8383000e+01	1.2341731e-47
8.8583400e+01	1.2331475e-47
8.8784200e+01	1.2321293e-47
8.8985400e+01	1.2311116e-47
8.9187100e+01	1.2301013e-47
8.9389300e+01	1.2290914e-47
8.9591900e+01	1.2280889e-47
8.9794900e+01	1.2270939e-47
8.9998500e+01	1.2261062e-47
9.0202500e+01	1.2251190e-47
9.0406900e+01	1.2241322e-47
9.0611800e+01	1.2231527e-47
9.0817200e+01	1.2221806e-47
9.1023100e+01	1.2212159e-47
9.1229400e+01	1.2202446e-47
9.1436200e+01	1.2192877e-47
9.1643400e+01	1.2183311e-47
9.1851200e+01	1.2173749e-47
9.2059300e+01	1.2164261e-47
9.2268000e+01	1.2154846e-47
9.2477200e+01	1.2145434e-47
9.2686800e+01	1.2136026e-47
9.2896900e+01	1.2126692e-47
9.3107400e+01	1.2117431e-47
9.3318500e+01	1.2108173e-47
9.3530000e+01	1.2098919e-47
9.3742000e+01	1.2089738e-47
9.3954500e+01	1.2080560e-47
9.4167400e+01	1.2071455e-47
9.4380900e+01	1.2062354e-47
9.4594800e+01	1.2053326e-47
9.4809200e+01	1.2044301e-47
9.5024100e+01	1.2035279e-47
9.5239500e+01	1.2026330e-47
9.5455400e+01	1.2017385e-47
9.5671700e+01	1.2008512e-47
9.5888600e+01	1.1999573e-47
9.6105900e+01	1.1990707e-47
9.6323800e+01	1.1981913e-47
9.6542100e+01	1.1973122e-47
9.6760900e+01	1.1964335e-47
9.6980200e+01	1.1955620e-47
9.7200100e+01	1.1946908e-47
9.7420400e+01	1.1938131e-47
9.7641200e+01	1.1929494e-47
9.7862500e+01	1.1920861e-47
9.8084300e+01	1.1912231e-47
9.8306700e+01	1.1903604e-47
9.8529500e+01	1.1895049e-47
9.8752800e+01	1.1886497e-47
9.8976700e+01	1.1877949e-47
9.9201000e+01	1.1869403e-47
9.9425900e+01	1.1860860e-47
9.9651200e+01	1.1852390e-47
9.9877100e+01	1.1843922e-47
1.0010300e+02	1.1835526e-47
1.0033000e+02	1.1827065e-47
1.0055800e+02	1.1818675e-47
1.0078600e+02	1.1810288e-47
1.0101400e+02	1.1801836e-47
1.0124300e+02	1.1793524e-47
1.0147300e+02	1.1785146e-47
1.0170300e+02	1.1776839e-47
1.0193300e+02	1.1768536e-47
1.0216400e+02	1.1760236e-47
1.0239600e+02	1.1751870e-47
1.0262800e+02	1.1743644e-47
1.0286000e+02	1.1735352e-47
1.0309400e+02	1.1727132e-47
1.0332700e+02	1.1718846e-47
1.0356100e+02	1.1710632e-47
1.0379600e+02	1.1702420e-47
1.0403100e+02	1.1694143e-47
1.0426700e+02	1.1686006e-47
1.0450400e+02	1.1677803e-47
1.0474100e+02	1.1669671e-47
1.0497800e+02	1.1661474e-47
1.0521600e+02	1.1653348e-47
1.0545400e+02	1.1645156e-47
1.0569300e+02	1.1636968e-47
1.0593300e+02	1.1628850e-47
1.0617300e+02	1.1620667e-47
1.0641400e+02	1.1612624e-47
1.0665500e+02	1.1604447e-47
1.0689700e+02	1.1596341e-47
1.0713900e+02	1.1588237e-47
1.0738200e+02	1.1580137e-47
1.0762500e+02	1.1572039e-47
1.0786900e+02	1.1564012e-47
1.0811400e+02	1.1555920e-47
1.0835900e+02	1.1547763e-47
1.0860400e+02	1.1539745e-47
1.0885000e+02	1.1531661e-47
1.0909700e+02	1.1523581e-47
1.0934400e+02	1.1515503e-47
1.0959200e+02	1.1507428e-47
1.0984100e+02	1.1499356e-47
1.1009000e+02	1.1491286e-47
1.1033900e+02	1.1483220e-47
1.1058900e+02	1.1475224e-47
1.1084000e+02	1.1467095e-47
1.1109100e+02	1.1459105e-47
1.1134300e+02	1.1450982e-47
1.1159500e+02	1.1442998e-47
1.1184800e+02	1.1434880e-47
1.1210200e+02	1.1426834e-47
1.1235600e+02	1.1418790e-47
1.1261100e+02	1.1410749e-47
1.1286600e+02	1.1402643e-47
1.1312200e+02	1.1394608e-47
1.1337800e+02	1.1386508e-47
1.1363500e+02	1.1378478e-47
1.1389300e+02	1.1370451e-47
1.1415100e+02	1.1362360e-47
1.1441000e+02	1.1354272e-47
1.1466900e+02	1.1346186e-47
1.1492900e+02	1.1338171e-47
1.1518900e+02	1.1330023e-47
1.1545000e+02	1.1322014e-47
1.1571200e+02	1.1313872e-47
1.1597400e+02	1.1305868e-47
1.1623700e+02	1.1297733e-47
1.1650100e+02	1.1289600e-47
1.1676500e+02	1.1281537e-47
1.1702900e+02	1.1273411e-47
1.1729500e+02	1.1265354e-47
1.1756100e+02	1.1257166e-47
1.1782700e+02	1.1249115e-47
1.1809400e+02	1.1240933e-47
1.1836200e+02	1.1232753e-47
1.1863000e+02	1.1224711e-47
1.1889900e+02	1.1216538e-47
1.1916800e+02	1.1208367e-47
1.1943900e+02	1.1200200e-47
1.1970900e+02	1.1192036e-47
1.1998100e+02	1.1183874e-47
1.2025300e+02	1.1175649e-47
1.2052500e+02	1.1167494e-47
1.2079800e+02	1.1159274e-47
1.2107200e+02	1.1151058e-47
1.2134700e+02	1.1142912e-47
1.2162200e+02	1.1134635e-47
1.2189700e+02	1.1126494e-47
1.2217400e+02	1.1118223e-47
1.2245100e+02	1.1110022e-47
1.2272800e+02	1.1101691e-47
1.2300600e+02	1.1093496e-47
1.2328500e+02	1.1085171e-47
1.2356500e+02	1.1076915e-47
1.2384500e+02	1.1068663e-47
1.2412500e+02	1.1060347e-47
1.2440700e+02	1.1052034e-47
1.2468900e+02	1.1043725e-47
1.2497100e+02	1.1035418e-47
1.2525500e+02	1.1027048e-47
1.2553800e+02	1.1018682e-47
1.2582300e+02	1.1010385e-47
1.2610800e+02	1.1001958e-47
1.2639400e+02	1.0993601e-47
1.2668100e+02	1.0985181e-47
1.2696800e+02	1.0976830e-47
1.2725500e+02	1.0968417e-47
1.2754400e+02	1.0960006e-47
1.2783300e+02	1.0951599e-47
1.2812300e+02	1.0943195e-47
1.2841300e+02	1.0934662e-47
1.2870400e+02	1.0926264e-47
1.2899600e+02	1.0917738e-47
1.2928800e+02	1.0909281e-47
1.2958100e+02	1.0900761e-47
1.2987500e+02	1.0892310e-47
1.3017000e+02	1.0883731e-47
1.3046500e+02	1.0875155e-47
1.3076000e+02	1.0866649e-47
1.3105700e+02	1.0858079e-47
1.3135400e+02	1.0849514e-47
1.3165100e+02	1.0840951e-47
1.3195000e+02	1.0832392e-47
1.3224900e+02	1.0823705e-47
1.3254900e+02	1.0815153e-47
1.3284900e+02	1.0806473e-47
1.3315000e+02	1.0797862e-47
1.3345200e+02	1.0789188e-47
1.3375500e+02	1.0780519e-47
1.3405800e+02	1.0771852e-47
1.3436200e+02	1.0763124e-47
1.3466600e+02	1.0754399e-47
1.3497100e+02	1.0745743e-47
1.3527700e+02	1.0736959e-47
1.3558400e+02	1.0728245e-47
1.3589100e+02	1.0719469e-47
1.3619900e+02	1.0710696e-47
1.3650800e+02	1.0701862e-47
1.3681700e+02	1.0693096e-47
1.3712800e+02	1.0684269e-47
1.3743800e+02	1.0675445e-47
1.3775000e+02	1.0666625e-47
1.3806200e+02	1.0657744e-47
1.3837500e+02	1.0648801e-47
1.3868900e+02	1.0639992e-47
1.3900300e+02	1.0631121e-47
1.3931800e+02	1.0622124e-47
1.3963400e+02	1.0613196e-47
1.3995000e+02	1.0604271e-47
1.4026800e+02	1.0595351e-47
1.4058600e+02	1.0586303e-47
1.4090400e+02	1.0577390e-47
1.4122400e+02	1.0568351e-47
1.4154400e+02	1.0559380e-47
1.4186500e+02	1.0550348e-47
1.4218600e+02	1.0541256e-47
1.4250800e+02	1.0532232e-47
1.4283100e+02	1.0523147e-47
1.4315500e+02	1.0514066e-47
1.4348000e+02	1.0504924e-47
1.4380500e+02	1.0495850e-47
1.4413100e+02	1.0486716e-47
1.4445700e+02	1.0477586e-47
1.4478500e+02	1.0468396e-47
1.4511300e+02	1.0459209e-47
1.4544200e+02	1.0450091e-47
1.4577200e+02	1.0440847e-47
1.4610200e+02	1.0431608e-47
1.4643300e+02	1.0422373e-47
1.4676500e+02	1.0413142e-47
1.4709800e+02	1.0403915e-47
1.4743100e+02	1.0394563e-47
1.4776500e+02	1.0385344e-47
1.4810000e+02	1.0376001e-47
1.4843600e+02	1.0366661e-47
1.4877200e+02	1.0357326e-47
1.4911000e+02	1.0347995e-47
1.4944800e+02	1.0338604e-47
1.4978600e+02	1.0329217e-47
1.5012600e+02	1.0319835e-47
1.5046600e+02	1.0310393e-47
1.5080700e+02	1.0301019e-47
1.5114900e+02	1.0291585e-47
1.5149200e+02	1.0282091e-47
1.5183500e+02	1.0272666e-47
1.5217900e+02	1.0263181e-47
1.5252400e+02	1.0253637e-47
1.5287000e+02	1.0244160e-47
1.5321600e+02	1.0234625e-47
1.5356400e+02	1.0225093e-47
1.5391200e+02	1.0215503e-47
1.5426100e+02	1.0205916e-47
1.5461000e+02	1.0196335e-47
1.5496100e+02	1.0186757e-47
1.5531200e+02	1.0177121e-47
1.5566400e+02	1.0167489e-47
1.5601700e+02	1.0157861e-47
1.5637000e+02	1.0148175e-47
1.5672500e+02	1.0138556e-47
1.5708000e+02	1.0128879e-47
1.5743600e+02	1.0119143e-47
1.5779300e+02	1.0109411e-47
1.5815100e+02	1.0099684e-47
1.5850900e+02	1.0089962e-47
1.5886800e+02	1.0080181e-47
1.5922900e+02	1.0070404e-47
1.5958900e+02	1.0060632e-47
1.5995100e+02	1.0050865e-47
1.6031400e+02	1.0041040e-47
1.6067700e+02	1.0031156e-47
1.6104100e+02	1.0021340e-47
1.6140600e+02	1.0011466e-47
1.6177200e+02	1.0001596e-47
1.6213900e+02	9.9917313e-48
1.6250600e+02	9.9818084e-48
1.6287500e+02	9.9718903e-48
1.6324400e+02	9.9620403e-48
1.6361400e+02	9.9520690e-48
1.6398500e+02	9.9421027e-48
1.6435600e+02	9.9321413e-48
1.6472900e+02	9.9221850e-48
1.6510200e+02	9.9121707e-48
1.6547700e+02	9.9021614e-48
1.6585200e+02	9.8921572e-48
1.6622800e+02	9.8820952e-48
1.6660400e+02	9.8721012e-48
1.6698200e+02	9.8620494e-48
1.6736100e+02	9.8519399e-48
1.6774000e+02	9.8418984e-48
1.6812000e+02	9.8317992e-48
1.6850100e+02	9.8217053e-48
1.6888300e+02	9.8115539e-48
1.6926600e+02	9.8014703e-48
1.6965000e+02	9.7913294e-48
1.7003400e+02	9.7811312e-48
1.7041900e+02	9.7710007e-48
1.7080600e+02	9.7608131e-48
1.7119300e+02	9.7506308e-48
1.7158100e+02	9.7403913e-48
1.7197000e+02	9.7302196e-48
1.7236000e+02	9.7199909e-48
1.7275000e+02	9.7097676e-48
1.7314200e+02	9.6994874e-48
1.7353400e+02	9.6892748e-48
1.7392800e+02	9.6790054e-48
1.7432200e+02	9.6686793e-48
1.7471700e+02	9.6584208e-48
1.7511300e+02	9.6481057e-48
1.7551000e+02	9.6377961e-48
1.7590800e+02	9.6274299e-48
1.7630700e+02	9.6171313e-48
1.7670600e+02	9.6067763e-48
1.7710700e+02	9.5964268e-48
1.7750800e+02	9.5860829e-48
1.7791000e+02	9.5756827e-48
1.7831400e+02	9.5652881e-48
1.7871800e+02	9.5548992e-48
1.7912300e+02	9.5445159e-48
1.7952900e+02	9.5341383e-48
1.7993600e+02	9.5237046e-48
1.8034400e+02	9.5132149e-48
1.8075300e+02	9.5027927e-48
1.8116200e+02	9.4923761e-48
1.8157300e+02	9.4819037e-48
1.8198400e+02	9.4714371e-48
1.8239700e+02	9.4609763e-48
1.8281000e+02	9.4505212e-48
1.8322500e+02	9.4400105e-48
1.8364000e+02	9.4295056e-48
1.8405600e+02	9.4190065e-48
1.8447300e+02	9.4085133e-48
1.8489200e+02	9.3979647e-48
1.8531100e+02	9.3874832e-48
1.8573100e+02	9.3769464e-48
1.8615200e+02	9.3664154e-48
1.8657400e+02	9.3558292e-48
1.8699700e+02	9.3453101e-48
1.8742000e+02	9.3347359e-48
1.8784500e+02	9.3241676e-48
1.8827100e+02	9.3136663e-48
1.8869800e+02	9.3030490e-48
1.8912500e+02	9.2924377e-48
1.8955400e+02	9.2818325e-48
1.8998400e+02	9.2712333e-48
1.9041400e+02	9.2606402e-48
1.9084600e+02	9.2501140e-48
1.9127900e+02	9.2394721e-48
1.9171200e+02	9.2288364e-48
1.9214700e+02	9.2182068e-48
1.9258200e+02	9.2076440e-48
1.9301900e+02	9.1970267e-48
1.9345600e+02	9.1863548e-48
1.9389500e+02	9.1757497e-48
1.9433400e+02	9.1650902e-48
1.9477500e+02	9.1544974e-48
1.9521600e+02	9.1438503e-48
1.9565900e+02	9.1332093e-48
1.9610200e+02	9.1225745e-48
1.9654700e+02	9.1118856e-48
1.9699200e+02	9.1012632e-48
1.9743900e+02	9.0905868e-48
1.9788600e+02	9.0799769e-48
1.9833500e+02	9.0693129e-48
1.9878400e+02	9.0586553e-48
1.9923500e+02	9.0480640e-48
1.9968600e+02	9.0373587e-48
2.0013900e+02	9.0267198e-48
2.0059300e+02	9.0160872e-48
2.0104700e+02	9.0054008e-48
2.0150300e+02	8.9947808e-48
2.0196000e+02	8.9841070e-48
2.0241800e+02	8.9734995e-48
2.0287600e+02	8.9627786e-48
2.0333600e+02	8.9521837e-48
2.0379700e+02	8.9415353e-48
2.0425900e+02	8.9308932e-48
2.0472200e+02	8.9202574e-48
2.0518600e+02	8.9096280e-48
2.0565100e+02	8.8990049e-48
2.0611700e+02	8.8883882e-48
2.0658500e+02	8.8777182e-48
2.0705300e+02	8.8671142e-48
2.0752200e+02	8.8565165e-48
2.0799200e+02	8.8458656e-48
2.0846400e+02	8.8352807e-48
2.0893600e+02	8.8246426e-48
2.0941000e+02	8.8140703e-48
2.0988500e+02	8.8035044e-48
2.1036000e+02	8.7928855e-48
2.1083700e+02	8.7823323e-48
2.1131500e+02	8.7717854e-48
2.1179400e+02	8.7611856e-48
2.1227400e+02	8.7506514e-48
2.1275500e+02	8.7400644e-48
2.1323800e+02	8.7295430e-48
2.1372100e+02	8.7190278e-48
2.1420500e+02	8.7084600e-48
2.1469100e+02	8.6980166e-48
2.1517700e+02	8.6875205e-48
2.1566500e+02	8.6769717e-48
2.1615400e+02	8.6665472e-48
2.1664400e+02	8.6560113e-48
2.1713500e+02	8.6455405e-48
2.1762700e+02	8.6351349e-48
2.1812000e+02	8.6246768e-48
2.1861500e+02	8.6142250e-48
2.1911000e+02	8.6037796e-48
2.1960700e+02	8.5933991e-48
2.2010500e+02	8.5830249e-48
2.2060400e+02	8.5727155e-48
2.2110400e+02	8.5622953e-48
2.2160500e+02	8.5519399e-48
2.2210700e+02	8.5415908e-48
2.2261100e+02	8.5313063e-48
2.2311500e+02	8.5210280e-48
2.2362100e+02	8.5106976e-48
2.2412800e+02	8.5004318e-48
2.2463600e+02	8.4901139e-48
2.2514500e+02	8.4799187e-48
2.2565500e+02	8.4697297e-48
2.2616700e+02	8.4594886e-48
2.2667900e+02	8.4493118e-48
2.2719300e+02	8.4390831e-48
2.2770800e+02	8.4289767e-48
2.2822400e+02	8.4188763e-48
2.2874200e+02	8.4087240e-48
2.2926000e+02	8.3986938e-48
2.2978000e+02	8.3886116e-48
2.3030100e+02	8.3785355e-48
2.3082300e+02	8.3685233e-48
2.3134600e+02	8.3585170e-48
2.3187000e+02	8.3485746e-48
2.3239600e+02	8.3386380e-48
2.3292300e+02	8.3286497e-48
2.3345000e+02	8.3187827e-48
2.3398000e+02	8.3088639e-48
2.3451000e+02	8.2990086e-48
2.3504200e+02	8.2892168e-48
2.3557400e+02	8.2793732e-48
2.3610800e+02	8.2695930e-48
2.3664300e+02	8.2598185e-48
2.3718000e+02	8.2501073e-48
2.3771700e+02	8.2404592e-48
2.3825600e+02	8.2307593e-48
2.3879600e+02	8.2211226e-48
2.3933800e+02	8.2114914e-48
2.3988000e+02	8.2019232e-48
2.4042400e+02	8.1923606e-48
2.4096900e+02	8.1828607e-48
2.4151500e+02	8.1733664e-48
2.4206200e+02	8.1639347e-48
2.4261100e+02	8.1545085e-48
2.4316100e+02	8.1450877e-48
2.4371200e+02	8.1357864e-48
2.4426400e+02	8.1264335e-48
2.4481800e+02	8.1171429e-48
2.4537300e+02	8.1078576e-48
2.4592900e+02	8.0986915e-48
2.4648700e+02	8.0894736e-48
2.4704500e+02	8.0803748e-48
2.4760500e+02	8.0712810e-48
2.4816700e+02	8.0622491e-48
2.4872900e+02	8.0531656e-48
2.4929300e+02	8.0442006e-48
2.4985800e+02	8.0352406e-48
2.5042400e+02	8.0263989e-48
2.5099200e+02	8.0175055e-48
2.5156100e+02	8.0087302e-48
2.5213100e+02	7.9999031e-48
2.5270200e+02	7.9911940e-48
2.5327500e+02	7.9824896e-48
2.5384900e+02	7.9739029e-48
2.5442500e+02	7.9652644e-48
2.5500100e+02	7.9566870e-48
2.5557900e+02	7.9482269e-48
2.5615900e+02	7.9397151e-48
2.5673900e+02	7.9313767e-48
2.5732100e+02	7.9229864e-48
2.5790400e+02	7.9146569e-48
2.5848900e+02	7.9064442e-48
2.5907500e+02	7.8981795e-48
2.5966200e+02	7.8900877e-48
2.6025100e+02	7.8819440e-48
2.6084100e+02	7.8738605e-48
2.6143200e+02	7.8658933e-48
2.6202400e+02	7.8579863e-48
2.6261800e+02	7.8500832e-48
2.6321400e+02	7.8422402e-48
2.6381000e+02	7.8344570e-48
2.6440800e+02	7.8267336e-48
2.6500800e+02	7.8190700e-48
2.6560800e+02	7.8114660e-48
2.6621000e+02	7.8039216e-48
2.6681400e+02	7.7964367e-48
2.6741800e+02	7.7890670e-48
2.6802500e+02	7.7817008e-48
2.6863200e+02	7.7743938e-48
2.6924100e+02	7.7671460e-48
2.6985100e+02	7.7599573e-48
2.7046300e+02	7.7528834e-48
2.7107600e+02	7.7458683e-48
2.7169000e+02	7.7388563e-48
2.7230600e+02	7.7319588e-48
2.7292300e+02	7.7251199e-48
2.7354200e+02	7.7183397e-48
2.7416200e+02	7.7116735e-48
2.7478400e+02	7.7050101e-48
2.7540600e+02	7.6985161e-48
2.7603100e+02	7.6920249e-48
2.7665600e+02	7.6855918e-48
2.7728300e+02	7.6792723e-48
2.7791200e+02	7.6730108e-48
2.7854200e+02	7.6668072e-48
2.7917300e+02	7.6607168e-48
2.7980600e+02	7.6546842e-48
2.8044000e+02	7.6487093e-48
2.8107600e+02	7.6428473e-48
2.8171300e+02	7.6370428e-48
2.8235100e+02	7.6313510e-48
2.8299100e+02	7.6257166e-48
2.8363300e+02	7.6201394e-48
2.8427600e+02	7.6147299e-48
2.8492000e+02	7.6093223e-48
2.8556600e+02	7.6040269e-48
2.8621300e+02	7.5988436e-48
2.8686200e+02	7.5937171e-48
2.8751200e+02	7.5887027e-48
2.8816400e+02	7.5837449e-48
2.8881700e+02	7.5788989e-48
2.8947200e+02	7.5741645e-48
2.9012800e+02	7.5695416e-48
2.9078500e+02	7.5649752e-48
2.9144400e+02	7.5604651e-48
2.9210500e+02	7.5561213e-48
2.9276700e+02	7.5518338e-48
2.9343100e+02	7.5476023e-48
2.9409600e+02	7.5435369e-48
2.9476300e+02	7.5395275e-48
2.9543100e+02	7.5356838e-48
2.9610000e+02	7.5318960e-48
2.9677100e+02	7.5282189e-48
2.9744400e+02	7.5246525e-48
2.9811800e+02	7.5211966e-48
2.9879400e+02	7.5177963e-48
2.9947100e+02	7.5145612e-48
3.0015000e+02	7.5113817e-48
3.0083000e+02	7.5083672e-48
3.0151200e+02	7.5054630e-48
3.0219600e+02	7.5026688e-48
3.0288100e+02	7.4999300e-48
3.0356700e+02	7.4973559e-48
3.0425500e+02	7.4948918e-48
3.0494500e+02	7.4924828e-48
3.0563600e+02	7.4902932e-48
3.0632900e+02	7.4881586e-48
3.0702300e+02	7.4861338e-48
3.0771900e+02	7.4842733e-48
3.0841700e+02	7.4824679e-48
3.0911600e+02	7.4808814e-48
3.0981600e+02	7.4793498e-48
3.1051900e+02	7.4779825e-48
3.1122200e+02	7.4767246e-48
3.1192800e+02	7.4755762e-48
3.1263500e+02	7.4745920e-48
3.1334400e+02	7.4737171e-48
3.1405400e+02	7.4730063e-48
3.1476600e+02	7.4724049e-48
3.1547900e+02	7.4719129e-48
3.1619400e+02	7.4715302e-48
3.1691100e+02	7.4713662e-48
3.1762900e+02	7.4713116e-48
3.1834900e+02	7.4714209e-48
3.1907100e+02	7.4716396e-48
3.1979400e+02	7.4719676e-48
3.2051900e+02	7.4725143e-48
3.2124500e+02	7.4731704e-48
3.2197300e+02	7.4739358e-48
3.2270300e+02	7.4748654e-48
3.2343500e+02	7.4759590e-48
3.2416800e+02	7.4772168e-48
3.2490300e+02	7.4785841e-48
3.2563900e+02	7.4801156e-48
3.2637700e+02	7.4818661e-48
3.2711700e+02	7.4837262e-48
3.2785800e+02	7.4857507e-48
3.2860100e+02	7.4879397e-48
3.2934600e+02	7.4902384e-48
3.3009300e+02	7.4927565e-48
3.3084100e+02	7.4953846e-48
3.3159100e+02	7.4982321e-48
3.3234300e+02	7.5011898e-48
3.3309600e+02	7.5043671e-48
3.3385100e+02	7.5077096e-48
3.3460800e+02	7.5111624e-48
3.3536600e+02	7.5148353e-48
3.3612600e+02	7.5186737e-48
3.3688800e+02	7.5226776e-48
3.3765200e+02	7.5269020e-48
3.3841700e+02	7.5312374e-48
3.3918400e+02	7.5357936e-48
3.3995300e+02	7.5405160e-48
3.4072300e+02	7.5454596e-48
3.4149600e+02	7.5505148e-48
3.4227000e+02	7.5557915e-48
3.4304600e+02	7.5612351e-48
3.4382300e+02	7.5669006e-48
3.4460200e+02	7.5727335e-48
3.4538400e+02	7.5787888e-48
3.4616600e+02	7.5850117e-48
3.4695100e+02	7.5914577e-48
3.4773700e+02	7.5980717e-48
3.4852600e+02	7.6048541e-48
3.4931600e+02	7.6119155e-48
3.5010700e+02	7.6190905e-48
3.5090100e+02	7.6264898e-48
3.5169600e+02	7.6341137e-48
3.5249300e+02	7.6419626e-48
3.5329200e+02	7.6500369e-48
3.5409300e+02	7.6582814e-48
3.5489600e+02	7.6667518e-48
3.5570000e+02	7.6753932e-48
3.5650700e+02	7.6842612e-48
3.5731500e+02	7.6934117e-48
3.5812500e+02	7.7027341e-48
3.5893600e+02	7.7122289e-48
3.5975000e+02	7.7220073e-48
3.6056500e+02	7.7320144e-48
3.6138300e+02	7.7421950e-48
3.6220200e+02	7.7526606e-48
3.6302300e+02	7.7633562e-48
3.6384500e+02	7.7742265e-48
3.6467000e+02	7.7853835e-48
3.6549700e+02	7.7967159e-48
3.6632500e+02	7.8083360e-48
3.6715600e+02	7.8201885e-48
3.6798800e+02	7.8322739e-48
3.6882200e+02	7.8445927e-48
3.6965800e+02	7.8572014e-48
3.7049600e+02	7.8699886e-48
3.7133600e+02	7.8830670e-48
3.7217700e+02	7.8963810e-48
3.7302100e+02	7.9099313e-48
3.7386600e+02	7.9237746e-48
3.7471400e+02	7.9378555e-48
3.7556300e+02	7.9521744e-48
3.7641400e+02	7.9667321e-48
3.7726800e+02	7.9816420e-48
3.7812300e+02	7.9967356e-48
3.7898000e+02	8.0120699e-48
3.7983900e+02	8.0277022e-48
3.8070000e+02	8.0436334e-48
3.8156300e+02	8.0598074e-48
3.8242700e+02	8.0762819e-48
3.8329400e+02	8.0930008e-48
3.8416300e+02	8.1100788e-48
3.8503400e+02	8.1273457e-48
3.8590700e+02	8.1449164e-48
3.8678100e+02	8.1627918e-48
3.8765800e+02	8.1809157e-48
3.8853700e+02	8.1993459e-48
3.8941700e+02	8.2180836e-48
3.9030000e+02	8.2370722e-48
3.9118500e+02	8.2564276e-48
3.9207100e+02	8.2759782e-48
3.9296000e+02	8.2958977e-48
3.9385100e+02	8.3161294e-48
3.9474300e+02	8.3366168e-48
3.9563800e+02	8.3574184e-48
3.9653500e+02	8.3785934e-48
3.9743400e+02	8.3999690e-48
3.9833500e+02	8.4217201e-48
3.9923800e+02	8.4437318e-48
4.0014200e+02	8.4661795e-48
4.0104900e+02	8.4888319e-48
4.0195800e+02	8.5118646e-48
4.0287000e+02	8.5351623e-48
4.0378300e+02	8.5588428e-48
4.0469800e+02	8.5828491e-48
4.0561500e+02	8.6071238e-48
4.0653500e+02	8.6317852e-48
4.0745600e+02	8.6567762e-48
4.0838000e+02	8.6820980e-48
4.0930500e+02	8.7077518e-48
4.1023300e+02	8.7337390e-48
4.1116300e+02	8.7601201e-48
4.1209500e+02	8.7867781e-48
4.1302900e+02	8.8138328e-48
4.1396500e+02	8.8412265e-48
4.1490300e+02	8.8689605e-48
4.1584400e+02	8.8970958e-48
4.1678600e+02	8.9255745e-48
4.1773100e+02	8.9543979e-48
4.1867800e+02	8.9836275e-48
4.1962700e+02	9.0131448e-48
4.2057800e+02	9.0430714e-48
4.2153100e+02	9.0733488e-48
4.2248700e+02	9.1040389e-48
4.2344500e+02	9.1350831e-48
4.2440400e+02	9.1665434e-48
4.2536600e+02	9.1983611e-48
4.2633000e+02	9.2305377e-48
4.2729700e+02	9.2631357e-48
4.2826500e+02	9.2960961e-48
4.2923600e+02	9.3294204e-48
4.3020900e+02	9.3632328e-48
4.3118400e+02	9.3974129e-48
4.3216100e+02	9.4320237e-48
4.3314100e+02	9.4669444e-48
4.3412300e+02	9.5022995e-48
4.3510700e+02	9.5380910e-48
4.3609300e+02	9.5742593e-48
4.3708200e+02	9.6109300e-48
4.3807200e+02	9.6479815e-48
4.3906500e+02	9.6854154e-48
4.4006000e+02	9.7233583e-48
4.4105800e+02	9.7616254e-48
4.4205800e+02	9.8003433e-48
4.4306000e+02	9.8395770e-48
4.4406400e+02	9.8792033e-48
4.4507000e+02	9.9192243e-48
4.4607900e+02	9.9597679e-48
4.4709000e+02	1.0000774e-47
4.4810400e+02	1.0042244e-47
4.4911900e+02	1.0084118e-47
4.5013700e+02	1.0126524e-47
4.5115800e+02	1.0169338e-47
4.5218000e+02	1.0212754e-47
4.5320500e+02	1.0256519e-47
4.5423200e+02	1.0300826e-47
4.5526200e+02	1.0345679e-47
4.5629400e+02	1.0390952e-47
4.5732800e+02	1.0436841e-47
4.5836500e+02	1.0483219e-47
4.5940400e+02	1.0530155e-47
4.6044500e+02	1.0577715e-47
4.6148900e+02	1.0625905e-47
4.6253500e+02	1.0674727e-47
4.6358300e+02	1.0724250e-47
4.6463400e+02	1.0774412e-47
4.6568700e+02	1.0825548e-47
4.6674300e+02	1.0877530e-47
4.6780100e+02	1.0930628e-47
4.6886100e+02	1.0985115e-47
4.6992400e+02	1.1041266e-47
4.7098900e+02	1.1099692e-47
4.7205600e+02	1.1161479e-47
4.7312600e+02	1.1228129e-47
4.7419900e+02	1.1303178e-47
4.7527400e+02	1.1394068e-47
4.7635100e+02	1.1519575e-47
4.7743100e+02	1.1739258e-47
4.7851300e+02	1.2343839e-47
4.7959700e+02	1.7488789e-47
4.8068400e+02	2.6897915e-47
4.8177400e+02	1.4688516e-47
4.8286600e+02	1.2193505e-47
4.8396000e+02	1.1959908e-47
4.8505700e+02	1.1916925e-47
4.8615700e+02	1.1928389e-47
4.8725900e+02	1.1961914e-47
4.8836300e+02	1.2006156e-47
4.8947000e+02	1.2056520e-47
4.9058000e+02	1.2110748e-47
4.9169200e+02	1.2167539e-47
4.9280600e+02	1.2226212e-47
4.9392300e+02	1.2286427e-47
4.9504300e+02	1.2347774e-47
4.9616500e+02	1.2410190e-47
4.9728900e+02	1.2473611e-47
4.9841700e+02	1.2537831e-47
4.9954600e+02	1.2602855e-47
5.0067900e+02	1.2668616e-47
5.0181300e+02	1.2735120e-47
5.0295100e+02	1.2802299e-47
5.0409100e+02	1.2870156e-47
5.0523400e+02	1.2938769e-47
5.0637900e+02	1.3007996e-47
5.0752600e+02	1.3077915e-47
5.0867700e+02	1.3148456e-47
5.0983000e+02	1.3219623e-47
5.1098500e+02	1.3291493e-47
5.1214400e+02	1.3363996e-47
5.1330500e+02	1.3437210e-47
5.1446800e+02	1.3511065e-47
5.1563400e+02	1.3585490e-47
5.1680300e+02	1.3660638e-47
5.1797400e+02	1.3736437e-47
5.1914800e+02	1.3812893e-47
5.2032500e+02	1.3890007e-47
5.2150400e+02	1.3967785e-47
5.2268700e+02	1.4046230e-47
5.2387100e+02	1.4125345e-47
5.2505900e+02	1.4205135e-47
5.2624900e+02	1.4285603e-47
5.2744200e+02	1.4366753e-47
5.2863700e+02	1.4448589e-47
5.2983500e+02	1.4531115e-47
5.3103600e+02	1.4614335e-47
5.3224000e+02	1.4698252e-47
5.3344600e+02	1.4782872e-47
5.3465600e+02	1.4868196e-47
5.3586700e+02	1.4954153e-47
5.3708200e+02	1.5040901e-47
5.3829900e+02	1.5128366e-47
5.3952000e+02	1.5216553e-47
5.4074200e+02	1.5305387e-47
5.4196800e+02	1.5395029e-47
5.4319700e+02	1.5485406e-47
5.4442800e+02	1.5576441e-47
5.4566200e+02	1.5668218e-47
5.4689900e+02	1.5760741e-47
5.4813800e+02	1.5854015e-47
5.4938100e+02	1.5948042e-47
5.5062600e+02	1.6042829e-47
5.5187400e+02	1.6138298e-47
5.5312500e+02	1.6234533e-47
5.5437900e+02	1.6331621e-47
5.5563500e+02	1.6429403e-47
5.5689500e+02	1.6528046e-47
5.5815700e+02	1.6627393e-47
5.5942200e+02	1.6727527e-47
5.6069000e+02	1.6828455e-47
5.6196100e+02	1.6930180e-47
5.6323500e+02	1.7032624e-47
5.6451100e+02	1.7135874e-47
5.6579100e+02	1.7240017e-47
5.6707300e+02	1.7344893e-47
5.6835900e+02	1.7450587e-47
5.6964700e+02	1.7557106e-47
5.7093800e+02	1.7664368e-47
5.7223200e+02	1.7772548e-47
5.7352900e+02	1.7881565e-47
5.7482900e+02	1.7991340e-47
5.7613200e+02	1.8101962e-47
5.7743800e+02	1.8213434e-47
5.7874700e+02	1.8325677e-47
5.8005900e+02	1.8438865e-47
5.8137400e+02	1.8552919e-47
5.8269100e+02	1.8667757e-47
5.8401200e+02	1.8783556e-47
5.8533600e+02	1.8900061e-47
5.8666300e+02	1.9017536e-47
5.8799200e+02	1.9135813e-47
5.8932500e+02	1.9254983e-47
5.9066100e+02	1.9375139e-47
5.9200000e+02	1.9496110e-47
5.9334200e+02	1.9617990e-47
5.9468700e+02	1.9740693e-47
5.9603400e+02	1.9864314e-47
5.9738500e+02	1.9988857e-47
5.9874000e+02	2.0114328e-47
6.0009700e+02	2.0240641e-47
6.0145700e+02	2.0367981e-47
6.0282000e+02	2.0496174e-47
6.0418700e+02	2.0625313e-47
6.0555600e+02	2.0755405e-47
6.0692900e+02	2.0886362e-47
6.0830400e+02	2.1018282e-47
6.0968300e+02	2.1151169e-47
6.1106500e+02	2.1285028e-47
6.1245000e+02	2.1419772e-47
6.1383800e+02	2.1555592e-47
6.1523000e+02	2.1692399e-47
6.1662400e+02	2.1830014e-47
6.1802200e+02	2.1968625e-47
6.1942300e+02	2.2108334e-47
6.2082700e+02	2.2248863e-47
6.2223400e+02	2.2390499e-47
6.2364400e+02	2.2533060e-47
6.2505800e+02	2.2676644e-47
6.2647500e+02	2.2821258e-47
6.2789500e+02	2.2966906e-47
6.2931800e+02	2.3113499e-47
6.3074400e+02	2.3261136e-47
6.3217400e+02	2.3409824e-47
6.3360700e+02	2.3559472e-47
6.3504300e+02	2.3710180e-47
6.3648200e+02	2.3861955e-47
6.3792500e+02	2.4014802e-47
6.3937100e+02	2.4168531e-47
6.4082000e+02	2.4323440e-47
6.4227300e+02	2.4479438e-47
6.4372900e+02	2.4636531e-47
6.4518800e+02	2.4794524e-47
6.4665000e+02	2.4953721e-47
6.4811600e+02	2.5114030e-47
6.4958500e+02	2.5275254e-47
6.5105700e+02	2.5437699e-47
6.5253300e+02	2.5601171e-47
6.5401200e+02	2.5765776e-47
6.5549400e+02	2.5931519e-47
6.5698000e+02	2.6098305e-47
6.5846900e+02	2.6266240e-47
6.5996200e+02	2.6435331e-47
6.6145800e+02	2.6605480e-47
6.6295700e+02	2.6776692e-47
6.6446000e+02	2.6949180e-47
6.6596600e+02	2.7122847e-47
6.6747500e+02	2.7297490e-47
6.6898800e+02	2.7473427e-47
6.7050500e+02	2.7650455e-47
6.7202400e+02	2.7828685e-47
6.7354800e+02	2.8008122e-47
6.7507400e+02	2.8188560e-47
6.7660400e+02	2.8370324e-47
6.7813800e+02	2.8553206e-47
6.7967500e+02	2.8737319e-47
6.8121600e+02	2.8922669e-47
6.8276000e+02	2.9109154e-47
6.8430700e+02	2.9296888e-47
6.8585900e+02	2.9485769e-47
6.8741300e+02	2.9675910e-47
6.8897100e+02	2.9867318e-47
6.9053300e+02	3.0059999e-47
6.9209800e+02	3.0253740e-47
6.9366700e+02	3.0448765e-47
6.9523900e+02	3.0645082e-47
6.9681500e+02	3.0842695e-47
6.9839400e+02	3.1041501e-47
6.9997700e+02	3.1241728e-47
7.0156400e+02	3.1443047e-47
7.0315400e+02	3.1645688e-47
7.0474800e+02	3.1849657e-47
7.0634500e+02	3.2054960e-47
7.0794600e+02	3.2261491e-47
7.0955100e+02	3.2469255e-47
7.1115900e+02	3.2678372e-47
7.1277100e+02	3.2888849e-47
7.1438700e+02	3.3100691e-47
7.1600600e+02	3.3313791e-47
7.1762900e+02	3.3528037e-47
7.1925600e+02	3.3743900e-47
7.2088600e+02	3.3961038e-47
7.2252000e+02	3.4179458e-47
7.2415800e+02	3.4399281e-47
7.2579900e+02	3.4620397e-47
7.2744400e+02	3.4843048e-47
7.2909300e+02	3.5066886e-47
7.3074600e+02	3.5292154e-47
7.3240200e+02	3.5518858e-47
7.3406200e+02	3.5746886e-47
7.3572600e+02	3.5976364e-47
7.3739400e+02	3.6207298e-47
7.3906500e+02	3.6439574e-47
7.4074000e+02	3.6673319e-47
7.4241900e+02	3.6908420e-47
7.4410200e+02	3.7145124e-47
7.4578900e+02	3.7383197e-47
7.4747900e+02	3.7622521e-47
7.4917300e+02	3.7863470e-47
7.5087100e+02	3.8105806e-47
7.5257300e+02	3.8349657e-47
7.5427900e+02	3.8594908e-47
7.5598900e+02	3.8841688e-47
7.5770200e+02	3.9090005e-47
7.5942000e+02	3.9339866e-47
7.6114100e+02	3.9591152e-47
7.6286600e+02	3.9843869e-47
7.6459600e+02	4.0098150e-47
7.6632900e+02	4.0354002e-47
7.6806600e+02	4.0611178e-47
7.6980700e+02	4.0870065e-47
7.7155200e+02	4.1130417e-47
7.7330000e+02	4.1392496e-47
7.7505300e+02	4.1655923e-47
7.7681000e+02	4.1921093e-47
7.7857100e+02	4.2187623e-47
7.8033500e+02	4.2455910e-47
7.8210400e+02	4.2725571e-47
7.8387700e+02	4.2996872e-47
7.8565400e+02	4.3269821e-47
7.8743400e+02	4.3544425e-47
7.8921900e+02	4.3820693e-47
7.9100800e+02	4.4098365e-47
7.9280100e+02	4.4377714e-47
7.9459800e+02	4.4658747e-47
7.9639900e+02	4.4941605e-47
7.9820400e+02	4.5225894e-47
8.0001400e+02	4.5511754e-47
8.0182700e+02	4.5799462e-47
8.0364400e+02	4.6088892e-47
8.0546600e+02	4.6379641e-47
8.0729200e+02	4.6672398e-47
8.0912200e+02	4.6966898e-47
8.1095600e+02	4.7262875e-47
8.1279400e+02	4.7560609e-47
8.1463600e+02	4.7859969e-47
8.1648200e+02	4.8161240e-47
8.1833300e+02	4.8464014e-47
8.2018800e+02	4.8768714e-47
8.2204700e+02	4.9075209e-47
8.2391000e+02	4.9383226e-47
8.2577800e+02	4.9693335e-47
8.2765000e+02	5.0004981e-47
8.2952600e+02	5.0318310e-47
8.3140600e+02	5.0633613e-47
8.3329000e+02	5.0950758e-47
8.3517900e+02	5.1269323e-47
8.3707200e+02	5.1590030e-47
8.3897000e+02	5.1912457e-47
8.4087100e+02	5.2236756e-47
8.4277700e+02	5.2562790e-47
8.4468700e+02	5.2890856e-47
8.4660200e+02	5.3220527e-47
8.4852100e+02	5.3552246e-47
8.5044400e+02	5.3885730e-47
8.5237200e+02	5.4220985e-47
8.5430400e+02	5.4558314e-47
8.5624000e+02	5.4897282e-47
8.5818100e+02	5.5238489e-47
8.6012600e+02	5.5581349e-47
8.6207600e+02	5.5926018e-47
8.6403000e+02	5.6272802e-47
8.6598800e+02	5.6621562e-47
8.6795100e+02	5.6972153e-47
8.6991900e+02	5.7324887e-47
8.7189000e+02	5.7679316e-47
8.7386700e+02	5.8035752e-47
8.7584700e+02	5.8394203e-47
8.7783300e+02	5.8754678e-47
8.7982200e+02	5.9117184e-47
8.8181700e+02	5.9481577e-47
8.8381500e+02	5.9847862e-47
8.8581900e+02	6.0216358e-47
8.8782600e+02	6.0586920e-47
8.8983900e+02	6.0959242e-47
8.9185600e+02	6.1333959e-47
8.9387700e+02	6.1710451e-47
8.9590300e+02	6.2089042e-47
8.9793400e+02	6.2469738e-47
8.9996900e+02	6.2852550e-47
9.0200900e+02	6.3237485e-47
9.0405400e+02	6.3624552e-47
9.0610300e+02	6.4013441e-47
9.0815700e+02	6.4404798e-47
9.1021500e+02	6.4798153e-47
9.1227800e+02	6.5193513e-47
9.1434600e+02	6.5591047e-47
9.1641900e+02	6.5990927e-47
9.1849600e+02	6.6392674e-47
9.2057800e+02	6.6796785e-47
9.2266400e+02	6.7203105e-47
9.2475600e+02	6.7611644e-47
9.2685200e+02	6.8022246e-47
9.2895300e+02	6.8435084e-47
9.3105800e+02	6.8850000e-47
9.3316900e+02	6.9267502e-47
9.3528400e+02	6.9686934e-47
9.3740400e+02	7.0108971e-47
9.3952900e+02	7.0532955e-47
9.4165800e+02	7.0959227e-47
9.4379300e+02	7.1388136e-47
9.4593200e+02	7.1819015e-47
9.4807600e+02	7.2252720e-47
9.5022500e+02	7.2688584e-47
9.5237900e+02	7.3127468e-47
9.5453700e+02	7.3570075e-47
9.5670100e+02	7.4020556e-47
9.5887000e+02	7.4528862e-47
9.6104300e+02	7.5300221e-47
9.6322100e+02	7.5455456e-47
9.6540500e+02	7.5811327e-47
9.6759300e+02	7.6259001e-47
9.6978600e+02	7.6713599e-47
9.7198400e+02	7.7171657e-47
9.7418700e+02	7.7632487e-47
9.7639500e+02	7.8096281e-47
9.7860900e+02	7.8562341e-47
9.8082700e+02	7.9031033e-47
9.8305000e+02	7.9502189e-47
9.8527800e+02	7.9975997e-47
9.8751100e+02	8.0451930e-47
9.8975000e+02	8.0930715e-47
9.9199300e+02	8.1411822e-47
9.9424200e+02	8.1895441e-47
9.9649500e+02	8.2381582e-47
9.9875400e+02	8.2870435e-47
1.0010200e+03	8.3361830e-47
1.0032900e+03	8.3855594e-47
1.0055600e+03	8.4352285e-47
1.0078400e+03	8.4851364e-47
1.0101200e+03	8.5351915e-47
1.0124100e+03	8.5857273e-47
1.0147100e+03	8.6363566e-47
1.0170100e+03	8.6872652e-47
1.0193100e+03	8.7385291e-47
1.0216200e+03	8.7900375e-47
1.0239400e+03	8.8416973e-47
1.0262600e+03	8.8936782e-47
1.0285900e+03	8.9460385e-47
1.0309200e+03	8.9986473e-47
1.0332600e+03	9.0514103e-47
1.0356000e+03	9.1044993e-47
1.0379400e+03	9.1578201e-47
1.0403000e+03	9.2114694e-47
1.0426600e+03	9.2653715e-47
1.0450200e+03	9.3195854e-47
1.0473900e+03	9.3740543e-47
1.0497600e+03	9.4287013e-47
1.0521400e+03	9.4836824e-47
1.0545300e+03	9.5390382e-47
1.0569200e+03	9.5946727e-47
1.0593100e+03	9.6504689e-47
1.0617100e+03	9.7066239e-47
1.0641200e+03	9.7630209e-47
1.0665300e+03	9.8197596e-47
1.0689500e+03	9.8767620e-47
1.0713700e+03	9.9340890e-47
1.0738000e+03	9.9917617e-47
1.0762300e+03	1.0049662e-46
1.0786700e+03	1.0107889e-46
1.0811200e+03	1.0166286e-46
1.0835700e+03	1.0225052e-46
1.0860200e+03	1.0284191e-46
1.0884900e+03	1.0343500e-46
1.0909500e+03	1.0403184e-46
1.0934300e+03	1.0463040e-46
1.0959000e+03	1.0523477e-46
1.0983900e+03	1.0584089e-46
1.1008800e+03	1.0645081e-46
1.1033700e+03	1.0706041e-46
1.1058700e+03	1.0767590e-46
1.1083800e+03	1.0829316e-46
1.1108900e+03	1.0891636e-46
1.1134100e+03	1.0953925e-46
1.1159400e+03	1.1016602e-46
1.1184600e+03	1.1079668e-46
1.1210000e+03	1.1143125e-46
1.1235400e+03	1.1206763e-46
1.1260900e+03	1.1270795e-46
1.1286400e+03	1.1335222e-46
1.1312000e+03	1.1399833e-46
1.1337600e+03	1.1464841e-46
1.1363300e+03	1.1530250e-46
1.1389100e+03	1.1595844e-46
1.1414900e+03	1.1661840e-46
1.1440800e+03	1.1728024e-46
1.1466700e+03	1.1794612e-46
1.1492700e+03	1.1861606e-46
1.1518700e+03	1.1928790e-46
1.1544800e+03	1.1996383e-46
1.1571000e+03	1.2064386e-46
1.1597200e+03	1.2132802e-46
1.1623500e+03	1.2201412e-46
1.1649900e+03	1.2270436e-46
1.1676300e+03	1.2339655e-46
1.1702700e+03	1.2409292e-46
1.1729300e+03	1.2479124e-46
1.1755900e+03	1.2549601e-46
1.1782500e+03	1.2620276e-46
1.1809200e+03	1.2691374e-46
1.1836000e+03	1.2762673e-46
1.1862800e+03	1.2834398e-46
1.1889700e+03	1.2906550e-46
1.1916600e+03	1.2979133e-46
1.1943700e+03	1.3051920e-46
1.1970700e+03	1.3125139e-46
1.1997900e+03	1.3198563e-46
1.2025100e+03	1.3272422e-46
1.2052300e+03	1.3346719e-46
1.2079600e+03	1.3421223e-46
1.2107000e+03	1.3496166e-46
1.2134500e+03	1.3571784e-46
1.2162000e+03	1.3647380e-46
1.2189500e+03	1.3723420e-46
1.2217200e+03	1.3799906e-46
1.2244800e+03	1.3876840e-46
1.2272600e+03	1.3953988e-46
1.2300400e+03	1.4031587e-46
1.2328300e+03	1.4109639e-46
1.2356200e+03	1.4187907e-46
1.2384300e+03	1.4266869e-46
1.2412300e+03	1.4346051e-46
1.2440500e+03	1.4425451e-46
1.2468700e+03	1.4505312e-46
1.2496900e+03	1.4585634e-46
1.2525200e+03	1.4666179e-46
1.2553600e+03	1.4747188e-46
1.2582100e+03	1.4828907e-46
1.2610600e+03	1.4910608e-46
1.2639200e+03	1.4992778e-46
1.2667800e+03	1.5075665e-46
1.2696600e+03	1.5158781e-46
1.2725300e+03	1.5242125e-46
1.2754200e+03	1.5326192e-46
1.2783100e+03	1.5410243e-46
1.2812100e+03	1.5495021e-46
1.2841100e+03	1.5580032e-46
1.2870200e+03	1.5665526e-46
1.2899400e+03	1.5751756e-46
1.2928600e+03	1.5837971e-46
1.2957900e+03	1.5924673e-46
1.2987300e+03	1.6011865e-46
1.3016700e+03	1.6099296e-46
1.3046200e+03	1.6187473e-46
1.3075800e+03	1.6275891e-46
1.3105400e+03	1.6364550e-46
1.3135100e+03	1.6453963e-46
1.3164900e+03	1.6543876e-46
1.3194800e+03	1.6634035e-46
1.3224700e+03	1.6724697e-46
1.3254600e+03	1.6815346e-46
1.3284700e+03	1.6907021e-46
1.3314800e+03	1.6998944e-46
1.3345000e+03	1.7091379e-46
1.3375200e+03	1.7184064e-46
1.3405500e+03	1.7277262e-46
1.3435900e+03	1.7370976e-46
1.3466400e+03	1.7465208e-46
1.3496900e+03	1.7559960e-46
1.3527500e+03	1.7654968e-46
1.3558200e+03	1.7750499e-46
1.3588900e+03	1.7846555e-46
1.3619700e+03	1.7942870e-46
1.3650600e+03	1.8039713e-46
1.3681500e+03	1.8137086e-46
1.3712500e+03	1.8234991e-46
1.3743600e+03	1.8333160e-46
1.3774800e+03	1.8432135e-46
1.3806000e+03	1.8531377e-46
1.3837300e+03	1.8630885e-46
1.3868600e+03	1.8730933e-46
1.3900100e+03	1.8831798e-46
1.3931600e+03	1.8932934e-46
1.3963200e+03	1.9034617e-46
1.3994800e+03	1.9136572e-46
1.4026500e+03	1.9239354e-46
1.4058300e+03	1.9342412e-46
1.4090200e+03	1.9445745e-46
1.4122100e+03	1.9549912e-46
1.4154100e+03	1.9654638e-46
1.4186200e+03	1.9759644e-46
1.4218400e+03	1.9864929e-46
1.4250600e+03	1.9971060e-46
1.4282900e+03	2.0077756e-46
1.4315300e+03	2.0185021e-46
1.4347700e+03	2.0292287e-46
1.4380200e+03	2.0404123e-46
1.4412800e+03	2.0522568e-46
1.4445500e+03	2.0618662e-46
1.4478200e+03	2.0728225e-46
1.4511100e+03	2.0838366e-46
1.4544000e+03	2.0948799e-46
1.4576900e+03	2.1059814e-46
1.4610000e+03	2.1171705e-46
1.4643100e+03	2.1283892e-46
1.4676300e+03	2.1396668e-46
1.4709500e+03	2.1510036e-46
1.4742900e+03	2.1623997e-46
1.4776300e+03	2.1738259e-46
1.4809800e+03	2.1853118e-46
1.4843400e+03	2.1968576e-46
1.4877000e+03	2.2084932e-46
1.4910700e+03	2.2201596e-46
1.4944500e+03	2.2318567e-46
1.4978400e+03	2.2436445e-46
1.5012300e+03	2.2554633e-46
1.5046400e+03	2.2673433e-46
1.5080500e+03	2.2792847e-46
1.5114700e+03	2.2912574e-46
1.5148900e+03	2.3033222e-46
1.5183300e+03	2.3154187e-46
1.5217700e+03	2.3275774e-46
1.5252200e+03	2.3397985e-46
1.5286700e+03	2.3520516e-46
1.5321400e+03	2.3643983e-46
1.5356100e+03	2.3768081e-46
1.5390900e+03	2.3892503e-46
1.5425800e+03	2.4017561e-46
1.5460800e+03	2.4143255e-46
1.5495800e+03	2.4269901e-46
1.5530900e+03	2.4396566e-46
1.5566100e+03	2.4524186e-46
1.5601400e+03	2.4651826e-46
1.5636800e+03	2.4780742e-46
1.5672200e+03	2.4910309e-46
1.5707700e+03	2.5039898e-46
1.5743400e+03	2.5170457e-46
1.5779000e+03	2.5301674e-46
1.5814800e+03	2.5433232e-46
1.5850600e+03	2.5565771e-46
1.5886600e+03	2.5698655e-46
1.5922600e+03	2.5832204e-46
1.5958700e+03	2.5966744e-46
1.5994800e+03	2.6101634e-46
1.6031100e+03	2.6236872e-46
1.6067400e+03	2.6372786e-46
1.6103900e+03	2.6509701e-46
1.6140400e+03	2.6647298e-46
1.6176900e+03	2.6784923e-46
1.6213600e+03	2.6923559e-46
1.6250400e+03	2.7063211e-46
1.6287200e+03	2.7202894e-46
1.6324100e+03	2.7343599e-46
1.6361100e+03	2.7484998e-46
1.6398200e+03	2.7627094e-46
1.6435400e+03	2.7769556e-46
1.6472600e+03	2.7912719e-46
1.6510000e+03	2.8056920e-46
1.6547400e+03	2.8201492e-46
1.6584900e+03	2.8347110e-46
1.6622500e+03	2.8492427e-46
1.6660200e+03	2.8639131e-46
1.6697900e+03	2.8786552e-46
1.6735800e+03	2.8935031e-46
1.6773700e+03	2.9083551e-46
1.6811700e+03	2.9232793e-46
1.6849800e+03	2.9383102e-46
1.6888000e+03	2.9534141e-46
1.6926300e+03	2.9685222e-46
1.6964700e+03	2.9837380e-46
1.7003100e+03	2.9990273e-46
1.7041700e+03	3.0144252e-46
1.7080300e+03	3.0298624e-46
1.7119000e+03	3.0453391e-46
1.7157800e+03	3.0609602e-46
1.7196700e+03	3.0766212e-46
1.7235700e+03	3.0922871e-46
1.7274700e+03	3.1081337e-46
1.7313900e+03	3.1239856e-46
1.7353100e+03	3.1399131e-46
1.7392500e+03	3.1559523e-46
1.7431900e+03	3.1720322e-46
1.7471400e+03	3.1881888e-46
1.7511000e+03	3.2044580e-46
1.7550700e+03	3.2207686e-46
1.7590500e+03	3.2371566e-46
1.7630400e+03	3.2536584e-46
1.7670300e+03	3.2702021e-46
1.7710400e+03	3.2868602e-46
1.7750500e+03	3.3035244e-46
1.7790700e+03	3.3203035e-46
1.7831100e+03	3.3371617e-46
1.7871500e+03	3.3540992e-46
1.7912000e+03	3.3711163e-46
1.7952600e+03	3.3882133e-46
1.7993300e+03	3.4053535e-46
1.8034100e+03	3.4226110e-46
1.8074900e+03	3.4399492e-46
1.8115900e+03	3.4573684e-46
1.8157000e+03	3.4748688e-46
1.8198100e+03	3.4924508e-46
1.8239400e+03	3.5100772e-46
1.8280700e+03	3.5278231e-46
1.8322200e+03	3.5456137e-46
1.8363700e+03	3.5635623e-46
1.8405300e+03	3.5815562e-46
1.8447000e+03	3.5995955e-46
1.8488800e+03	3.6177562e-46
1.8530800e+03	3.6359625e-46
1.8572800e+03	3.6543293e-46
1.8614900e+03	3.6727039e-46
1.8657000e+03	3.6911631e-46
1.8699300e+03	3.7097842e-46
1.8741700e+03	3.7284520e-46
1.8784200e+03	3.7471668e-46
1.8826800e+03	3.7660060e-46
1.8869500e+03	3.7849313e-46
1.8912200e+03	3.8039821e-46
1.8955100e+03	3.8230808e-46
1.8998100e+03	3.8422664e-46
1.9041100e+03	3.8615001e-46
1.9084300e+03	3.8808212e-46
1.9127500e+03	3.9003485e-46
1.9170900e+03	3.9198852e-46
1.9214300e+03	3.9396295e-46
1.9257900e+03	3.9592642e-46
1.9301500e+03	3.9790276e-46
1.9345300e+03	3.9989201e-46
1.9389100e+03	4.0189023e-46
1.9433100e+03	4.0390147e-46
1.9477100e+03	4.0592176e-46
1.9521300e+03	4.0794709e-46
1.9565500e+03	4.0998150e-46
1.9609900e+03	4.1203316e-46
1.9654300e+03	4.1408587e-46
1.9698900e+03	4.1614776e-46
1.9743500e+03	4.1822704e-46
1.9788300e+03	4.2030740e-46
1.9833100e+03	4.2240115e-46
1.9878100e+03	4.2450421e-46
1.9923100e+03	4.2662076e-46
1.9968300e+03	4.2874258e-46
2.0013600e+03	4.3087796e-46
2.0058900e+03	4.3301448e-46
2.0104400e+03	4.3516880e-46
2.0150000e+03	4.3733266e-46
2.0195600e+03	4.3950607e-46
2.0241400e+03	4.4168487e-46
2.0287300e+03	4.4387748e-46
2.0333300e+03	4.4607974e-46
2.0379400e+03	4.4829593e-46
2.0425600e+03	4.5051761e-46
2.0471900e+03	4.5274903e-46
2.0518300e+03	4.5499450e-46
2.0564800e+03	4.5724552e-46
2.0611400e+03	4.5950638e-46
2.0658100e+03	4.6178142e-46
2.0704900e+03	4.6406638e-46
2.0751900e+03	4.6636130e-46
2.0798900e+03	4.6866621e-46
2.0846000e+03	4.7098548e-46
2.0893300e+03	4.7331048e-46
2.0940600e+03	4.7564993e-46
2.0988100e+03	4.7799514e-46
2.1035700e+03	4.8035489e-46
2.1083400e+03	4.8272484e-46
2.1131200e+03	4.8510503e-46
2.1179000e+03	4.8749549e-46
2.1227100e+03	4.8990068e-46
2.1275200e+03	4.9231622e-46
2.1323400e+03	4.9473770e-46
2.1371700e+03	4.9717405e-46
2.1420200e+03	4.9962084e-46
2.1468700e+03	5.0208261e-46
2.1517400e+03	5.0455043e-46
2.1566200e+03	5.0703330e-46
2.1615000e+03	5.0952679e-46
2.1664000e+03	5.1203091e-46
2.1713100e+03	5.1454571e-46
2.1762300e+03	5.1707122e-46
2.1811700e+03	5.1960747e-46
2.1861100e+03	5.2215906e-46
2.1910700e+03	5.2472149e-46
2.1960300e+03	5.2729478e-46
2.2010100e+03	5.2987896e-46
2.2060000e+03	5.3247409e-46
2.2110000e+03	5.3508480e-46
2.2160100e+03	5.3771117e-46
2.2210300e+03	5.4034397e-46
2.2260700e+03	5.4298320e-46
2.2311100e+03	5.4564288e-46
2.2361700e+03	5.4830906e-46
2.2412400e+03	5.5099112e-46
2.2463200e+03	5.5368914e-46
2.2514100e+03	5.5639846e-46
2.2565100e+03	5.5911440e-46
2.2616300e+03	5.6184643e-46
2.2667600e+03	5.6458987e-46
2.2718900e+03	5.6734476e-46
2.2770400e+03	5.7011590e-46
2.2822000e+03	5.7289380e-46
2.2873800e+03	5.7569284e-46
2.2925600e+03	5.7849389e-46
2.2977600e+03	5.8131621e-46
2.3029700e+03	5.8415023e-46
2.3081900e+03	5.8699598e-46
2.3134200e+03	5.8985351e-46
2.3186600e+03	5.9272772e-46
2.3239200e+03	5.9561379e-46
2.3291900e+03	5.9851176e-46
2.3344600e+03	6.0142167e-46
2.3397600e+03	6.0434847e-46
2.3450600e+03	6.0728731e-46
2.3503800e+03	6.1023821e-46
2.3557000e+03	6.1320617e-46
2.3610400e+03	6.1618133e-46
2.3663900e+03	6.1917364e-46
2.3717600e+03	6.2217819e-46
2.3771300e+03	6.2520002e-46
2.3825200e+03	6.2823417e-46
2.3879200e+03	6.3128573e-46
2.3933300e+03	6.3434467e-46
2.3987600e+03	6.4141641e-46
2.4042000e+03	6.4622724e-46
2.4096500e+03	6.4361153e-46
2.4151100e+03	6.4672559e-46
2.4205800e+03	6.4985736e-46
2.4260700e+03	6.5300692e-46
2.4315700e+03	6.5616921e-46
2.4370800e+03	6.5933914e-46
2.4426000e+03	6.6253216e-46
2.4481400e+03	6.6573288e-46
2.4536900e+03	6.6895684e-46
2.4592500e+03	6.7218859e-46
2.4648200e+03	6.7543852e-46
2.4704100e+03	6.7870149e-46
2.4760100e+03	6.8198278e-46
2.4816200e+03	6.8527198e-46
2.4872500e+03	6.8858483e-46
2.4928900e+03	6.9190568e-46
2.4985400e+03	6.9524506e-46
2.5042000e+03	6.9859776e-46
2.5098800e+03	7.0196913e-46
2.5155600e+03	7.0535392e-46
2.5212700e+03	7.0875218e-46
2.5269800e+03	7.1216928e-46
2.5327100e+03	7.1559995e-46
2.5384500e+03	7.1904422e-46
2.5442000e+03	7.2250752e-46
2.5499700e+03	7.2598991e-46
2.5557500e+03	7.2948068e-46
2.5615400e+03	7.3299065e-46
2.5673500e+03	7.3651447e-46
2.5731700e+03	7.4005762e-46
2.5790000e+03	7.4361472e-46
2.5848500e+03	7.4719129e-46
2.5907100e+03	7.5078192e-46
2.5965800e+03	7.5439214e-46
2.6024600e+03	7.5801653e-46
2.6083600e+03	7.6165512e-46
2.6142700e+03	7.6531349e-46
2.6202000e+03	7.6898618e-46
2.6261400e+03	7.7267321e-46
2.6320900e+03	7.7638020e-46
2.6380600e+03	7.8010724e-46
2.6440400e+03	7.8384881e-46
2.6500300e+03	7.8760493e-46
2.6560400e+03	7.9138129e-46
2.6620600e+03	7.9517232e-46
2.6680900e+03	7.9898372e-46
2.6741400e+03	8.0281556e-46
2.6802000e+03	8.0665656e-46
2.6862800e+03	8.1051812e-46
2.6923600e+03	8.1440603e-46
2.6984700e+03	8.1830324e-46
2.7045800e+03	8.2221548e-46
2.7107100e+03	8.2614855e-46
2.7168600e+03	8.3009677e-46
2.7230200e+03	8.3406595e-46
2.7291900e+03	8.3805618e-46
2.7353700e+03	8.4206173e-46
2.7415700e+03	8.4608847e-46
2.7477900e+03	8.5013065e-46
2.7540200e+03	8.5418246e-46
2.7602600e+03	8.5826148e-46
2.7665200e+03	8.6236196e-46
2.7727900e+03	8.6647810e-46
2.7790700e+03	8.7061584e-46
2.7853700e+03	8.7476935e-46
2.7916800e+03	8.7894461e-46
2.7980100e+03	8.8312981e-46
2.8043500e+03	8.8734282e-46
2.8107100e+03	8.9157780e-46
2.8170800e+03	8.9582286e-46
2.8234700e+03	9.0009600e-46
2.8298700e+03	9.0438533e-46
2.8362800e+03	9.0869088e-46
2.8427100e+03	9.1301270e-46
2.8491500e+03	9.1736294e-46
2.8556100e+03	9.2172960e-46
2.8620800e+03	9.2611880e-46
2.8685700e+03	9.3053062e-46
2.8750700e+03	9.3495293e-46
2.8815900e+03	9.3940411e-46
2.8881200e+03	9.4387201e-46
2.8946700e+03	9.4835666e-46
2.9012300e+03	9.5286429e-46
2.9078000e+03	9.5738880e-46
2.9144000e+03	9.6194263e-46
2.9210000e+03	9.6651349e-46
2.9276200e+03	9.7110141e-46
2.9342600e+03	9.7571268e-46
2.9409100e+03	9.8034741e-46
2.9475700e+03	9.8499939e-46
2.9542600e+03	9.8968126e-46
2.9609500e+03	9.9437424e-46
2.9676600e+03	9.9909095e-46
2.9743900e+03	1.0038252e-45
2.9811300e+03	1.0085833e-45
2.9878900e+03	1.0133717e-45
2.9946600e+03	1.0181779e-45
3.0014500e+03	1.0230018e-45
3.0082500e+03	1.0278500e-45
3.0150700e+03	1.0327225e-45
3.0219100e+03	1.0376129e-45
3.0287600e+03	1.0425279e-45
3.0356200e+03	1.0474609e-45
3.0425000e+03	1.0524250e-45
3.0494000e+03	1.0574073e-45
3.0563100e+03	1.0624079e-45
3.0632400e+03	1.0674400e-45
3.0701800e+03	1.0724905e-45
3.0771400e+03	1.0775594e-45
3.0841100e+03	1.0826535e-45
3.0911000e+03	1.0877793e-45
3.0981100e+03	1.0929239e-45
3.1051300e+03	1.0980873e-45
3.1121700e+03	1.1032761e-45
3.1192300e+03	1.1084904e-45
3.1263000e+03	1.1137304e-45
3.1333800e+03	1.1189828e-45
3.1404800e+03	1.1242743e-45
3.1476000e+03	1.1295850e-45
3.1547400e+03	1.1349150e-45
3.1618900e+03	1.1402778e-45
3.1690500e+03	1.1456600e-45
3.1762400e+03	1.1510617e-45
3.1834400e+03	1.1564965e-45
3.1906500e+03	1.1619508e-45
3.1978900e+03	1.1674249e-45
3.2051300e+03	1.1729392e-45
3.2124000e+03	1.1784665e-45
3.2196800e+03	1.1840206e-45
3.2269800e+03	1.1896015e-45
3.2342900e+03	1.1952163e-45
3.2416200e+03	1.2008443e-45
3.2489700e+03	1.2065063e-45
3.2563300e+03	1.2121817e-45
3.2637200e+03	1.2178983e-45
3.2711100e+03	1.2236284e-45
3.2785300e+03	1.2293859e-45
3.2859600e+03	1.2351710e-45
3.2934100e+03	1.2409979e-45
3.3008700e+03	1.2468314e-45
3.3083500e+03	1.2526998e-45
3.3158500e+03	1.2585891e-45
3.3233700e+03	1.2645136e-45
3.3309000e+03	1.2704591e-45
3.3384500e+03	1.2764328e-45
3.3460200e+03	1.2824349e-45
3.3536000e+03	1.2884654e-45
3.3612000e+03	1.2945244e-45
3.3688200e+03	1.3005977e-45
3.3764600e+03	1.3067213e-45
3.3841100e+03	1.3128593e-45
3.3917800e+03	1.3190189e-45
3.3994700e+03	1.3252148e-45
3.4071800e+03	1.3314325e-45
3.4149000e+03	1.3376867e-45
3.4226400e+03	1.3439703e-45
3.4304000e+03	1.3502832e-45
3.4381700e+03	1.3566183e-45
3.4459700e+03	1.3629830e-45
3.4537800e+03	1.3693774e-45
3.4616100e+03	1.3758016e-45
3.4694500e+03	1.3822483e-45
3.4773200e+03	1.3887398e-45
3.4852000e+03	1.3952541e-45
3.4931000e+03	1.4017985e-45
3.5010100e+03	1.4083658e-45
3.5089500e+03	1.4149710e-45
3.5169000e+03	1.4215992e-45
3.5248800e+03	1.4282504e-45
3.5328600e+03	1.4349474e-45
3.5408700e+03	1.4416677e-45
3.5489000e+03	1.4484266e-45
3.5569400e+03	1.4552089e-45
3.5650000e+03	1.4620299e-45
3.5730900e+03	1.4688669e-45
3.5811800e+03	1.4757430e-45
3.5893000e+03	1.4826504e-45
3.5974400e+03	1.4895895e-45
3.6055900e+03	1.4965602e-45
3.6137600e+03	1.5035627e-45
3.6219600e+03	1.5105970e-45
3.6301600e+03	1.5176634e-45
3.6383900e+03	1.5247697e-45
3.6466400e+03	1.5318926e-45
3.6549100e+03	1.5390557e-45
3.6631900e+03	1.5462511e-45
3.6714900e+03	1.5534713e-45
3.6798200e+03	1.5607398e-45
3.6881600e+03	1.5680333e-45
3.6965200e+03	1.5753596e-45
3.7048900e+03	1.5827269e-45
3.7132900e+03	1.5901193e-45
3.7217100e+03	1.5975449e-45
3.7301400e+03	1.6050039e-45
3.7386000e+03	1.6124963e-45
3.7470700e+03	1.6200223e-45
3.7555700e+03	1.6275980e-45
3.7640800e+03	1.6351914e-45
3.7726100e+03	1.6428268e-45
3.7811600e+03	1.6504963e-45
3.7897300e+03	1.6581917e-45
3.7983200e+03	1.6659295e-45
3.8069300e+03	1.6737017e-45
3.8155600e+03	1.6815084e-45
3.8242100e+03	1.6893580e-45
3.8328800e+03	1.6972258e-45
3.8415700e+03	1.7051449e-45
3.8502700e+03	1.7130990e-45
3.8590000e+03	1.7210799e-45
3.8677500e+03	1.7291043e-45
3.8765100e+03	1.7371640e-45
3.8853000e+03	1.7452592e-45
3.8941100e+03	1.7533900e-45
3.9029300e+03	1.7615648e-45
3.9117800e+03	1.7697671e-45
3.9206500e+03	1.7780053e-45
3.9295300e+03	1.7862880e-45
3.9384400e+03	1.7946068e-45
3.9473700e+03	1.8029705e-45
3.9563200e+03	1.8113621e-45
3.9652800e+03	1.8197988e-45
3.9742700e+03	1.8282722e-45
3.9832800e+03	1.8367824e-45
3.9923100e+03	1.8453296e-45
4.0013600e+03	1.8539139e-45
4.0104300e+03	1.8625439e-45
4.0195200e+03	1.8712113e-45
4.0286300e+03	1.8799162e-45
4.0377600e+03	1.8886586e-45
4.0469100e+03	1.8974388e-45
4.0560800e+03	1.9062655e-45
4.0652800e+03	1.9151301e-45
4.0744900e+03	1.9240330e-45
4.0837300e+03	1.9329828e-45
4.0929800e+03	1.9419622e-45
4.1022600e+03	1.9509889e-45
4.1115600e+03	1.9600543e-45
4.1208800e+03	1.9691673e-45
4.1302200e+03	1.9783192e-45
4.1395800e+03	1.9875101e-45
4.1489600e+03	1.9967403e-45
4.1583700e+03	2.0060187e-45
4.1677900e+03	2.0153276e-45
4.1772400e+03	2.0246940e-45
4.1867100e+03	2.0340912e-45
4.1962000e+03	2.0435372e-45
4.2057100e+03	2.0530233e-45
4.2152400e+03	2.0625586e-45
4.2248000e+03	2.0721341e-45
4.2343700e+03	2.0817410e-45
4.2439700e+03	2.0914067e-45
4.2535900e+03	2.1011131e-45
4.2632300e+03	2.1108603e-45
4.2729000e+03	2.1206578e-45
4.2825800e+03	2.1305056e-45
4.2922900e+03	2.1403762e-45
4.3020200e+03	2.1503067e-45
4.3117700e+03	2.1602788e-45
4.3215400e+03	2.1702927e-45
4.3313400e+03	2.1803577e-45
4.3411500e+03	2.1904646e-45
4.3509900e+03	2.2006232e-45
4.3608600e+03	2.2108240e-45
4.3707400e+03	2.2210767e-45
4.3806500e+03	2.2313720e-45
4.3905800e+03	2.2417100e-45
4.4005300e+03	2.2521004e-45
4.4105000e+03	2.2625339e-45
4.4205000e+03	2.2730200e-45
4.4305200e+03	2.2835496e-45
4.4405600e+03	2.2941226e-45
4.4506300e+03	2.3047489e-45
4.4607200e+03	2.3154285e-45
4.4708300e+03	2.3261425e-45
4.4809600e+03	2.3369103e-45
4.4911200e+03	2.3477320e-45
4.5013000e+03	2.3586078e-45
4.5115000e+03	2.3695282e-45
4.5217300e+03	2.3804934e-45
4.5319700e+03	2.3915132e-45
4.5422500e+03	2.4025781e-45
4.5525400e+03	2.4136979e-45
4.5628600e+03	2.4248730e-45
4.5732000e+03	2.4360937e-45
4.5835700e+03	2.4473601e-45
4.5939600e+03	2.4586821e-45
4.6043700e+03	2.4700602e-45
4.6148100e+03	2.4814844e-45
4.6252700e+03	2.4929550e-45
4.6357500e+03	2.5044820e-45
4.6462600e+03	2.5160657e-45
4.6567900e+03	2.5277063e-45
4.6673500e+03	2.5393839e-45
4.6779300e+03	2.5511288e-45
4.6885300e+03	2.5629210e-45
4.6991600e+03	2.5747607e-45
4.7098100e+03	2.5866582e-45
4.7204800e+03	2.5986137e-45
4.7311800e+03	2.6106275e-45
4.7419100e+03	2.6226894e-45
4.7526600e+03	2.6348100e-45
4.7634300e+03	2.6469790e-45
4.7742200e+03	2.6592071e-45
4.7850500e+03	2.6714943e-45
4.7958900e+03	2.6838306e-45
4.8067600e+03	2.6962368e-45
4.8176600e+03	2.7086820e-45
4.8285800e+03	2.7211872e-45
4.8395200e+03	2.7337631e-45
4.8504900e+03	2.7463888e-45
4.8614900e+03	2.7590647e-45
4.8725100e+03	2.7718014e-45
4.8835500e+03	2.7845885e-45
4.8946200e+03	2.7974473e-45
4.9057100e+03	2.8103570e-45
4.9168300e+03	2.8233389e-45
4.9279800e+03	2.8363613e-45
4.9391500e+03	2.8494458e-45
4.9503400e+03	2.8625924e-45
4.9615600e+03	2.8757908e-45
4.9728100e+03	2.8890625e-45
4.9840800e+03	2.9023971e-45
4.9953800e+03	2.9157840e-45
5.0067000e+03	2.9292234e-45
5.0180500e+03	2.9427479e-45
5.0294200e+03	2.9563144e-45
5.0408200e+03	2.9699448e-45
5.0522500e+03	2.9836394e-45
5.0637000e+03	2.9973983e-45
5.0751800e+03	3.0112217e-45
5.0866800e+03	3.0250990e-45
5.0982100e+03	3.0390413e-45
5.1097700e+03	3.0530487e-45
5.1213500e+03	3.0671216e-45
5.1329600e+03	3.0812602e-45
5.1445900e+03	3.0954535e-45
5.1562500e+03	3.1097352e-45
5.1679400e+03	3.1240610e-45
5.1796500e+03	3.1384533e-45
5.1914000e+03	3.1529123e-45
5.2031600e+03	3.1674384e-45
5.2149600e+03	3.1820204e-45
5.2267800e+03	3.1966811e-45
5.2386200e+03	3.2113982e-45
5.2505000e+03	3.2261946e-45
5.2624000e+03	3.2410477e-45
5.2743300e+03	3.2559920e-45
5.2862800e+03	3.2709821e-45
5.2982600e+03	3.2860295e-45
5.3102700e+03	3.3011575e-45
5.3223100e+03	3.3163662e-45
5.3343700e+03	3.3316330e-45
5.3464600e+03	3.3469696e-45
5.3585800e+03	3.3623762e-45
5.3707300e+03	3.3778530e-45
5.3829000e+03	3.3934004e-45
5.3951000e+03	3.4090184e-45
5.4073300e+03	3.4247191e-45
5.4195900e+03	3.4404677e-45
5.4318700e+03	3.4562994e-45
5.4441900e+03	3.4722028e-45
5.4565300e+03	3.4881781e-45
5.4688900e+03	3.5042256e-45
5.4812900e+03	3.5203456e-45
5.4937100e+03	3.5365263e-45
5.5061700e+03	3.5528037e-45
5.5186500e+03	3.5691424e-45
5.5311600e+03	3.5855545e-45
5.5436900e+03	3.6020523e-45
5.5562600e+03	3.6186240e-45
5.5688500e+03	3.6352579e-45
5.5814700e+03	3.6519783e-45
5.5941300e+03	3.6687612e-45
5.6068100e+03	3.6856312e-45
5.6195100e+03	3.7025765e-45
5.6322500e+03	3.7195971e-45
5.6450200e+03	3.7366935e-45
5.6578100e+03	3.7538659e-45
5.6706400e+03	3.7711267e-45
5.6834900e+03	3.7884517e-45
5.6963700e+03	3.8058782e-45
5.7092800e+03	3.8233570e-45
5.7222300e+03	3.8409254e-45
5.7352000e+03	3.8585714e-45
5.7482000e+03	3.8762951e-45
5.7612300e+03	3.8941219e-45
5.7742800e+03	3.9120021e-45
5.7873700e+03	3.9299734e-45
5.8004900e+03	3.9480236e-45
5.8136400e+03	3.9661529e-45
5.8268100e+03	3.9843869e-45
5.8400200e+03	4.0026880e-45
5.8532600e+03	4.0210564e-45
5.8665300e+03	4.0395304e-45
5.8798200e+03	4.0580849e-45
5.8931500e+03	4.0767203e-45
5.9065100e+03	4.0954368e-45
5.9199000e+03	4.1142475e-45
5.9333200e+03	4.1331270e-45
5.9467600e+03	4.1521141e-45
5.9602400e+03	4.1711576e-45
5.9737500e+03	4.1903224e-45
5.9872900e+03	4.2095571e-45
6.0008600e+03	4.2288749e-45
6.0144700e+03	4.2482890e-45
6.0281000e+03	4.2677737e-45
6.0417600e+03	4.2873685e-45
6.0554600e+03	4.3070475e-45
6.0691800e+03	4.3267979e-45
6.0829400e+03	4.3466726e-45
6.0967300e+03	4.3666060e-45
6.1105500e+03	4.3866381e-45
6.1244000e+03	4.4067691e-45
6.1382800e+03	4.4269994e-45
6.1521900e+03	4.4473027e-45
6.1661400e+03	4.4677193e-45
6.1801100e+03	4.4882094e-45
6.1941200e+03	4.5087868e-45
6.2081600e+03	4.5294784e-45
6.2222300e+03	4.5502445e-45
6.2363400e+03	4.5711121e-45
6.2504700e+03	4.5920817e-45
6.2646400e+03	4.6131400e-45
6.2788400e+03	4.6343009e-45
6.2930700e+03	4.6555376e-45
6.3073400e+03	4.6769049e-45
6.3216300e+03	4.6983348e-45
6.3359600e+03	4.7198824e-45
6.3503200e+03	4.7415068e-45
6.3647200e+03	4.7632497e-45
6.3791400e+03	4.7850838e-45
6.3936000e+03	4.8070094e-45
6.4080900e+03	4.8290547e-45
6.4226200e+03	4.8511922e-45
6.4371800e+03	4.8734082e-45
6.4517700e+03	4.8957589e-45
6.4663900e+03	4.9182029e-45
6.4810500e+03	4.9407403e-45
6.4957400e+03	4.9633716e-45
6.5104600e+03	4.9861110e-45
6.5252200e+03	5.0089591e-45
6.5400100e+03	5.0319303e-45
6.5548300e+03	5.0549825e-45
6.5696900e+03	5.0781444e-45
6.5845800e+03	5.1014021e-45
6.5995100e+03	5.1247702e-45
6.6144700e+03	5.1482634e-45
6.6294600e+03	5.1718535e-45
6.6444800e+03	5.1955264e-45
6.6595500e+03	5.2193111e-45
6.6746400e+03	5.2432226e-45
6.6897700e+03	5.2672467e-45
6.7049300e+03	5.2913695e-45
6.7201300e+03	5.3156056e-45
6.7353600e+03	5.3399410e-45
6.7506300e+03	5.3644052e-45
6.7659300e+03	5.3889694e-45
6.7812700e+03	5.4136485e-45
6.7966400e+03	5.4384283e-45
6.8120400e+03	5.4633385e-45
6.8274800e+03	5.4883502e-45
6.8429600e+03	5.5134783e-45
6.8584700e+03	5.5387085e-45
6.8740100e+03	5.5640709e-45
6.8896000e+03	5.5895361e-45
6.9052100e+03	5.6151343e-45
6.9208600e+03	5.6408361e-45
6.9365500e+03	5.6666568e-45
6.9522700e+03	5.6925818e-45
6.9680300e+03	5.7186415e-45
6.9838300e+03	5.7448062e-45
6.9996600e+03	5.7711066e-45
7.0155200e+03	5.7975128e-45
7.0314200e+03	5.8240403e-45
7.0473600e+03	5.8507048e-45
7.0633300e+03	5.8774762e-45
7.0793400e+03	5.9043702e-45
7.0953900e+03	5.9313872e-45
7.1114700e+03	5.9585277e-45
7.1275900e+03	5.9857920e-45
7.1437500e+03	6.0131805e-45
7.1599400e+03	6.0406782e-45
7.1761700e+03	6.0683165e-45
7.1924400e+03	6.0960804e-45
7.2087400e+03	6.1239546e-45
7.2250800e+03	6.1519708e-45
7.2414500e+03	6.1801138e-45
7.2578700e+03	6.2083684e-45
7.2743200e+03	6.2367663e-45
7.2908100e+03	6.2652924e-45
7.3073300e+03	6.2939470e-45
7.3239000e+03	6.3227306e-45
7.3405000e+03	6.3516437e-45
7.3571400e+03	6.3806866e-45
7.3738100e+03	6.4098758e-45
7.3905300e+03	6.4391798e-45
7.4072800e+03	6.4686149e-45
7.4240700e+03	6.4981978e-45
7.4408900e+03	6.5279128e-45
7.4577600e+03	6.5577604e-45
7.4746600e+03	6.5877410e-45
7.4916100e+03	6.6178550e-45
7.5085900e+03	6.6481193e-45
7.5256100e+03	6.6785016e-45
7.5426600e+03	6.7090351e-45
7.5597600e+03	6.7397040e-45
7.5769000e+03	6.7705085e-45
7.5940700e+03	6.8014493e-45
7.6112800e+03	6.8325268e-45
7.6285400e+03	6.8637580e-45
7.6458300e+03	6.8951434e-45
7.6631600e+03	6.9266503e-45
7.6805300e+03	6.9582958e-45
7.6979400e+03	6.9900970e-45
7.7153800e+03	7.0220545e-45
7.7328700e+03	7.0541521e-45
7.7504000e+03	7.0863903e-45
7.7679700e+03	7.1187525e-45
7.7855700e+03	7.1512731e-45
7.8032200e+03	7.1839525e-45
7.8209100e+03	7.2167743e-45
7.8386400e+03	7.2497562e-45
7.8564000e+03	7.2828815e-45
7.8742100e+03	7.3161336e-45
7.8920600e+03	7.3495643e-45
7.9099500e+03	7.3831572e-45
7.9278800e+03	7.4168783e-45
7.9458500e+03	7.4507626e-45
7.9638600e+03	7.4847933e-45
7.9819100e+03	7.5189883e-45
8.0000000e+03	7.5533133e-45
