9.0000000e+00	3.0166691e-42
9.0203998e+00	4.7150874e-42
9.0408458e+00	8.5062277e-42
9.0613382e+00	2.0138965e-41
9.0818770e+00	9.9074270e-41
9.1024624e+00	1.7108705e-39
9.1230944e+00	4.3839449e-41
9.1437733e+00	1.2751879e-41
9.1644989e+00	5.9165085e-42
9.1852716e+00	3.3765220e-42
9.2060913e+00	2.1675533e-42
9.2269583e+00	1.5014775e-42
9.2478725e+00	1.0970891e-42
9.2688341e+00	8.3395636e-43
9.2898433e+00	6.5359444e-43
9.3109000e+00	5.2485454e-43
9.3320045e+00	4.2992884e-43
9.3531568e+00	3.5804797e-43
9.3743571e+00	3.0239441e-43
9.3956054e+00	2.5848536e-43
9.4169019e+00	2.2327737e-43
9.4382467e+00	1.9464676e-43
9.4596398e+00	1.7107616e-43
9.4810815e+00	1.5145872e-43
9.5025717e+00	1.3497217e-43
9.5241107e+00	1.2099564e-43
9.5456984e+00	1.0905351e-43
9.5673351e+00	9.8776639e-44
9.5890209e+00	8.9875129e-44
9.6107557e+00	8.2118863e-44
9.6325399e+00	7.5323368e-44
9.6543734e+00	6.9339434e-44
9.6762565e+00	6.4045371e-44
9.6981891e+00	5.9341189e-44
9.7201714e+00	5.5144129e-44
9.7422036e+00	5.1385260e-44
9.7642857e+00	4.8006799e-44
9.7864179e+00	4.4960046e-44
9.8086002e+00	4.2203724e-44
9.8308328e+00	3.9702698e-44
9.8531158e+00	3.7426895e-44
9.8754493e+00	3.5350471e-44
9.8978334e+00	3.3451122e-44
9.9202683e+00	3.1709530e-44
9.9427540e+00	3.0108885e-44
9.9652907e+00	2.8634522e-44
9.9878784e+00	2.7273608e-44
1.0010517e+01	2.6014864e-44
1.0033208e+01	2.4848368e-44
1.0055949e+01	2.3765340e-44
1.0078743e+01	2.2758009e-44
1.0101588e+01	2.1819452e-44
1.0124484e+01	2.0943525e-44
1.0147433e+01	2.0124728e-44
1.0170433e+01	1.9358148e-44
1.0193486e+01	1.8639379e-44
1.0216591e+01	1.7964464e-44
1.0239749e+01	1.7329837e-44
1.0262958e+01	1.6732279e-44
1.0286221e+01	1.6168887e-44
1.0309536e+01	1.5637027e-44
1.0332904e+01	1.5134312e-44
1.0356325e+01	1.4658577e-44
1.0379799e+01	1.4207846e-44
1.0403327e+01	1.3780321e-44
1.0426907e+01	1.3374363e-44
1.0450541e+01	1.2988470e-44
1.0474229e+01	1.2621271e-44
1.0497970e+01	1.2271506e-44
1.0521765e+01	1.1938021e-44
1.0545615e+01	1.1619753e-44
1.0569518e+01	1.1315726e-44
1.0593475e+01	1.1025042e-44
1.0617487e+01	1.0746872e-44
1.0641553e+01	1.0480448e-44
1.0665673e+01	1.0225062e-44
1.0689849e+01	9.9800613e-45
1.0714079e+01	9.7448366e-45
1.0738364e+01	9.5188264e-45
1.0762704e+01	9.3015084e-45
1.0787099e+01	9.0923975e-45
1.0811549e+01	8.8910426e-45
1.0836055e+01	8.6970234e-45
1.0860617e+01	8.5099488e-45
1.0885234e+01	8.3294543e-45
1.0909907e+01	8.1551993e-45
1.0934636e+01	7.9868657e-45
1.0959421e+01	7.8241563e-45
1.0984262e+01	7.6667927e-45
1.1009159e+01	7.5145144e-45
1.1034113e+01	7.3670776e-45
1.1059124e+01	7.2242534e-45
1.1084191e+01	7.0858264e-45
1.1109315e+01	6.9515952e-45
1.1134495e+01	6.8213697e-45
1.1159733e+01	6.6949717e-45
1.1185028e+01	6.5722332e-45
1.1210381e+01	6.4529957e-45
1.1235791e+01	6.3371100e-45
1.1261258e+01	6.2244354e-45
1.1286784e+01	6.1148387e-45
1.1312367e+01	6.0081946e-45
1.1338008e+01	5.9043844e-45
1.1363707e+01	5.8032957e-45
1.1389465e+01	5.7048220e-45
1.1415280e+01	5.6088629e-45
1.1441155e+01	5.5153229e-45
1.1467088e+01	5.4241113e-45
1.1493080e+01	5.3351424e-45
1.1519130e+01	5.2483342e-45
1.1545240e+01	5.1636097e-45
1.1571409e+01	5.0808946e-45
1.1597637e+01	5.0001191e-45
1.1623925e+01	4.9212163e-45
1.1650272e+01	4.8441226e-45
1.1676679e+01	4.7687771e-45
1.1703146e+01	4.6951222e-45
1.1729673e+01	4.6231027e-45
1.1756260e+01	4.5526658e-45
1.1782907e+01	4.4837609e-45
1.1809615e+01	4.4163403e-45
1.1836383e+01	4.3503575e-45
1.1863212e+01	4.2857687e-45
1.1890102e+01	4.2225315e-45
1.1917052e+01	4.1606057e-45
1.1944064e+01	4.0999522e-45
1.1971137e+01	4.0405339e-45
1.1998271e+01	3.9823152e-45
1.2025467e+01	3.9252618e-45
1.2052725e+01	3.8693410e-45
1.2080044e+01	3.8145207e-45
1.2107425e+01	3.7607708e-45
1.2134868e+01	3.7080621e-45
1.2162374e+01	3.6563661e-45
1.2189941e+01	3.6056560e-45
1.2217572e+01	3.5559055e-45
1.2245264e+01	3.5070897e-45
1.2273020e+01	3.4591839e-45
1.2300839e+01	3.4121649e-45
1.2328720e+01	3.3660101e-45
1.2356665e+01	3.3206978e-45
1.2384673e+01	3.2762066e-45
1.2412745e+01	3.2325165e-45
1.2440880e+01	3.1896075e-45
1.2469079e+01	3.1474608e-45
1.2497342e+01	3.1060579e-45
1.2525669e+01	3.0653810e-45
1.2554060e+01	3.0254130e-45
1.2582516e+01	2.9861369e-45
1.2611036e+01	2.9475367e-45
1.2639621e+01	2.9095967e-45
1.2668270e+01	2.8723018e-45
1.2696985e+01	2.8356373e-45
1.2725764e+01	2.7995886e-45
1.2754609e+01	2.7641423e-45
1.2783519e+01	2.7292846e-45
1.2812495e+01	2.6950026e-45
1.2841536e+01	2.6612836e-45
1.2870644e+01	2.6281152e-45
1.2899817e+01	2.5954855e-45
1.2929056e+01	2.5633831e-45
1.2958362e+01	2.5317964e-45
1.2987734e+01	2.5007146e-45
1.3017172e+01	2.4701268e-45
1.3046677e+01	2.4400229e-45
1.3076250e+01	2.4103926e-45
1.3105889e+01	2.3812262e-45
1.3135595e+01	2.3525139e-45
1.3165369e+01	2.3242467e-45
1.3195210e+01	2.2964153e-45
1.3225119e+01	2.2690110e-45
1.3255096e+01	2.2420252e-45
1.3285140e+01	2.2154493e-45
1.3315253e+01	2.1892754e-45
1.3345434e+01	2.1634954e-45
1.3375683e+01	2.1381016e-45
1.3406001e+01	2.1130864e-45
1.3436388e+01	2.0884425e-45
1.3466843e+01	2.0641626e-45
1.3497368e+01	2.0402397e-45
1.3527961e+01	2.0166670e-45
1.3558624e+01	1.9934379e-45
1.3589357e+01	1.9705458e-45
1.3620159e+01	1.9479844e-45
1.3651031e+01	1.9257474e-45
1.3681973e+01	1.9038287e-45
1.3712985e+01	1.8822226e-45
1.3744068e+01	1.8609232e-45
1.3775221e+01	1.8399249e-45
1.3806444e+01	1.8192221e-45
1.3837739e+01	1.7988096e-45
1.3869104e+01	1.7786820e-45
1.3900540e+01	1.7588341e-45
1.3932048e+01	1.7392611e-45
1.3963627e+01	1.7199580e-45
1.3995277e+01	1.7009200e-45
1.4027000e+01	1.6821423e-45
1.4058794e+01	1.6636206e-45
1.4090660e+01	1.6453502e-45
1.4122599e+01	1.6273267e-45
1.4154610e+01	1.6095460e-45
1.4186693e+01	1.5920038e-45
1.4218849e+01	1.5746960e-45
1.4251078e+01	1.5576187e-45
1.4283380e+01	1.5407679e-45
1.4315756e+01	1.5241397e-45
1.4348204e+01	1.5077305e-45
1.4380727e+01	1.4915365e-45
1.4413323e+01	1.4755542e-45
1.4445993e+01	1.4597800e-45
1.4478736e+01	1.4442106e-45
1.4511555e+01	1.4288425e-45
1.4544447e+01	1.4136724e-45
1.4577414e+01	1.3986972e-45
1.4610456e+01	1.3839135e-45
1.4643573e+01	1.3693185e-45
1.4676764e+01	1.3549090e-45
1.4710031e+01	1.3406820e-45
1.4743374e+01	1.3266346e-45
1.4776792e+01	1.3127641e-45
1.4810286e+01	1.2990675e-45
1.4843855e+01	1.2855422e-45
1.4877501e+01	1.2721855e-45
1.4911223e+01	1.2589946e-45
1.4945021e+01	1.2459672e-45
1.4978896e+01	1.2331006e-45
1.5012848e+01	1.2203924e-45
1.5046877e+01	1.2078401e-45
1.5080983e+01	1.1954413e-45
1.5115166e+01	1.1831939e-45
1.5149427e+01	1.1710953e-45
1.5183765e+01	1.1591433e-45
1.5218181e+01	1.1473360e-45
1.5252676e+01	1.1356709e-45
1.5287248e+01	1.1241460e-45
1.5321899e+01	1.1127593e-45
1.5356628e+01	1.1015086e-45
1.5391436e+01	1.0903921e-45
1.5426323e+01	1.0794077e-45
1.5461289e+01	1.0685534e-45
1.5496334e+01	1.0578275e-45
1.5531459e+01	1.0472280e-45
1.5566663e+01	1.0367533e-45
1.5601947e+01	1.0264012e-45
1.5637311e+01	1.0161704e-45
1.5672755e+01	1.0060588e-45
1.5708280e+01	9.9606497e-46
1.5743885e+01	9.8618710e-46
1.5779571e+01	9.7642357e-46
1.5815337e+01	9.6677285e-46
1.5851185e+01	9.5723335e-46
1.5887114e+01	9.4780347e-46
1.5923125e+01	9.3848172e-46
1.5959217e+01	9.2926657e-46
1.5995390e+01	9.2015665e-46
1.6031646e+01	9.1115040e-46
1.6067984e+01	9.0224642e-46
1.6104405e+01	8.9344342e-46
1.6140908e+01	8.8473992e-46
1.6177493e+01	8.7613466e-46
1.6214162e+01	8.6762624e-46
1.6250914e+01	8.5921339e-46
1.6287749e+01	8.5089485e-46
1.6324667e+01	8.4266931e-46
1.6361670e+01	8.3453561e-46
1.6398756e+01	8.2649247e-46
1.6435926e+01	8.1853874e-46
1.6473180e+01	8.1067318e-46
1.6510519e+01	8.0289472e-46
1.6547942e+01	7.9520216e-46
1.6585451e+01	7.8759438e-46
1.6623044e+01	7.8007032e-46
1.6660723e+01	7.7262885e-46
1.6698486e+01	7.6526896e-46
1.6736336e+01	7.5798955e-46
1.6774271e+01	7.5078965e-46
1.6812293e+01	7.4366817e-46
1.6850400e+01	7.3662411e-46
1.6888594e+01	7.2965657e-46
1.6926874e+01	7.2276451e-46
1.6965242e+01	7.1594700e-46
1.7003696e+01	7.0920308e-46
1.7042237e+01	7.0253188e-46
1.7080866e+01	6.9593242e-46
1.7119582e+01	6.8940384e-46
1.7158386e+01	6.8294529e-46
1.7197278e+01	6.7655584e-46
1.7236258e+01	6.7023468e-46
1.7275326e+01	6.6398091e-46
1.7314483e+01	6.5779379e-46
1.7353729e+01	6.5167240e-46
1.7393064e+01	6.4561606e-46
1.7432488e+01	6.3962386e-46
1.7472001e+01	6.3369503e-46
1.7511604e+01	6.2782889e-46
1.7551296e+01	6.2202460e-46
1.7591079e+01	6.1628147e-46
1.7630952e+01	6.1059868e-46
1.7670915e+01	6.0497556e-46
1.7710968e+01	5.9941141e-46
1.7751113e+01	5.9390553e-46
1.7791348e+01	5.8845716e-46
1.7831675e+01	5.8306568e-46
1.7872093e+01	5.7773040e-46
1.7912603e+01	5.7245060e-46
1.7953204e+01	5.6722572e-46
1.7993898e+01	5.6205504e-46
1.8034683e+01	5.5693791e-46
1.8075562e+01	5.5187378e-46
1.8116532e+01	5.4686201e-46
1.8157596e+01	5.4190192e-46
1.8198753e+01	5.3699298e-46
1.8240003e+01	5.3213452e-46
1.8281347e+01	5.2732605e-46
1.8322784e+01	5.2256694e-46
1.8364315e+01	5.1785661e-46
1.8405941e+01	5.1319452e-46
1.8447660e+01	5.0858012e-46
1.8489475e+01	5.0401283e-46
1.8531384e+01	4.9949215e-46
1.8573388e+01	4.9501751e-46
1.8615487e+01	4.9058843e-46
1.8657682e+01	4.8620435e-46
1.8699972e+01	4.8186475e-46
1.8742358e+01	4.7756917e-46
1.8784840e+01	4.7331710e-46
1.8827419e+01	4.6910804e-46
1.8870094e+01	4.6494149e-46
1.8912866e+01	4.6081698e-46
1.8955734e+01	4.5673405e-46
1.8998700e+01	4.5269226e-46
1.9041764e+01	4.4869106e-46
1.9084925e+01	4.4473010e-46
1.9128183e+01	4.4080888e-46
1.9171540e+01	4.3692696e-46
1.9214995e+01	4.3308390e-46
1.9258549e+01	4.2927932e-46
1.9302201e+01	4.2551273e-46
1.9345952e+01	4.2178373e-46
1.9389802e+01	4.1809187e-46
1.9433752e+01	4.1443685e-46
1.9477802e+01	4.1081813e-46
1.9521951e+01	4.0723543e-46
1.9566200e+01	4.0368826e-46
1.9610550e+01	4.0017630e-46
1.9655000e+01	3.9669912e-46
1.9699551e+01	3.9325638e-46
1.9744203e+01	3.8984765e-46
1.9788956e+01	3.8647262e-46
1.9833810e+01	3.8313091e-46
1.9878766e+01	3.7982213e-46
1.9923825e+01	3.7654599e-46
1.9968985e+01	3.7330205e-46
2.0014247e+01	3.7008999e-46
2.0059612e+01	3.6690950e-46
2.0105080e+01	3.6376022e-46
2.0150652e+01	3.6064182e-46
2.0196326e+01	3.5755395e-46
2.0242104e+01	3.5449633e-46
2.0287985e+01	3.5146857e-46
2.0333971e+01	3.4847040e-46
2.0380061e+01	3.4550151e-46
2.0426255e+01	3.4256157e-46
2.0472554e+01	3.3965027e-46
2.0518958e+01	3.3676728e-46
2.0565467e+01	3.3391236e-46
2.0612082e+01	3.3108514e-46
2.0658802e+01	3.2828541e-46
2.0705628e+01	3.2551283e-46
2.0752561e+01	3.2276713e-46
2.0799599e+01	3.2004799e-46
2.0846745e+01	3.1735520e-46
2.0893997e+01	3.1468841e-46
2.0941356e+01	3.1204738e-46
2.0988823e+01	3.0943188e-46
2.1036397e+01	3.0684158e-46
2.1084079e+01	3.0427622e-46
2.1131869e+01	3.0173559e-46
2.1179767e+01	2.9921939e-46
2.1227774e+01	2.9672739e-46
2.1275890e+01	2.9425934e-46
2.1324115e+01	2.9181495e-46
2.1372449e+01	2.8939402e-46
2.1420893e+01	2.8699630e-46
2.1469446e+01	2.8462153e-46
2.1518110e+01	2.8226947e-46
2.1566884e+01	2.7993991e-46
2.1615768e+01	2.7763261e-46
2.1664764e+01	2.7534733e-46
2.1713870e+01	2.7308385e-46
2.1763087e+01	2.7084197e-46
2.1812417e+01	2.6862141e-46
2.1861858e+01	2.6642201e-46
2.1911411e+01	2.6424356e-46
2.1961076e+01	2.6208576e-46
2.2010854e+01	2.5994848e-46
2.2060745e+01	2.5783149e-46
2.2110749e+01	2.5573456e-46
2.2160866e+01	2.5365751e-46
2.2211097e+01	2.5160016e-46
2.2261441e+01	2.4956224e-46
2.2311900e+01	2.4754362e-46
2.2362473e+01	2.4554407e-46
2.2413161e+01	2.4356340e-46
2.2463963e+01	2.4160145e-46
2.2514881e+01	2.3965796e-46
2.2565914e+01	2.3773283e-46
2.2617063e+01	2.3582581e-46
2.2668328e+01	2.3393675e-46
2.2719709e+01	2.3206543e-46
2.2771207e+01	2.3021174e-46
2.2822821e+01	2.2837545e-46
2.2874552e+01	2.2655638e-46
2.2926401e+01	2.2475440e-46
2.2978367e+01	2.2296928e-46
2.3030450e+01	2.2120092e-46
2.3082652e+01	2.1944909e-46
2.3134972e+01	2.1771368e-46
2.3187411e+01	2.1599446e-46
2.3239969e+01	2.1429133e-46
2.3292645e+01	2.1260410e-46
2.3345442e+01	2.1093263e-46
2.3398357e+01	2.0927673e-46
2.3451393e+01	2.0763628e-46
2.3504549e+01	2.0601111e-46
2.3557825e+01	2.0440106e-46
2.3611223e+01	2.0280600e-46
2.3664741e+01	2.0122574e-46
2.3718380e+01	1.9966021e-46
2.3772142e+01	1.9810917e-46
2.3826025e+01	1.9657257e-46
2.3880030e+01	1.9505019e-46
2.3934157e+01	1.9354194e-46
2.3988407e+01	1.9204763e-46
2.4042781e+01	1.9056720e-46
2.4097277e+01	1.8910042e-46
2.4151897e+01	1.8764723e-46
2.4206641e+01	1.8620748e-46
2.4261508e+01	1.8478101e-46
2.4316501e+01	1.8336773e-46
2.4371617e+01	1.8196745e-46
2.4426859e+01	1.8058011e-46
2.4482226e+01	1.7920553e-46
2.4537719e+01	1.7784364e-46
2.4593337e+01	1.7649425e-46
2.4649081e+01	1.7515728e-46
2.4704952e+01	1.7383262e-46
2.4760949e+01	1.7252011e-46
2.4817074e+01	1.7121966e-46
2.4873325e+01	1.6993114e-46
2.4929704e+01	1.6865445e-46
2.4986211e+01	1.6738944e-46
2.5042846e+01	1.6613604e-46
2.5099609e+01	1.6489411e-46
2.5156501e+01	1.6366354e-46
2.5213522e+01	1.6244420e-46
2.5270672e+01	1.6123603e-46
2.5327951e+01	1.6003889e-46
2.5385361e+01	1.5885270e-46
2.5442900e+01	1.5767732e-46
2.5500570e+01	1.5651266e-46
2.5558371e+01	1.5535860e-46
2.5616303e+01	1.5421507e-46
2.5674366e+01	1.5308195e-46
2.5732560e+01	1.5195914e-46
2.5790887e+01	1.5084654e-46
2.5849346e+01	1.4974405e-46
2.5907937e+01	1.4865157e-46
2.5966661e+01	1.4756902e-46
2.6025518e+01	1.4649629e-46
2.6084509e+01	1.4543328e-46
2.6143633e+01	1.4437991e-46
2.6202891e+01	1.4333609e-46
2.6262284e+01	1.4230171e-46
2.6321811e+01	1.4127671e-46
2.6381473e+01	1.4026096e-46
2.6441271e+01	1.3925440e-46
2.6501204e+01	1.3825694e-46
2.6561272e+01	1.3726848e-46
2.6621477e+01	1.3628893e-46
2.6681819e+01	1.3531822e-46
2.6742297e+01	1.3435627e-46
2.6802912e+01	1.3340299e-46
2.6863665e+01	1.3245828e-46
2.6924555e+01	1.3152209e-46
2.6985584e+01	1.3059432e-46
2.7046750e+01	1.2967488e-46
2.7108056e+01	1.2876369e-46
2.7169500e+01	1.2786071e-46
2.7231084e+01	1.2696582e-46
2.7292807e+01	1.2607897e-46
2.7354670e+01	1.2520005e-46
2.7416673e+01	1.2432903e-46
2.7478817e+01	1.2346581e-46
2.7541102e+01	1.2261031e-46
2.7603527e+01	1.2176246e-46
2.7666095e+01	1.2092220e-46
2.7728804e+01	1.2008945e-46
2.7791655e+01	1.1926413e-46
2.7854649e+01	1.1844620e-46
2.7917786e+01	1.1763554e-46
2.7981065e+01	1.1683212e-46
2.8044488e+01	1.1603588e-46
2.8108055e+01	1.1524671e-46
2.8171766e+01	1.1446458e-46
2.8235622e+01	1.1368940e-46
2.8299622e+01	1.1292112e-46
2.8363767e+01	1.1215969e-46
2.8428057e+01	1.1140499e-46
2.8492494e+01	1.1065702e-46
2.8557076e+01	1.0991566e-46
2.8621805e+01	1.0918091e-46
2.8686680e+01	1.0845265e-46
2.8751703e+01	1.0773084e-46
2.8816873e+01	1.0701545e-46
2.8882190e+01	1.0630637e-46
2.8947656e+01	1.0560357e-46
2.9013270e+01	1.0490698e-46
2.9079033e+01	1.0421656e-46
2.9144944e+01	1.0353223e-46
2.9211006e+01	1.0285394e-46
2.9277216e+01	1.0218163e-46
2.9343577e+01	1.0151526e-46
2.9410089e+01	1.0085476e-46
2.9476751e+01	1.0020008e-46
2.9543564e+01	9.9551153e-47
2.9610529e+01	9.8907942e-47
2.9677646e+01	9.8270388e-47
2.9744914e+01	9.7638438e-47
2.9812335e+01	9.7012040e-47
2.9879909e+01	9.6391141e-47
2.9947636e+01	9.5775690e-47
3.0015517e+01	9.5165638e-47
3.0083552e+01	9.4560933e-47
3.0151740e+01	9.3961527e-47
3.0220084e+01	9.3367367e-47
3.0288582e+01	9.2778408e-47
3.0357235e+01	9.2194600e-47
3.0426044e+01	9.1615896e-47
3.0495009e+01	9.1042247e-47
3.0564130e+01	9.0473607e-47
3.0633408e+01	8.9909930e-47
3.0702844e+01	8.9351168e-47
3.0772436e+01	8.8797279e-47
3.0842186e+01	8.8248215e-47
3.0912094e+01	8.7703931e-47
3.0982161e+01	8.7164384e-47
3.1052387e+01	8.6629530e-47
3.1122771e+01	8.6099325e-47
3.1193315e+01	8.5573726e-47
3.1264020e+01	8.5052691e-47
3.1334884e+01	8.4536179e-47
3.1405909e+01	8.4024145e-47
3.1477095e+01	8.3516551e-47
3.1548442e+01	8.3013351e-47
3.1619951e+01	8.2514510e-47
3.1691623e+01	8.2019986e-47
3.1763456e+01	8.1529737e-47
3.1835453e+01	8.1043726e-47
3.1907612e+01	8.0561914e-47
3.1979936e+01	8.0084261e-47
3.2052423e+01	7.9610730e-47
3.2125074e+01	7.9141280e-47
3.2197890e+01	7.8675878e-47
3.2270871e+01	7.8214482e-47
3.2344018e+01	7.7757061e-47
3.2417330e+01	7.7303572e-47
3.2490809e+01	7.6853984e-47
3.2564454e+01	7.6408258e-47
3.2638266e+01	7.5966358e-47
3.2712245e+01	7.5528253e-47
3.2786392e+01	7.5093906e-47
3.2860707e+01	7.4663281e-47
3.2935191e+01	7.4236345e-47
3.3009843e+01	7.3813065e-47
3.3084665e+01	7.3393407e-47
3.3159656e+01	7.2977335e-47
3.3234817e+01	7.2564822e-47
3.3310148e+01	7.2155830e-47
3.3385651e+01	7.1750331e-47
3.3461324e+01	7.1348290e-47
3.3537169e+01	7.0949677e-47
3.3613186e+01	7.0554459e-47
3.3689375e+01	7.0162606e-47
3.3765737e+01	6.9774087e-47
3.3842272e+01	6.9388873e-47
3.3918980e+01	6.9006933e-47
3.3995862e+01	6.8628236e-47
3.4072919e+01	6.8252756e-47
3.4150150e+01	6.7880457e-47
3.4227556e+01	6.7511316e-47
3.4305138e+01	6.7145302e-47
3.4382895e+01	6.6782386e-47
3.4460829e+01	6.6422542e-47
3.4538940e+01	6.6065740e-47
3.4617227e+01	6.5711954e-47
3.4695692e+01	6.5361153e-47
3.4774335e+01	6.5013314e-47
3.4853156e+01	6.4668408e-47
3.4932155e+01	6.4326409e-47
3.5011334e+01	6.3987290e-47
3.5090692e+01	6.3651026e-47
3.5170230e+01	6.3317590e-47
3.5249949e+01	6.2986956e-47
3.5329848e+01	6.2659100e-47
3.5409928e+01	6.2333997e-47
3.5490190e+01	6.2011620e-47
3.5570633e+01	6.1691945e-47
3.5651259e+01	6.1374948e-47
3.5732068e+01	6.1060606e-47
3.5813060e+01	6.0748893e-47
3.5894235e+01	6.0439786e-47
3.5975595e+01	6.0133261e-47
3.6057139e+01	5.9829295e-47
3.6138867e+01	5.9527866e-47
3.6220781e+01	5.9228950e-47
3.6302881e+01	5.8932523e-47
3.6385167e+01	5.8638565e-47
3.6467639e+01	5.8347052e-47
3.6550298e+01	5.8057961e-47
3.6633144e+01	5.7771274e-47
3.6716179e+01	5.7486967e-47
3.6799401e+01	5.7205017e-47
3.6882812e+01	5.6925404e-47
3.6966413e+01	5.6648109e-47
3.7050202e+01	5.6373109e-47
3.7134182e+01	5.6100383e-47
3.7218352e+01	5.5829911e-47
3.7302713e+01	5.5561675e-47
3.7387265e+01	5.5295650e-47
3.7472008e+01	5.5031822e-47
3.7556944e+01	5.4770167e-47
3.7642072e+01	5.4510666e-47
3.7727393e+01	5.4253301e-47
3.7812908e+01	5.3998052e-47
3.7898616e+01	5.3744901e-47
3.7984519e+01	5.3493828e-47
3.8070616e+01	5.3244815e-47
3.8156909e+01	5.2997844e-47
3.8243397e+01	5.2752896e-47
3.8330081e+01	5.2509952e-47
3.8416962e+01	5.2268996e-47
3.8504039e+01	5.2030009e-47
3.8591314e+01	5.1792975e-47
3.8678787e+01	5.1557873e-47
3.8766458e+01	5.1324688e-47
3.8854328e+01	5.1093405e-47
3.8942397e+01	5.0864003e-47
3.9030665e+01	5.0636467e-47
3.9119134e+01	5.0410781e-47
3.9207803e+01	5.0186928e-47
3.9296673e+01	4.9964891e-47
3.9385745e+01	4.9744655e-47
3.9475018e+01	4.9526202e-47
3.9564494e+01	4.9309519e-47
3.9654172e+01	4.9094588e-47
3.9744054e+01	4.8881392e-47
3.9834140e+01	4.8669920e-47
3.9924430e+01	4.8460154e-47
4.0014924e+01	4.8252078e-47
4.0105624e+01	4.8045680e-47
4.0196529e+01	4.7840941e-47
4.0287640e+01	4.7637850e-47
4.0378958e+01	4.7436389e-47
4.0470483e+01	4.7236547e-47
4.0562215e+01	4.7038306e-47
4.0654155e+01	4.6841656e-47
4.0746303e+01	4.6646579e-47
4.0838661e+01	4.6453063e-47
4.0931227e+01	4.6261095e-47
4.1024004e+01	4.6070659e-47
4.1116991e+01	4.5881742e-47
4.1210188e+01	4.5694332e-47
4.1303597e+01	4.5508415e-47
4.1397218e+01	4.5323976e-47
4.1491050e+01	4.5141006e-47
4.1585096e+01	4.4959488e-47
4.1679354e+01	4.4779411e-47
4.1773827e+01	4.4600762e-47
4.1868513e+01	4.4423529e-47
4.1963414e+01	4.4247698e-47
4.2058530e+01	4.4073258e-47
4.2153862e+01	4.3900196e-47
4.2249410e+01	4.3728501e-47
4.2345174e+01	4.3558159e-47
4.2441155e+01	4.3389159e-47
4.2537354e+01	4.3221490e-47
4.2633771e+01	4.3055140e-47
4.2730407e+01	4.2890098e-47
4.2827262e+01	4.2726350e-47
4.2924336e+01	4.2563886e-47
4.3021630e+01	4.2402695e-47
4.3119145e+01	4.2242767e-47
4.3216880e+01	4.2084088e-47
4.3314838e+01	4.1926651e-47
4.3413017e+01	4.1770440e-47
4.3511419e+01	4.1615449e-47
4.3610044e+01	4.1461665e-47
4.3708892e+01	4.1309077e-47
4.3807965e+01	4.1157677e-47
4.3907262e+01	4.1007452e-47
4.4006784e+01	4.0858393e-47
4.4106531e+01	4.0710488e-47
4.4206505e+01	4.0563730e-47
4.4306706e+01	4.0418108e-47
4.4407133e+01	4.0273610e-47
4.4507788e+01	4.0130227e-47
4.4608672e+01	3.9987951e-47
4.4709784e+01	3.9846771e-47
4.4811125e+01	3.9706679e-47
4.4912696e+01	3.9567663e-47
4.5014497e+01	3.9429715e-47
4.5116528e+01	3.9292826e-47
4.5218792e+01	3.9156986e-47
4.5321286e+01	3.9022187e-47
4.5424014e+01	3.8888418e-47
4.5526974e+01	3.8755672e-47
4.5630167e+01	3.8623939e-47
4.5733594e+01	3.8493211e-47
4.5837256e+01	3.8363479e-47
4.5941153e+01	3.8234734e-47
4.6045285e+01	3.8106967e-47
4.6149653e+01	3.7980170e-47
4.6254258e+01	3.7854337e-47
4.6359100e+01	3.7729456e-47
4.6464180e+01	3.7605520e-47
4.6569498e+01	3.7482522e-47
4.6675054e+01	3.7360452e-47
4.6780850e+01	3.7239303e-47
4.6886885e+01	3.7119068e-47
4.6993161e+01	3.6999737e-47
4.7099678e+01	3.6881303e-47
4.7206436e+01	3.6763760e-47
4.7313436e+01	3.6647098e-47
4.7420679e+01	3.6531310e-47
4.7528165e+01	3.6416390e-47
4.7635894e+01	3.6302329e-47
4.7743868e+01	3.6189119e-47
4.7852086e+01	3.6076754e-47
4.7960550e+01	3.5965228e-47
4.8069259e+01	3.5854531e-47
4.8178215e+01	3.5744656e-47
4.8287418e+01	3.5635599e-47
4.8396868e+01	3.5527349e-47
4.8506567e+01	3.5419902e-47
4.8616514e+01	3.5313250e-47
4.8726710e+01	3.5207387e-47
4.8837156e+01	3.5102306e-47
4.8947853e+01	3.4997999e-47
4.9058800e+01	3.4894461e-47
4.9169999e+01	3.4791685e-47
4.9281450e+01	3.4689664e-47
4.9393153e+01	3.4588392e-47
4.9505110e+01	3.4487862e-47
4.9617320e+01	3.4388069e-47
4.9729785e+01	3.4289006e-47
4.9842505e+01	3.4190666e-47
4.9955480e+01	3.4093044e-47
5.0068711e+01	3.3996133e-47
5.0182199e+01	3.3899927e-47
5.0295944e+01	3.3804422e-47
5.0409947e+01	3.3709609e-47
5.0524209e+01	3.3615484e-47
5.0638729e+01	3.3522042e-47
5.0753509e+01	3.3429275e-47
5.0868549e+01	3.3337179e-47
5.0983850e+01	3.3245747e-47
5.1099412e+01	3.3154974e-47
5.1215237e+01	3.3064854e-47
5.1331323e+01	3.2975383e-47
5.1447673e+01	3.2886555e-47
5.1564287e+01	3.2798363e-47
5.1681164e+01	3.2710803e-47
5.1798307e+01	3.2623869e-47
5.1915716e+01	3.2537557e-47
5.2033390e+01	3.2451860e-47
5.2151331e+01	3.2366774e-47
5.2269540e+01	3.2282294e-47
5.2388016e+01	3.2198415e-47
5.2506761e+01	3.2115130e-47
5.2625775e+01	3.2032436e-47
5.2745059e+01	3.1950329e-47
5.2864613e+01	3.1868801e-47
5.2984439e+01	3.1787849e-47
5.3104535e+01	3.1707470e-47
5.3224904e+01	3.1627655e-47
5.3345546e+01	3.1548402e-47
5.3466462e+01	3.1469707e-47
5.3587651e+01	3.1391563e-47
5.3709115e+01	3.1313967e-47
5.3830855e+01	3.1236914e-47
5.3952870e+01	3.1160400e-47
5.4075162e+01	3.1084419e-47
5.4197731e+01	3.1008969e-47
5.4320578e+01	3.0934044e-47
5.4443703e+01	3.0859639e-47
5.4567108e+01	3.0785751e-47
5.4690792e+01	3.0712376e-47
5.4814757e+01	3.0639508e-47
5.4939002e+01	3.0567145e-47
5.5063529e+01	3.0495282e-47
5.5188339e+01	3.0423914e-47
5.5313431e+01	3.0353038e-47
5.5438807e+01	3.0282649e-47
5.5564467e+01	3.0212743e-47
5.5690412e+01	3.0143317e-47
5.5816642e+01	3.0074367e-47
5.5943158e+01	3.0005889e-47
5.6069962e+01	2.9937878e-47
5.6197052e+01	2.9870330e-47
5.6324431e+01	2.9803245e-47
5.6452098e+01	2.9736615e-47
5.6580055e+01	2.9670436e-47
5.6708302e+01	2.9604708e-47
5.6836840e+01	2.9539426e-47
5.6965668e+01	2.9474584e-47
5.7094789e+01	2.9410182e-47
5.7224203e+01	2.9346213e-47
5.7353910e+01	2.9282675e-47
5.7483911e+01	2.9219565e-47
5.7614206e+01	2.9156880e-47
5.7744797e+01	2.9094615e-47
5.7875684e+01	2.9032766e-47
5.8006867e+01	2.8971332e-47
5.8138348e+01	2.8910308e-47
5.8270127e+01	2.8849693e-47
5.8402205e+01	2.8789480e-47
5.8534582e+01	2.8729669e-47
5.8667259e+01	2.8670255e-47
5.8800237e+01	2.8611235e-47
5.8933516e+01	2.8552605e-47
5.9067097e+01	2.8494365e-47
5.9200981e+01	2.8436509e-47
5.9335169e+01	2.8379035e-47
5.9469660e+01	2.8321939e-47
5.9604457e+01	2.8265220e-47
5.9739559e+01	2.8208873e-47
5.9874967e+01	2.8152895e-47
6.0010683e+01	2.8097285e-47
6.0146705e+01	2.8042039e-47
6.0283037e+01	2.7987153e-47
6.0419677e+01	2.7932626e-47
6.0556627e+01	2.7878454e-47
6.0693887e+01	2.7824633e-47
6.0831458e+01	2.7771164e-47
6.0969342e+01	2.7718041e-47
6.1107537e+01	2.7665261e-47
6.1246046e+01	2.7612824e-47
6.1384869e+01	2.7560726e-47
6.1524007e+01	2.7508963e-47
6.1663460e+01	2.7457535e-47
6.1803229e+01	2.7406436e-47
6.1943315e+01	2.7355667e-47
6.2083718e+01	2.7305223e-47
6.2224440e+01	2.7255102e-47
6.2365481e+01	2.7205302e-47
6.2506841e+01	2.7155820e-47
6.2648522e+01	2.7106653e-47
6.2790524e+01	2.7057800e-47
6.2932847e+01	2.7009258e-47
6.3075494e+01	2.6961024e-47
6.3218463e+01	2.6913096e-47
6.3361757e+01	2.6865471e-47
6.3505376e+01	2.6818149e-47
6.3649320e+01	2.6771124e-47
6.3793590e+01	2.6724396e-47
6.3938187e+01	2.6677964e-47
6.4083113e+01	2.6631822e-47
6.4228366e+01	2.6585972e-47
6.4373949e+01	2.6540408e-47
6.4519862e+01	2.6495130e-47
6.4666105e+01	2.6450134e-47
6.4812680e+01	2.6405421e-47
6.4959588e+01	2.6360986e-47
6.5106828e+01	2.6316828e-47
6.5254402e+01	2.6272945e-47
6.5402310e+01	2.6229334e-47
6.5550554e+01	2.6185995e-47
6.5699134e+01	2.6142923e-47
6.5848050e+01	2.6100118e-47
6.5997304e+01	2.6057578e-47
6.6146897e+01	2.6015300e-47
6.6296828e+01	2.5973283e-47
6.6447099e+01	2.5931523e-47
6.6597711e+01	2.5890021e-47
6.6748665e+01	2.5848774e-47
6.6899960e+01	2.5807780e-47
6.7051599e+01	2.5767036e-47
6.7203581e+01	2.5726541e-47
6.7355907e+01	2.5686293e-47
6.7508579e+01	2.5646292e-47
6.7661597e+01	2.5606534e-47
6.7814962e+01	2.5567017e-47
6.7968674e+01	2.5527740e-47
6.8122735e+01	2.5488701e-47
6.8277145e+01	2.5449899e-47
6.8431905e+01	2.5411332e-47
6.8587015e+01	2.5372998e-47
6.8742478e+01	2.5334894e-47
6.8898292e+01	2.5297021e-47
6.9054460e+01	2.5259375e-47
6.9210982e+01	2.5221955e-47
6.9367859e+01	2.5184761e-47
6.9525091e+01	2.5147790e-47
6.9682680e+01	2.5111039e-47
6.9840626e+01	2.5074508e-47
6.9998929e+01	2.5038196e-47
7.0157592e+01	2.5002100e-47
7.0316614e+01	2.4966219e-47
7.0475997e+01	2.4930552e-47
7.0635741e+01	2.4895097e-47
7.0795847e+01	2.4859852e-47
7.0956316e+01	2.4824816e-47
7.1117149e+01	2.4789988e-47
7.1278346e+01	2.4755365e-47
7.1439908e+01	2.4720947e-47
7.1601837e+01	2.4686733e-47
7.1764133e+01	2.4652719e-47
7.1926797e+01	2.4618906e-47
7.2089829e+01	2.4585292e-47
7.2253231e+01	2.4551876e-47
7.2417004e+01	2.4518656e-47
7.2581147e+01	2.4485629e-47
7.2745663e+01	2.4452798e-47
7.2910551e+01	2.4420157e-47
7.3075813e+01	2.4387707e-47
7.3241450e+01	2.4355446e-47
7.3407463e+01	2.4323373e-47
7.3573851e+01	2.4291487e-47
7.3740617e+01	2.4259787e-47
7.3907761e+01	2.4228270e-47
7.4075283e+01	2.4196937e-47
7.4243185e+01	2.4165786e-47
7.4411468e+01	2.4134814e-47
7.4580133e+01	2.4104022e-47
7.4749179e+01	2.4073408e-47
7.4918609e+01	2.4042971e-47
7.5088423e+01	2.4012709e-47
7.5258621e+01	2.3982621e-47
7.5429206e+01	2.3952706e-47
7.5600177e+01	2.3922965e-47
7.5771536e+01	2.3893394e-47
7.5943283e+01	2.3863992e-47
7.6115419e+01	2.3834759e-47
7.6287946e+01	2.3805693e-47
7.6460863e+01	2.3776794e-47
7.6634173e+01	2.3748061e-47
7.6807875e+01	2.3719491e-47
7.6981971e+01	2.3691084e-47
7.7156462e+01	2.3662840e-47
7.7331348e+01	2.3634757e-47
7.7506631e+01	2.3606834e-47
7.7682311e+01	2.3579068e-47
7.7858389e+01	2.3551462e-47
7.8034866e+01	2.3524012e-47
7.8211743e+01	2.3496719e-47
7.8389021e+01	2.3469580e-47
7.8566701e+01	2.3442594e-47
7.8744784e+01	2.3415762e-47
7.8923271e+01	2.3389082e-47
7.9102161e+01	2.3362553e-47
7.9281458e+01	2.3336174e-47
7.9461161e+01	2.3309943e-47
7.9641271e+01	2.3283861e-47
7.9821789e+01	2.3257926e-47
8.0002717e+01	2.3232137e-47
8.0184054e+01	2.3206494e-47
8.0365803e+01	2.3180994e-47
8.0547964e+01	2.3155639e-47
8.0730537e+01	2.3130426e-47
8.0913525e+01	2.3105355e-47
8.1096927e+01	2.3080425e-47
8.1280745e+01	2.3055635e-47
8.1464979e+01	2.3030984e-47
8.1649631e+01	2.3006472e-47
8.1834702e+01	2.2982097e-47
8.2020192e+01	2.2957858e-47
8.2206103e+01	2.2933756e-47
8.2392434e+01	2.2909788e-47
8.2579189e+01	2.2885955e-47
8.2766366e+01	2.2862255e-47
8.2953968e+01	2.2838687e-47
8.3141995e+01	2.2815252e-47
8.3330449e+01	2.2791948e-47
8.3519329e+01	2.2768774e-47
8.3708638e+01	2.2745729e-47
8.3898375e+01	2.2722813e-47
8.4088543e+01	2.2700026e-47
8.4279142e+01	2.2677366e-47
8.4470173e+01	2.2654832e-47
8.4661636e+01	2.2632424e-47
8.4853534e+01	2.2610141e-47
8.5045867e+01	2.2587982e-47
8.5238636e+01	2.2565948e-47
8.5431841e+01	2.2544036e-47
8.5625485e+01	2.2522247e-47
8.5819567e+01	2.2500579e-47
8.6014090e+01	2.2479032e-47
8.6209053e+01	2.2457605e-47
8.6404458e+01	2.2436298e-47
8.6600306e+01	2.2415111e-47
8.6796598e+01	2.2394041e-47
8.6993335e+01	2.2373088e-47
8.7190518e+01	2.2352254e-47
8.7388148e+01	2.2331534e-47
8.7586226e+01	2.2310931e-47
8.7784753e+01	2.2290443e-47
8.7983729e+01	2.2270070e-47
8.8183157e+01	2.2249810e-47
8.8383037e+01	2.2229663e-47
8.8583370e+01	2.2209630e-47
8.8784157e+01	2.2189708e-47
8.8985399e+01	2.2169898e-47
8.9187097e+01	2.2150199e-47
8.9389252e+01	2.2130610e-47
8.9591866e+01	2.2111131e-47
8.9794939e+01	2.2091761e-47
8.9998472e+01	2.2072500e-47
9.0202466e+01	2.2053347e-47
9.0406923e+01	2.2034301e-47
9.0611843e+01	2.2015362e-47
9.0817228e+01	2.1996530e-47
9.1023079e+01	2.1977803e-47
9.1229395e+01	2.1959183e-47
9.1436180e+01	2.1940667e-47
9.1643433e+01	2.1922255e-47
9.1851156e+01	2.1903947e-47
9.2059350e+01	2.1885742e-47
9.2268016e+01	2.1867641e-47
9.2477155e+01	2.1849641e-47
9.2686767e+01	2.1831744e-47
9.2896855e+01	2.1813949e-47
9.3107419e+01	2.1796254e-47
9.3318461e+01	2.1778658e-47
9.3529980e+01	2.1761163e-47
9.3741979e+01	2.1743769e-47
9.3954459e+01	2.1726472e-47
9.4167420e+01	2.1709274e-47
9.4380864e+01	2.1692174e-47
9.4594792e+01	2.1675172e-47
9.4809205e+01	2.1658268e-47
9.5024104e+01	2.1641459e-47
9.5239489e+01	2.1624748e-47
9.5455363e+01	2.1608132e-47
9.5671727e+01	2.1591611e-47
9.5888580e+01	2.1575186e-47
9.6105926e+01	2.1558855e-47
9.6323764e+01	2.1542619e-47
9.6542095e+01	2.1526476e-47
9.6760922e+01	2.1510427e-47
9.6980244e+01	2.1494471e-47
9.7200064e+01	2.1478608e-47
9.7420382e+01	2.1462836e-47
9.7641199e+01	2.1447157e-47
9.7862517e+01	2.1431568e-47
9.8084336e+01	2.1416072e-47
9.8306659e+01	2.1400666e-47
9.8529485e+01	2.1385350e-47
9.8752816e+01	2.1370125e-47
9.8976653e+01	2.1354989e-47
9.9200998e+01	2.1339941e-47
9.9425852e+01	2.1324983e-47
9.9651215e+01	2.1310114e-47
9.9877088e+01	2.1295332e-47
1.0010347e+02	2.1280639e-47
1.0033037e+02	2.1266033e-47
1.0055779e+02	2.1251515e-47
1.0078571e+02	2.1237082e-47
1.0101416e+02	2.1222738e-47
1.0124312e+02	2.1208479e-47
1.0147261e+02	2.1194305e-47
1.0170261e+02	2.1180218e-47
1.0193313e+02	2.1166216e-47
1.0216418e+02	2.1152298e-47
1.0239575e+02	2.1138466e-47
1.0262784e+02	2.1124717e-47
1.0286046e+02	2.1111053e-47
1.0309361e+02	2.1097472e-47
1.0332729e+02	2.1083975e-47
1.0356149e+02	2.1070561e-47
1.0379623e+02	2.1057230e-47
1.0403150e+02	2.1043982e-47
1.0426730e+02	2.1030816e-47
1.0450364e+02	2.1017732e-47
1.0474051e+02	2.1004730e-47
1.0497792e+02	2.0991809e-47
1.0521587e+02	2.0978969e-47
1.0545435e+02	2.0966211e-47
1.0569338e+02	2.0953533e-47
1.0593295e+02	2.0940936e-47
1.0617306e+02	2.0928419e-47
1.0641372e+02	2.0915982e-47
1.0665492e+02	2.0903625e-47
1.0689667e+02	2.0891346e-47
1.0713897e+02	2.0879148e-47
1.0738181e+02	2.0867028e-47
1.0762521e+02	2.0854987e-47
1.0786916e+02	2.0843025e-47
1.0811366e+02	2.0831141e-47
1.0835871e+02	2.0819335e-47
1.0860432e+02	2.0807607e-47
1.0885049e+02	2.0795957e-47
1.0909722e+02	2.0784383e-47
1.0934450e+02	2.0772887e-47
1.0959235e+02	2.0761469e-47
1.0984075e+02	2.0750127e-47
1.1008972e+02	2.0738861e-47
1.1033926e+02	2.0727673e-47
1.1058936e+02	2.0716560e-47
1.1084002e+02	2.0705523e-47
1.1109126e+02	2.0694562e-47
1.1134306e+02	2.0683676e-47
1.1159544e+02	2.0672866e-47
1.1184839e+02	2.0662132e-47
1.1210191e+02	2.0651472e-47
1.1235600e+02	2.0640887e-47
1.1261067e+02	2.0630377e-47
1.1286592e+02	2.0619942e-47
1.1312175e+02	2.0609581e-47
1.1337815e+02	2.0599294e-47
1.1363514e+02	2.0589080e-47
1.1389271e+02	2.0578941e-47
1.1415087e+02	2.0568876e-47
1.1440961e+02	2.0558884e-47
1.1466893e+02	2.0548966e-47
1.1492885e+02	2.0539120e-47
1.1518935e+02	2.0529348e-47
1.1545044e+02	2.0519649e-47
1.1571213e+02	2.0510022e-47
1.1597440e+02	2.0500468e-47
1.1623728e+02	2.0490987e-47
1.1650075e+02	2.0481578e-47
1.1676481e+02	2.0472240e-47
1.1702948e+02	2.0462976e-47
1.1729474e+02	2.0453782e-47
1.1756060e+02	2.0444661e-47
1.1782707e+02	2.0435612e-47
1.1809414e+02	2.0426634e-47
1.1836182e+02	2.0417728e-47
1.1863011e+02	2.0408893e-47
1.1889900e+02	2.0400129e-47
1.1916850e+02	2.0391436e-47
1.1943861e+02	2.0382814e-47
1.1970934e+02	2.0374263e-47
1.1998068e+02	2.0365783e-47
1.2025263e+02	2.0357373e-47
1.2052520e+02	2.0349034e-47
1.2079839e+02	2.0340766e-47
1.2107219e+02	2.0332567e-47
1.2134662e+02	2.0324439e-47
1.2162167e+02	2.0316381e-47
1.2189734e+02	2.0308393e-47
1.2217364e+02	2.0300475e-47
1.2245057e+02	2.0292627e-47
1.2272812e+02	2.0284849e-47
1.2300630e+02	2.0277140e-47
1.2328511e+02	2.0269500e-47
1.2356455e+02	2.0261931e-47
1.2384463e+02	2.0254431e-47
1.2412534e+02	2.0247000e-47
1.2440669e+02	2.0239639e-47
1.2468868e+02	2.0232347e-47
1.2497130e+02	2.0225124e-47
1.2525457e+02	2.0217969e-47
1.2553847e+02	2.0210884e-47
1.2582302e+02	2.0203868e-47
1.2610822e+02	2.0196920e-47
1.2639406e+02	2.0190042e-47
1.2668055e+02	2.0183233e-47
1.2696769e+02	2.0176492e-47
1.2725548e+02	2.0169819e-47
1.2754393e+02	2.0163215e-47
1.2783302e+02	2.0156681e-47
1.2812277e+02	2.0150213e-47
1.2841318e+02	2.0143815e-47
1.2870425e+02	2.0137485e-47
1.2899598e+02	2.0131223e-47
1.2928836e+02	2.0125030e-47
1.2958142e+02	2.0118906e-47
1.2987513e+02	2.0112849e-47
1.3016951e+02	2.0106860e-47
1.3046456e+02	2.0100940e-47
1.3076028e+02	2.0095088e-47
1.3105666e+02	2.0089304e-47
1.3135372e+02	2.0083587e-47
1.3165145e+02	2.0077939e-47
1.3194986e+02	2.0072359e-47
1.3224894e+02	2.0066847e-47
1.3254870e+02	2.0061403e-47
1.3284915e+02	2.0056027e-47
1.3315027e+02	2.0050719e-47
1.3345207e+02	2.0045478e-47
1.3375456e+02	2.0040306e-47
1.3405773e+02	2.0035202e-47
1.3436159e+02	2.0030165e-47
1.3466614e+02	2.0025196e-47
1.3497138e+02	2.0020295e-47
1.3527732e+02	2.0015462e-47
1.3558394e+02	2.0010696e-47
1.3589126e+02	2.0006000e-47
1.3619928e+02	2.0001370e-47
1.3650800e+02	1.9996808e-47
1.3681741e+02	1.9992314e-47
1.3712753e+02	1.9987889e-47
1.3743835e+02	1.9983530e-47
1.3774987e+02	1.9979240e-47
1.3806210e+02	1.9975018e-47
1.3837504e+02	1.9970863e-47
1.3868868e+02	1.9966777e-47
1.3900304e+02	1.9962759e-47
1.3931811e+02	1.9958807e-47
1.3963390e+02	1.9954925e-47
1.3995040e+02	1.9951111e-47
1.4026761e+02	1.9947363e-47
1.4058555e+02	1.9943685e-47
1.4090421e+02	1.9940074e-47
1.4122359e+02	1.9936531e-47
1.4154369e+02	1.9933057e-47
1.4186452e+02	1.9929650e-47
1.4218608e+02	1.9926312e-47
1.4250836e+02	1.9923043e-47
1.4283138e+02	1.9919841e-47
1.4315513e+02	1.9916707e-47
1.4347961e+02	1.9913642e-47
1.4380482e+02	1.9910645e-47
1.4413078e+02	1.9907716e-47
1.4445747e+02	1.9904856e-47
1.4478491e+02	1.9902065e-47
1.4511308e+02	1.9899342e-47
1.4544200e+02	1.9896687e-47
1.4577167e+02	1.9894101e-47
1.4610208e+02	1.9891584e-47
1.4643324e+02	1.9889135e-47
1.4676515e+02	1.9886756e-47
1.4709782e+02	1.9884445e-47
1.4743123e+02	1.9882203e-47
1.4776541e+02	1.9880030e-47
1.4810034e+02	1.9877926e-47
1.4843603e+02	1.9875891e-47
1.4877248e+02	1.9873925e-47
1.4910970e+02	1.9872028e-47
1.4944768e+02	1.9870200e-47
1.4978642e+02	1.9868442e-47
1.5012593e+02	1.9866754e-47
1.5046621e+02	1.9865135e-47
1.5080727e+02	1.9863585e-47
1.5114909e+02	1.9862105e-47
1.5149170e+02	1.9860694e-47
1.5183507e+02	1.9859354e-47
1.5217923e+02	1.9858083e-47
1.5252417e+02	1.9856882e-47
1.5286988e+02	1.9855752e-47
1.5321638e+02	1.9854691e-47
1.5356367e+02	1.9853700e-47
1.5391175e+02	1.9852779e-47
1.5426061e+02	1.9851930e-47
1.5461026e+02	1.9851151e-47
1.5496071e+02	1.9850441e-47
1.5531195e+02	1.9849803e-47
1.5566399e+02	1.9849236e-47
1.5601682e+02	1.9848738e-47
1.5637046e+02	1.9848313e-47
1.5672489e+02	1.9847958e-47
1.5708013e+02	1.9847674e-47
1.5743618e+02	1.9847462e-47
1.5779303e+02	1.9847320e-47
1.5815069e+02	1.9847250e-47
1.5850916e+02	1.9847252e-47
1.5886844e+02	1.9847325e-47
1.5922854e+02	1.9847471e-47
1.5958946e+02	1.9847687e-47
1.5995119e+02	1.9847977e-47
1.6031374e+02	1.9848337e-47
1.6067712e+02	1.9848771e-47
1.6104131e+02	1.9849276e-47
1.6140634e+02	1.9849854e-47
1.6177219e+02	1.9850505e-47
1.6213887e+02	1.9851227e-47
1.6250638e+02	1.9852024e-47
1.6287472e+02	1.9852893e-47
1.6324390e+02	1.9853835e-47
1.6361392e+02	1.9854850e-47
1.6398477e+02	1.9855938e-47
1.6435647e+02	1.9857100e-47
1.6472900e+02	1.9858335e-47
1.6510239e+02	1.9859644e-47
1.6547661e+02	1.9861028e-47
1.6585169e+02	1.9862484e-47
1.6622762e+02	1.9864016e-47
1.6660440e+02	1.9865621e-47
1.6698203e+02	1.9867300e-47
1.6736052e+02	1.9869055e-47
1.6773986e+02	1.9870884e-47
1.6812007e+02	1.9872788e-47
1.6850114e+02	1.9874766e-47
1.6888307e+02	1.9876821e-47
1.6926587e+02	1.9878950e-47
1.6964953e+02	1.9881154e-47
1.7003407e+02	1.9883435e-47
1.7041948e+02	1.9885790e-47
1.7080576e+02	1.9888222e-47
1.7119291e+02	1.9890730e-47
1.7158095e+02	1.9893314e-47
1.7196986e+02	1.9895975e-47
1.7235965e+02	1.9898712e-47
1.7275033e+02	1.9901526e-47
1.7314189e+02	1.9904416e-47
1.7353435e+02	1.9907384e-47
1.7392769e+02	1.9910428e-47
1.7432192e+02	1.9913550e-47
1.7471704e+02	1.9916750e-47
1.7511306e+02	1.9920027e-47
1.7550998e+02	1.9923383e-47
1.7590780e+02	1.9926817e-47
1.7630652e+02	1.9930328e-47
1.7670615e+02	1.9933918e-47
1.7710668e+02	1.9937587e-47
1.7750811e+02	1.9941334e-47
1.7791046e+02	1.9945160e-47
1.7831372e+02	1.9949066e-47
1.7871790e+02	1.9953051e-47
1.7912299e+02	1.9957116e-47
1.7952899e+02	1.9961260e-47
1.7993592e+02	1.9965484e-47
1.8034377e+02	1.9969788e-47
1.8075255e+02	1.9974172e-47
1.8116225e+02	1.9978637e-47
1.8157288e+02	1.9983183e-47
1.8198444e+02	1.9987810e-47
1.8239693e+02	1.9992518e-47
1.8281036e+02	1.9997307e-47
1.8322473e+02	2.0002177e-47
1.8364003e+02	2.0007130e-47
1.8405628e+02	2.0012165e-47
1.8447347e+02	2.0017281e-47
1.8489161e+02	2.0022479e-47
1.8531069e+02	2.0027761e-47
1.8573072e+02	2.0033125e-47
1.8615171e+02	2.0038572e-47
1.8657365e+02	2.0044102e-47
1.8699654e+02	2.0049716e-47
1.8742040e+02	2.0055414e-47
1.8784521e+02	2.0061195e-47
1.8827099e+02	2.0067060e-47
1.8869774e+02	2.0073009e-47
1.8912545e+02	2.0079044e-47
1.8955413e+02	2.0085163e-47
1.8998378e+02	2.0091367e-47
1.9041440e+02	2.0097657e-47
1.9084600e+02	2.0104031e-47
1.9127858e+02	2.0110492e-47
1.9171214e+02	2.0117038e-47
1.9214669e+02	2.0123670e-47
1.9258222e+02	2.0130390e-47
1.9301873e+02	2.0137195e-47
1.9345624e+02	2.0144088e-47
1.9389473e+02	2.0151068e-47
1.9433422e+02	2.0158135e-47
1.9477471e+02	2.0165290e-47
1.9521619e+02	2.0172532e-47
1.9565868e+02	2.0179864e-47
1.9610217e+02	2.0187283e-47
1.9654666e+02	2.0194791e-47
1.9699216e+02	2.0202387e-47
1.9743867e+02	2.0210074e-47
1.9788620e+02	2.0217849e-47
1.9833473e+02	2.0225714e-47
1.9878429e+02	2.0233670e-47
1.9923486e+02	2.0241715e-47
1.9968646e+02	2.0249852e-47
2.0013907e+02	2.0258078e-47
2.0059272e+02	2.0266397e-47
2.0104739e+02	2.0274805e-47
2.0150309e+02	2.0283306e-47
2.0195983e+02	2.0291899e-47
2.0241760e+02	2.0300584e-47
2.0287641e+02	2.0309362e-47
2.0333626e+02	2.0318231e-47
2.0379715e+02	2.0327194e-47
2.0425908e+02	2.0336250e-47
2.0472207e+02	2.0345400e-47
2.0518610e+02	2.0354644e-47
2.0565118e+02	2.0363982e-47
2.0611732e+02	2.0373415e-47
2.0658451e+02	2.0382941e-47
2.0705277e+02	2.0392563e-47
2.0752208e+02	2.0402281e-47
2.0799246e+02	2.0412094e-47
2.0846391e+02	2.0422003e-47
2.0893642e+02	2.0432008e-47
2.0941000e+02	2.0442110e-47
2.0988466e+02	2.0452309e-47
2.1036040e+02	2.0462605e-47
2.1083721e+02	2.0472998e-47
2.1131510e+02	2.0483489e-47
2.1179408e+02	2.0494078e-47
2.1227414e+02	2.0504766e-47
2.1275529e+02	2.0515552e-47
2.1323753e+02	2.0526438e-47
2.1372086e+02	2.0537422e-47
2.1420529e+02	2.0548507e-47
2.1469082e+02	2.0559691e-47
2.1517745e+02	2.0570976e-47
2.1566518e+02	2.0582362e-47
2.1615401e+02	2.0593849e-47
2.1664396e+02	2.0605437e-47
2.1713501e+02	2.0617126e-47
2.1762718e+02	2.0628918e-47
2.1812046e+02	2.0640812e-47
2.1861486e+02	2.0652808e-47
2.1911039e+02	2.0664909e-47
2.1960703e+02	2.0677112e-47
2.2010480e+02	2.0689419e-47
2.2060370e+02	2.0701829e-47
2.2110373e+02	2.0714345e-47
2.2160489e+02	2.0726965e-47
2.2210719e+02	2.0739691e-47
2.2261063e+02	2.0752522e-47
2.2311521e+02	2.0765459e-47
2.2362093e+02	2.0778502e-47
2.2412780e+02	2.0791652e-47
2.2463582e+02	2.0804909e-47
2.2514499e+02	2.0818272e-47
2.2565531e+02	2.0831744e-47
2.2616679e+02	2.0845323e-47
2.2667943e+02	2.0859012e-47
2.2719323e+02	2.0872809e-47
2.2770820e+02	2.0886715e-47
2.2822433e+02	2.0900731e-47
2.2874164e+02	2.0914857e-47
2.2926011e+02	2.0929093e-47
2.2977976e+02	2.0943440e-47
2.3030059e+02	2.0957898e-47
2.3082260e+02	2.0972468e-47
2.3134580e+02	2.0987149e-47
2.3187017e+02	2.1001942e-47
2.3239574e+02	2.1016849e-47
2.3292250e+02	2.1031868e-47
2.3345045e+02	2.1047001e-47
2.3397960e+02	2.1062248e-47
2.3450995e+02	2.1077610e-47
2.3504150e+02	2.1093085e-47
2.3557425e+02	2.1108677e-47
2.3610822e+02	2.1124383e-47
2.3664339e+02	2.1140206e-47
2.3717978e+02	2.1156145e-47
2.3771738e+02	2.1172201e-47
2.3825620e+02	2.1188374e-47
2.3879624e+02	2.1204665e-47
2.3933751e+02	2.1221073e-47
2.3988000e+02	2.1237600e-47
2.4042372e+02	2.1254246e-47
2.4096868e+02	2.1271012e-47
2.4151487e+02	2.1287897e-47
2.4206230e+02	2.1304903e-47
2.4261097e+02	2.1322028e-47
2.4316088e+02	2.1339276e-47
2.4371204e+02	2.1356645e-47
2.4426445e+02	2.1374135e-47
2.4481811e+02	2.1391749e-47
2.4537302e+02	2.1409484e-47
2.4592919e+02	2.1427345e-47
2.4648663e+02	2.1445327e-47
2.4704533e+02	2.1463435e-47
2.4760529e+02	2.1481668e-47
2.4816652e+02	2.1500025e-47
2.4872903e+02	2.1518508e-47
2.4929281e+02	2.1537117e-47
2.4985787e+02	2.1555854e-47
2.5042420e+02	2.1574716e-47
2.5099183e+02	2.1593707e-47
2.5156074e+02	2.1612825e-47
2.5213093e+02	2.1632073e-47
2.5270243e+02	2.1651448e-47
2.5327521e+02	2.1670954e-47
2.5384930e+02	2.1690590e-47
2.5442468e+02	2.1710355e-47
2.5500137e+02	2.1730253e-47
2.5557937e+02	2.1750281e-47
2.5615868e+02	2.1770441e-47
2.5673930e+02	2.1790734e-47
2.5732123e+02	2.1811159e-47
2.5790449e+02	2.1831718e-47
2.5848907e+02	2.1852412e-47
2.5907497e+02	2.1873238e-47
2.5966220e+02	2.1894201e-47
2.6025076e+02	2.1915299e-47
2.6084066e+02	2.1936533e-47
2.6143189e+02	2.1957903e-47
2.6202446e+02	2.1979411e-47
2.6261838e+02	2.2001057e-47
2.6321364e+02	2.2022840e-47
2.6381025e+02	2.2044761e-47
2.6440822e+02	2.2066823e-47
2.6500754e+02	2.2089023e-47
2.6560821e+02	2.2111365e-47
2.6621025e+02	2.2133846e-47
2.6681366e+02	2.2156470e-47
2.6741843e+02	2.2179235e-47
2.6802457e+02	2.2202143e-47
2.6863209e+02	2.2225193e-47
2.6924098e+02	2.2248387e-47
2.6985125e+02	2.2271725e-47
2.7046291e+02	2.2295209e-47
2.7107595e+02	2.2318837e-47
2.7169039e+02	2.2342611e-47
2.7230621e+02	2.2366531e-47
2.7292343e+02	2.2390598e-47
2.7354205e+02	2.2414814e-47
2.7416208e+02	2.2439177e-47
2.7478350e+02	2.2463689e-47
2.7540634e+02	2.2488350e-47
2.7603059e+02	2.2513160e-47
2.7665625e+02	2.2538122e-47
2.7728333e+02	2.2563234e-47
2.7791183e+02	2.2588499e-47
2.7854176e+02	2.2613915e-47
2.7917312e+02	2.2639483e-47
2.7980590e+02	2.2665206e-47
2.8044012e+02	2.2691083e-47
2.8107578e+02	2.2717114e-47
2.8171288e+02	2.2743301e-47
2.8235142e+02	2.2769644e-47
2.8299141e+02	2.2796142e-47
2.8363285e+02	2.2822799e-47
2.8427575e+02	2.2849613e-47
2.8492010e+02	2.2876585e-47
2.8556591e+02	2.2903717e-47
2.8621319e+02	2.2931008e-47
2.8686193e+02	2.2958460e-47
2.8751214e+02	2.2986072e-47
2.8816383e+02	2.3013846e-47
2.8881700e+02	2.3041783e-47
2.8947164e+02	2.3069882e-47
2.9012777e+02	2.3098144e-47
2.9078539e+02	2.3126571e-47
2.9144449e+02	2.3155163e-47
2.9210510e+02	2.3183921e-47
2.9276719e+02	2.3212845e-47
2.9343079e+02	2.3241935e-47
2.9409590e+02	2.3271193e-47
2.9476251e+02	2.3300620e-47
2.9543063e+02	2.3330215e-47
2.9610026e+02	2.3359980e-47
2.9677142e+02	2.3389916e-47
2.9744409e+02	2.3420022e-47
2.9811829e+02	2.3450299e-47
2.9879402e+02	2.3480749e-47
2.9947128e+02	2.3511373e-47
3.0015007e+02	2.3542170e-47
3.0083041e+02	2.3573142e-47
3.0151228e+02	2.3604289e-47
3.0219570e+02	2.3635612e-47
3.0288067e+02	2.3667111e-47
3.0356720e+02	2.3698788e-47
3.0425528e+02	2.3730643e-47
3.0494491e+02	2.3762677e-47
3.0563612e+02	2.3794890e-47
3.0632888e+02	2.3827283e-47
3.0702322e+02	2.3859857e-47
3.0771913e+02	2.3892614e-47
3.0841662e+02	2.3925553e-47
3.0911569e+02	2.3958675e-47
3.0981635e+02	2.3991981e-47
3.1051859e+02	2.4025472e-47
3.1122243e+02	2.4059149e-47
3.1192786e+02	2.4093012e-47
3.1263489e+02	2.4127061e-47
3.1334352e+02	2.4161299e-47
3.1405376e+02	2.4195726e-47
3.1476561e+02	2.4230341e-47
3.1547907e+02	2.4265147e-47
3.1619415e+02	2.4300144e-47
3.1691085e+02	2.4335333e-47
3.1762917e+02	2.4370714e-47
3.1834912e+02	2.4406288e-47
3.1907071e+02	2.4442057e-47
3.1979393e+02	2.4478020e-47
3.2051878e+02	2.4514180e-47
3.2124529e+02	2.4550537e-47
3.2197343e+02	2.4587089e-47
3.2270323e+02	2.4623841e-47
3.2343469e+02	2.4660791e-47
3.2416780e+02	2.4697943e-47
3.2490257e+02	2.4735293e-47
3.2563901e+02	2.4772846e-47
3.2637712e+02	2.4810602e-47
3.2711690e+02	2.4848561e-47
3.2785835e+02	2.4886724e-47
3.2860149e+02	2.4925091e-47
3.2934632e+02	2.4963664e-47
3.3009283e+02	2.5002444e-47
3.3084103e+02	2.5041432e-47
3.3159093e+02	2.5080628e-47
3.3234253e+02	2.5120034e-47
3.3309583e+02	2.5159649e-47
3.3385084e+02	2.5199475e-47
3.3460756e+02	2.5239514e-47
3.3536600e+02	2.5279765e-47
3.3612615e+02	2.5320230e-47
3.3688803e+02	2.5360909e-47
3.3765163e+02	2.5401805e-47
3.3841697e+02	2.5442917e-47
3.3918404e+02	2.5484244e-47
3.3995285e+02	2.5525792e-47
3.4072340e+02	2.5567558e-47
3.4149570e+02	2.5609545e-47
3.4226975e+02	2.5651752e-47
3.4304555e+02	2.5694182e-47
3.4382312e+02	2.5736834e-47
3.4460244e+02	2.5779710e-47
3.4538353e+02	2.5822811e-47
3.4616639e+02	2.5866138e-47
3.4695103e+02	2.5909691e-47
3.4773744e+02	2.5953473e-47
3.4852564e+02	2.5997482e-47
3.4931562e+02	2.6041721e-47
3.5010740e+02	2.6086192e-47
3.5090097e+02	2.6130893e-47
3.5169633e+02	2.6175827e-47
3.5249350e+02	2.6220995e-47
3.5329248e+02	2.6266397e-47
3.5409327e+02	2.6312035e-47
3.5489587e+02	2.6357909e-47
3.5570029e+02	2.6404021e-47
3.5650654e+02	2.6450371e-47
3.5731461e+02	2.6496961e-47
3.5812452e+02	2.6543791e-47
3.5893626e+02	2.6590864e-47
3.5974984e+02	2.6638178e-47
3.6056526e+02	2.6685737e-47
3.6138254e+02	2.6733540e-47
3.6220166e+02	2.6781589e-47
3.6302265e+02	2.6829885e-47
3.6384549e+02	2.6878428e-47
3.6467020e+02	2.6927222e-47
3.6549677e+02	2.6976264e-47
3.6632522e+02	2.7025558e-47
3.6715555e+02	2.7075104e-47
3.6798776e+02	2.7124904e-47
3.6882186e+02	2.7174957e-47
3.6965785e+02	2.7225266e-47
3.7049573e+02	2.7275832e-47
3.7133551e+02	2.7326655e-47
3.7217720e+02	2.7377737e-47
3.7302079e+02	2.7429079e-47
3.7386630e+02	2.7480682e-47
3.7471372e+02	2.7532546e-47
3.7556306e+02	2.7584675e-47
3.7641433e+02	2.7637068e-47
3.7726753e+02	2.7689726e-47
3.7812266e+02	2.7742650e-47
3.7897973e+02	2.7795843e-47
3.7983874e+02	2.7849304e-47
3.8069970e+02	2.7903037e-47
3.8156261e+02	2.7957040e-47
3.8242747e+02	2.8011315e-47
3.8329430e+02	2.8065865e-47
3.8416309e+02	2.8120689e-47
3.8503385e+02	2.8175789e-47
3.8590659e+02	2.8231166e-47
3.8678130e+02	2.8286822e-47
3.8765800e+02	2.8342758e-47
3.8853668e+02	2.8398974e-47
3.8941735e+02	2.8455472e-47
3.9030002e+02	2.8512255e-47
3.9118470e+02	2.8569321e-47
3.9207137e+02	2.8626673e-47
3.9296006e+02	2.8684313e-47
3.9385076e+02	2.8742240e-47
3.9474348e+02	2.8800458e-47
3.9563822e+02	2.8858966e-47
3.9653499e+02	2.8917767e-47
3.9743379e+02	2.8976860e-47
3.9833464e+02	2.9036249e-47
3.9923752e+02	2.9095933e-47
4.0014245e+02	2.9155915e-47
4.0104943e+02	2.9216195e-47
4.0195846e+02	2.9276775e-47
4.0286956e+02	2.9337657e-47
4.0378272e+02	2.9398841e-47
4.0469795e+02	2.9460329e-47
4.0561526e+02	2.9522122e-47
4.0653465e+02	2.9584222e-47
4.0745611e+02	2.9646630e-47
4.0837967e+02	2.9709347e-47
4.0930532e+02	2.9772375e-47
4.1023307e+02	2.9835715e-47
4.1116293e+02	2.9899368e-47
4.1209489e+02	2.9963337e-47
4.1302896e+02	3.0027622e-47
4.1396515e+02	3.0092224e-47
4.1490346e+02	3.0157147e-47
4.1584390e+02	3.0222389e-47
4.1678647e+02	3.0287953e-47
4.1773117e+02	3.0353842e-47
4.1867802e+02	3.0420055e-47
4.1962701e+02	3.0486595e-47
4.2057816e+02	3.0553463e-47
4.2153146e+02	3.0620660e-47
4.2248692e+02	3.0688189e-47
4.2344455e+02	3.0756051e-47
4.2440435e+02	3.0824245e-47
4.2536632e+02	3.0892777e-47
4.2633047e+02	3.0961646e-47
4.2729681e+02	3.1030855e-47
4.2826534e+02	3.1100403e-47
4.2923607e+02	3.1170294e-47
4.3020899e+02	3.1240529e-47
4.3118412e+02	3.1311110e-47
4.3216147e+02	3.1382039e-47
4.3314102e+02	3.1453317e-47
4.3412280e+02	3.1524946e-47
4.3510680e+02	3.1596928e-47
4.3609303e+02	3.1669266e-47
4.3708150e+02	3.1741961e-47
4.3807221e+02	3.1815014e-47
4.3906516e+02	3.1888428e-47
4.4006037e+02	3.1962206e-47
4.4105783e+02	3.2036349e-47
4.4205755e+02	3.2110861e-47
4.4305953e+02	3.2185744e-47
4.4406379e+02	3.2260999e-47
4.4507033e+02	3.2336630e-47
4.4607914e+02	3.2412640e-47
4.4709024e+02	3.2489033e-47
4.4810364e+02	3.2565811e-47
4.4911933e+02	3.2642978e-47
4.5013732e+02	3.2720540e-47
4.5115762e+02	3.2798500e-47
4.5218024e+02	3.2876864e-47
4.5320517e+02	3.2955636e-47
4.5423242e+02	3.3034826e-47
4.5526201e+02	3.3114441e-47
4.5629392e+02	3.3194488e-47
4.5732818e+02	3.3274981e-47
4.5836478e+02	3.3355932e-47
4.5940373e+02	3.3437359e-47
4.6044503e+02	3.3519281e-47
4.6148870e+02	3.3601724e-47
4.6253473e+02	3.3684722e-47
4.6358313e+02	3.3768320e-47
4.6463391e+02	3.3852572e-47
4.6568707e+02	3.3937561e-47
4.6674261e+02	3.4023394e-47
4.6780055e+02	3.4110234e-47
4.6886089e+02	3.4198310e-47
4.6992363e+02	3.4287982e-47
4.7098878e+02	3.4379822e-47
4.7205634e+02	3.4474791e-47
4.7312633e+02	3.4574605e-47
4.7419874e+02	3.4682597e-47
4.7527358e+02	3.4805941e-47
4.7635085e+02	3.4962576e-47
4.7743057e+02	3.5208571e-47
4.7851274e+02	3.5802603e-47
4.7959735e+02	3.9784583e-47
4.8068443e+02	6.8723147e-47
4.8177397e+02	3.6737990e-47
4.8286598e+02	3.5778928e-47
4.8396047e+02	3.5622558e-47
4.8505743e+02	3.5618798e-47
4.8615688e+02	3.5664100e-47
4.8725883e+02	3.5730045e-47
4.8836327e+02	3.5806294e-47
4.8947022e+02	3.5888362e-47
4.9057967e+02	3.5974047e-47
4.9169164e+02	3.6062171e-47
4.9280613e+02	3.6152055e-47
4.9392315e+02	3.6243285e-47
4.9504269e+02	3.6335600e-47
4.9616478e+02	3.6428829e-47
4.9728941e+02	3.6522855e-47
4.9841659e+02	3.6617598e-47
4.9954632e+02	3.6712997e-47
5.0067861e+02	3.6809014e-47
5.0181347e+02	3.6905618e-47
5.0295090e+02	3.7002784e-47
5.0409091e+02	3.7100498e-47
5.0523351e+02	3.7198745e-47
5.0637869e+02	3.7297518e-47
5.0752647e+02	3.7396807e-47
5.0867686e+02	3.7496609e-47
5.0982984e+02	3.7596920e-47
5.1098545e+02	3.7697735e-47
5.1214367e+02	3.7799052e-47
5.1330452e+02	3.7900873e-47
5.1446799e+02	3.8003196e-47
5.1563411e+02	3.8106019e-47
5.1680287e+02	3.8209344e-47
5.1797428e+02	3.8313171e-47
5.1914834e+02	3.8417500e-47
5.2032506e+02	3.8522333e-47
5.2150446e+02	3.8627671e-47
5.2268652e+02	3.8733514e-47
5.2387127e+02	3.8839866e-47
5.2505869e+02	3.8946726e-47
5.2624882e+02	3.9054097e-47
5.2744163e+02	3.9161980e-47
5.2863716e+02	3.9270376e-47
5.2983539e+02	3.9379290e-47
5.3103634e+02	3.9488720e-47
5.3224001e+02	3.9598671e-47
5.3344641e+02	3.9709143e-47
5.3465554e+02	3.9820140e-47
5.3586741e+02	3.9931662e-47
5.3708203e+02	4.0043712e-47
5.3829941e+02	4.0156291e-47
5.3951954e+02	4.0269405e-47
5.4074244e+02	4.0383052e-47
5.4196811e+02	4.0497236e-47
5.4319656e+02	4.0611959e-47
5.4442779e+02	4.0727224e-47
5.4566181e+02	4.0843033e-47
5.4689863e+02	4.0959387e-47
5.4813826e+02	4.1076290e-47
5.4938069e+02	4.1193743e-47
5.5062594e+02	4.1311750e-47
5.5187402e+02	4.1430313e-47
5.5312492e+02	4.1549432e-47
5.5437866e+02	4.1669113e-47
5.5563523e+02	4.1789356e-47
5.5689466e+02	4.1910164e-47
5.5815694e+02	4.2031541e-47
5.5942209e+02	4.2153487e-47
5.6069010e+02	4.2276007e-47
5.6196098e+02	4.2399101e-47
5.6323475e+02	4.2522773e-47
5.6451140e+02	4.2647027e-47
5.6579095e+02	4.2771862e-47
5.6707339e+02	4.2897282e-47
5.6835874e+02	4.3023292e-47
5.6964701e+02	4.3149891e-47
5.7093820e+02	4.3277085e-47
5.7223231e+02	4.3404873e-47
5.7352936e+02	4.3533261e-47
5.7482935e+02	4.3662250e-47
5.7613228e+02	4.3791842e-47
5.7743817e+02	4.3922042e-47
5.7874701e+02	4.4052851e-47
5.8005883e+02	4.4184271e-47
5.8137361e+02	4.4316307e-47
5.8269138e+02	4.4448960e-47
5.8401213e+02	4.4582233e-47
5.8533588e+02	4.4716128e-47
5.8666263e+02	4.4850650e-47
5.8799238e+02	4.4985801e-47
5.8932515e+02	4.5121582e-47
5.9066094e+02	4.5257998e-47
5.9199976e+02	4.5395052e-47
5.9334161e+02	4.5532744e-47
5.9468651e+02	4.5671079e-47
5.9603445e+02	4.5810061e-47
5.9738545e+02	4.5949690e-47
5.9873951e+02	4.6089971e-47
6.0009664e+02	4.6230906e-47
6.0145684e+02	4.6372498e-47
6.0282013e+02	4.6514750e-47
6.0418651e+02	4.6657666e-47
6.0555598e+02	4.6801247e-47
6.0692856e+02	4.6945498e-47
6.0830425e+02	4.7090422e-47
6.0968306e+02	4.7236019e-47
6.1106500e+02	4.7382294e-47
6.1245006e+02	4.7529252e-47
6.1383827e+02	4.7676893e-47
6.1522962e+02	4.7825220e-47
6.1662413e+02	4.7974238e-47
6.1802180e+02	4.8123952e-47
6.1942263e+02	4.8274359e-47
6.2082664e+02	4.8425468e-47
6.2223384e+02	4.8577278e-47
6.2364422e+02	4.8729794e-47
6.2505780e+02	4.8883020e-47
6.2647458e+02	4.9036959e-47
6.2789458e+02	4.9191612e-47
6.2931779e+02	4.9346983e-47
6.3074423e+02	4.9503078e-47
6.3217390e+02	4.9659896e-47
6.3360681e+02	4.9817443e-47
6.3504297e+02	4.9975722e-47
6.3648239e+02	5.0134736e-47
6.3792507e+02	5.0294488e-47
6.3937102e+02	5.0454983e-47
6.4082024e+02	5.0616221e-47
6.4227276e+02	5.0778207e-47
6.4372856e+02	5.0940946e-47
6.4518766e+02	5.1104438e-47
6.4665007e+02	5.1268690e-47
6.4811580e+02	5.1433703e-47
6.4958485e+02	5.1599481e-47
6.5105722e+02	5.1766028e-47
6.5253294e+02	5.1933347e-47
6.5401200e+02	5.2101441e-47
6.5549441e+02	5.2270315e-47
6.5698018e+02	5.2439970e-47
6.5846932e+02	5.2610412e-47
6.5996184e+02	5.2781643e-47
6.6145774e+02	5.2953667e-47
6.6295703e+02	5.3126487e-47
6.6445971e+02	5.3300110e-47
6.6596581e+02	5.3474534e-47
6.6747531e+02	5.3649767e-47
6.6898824e+02	5.3825810e-47
6.7050460e+02	5.4002667e-47
6.7202439e+02	5.4180345e-47
6.7354763e+02	5.4358842e-47
6.7507433e+02	5.4538167e-47
6.7660448e+02	5.4718321e-47
6.7813810e+02	5.4899308e-47
6.7967520e+02	5.5081131e-47
6.8121578e+02	5.5263795e-47
6.8275985e+02	5.5447305e-47
6.8430743e+02	5.5631661e-47
6.8585851e+02	5.5816871e-47
6.8741311e+02	5.6002935e-47
6.8897123e+02	5.6189860e-47
6.9053288e+02	5.6377649e-47
6.9209807e+02	5.6566304e-47
6.9366681e+02	5.6755833e-47
6.9523911e+02	5.6946235e-47
6.9681497e+02	5.7137516e-47
6.9839440e+02	5.7329682e-47
6.9997741e+02	5.7522735e-47
7.0156401e+02	5.7716677e-47
7.0315420e+02	5.7911517e-47
7.0474800e+02	5.8107255e-47
7.0634542e+02	5.8303896e-47
7.0794645e+02	5.8501446e-47
7.0955111e+02	5.8699906e-47
7.1115941e+02	5.8899281e-47
7.1277136e+02	5.9099577e-47
7.1438695e+02	5.9300796e-47
7.1600622e+02	5.9502943e-47
7.1762915e+02	5.9706022e-47
7.1925576e+02	5.9910038e-47
7.2088605e+02	6.0114994e-47
7.2252004e+02	6.0320896e-47
7.2415774e+02	6.0527746e-47
7.2579915e+02	6.0735550e-47
7.2744428e+02	6.0944310e-47
7.2909313e+02	6.1154033e-47
7.3074573e+02	6.1364723e-47
7.3240207e+02	6.1576384e-47
7.3406216e+02	6.1789018e-47
7.3572602e+02	6.2002632e-47
7.3739365e+02	6.2217231e-47
7.3906506e+02	6.2432817e-47
7.4074025e+02	6.2649395e-47
7.4241925e+02	6.2866972e-47
7.4410205e+02	6.3085551e-47
7.4578866e+02	6.3305135e-47
7.4747910e+02	6.3525730e-47
7.4917337e+02	6.3747339e-47
7.5087148e+02	6.3969970e-47
7.5257344e+02	6.4193623e-47
7.5427925e+02	6.4418307e-47
7.5598893e+02	6.4644025e-47
7.5770249e+02	6.4870780e-47
7.5941993e+02	6.5098578e-47
7.6114127e+02	6.5327425e-47
7.6286650e+02	6.5557323e-47
7.6459565e+02	6.5788280e-47
7.6632872e+02	6.6020299e-47
7.6806571e+02	6.6253383e-47
7.6980664e+02	6.6487540e-47
7.7155152e+02	6.6722772e-47
7.7330035e+02	6.6959086e-47
7.7505315e+02	6.7196486e-47
7.7680992e+02	6.7434978e-47
7.7857067e+02	6.7674565e-47
7.8033541e+02	6.7915255e-47
7.8210415e+02	6.8157048e-47
7.8387690e+02	6.8399953e-47
7.8565367e+02	6.8643974e-47
7.8743447e+02	6.8889115e-47
7.8921930e+02	6.9135384e-47
7.9100818e+02	6.9382783e-47
7.9280112e+02	6.9631318e-47
7.9459812e+02	6.9880994e-47
7.9639919e+02	7.0131818e-47
7.9820434e+02	7.0383792e-47
8.0001358e+02	7.0636923e-47
8.0182693e+02	7.0891217e-47
8.0364439e+02	7.1146678e-47
8.0546596e+02	7.1403311e-47
8.0729167e+02	7.1661121e-47
8.0912151e+02	7.1920117e-47
8.1095550e+02	7.2180298e-47
8.1279365e+02	7.2441676e-47
8.1463596e+02	7.2704251e-47
8.1648245e+02	7.2968031e-47
8.1833312e+02	7.3233023e-47
8.2018799e+02	7.3499228e-47
8.2204707e+02	7.3766656e-47
8.2391036e+02	7.4035310e-47
8.2577787e+02	7.4305196e-47
8.2764961e+02	7.4576320e-47
8.2952560e+02	7.4848688e-47
8.3140584e+02	7.5122304e-47
8.3329034e+02	7.5397174e-47
8.3517911e+02	7.5673306e-47
8.3707216e+02	7.5950702e-47
8.3896951e+02	7.6229369e-47
8.4087115e+02	7.6509316e-47
8.4277711e+02	7.6790544e-47
8.4468738e+02	7.7073062e-47
8.4660199e+02	7.7356875e-47
8.4852093e+02	7.7641988e-47
8.5044423e+02	7.7928407e-47
8.5237188e+02	7.8216140e-47
8.5430391e+02	7.8505191e-47
8.5624031e+02	7.8795565e-47
8.5818110e+02	7.9087270e-47
8.6012629e+02	7.9380311e-47
8.6207589e+02	7.9674694e-47
8.6402991e+02	7.9970426e-47
8.6598836e+02	8.0267512e-47
8.6795124e+02	8.0565960e-47
8.6991858e+02	8.0865774e-47
8.7189038e+02	8.1166960e-47
8.7386664e+02	8.1469526e-47
8.7584739e+02	8.1773478e-47
8.7783262e+02	8.2078820e-47
8.7982235e+02	8.2385563e-47
8.8181660e+02	8.2693706e-47
8.8381536e+02	8.3003264e-47
8.8581866e+02	8.3314235e-47
8.8782649e+02	8.3626632e-47
8.8983888e+02	8.3940459e-47
8.9185583e+02	8.4255723e-47
8.9387734e+02	8.4572428e-47
8.9590345e+02	8.4890583e-47
8.9793414e+02	8.5210194e-47
8.9996944e+02	8.5531269e-47
9.0200935e+02	8.5853812e-47
9.0405388e+02	8.6177832e-47
9.0610305e+02	8.6503335e-47
9.0815686e+02	8.6830327e-47
9.1021533e+02	8.7158816e-47
9.1227846e+02	8.7488808e-47
9.1434627e+02	8.7820310e-47
9.1641877e+02	8.8153329e-47
9.1849597e+02	8.8487873e-47
9.2057787e+02	8.8823948e-47
9.2266449e+02	8.9161564e-47
9.2475584e+02	8.9500725e-47
9.2685193e+02	8.9841439e-47
9.2895278e+02	9.0183717e-47
9.3105838e+02	9.0527566e-47
9.3316876e+02	9.0872991e-47
9.3528392e+02	9.1220008e-47
9.3740388e+02	9.1568624e-47
9.3952864e+02	9.1918852e-47
9.4165821e+02	9.2270712e-47
9.4379262e+02	9.2624223e-47
9.4593186e+02	9.2979422e-47
9.4807595e+02	9.3336366e-47
9.5022490e+02	9.3695179e-47
9.5237872e+02	9.4056136e-47
9.5453743e+02	9.4420062e-47
9.5670102e+02	9.4790457e-47
9.5886952e+02	9.5200185e-47
9.6104294e+02	9.8380149e-47
9.6322128e+02	9.5911512e-47
9.6540456e+02	9.6256533e-47
9.6759279e+02	9.6622902e-47
9.6978598e+02	9.6994246e-47
9.7198413e+02	9.7368288e-47
9.7418728e+02	9.7744442e-47
9.7639541e+02	9.8122510e-47
9.7860855e+02	9.8502407e-47
9.8082671e+02	9.8884101e-47
9.8304989e+02	9.9267574e-47
9.8527812e+02	9.9652826e-47
9.8751139e+02	1.0003984e-46
9.8974973e+02	1.0042866e-46
9.9199314e+02	1.0081925e-46
9.9424163e+02	1.0121163e-46
9.9649523e+02	1.0160582e-46
9.9875393e+02	1.0200178e-46
1.0010177e+03	1.0239958e-46
1.0032867e+03	1.0279918e-46
1.0055608e+03	1.0320063e-46
1.0078400e+03	1.0360390e-46
1.0101245e+03	1.0400899e-46
1.0124140e+03	1.0441596e-46
1.0147088e+03	1.0482479e-46
1.0170088e+03	1.0523547e-46
1.0193140e+03	1.0564804e-46
1.0216244e+03	1.0606248e-46
1.0239401e+03	1.0647881e-46
1.0262610e+03	1.0689705e-46
1.0285872e+03	1.0731721e-46
1.0309186e+03	1.0773927e-46
1.0332553e+03	1.0816327e-46
1.0355973e+03	1.0858918e-46
1.0379447e+03	1.0901705e-46
1.0402973e+03	1.0944687e-46
1.0426553e+03	1.0987866e-46
1.0450186e+03	1.1031240e-46
1.0473873e+03	1.1074814e-46
1.0497614e+03	1.1118585e-46
1.0521408e+03	1.1162556e-46
1.0545256e+03	1.1206729e-46
1.0569159e+03	1.1251104e-46
1.0593115e+03	1.1295679e-46
1.0617126e+03	1.1340459e-46
1.0641191e+03	1.1385443e-46
1.0665311e+03	1.1430631e-46
1.0689486e+03	1.1476025e-46
1.0713715e+03	1.1521627e-46
1.0737999e+03	1.1567437e-46
1.0762338e+03	1.1613457e-46
1.0786733e+03	1.1659685e-46
1.0811182e+03	1.1706123e-46
1.0835687e+03	1.1752776e-46
1.0860248e+03	1.1799638e-46
1.0884864e+03	1.1846716e-46
1.0909536e+03	1.1894009e-46
1.0934265e+03	1.1941517e-46
1.0959049e+03	1.1989240e-46
1.0983889e+03	1.2037184e-46
1.1008785e+03	1.2085344e-46
1.1033738e+03	1.2133723e-46
1.1058748e+03	1.2182325e-46
1.1083814e+03	1.2231146e-46
1.1108937e+03	1.2280190e-46
1.1134117e+03	1.2329460e-46
1.1159354e+03	1.2378952e-46
1.1184649e+03	1.2428671e-46
1.1210000e+03	1.2478617e-46
1.1235409e+03	1.2528788e-46
1.1260876e+03	1.2579190e-46
1.1286400e+03	1.2629822e-46
1.1311983e+03	1.2680683e-46
1.1337623e+03	1.2731776e-46
1.1363321e+03	1.2783102e-46
1.1389078e+03	1.2834663e-46
1.1414893e+03	1.2886459e-46
1.1440766e+03	1.2938489e-46
1.1466698e+03	1.2990759e-46
1.1492689e+03	1.3043264e-46
1.1518739e+03	1.3096010e-46
1.1544848e+03	1.3148996e-46
1.1571016e+03	1.3202224e-46
1.1597243e+03	1.3255693e-46
1.1623530e+03	1.3309406e-46
1.1649877e+03	1.3363365e-46
1.1676283e+03	1.3417569e-46
1.1702749e+03	1.3472020e-46
1.1729275e+03	1.3526718e-46
1.1755861e+03	1.3581667e-46
1.1782507e+03	1.3636865e-46
1.1809214e+03	1.3692316e-46
1.1835981e+03	1.3748017e-46
1.1862809e+03	1.3803975e-46
1.1889698e+03	1.3860186e-46
1.1916648e+03	1.3916652e-46
1.1943658e+03	1.3973377e-46
1.1970730e+03	1.4030360e-46
1.1997864e+03	1.4087601e-46
1.2025059e+03	1.4145104e-46
1.2052315e+03	1.4202869e-46
1.2079634e+03	1.4260895e-46
1.2107014e+03	1.4319188e-46
1.2134456e+03	1.4377746e-46
1.2161961e+03	1.4436570e-46
1.2189527e+03	1.4495662e-46
1.2217157e+03	1.4555023e-46
1.2244849e+03	1.4614653e-46
1.2272603e+03	1.4674556e-46
1.2300421e+03	1.4734731e-46
1.2328302e+03	1.4795180e-46
1.2356246e+03	1.4855907e-46
1.2384253e+03	1.4916907e-46
1.2412323e+03	1.4978186e-46
1.2440458e+03	1.5039743e-46
1.2468656e+03	1.5101581e-46
1.2496918e+03	1.5163701e-46
1.2525244e+03	1.5226104e-46
1.2553634e+03	1.5288791e-46
1.2582089e+03	1.5351763e-46
1.2610608e+03	1.5415020e-46
1.2639192e+03	1.5478567e-46
1.2667840e+03	1.5542402e-46
1.2696554e+03	1.5606528e-46
1.2725332e+03	1.5670946e-46
1.2754176e+03	1.5735658e-46
1.2783085e+03	1.5800663e-46
1.2812060e+03	1.5865967e-46
1.2841100e+03	1.5931564e-46
1.2870206e+03	1.5997464e-46
1.2899379e+03	1.6063659e-46
1.2928617e+03	1.6130158e-46
1.2957922e+03	1.6196961e-46
1.2987292e+03	1.6264067e-46
1.3016730e+03	1.6331475e-46
1.3046234e+03	1.6399195e-46
1.3075806e+03	1.6467218e-46
1.3105444e+03	1.6535555e-46
1.3135149e+03	1.6604201e-46
1.3164922e+03	1.6673160e-46
1.3194762e+03	1.6742432e-46
1.3224670e+03	1.6812019e-46
1.3254645e+03	1.6881924e-46
1.3284689e+03	1.6952147e-46
1.3314801e+03	1.7022687e-46
1.3344981e+03	1.7093549e-46
1.3375229e+03	1.7164736e-46
1.3405546e+03	1.7236245e-46
1.3435931e+03	1.7308078e-46
1.3466386e+03	1.7380240e-46
1.3496909e+03	1.7452730e-46
1.3527502e+03	1.7525550e-46
1.3558164e+03	1.7598699e-46
1.3588896e+03	1.7672182e-46
1.3619697e+03	1.7746002e-46
1.3650568e+03	1.7820154e-46
1.3681509e+03	1.7894646e-46
1.3712520e+03	1.7969475e-46
1.3743601e+03	1.8044646e-46
1.3774753e+03	1.8120156e-46
1.3805976e+03	1.8196014e-46
1.3837269e+03	1.8272213e-46
1.3868633e+03	1.8348761e-46
1.3900068e+03	1.8425657e-46
1.3931575e+03	1.8502901e-46
1.3963153e+03	1.8580498e-46
1.3994802e+03	1.8658448e-46
1.4026523e+03	1.8736753e-46
1.4058316e+03	1.8815414e-46
1.4090182e+03	1.8894432e-46
1.4122119e+03	1.8973812e-46
1.4154129e+03	1.9053551e-46
1.4186211e+03	1.9133653e-46
1.4218366e+03	1.9214121e-46
1.4250594e+03	1.9294957e-46
1.4282895e+03	1.9376167e-46
1.4315270e+03	1.9457756e-46
1.4347717e+03	1.9539757e-46
1.4380238e+03	1.9622418e-46
1.4412833e+03	2.0001964e-46
1.4445502e+03	1.9788091e-46
1.4478245e+03	1.9871244e-46
1.4511062e+03	1.9955009e-46
1.4543953e+03	2.0039191e-46
1.4576919e+03	2.0123763e-46
1.4609960e+03	2.0208726e-46
1.4643075e+03	2.0294079e-46
1.4676266e+03	2.0379818e-46
1.4709532e+03	2.0465949e-46
1.4742873e+03	2.0552474e-46
1.4776290e+03	2.0639388e-46
1.4809783e+03	2.0726702e-46
1.4843351e+03	2.0814410e-46
1.4876996e+03	2.0902518e-46
1.4910717e+03	2.0991026e-46
1.4944514e+03	2.1079939e-46
1.4978388e+03	2.1169255e-46
1.5012338e+03	2.1258976e-46
1.5046366e+03	2.1349105e-46
1.5080471e+03	2.1439642e-46
1.5114653e+03	2.1530594e-46
1.5148912e+03	2.1621959e-46
1.5183250e+03	2.1713738e-46
1.5217665e+03	2.1805936e-46
1.5252158e+03	2.1898551e-46
1.5286729e+03	2.1991588e-46
1.5321378e+03	2.2085048e-46
1.5356106e+03	2.2178936e-46
1.5390913e+03	2.2273246e-46
1.5425799e+03	2.2367987e-46
1.5460764e+03	2.2463157e-46
1.5495808e+03	2.2558763e-46
1.5530931e+03	2.2654801e-46
1.5566134e+03	2.2751276e-46
1.5601417e+03	2.2848191e-46
1.5636780e+03	2.2945545e-46
1.5672223e+03	2.3043340e-46
1.5707746e+03	2.3141581e-46
1.5743350e+03	2.3240271e-46
1.5779035e+03	2.3339406e-46
1.5814800e+03	2.3438995e-46
1.5850647e+03	2.3539034e-46
1.5886575e+03	2.3639527e-46
1.5922584e+03	2.3740477e-46
1.5958675e+03	2.3841889e-46
1.5994847e+03	2.3943759e-46
1.6031102e+03	2.4046094e-46
1.6067439e+03	2.4148893e-46
1.6103858e+03	2.4252160e-46
1.6140360e+03	2.4355894e-46
1.6176944e+03	2.4460103e-46
1.6213611e+03	2.4564782e-46
1.6250362e+03	2.4669939e-46
1.6287196e+03	2.4775572e-46
1.6324113e+03	2.4881687e-46
1.6361114e+03	2.4988284e-46
1.6398199e+03	2.5095366e-46
1.6435368e+03	2.5202934e-46
1.6472621e+03	2.5310990e-46
1.6509958e+03	2.5419538e-46
1.6547380e+03	2.5528581e-46
1.6584887e+03	2.5638117e-46
1.6622479e+03	2.5748153e-46
1.6660157e+03	2.5858685e-46
1.6697919e+03	2.5969722e-46
1.6735768e+03	2.6081265e-46
1.6773702e+03	2.6193312e-46
1.6811722e+03	2.6305872e-46
1.6849828e+03	2.6418940e-46
1.6888020e+03	2.6532523e-46
1.6926299e+03	2.6646622e-46
1.6964665e+03	2.6761240e-46
1.7003118e+03	2.6876376e-46
1.7041658e+03	2.6992039e-46
1.7080286e+03	2.7108226e-46
1.7119001e+03	2.7224941e-46
1.7157803e+03	2.7342187e-46
1.7196694e+03	2.7459963e-46
1.7235673e+03	2.7578278e-46
1.7274740e+03	2.7697128e-46
1.7313895e+03	2.7816519e-46
1.7353140e+03	2.7936452e-46
1.7392473e+03	2.8056930e-46
1.7431896e+03	2.8177957e-46
1.7471408e+03	2.8299533e-46
1.7511009e+03	2.8421661e-46
1.7550700e+03	2.8544342e-46
1.7590482e+03	2.8667583e-46
1.7630353e+03	2.8791384e-46
1.7670315e+03	2.8915748e-46
1.7710367e+03	2.9040672e-46
1.7750510e+03	2.9166170e-46
1.7790744e+03	2.9292234e-46
1.7831069e+03	2.9418874e-46
1.7871486e+03	2.9546086e-46
1.7911994e+03	2.9673880e-46
1.7952594e+03	2.9802249e-46
1.7993287e+03	2.9931208e-46
1.8034071e+03	3.0060746e-46
1.8074948e+03	3.0190876e-46
1.8115917e+03	3.0321598e-46
1.8156980e+03	3.0452913e-46
1.8198135e+03	3.0584826e-46
1.8239384e+03	3.0717336e-46
1.8280726e+03	3.0850449e-46
1.8322162e+03	3.0984167e-46
1.8363692e+03	3.1118491e-46
1.8405316e+03	3.1253428e-46
1.8447034e+03	3.1388975e-46
1.8488847e+03	3.1525139e-46
1.8530754e+03	3.1661921e-46
1.8572757e+03	3.1799324e-46
1.8614855e+03	3.1937353e-46
1.8657048e+03	3.2076008e-46
1.8699337e+03	3.2215292e-46
1.8741722e+03	3.2355213e-46
1.8784202e+03	3.2495766e-46
1.8826780e+03	3.2636959e-46
1.8869453e+03	3.2778791e-46
1.8912223e+03	3.2921268e-46
1.8955091e+03	3.3064393e-46
1.8998055e+03	3.3208170e-46
1.9041117e+03	3.3352599e-46
1.9084276e+03	3.3497689e-46
1.9127534e+03	3.3643443e-46
1.9170889e+03	3.3789903e-46
1.9214343e+03	3.4056938e-46
1.9257895e+03	3.4084718e-46
1.9301545e+03	3.4233063e-46
1.9345295e+03	3.4382138e-46
1.9389144e+03	3.4531893e-46
1.9433092e+03	3.4682332e-46
1.9477140e+03	3.4833456e-46
1.9521288e+03	3.4985263e-46
1.9565536e+03	3.5137765e-46
1.9609884e+03	3.5290959e-46
1.9654332e+03	3.5444847e-46
1.9698882e+03	3.5599433e-46
1.9743532e+03	3.5754722e-46
1.9788284e+03	3.5910720e-46
1.9833137e+03	3.6067422e-46
1.9878091e+03	3.6224839e-46
1.9923148e+03	3.6382968e-46
1.9968307e+03	3.6541817e-46
2.0013568e+03	3.6701387e-46
2.0058931e+03	3.6861681e-46
2.0104398e+03	3.7022705e-46
2.0149967e+03	3.7184458e-46
2.0195640e+03	3.7346946e-46
2.0241416e+03	3.7510172e-46
2.0287296e+03	3.7674142e-46
2.0333280e+03	3.7838855e-46
2.0379369e+03	3.8004317e-46
2.0425562e+03	3.8170527e-46
2.0471859e+03	3.8337495e-46
2.0518261e+03	3.8505220e-46
2.0564769e+03	3.8673708e-46
2.0611382e+03	3.8842962e-46
2.0658101e+03	3.9012981e-46
2.0704925e+03	3.9183775e-46
2.0751856e+03	3.9355347e-46
2.0798893e+03	3.9527694e-46
2.0846037e+03	3.9700826e-46
2.0893287e+03	3.9874742e-46
2.0940645e+03	4.0049451e-46
2.0988110e+03	4.0224951e-46
2.1035682e+03	4.0401249e-46
2.1083363e+03	4.0578348e-46
2.1131151e+03	4.0756249e-46
2.1179048e+03	4.0934961e-46
2.1227053e+03	4.1114481e-46
2.1275168e+03	4.1294820e-46
2.1323391e+03	4.1475974e-46
2.1371723e+03	4.1657953e-46
2.1420165e+03	4.1840760e-46
2.1468717e+03	4.2024397e-46
2.1517379e+03	4.2208864e-46
2.1566151e+03	4.2394172e-46
2.1615034e+03	4.2580322e-46
2.1664028e+03	4.2767315e-46
2.1713132e+03	4.2955157e-46
2.1762348e+03	4.3143855e-46
2.1811676e+03	4.3333408e-46
2.1861115e+03	4.3523823e-46
2.1910667e+03	4.3715103e-46
2.1960330e+03	4.3907250e-46
2.2010106e+03	4.4100269e-46
2.2059996e+03	4.4294165e-46
2.2109998e+03	4.4488942e-46
2.2160113e+03	4.4684603e-46
2.2210342e+03	4.4881156e-46
2.2260685e+03	4.5078598e-46
2.2311142e+03	4.5276937e-46
2.2361714e+03	4.5476177e-46
2.2412400e+03	4.5676320e-46
2.2463201e+03	4.5877373e-46
2.2514117e+03	4.6079341e-46
2.2565148e+03	4.6282225e-46
2.2616295e+03	4.6486029e-46
2.2667558e+03	4.6690761e-46
2.2718938e+03	4.6896419e-46
2.2770433e+03	4.7103011e-46
2.2822046e+03	4.7310544e-46
2.2873775e+03	4.7519017e-46
2.2925622e+03	4.7728437e-46
2.2977586e+03	4.7938809e-46
2.3029668e+03	4.8150139e-46
2.3081868e+03	4.8362422e-46
2.3134187e+03	4.8575675e-46
2.3186624e+03	4.8789896e-46
2.3239179e+03	4.9005084e-46
2.3291854e+03	4.9221256e-46
2.3344649e+03	4.9438406e-46
2.3397563e+03	4.9656542e-46
2.3450597e+03	4.9875668e-46
2.3503751e+03	5.0095791e-46
2.3557025e+03	5.0316910e-46
2.3610421e+03	5.0539037e-46
2.3663937e+03	5.0762172e-46
2.3717575e+03	5.0986317e-46
2.3771334e+03	5.1211482e-46
2.3825215e+03	5.1437668e-46
2.3879219e+03	5.1664885e-46
2.3933344e+03	5.1893136e-46
2.3987593e+03	5.2122474e-46
2.4041964e+03	5.2352863e-46
2.4096459e+03	5.2584113e-46
2.4151077e+03	5.2816525e-46
2.4205819e+03	5.3049997e-46
2.4260685e+03	5.3284529e-46
2.4315675e+03	5.3520130e-46
2.4370790e+03	5.3756801e-46
2.4426030e+03	5.3994544e-46
2.4481395e+03	5.4233369e-46
2.4536885e+03	5.4473273e-46
2.4592502e+03	5.4714272e-46
2.4648244e+03	5.4956365e-46
2.4704113e+03	5.5199552e-46
2.4760108e+03	5.5443846e-46
2.4816231e+03	5.5689251e-46
2.4872480e+03	5.5935769e-46
2.4928857e+03	5.6183406e-46
2.4985362e+03	5.6432169e-46
2.5041995e+03	5.6682058e-46
2.5098756e+03	5.6933086e-46
2.5155646e+03	5.7185252e-46
2.5212665e+03	5.7438560e-46
2.5269813e+03	5.7693023e-46
2.5327091e+03	5.7948636e-46
2.5384499e+03	5.8205413e-46
2.5442036e+03	5.8463357e-46
2.5499704e+03	5.8722467e-46
2.5557503e+03	5.8982757e-46
2.5615433e+03	5.9244227e-46
2.5673494e+03	5.9506885e-46
2.5731686e+03	5.9770739e-46
2.5790011e+03	6.0035785e-46
2.5848468e+03	6.0302037e-46
2.5907057e+03	6.0569497e-46
2.5965779e+03	6.0838176e-46
2.6024634e+03	6.1108067e-46
2.6083623e+03	6.1379190e-46
2.6142745e+03	6.1651539e-46
2.6202001e+03	6.1925128e-46
2.6261392e+03	6.2199956e-46
2.6320917e+03	6.2476037e-46
2.6380577e+03	6.2753366e-46
2.6440373e+03	6.3031957e-46
2.6500304e+03	6.3311814e-46
2.6560370e+03	6.3592937e-46
2.6620573e+03	6.3875339e-46
2.6680913e+03	6.4159021e-46
2.6741389e+03	6.4443996e-46
2.6802002e+03	6.4730259e-46
2.6862753e+03	6.5017824e-46
2.6923641e+03	6.5306697e-46
2.6984667e+03	6.5596876e-46
2.7045832e+03	6.5888375e-46
2.7107135e+03	6.6181200e-46
2.7168577e+03	6.6475350e-46
2.7230159e+03	6.6770839e-46
2.7291880e+03	6.7067667e-46
2.7353741e+03	6.7365844e-46
2.7415742e+03	6.7665375e-46
2.7477884e+03	6.7966263e-46
2.7540166e+03	6.8268519e-46
2.7602590e+03	6.8572147e-46
2.7665155e+03	6.8877158e-46
2.7727862e+03	6.9183545e-46
2.7790712e+03	6.9491329e-46
2.7853703e+03	6.9800509e-46
2.7916838e+03	7.0111091e-46
2.7980115e+03	7.0423084e-46
2.8043536e+03	7.0736493e-46
2.8107101e+03	7.1051328e-46
2.8170810e+03	7.1367589e-46
2.8234663e+03	7.1685286e-46
2.8298661e+03	7.2004424e-46
2.8362804e+03	7.2325012e-46
2.8427092e+03	7.2647057e-46
2.8491526e+03	7.2970563e-46
2.8556106e+03	7.3295540e-46
2.8620833e+03	7.3621988e-46
2.8685706e+03	7.3949922e-46
2.8750726e+03	7.4279343e-46
2.8815894e+03	7.4610906e-46
2.8881209e+03	7.4942682e-46
2.8946673e+03	7.5276603e-46
2.9012285e+03	7.5612043e-46
2.9078045e+03	7.5949010e-46
2.9143955e+03	7.6287506e-46
2.9210014e+03	7.6627535e-46
2.9276222e+03	7.6969114e-46
2.9342581e+03	7.7312236e-46
2.9409090e+03	7.7656924e-46
2.9475750e+03	7.8003172e-46
2.9542561e+03	7.8350991e-46
2.9609524e+03	7.8700391e-46
2.9676638e+03	7.9051379e-46
2.9743904e+03	7.9403953e-46
2.9811323e+03	7.9758136e-46
2.9878895e+03	8.0113923e-46
2.9946620e+03	8.0471324e-46
3.0014498e+03	8.0830351e-46
3.0082530e+03	8.1191003e-46
3.0150716e+03	8.1553292e-46
3.0219057e+03	8.1917229e-46
3.0287553e+03	8.2282819e-46
3.0356204e+03	8.2650069e-46
3.0425011e+03	8.3018983e-46
3.0493974e+03	8.3389574e-46
3.0563093e+03	8.3761847e-46
3.0632368e+03	8.4135807e-46
3.0701801e+03	8.4511467e-46
3.0771391e+03	8.4888832e-46
3.0841139e+03	8.5267907e-46
3.0911045e+03	8.5648705e-46
3.0981109e+03	8.6031237e-46
3.1051332e+03	8.6415498e-46
3.1121714e+03	8.6801504e-46
3.1192256e+03	8.7189269e-46
3.1262958e+03	8.7578785e-46
3.1333820e+03	8.7970077e-46
3.1404843e+03	8.8363139e-46
3.1476026e+03	8.8757989e-46
3.1547371e+03	8.9154633e-46
3.1618878e+03	8.9553076e-46
3.1690546e+03	8.9953326e-46
3.1762378e+03	9.0355394e-46
3.1834372e+03	9.0759287e-46
3.1906529e+03	9.1165010e-46
3.1978850e+03	9.1572582e-46
3.2051334e+03	9.1981997e-46
3.2123983e+03	9.2393274e-46
3.2196797e+03	9.2806419e-46
3.2269775e+03	9.3221438e-46
3.2342919e+03	9.3638338e-46
3.2416229e+03	9.4057131e-46
3.2489705e+03	9.4477829e-46
3.2563348e+03	9.4900434e-46
3.2637158e+03	9.5324957e-46
3.2711134e+03	9.5751412e-46
3.2785279e+03	9.6179798e-46
3.2859591e+03	9.6610129e-46
3.2934072e+03	9.7042411e-46
3.3008722e+03	9.7476664e-46
3.3083541e+03	9.7912881e-46
3.3158530e+03	9.8351075e-46
3.3233688e+03	9.8791266e-46
3.3309017e+03	9.9233448e-46
3.3384517e+03	9.9677647e-46
3.3460188e+03	1.0012386e-45
3.3536030e+03	1.0057209e-45
3.3612044e+03	1.0102244e-45
3.3688231e+03	1.0147468e-45
3.3764590e+03	1.0192904e-45
3.3841122e+03	1.0238547e-45
3.3917828e+03	1.0284397e-45
3.3994708e+03	1.0330455e-45
3.4071762e+03	1.0376722e-45
3.4148990e+03	1.0423199e-45
3.4226394e+03	1.0469887e-45
3.4303973e+03	1.0516788e-45
3.4381728e+03	1.0563901e-45
3.4459659e+03	1.0611227e-45
3.4537767e+03	1.0658769e-45
3.4616051e+03	1.0706527e-45
3.4694514e+03	1.0754501e-45
3.4773154e+03	1.0802693e-45
3.4851972e+03	1.0851104e-45
3.4930969e+03	1.0899735e-45
3.5010145e+03	1.0948586e-45
3.5089501e+03	1.0997659e-45
3.5169036e+03	1.1046954e-45
3.5248752e+03	1.1096474e-45
3.5328648e+03	1.1146219e-45
3.5408726e+03	1.1196188e-45
3.5488985e+03	1.1246385e-45
3.5569425e+03	1.1296810e-45
3.5650049e+03	1.1347464e-45
3.5730855e+03	1.1398348e-45
3.5811844e+03	1.1449462e-45
3.5893016e+03	1.1500809e-45
3.5974373e+03	1.1552388e-45
3.6055914e+03	1.1604202e-45
3.6137640e+03	1.1656251e-45
3.6219551e+03	1.1708536e-45
3.6301648e+03	1.1761059e-45
3.6383931e+03	1.1813819e-45
3.6466400e+03	1.1866820e-45
3.6549057e+03	1.1920061e-45
3.6631900e+03	1.1973543e-45
3.6714932e+03	1.2027269e-45
3.6798152e+03	1.2081238e-45
3.6881560e+03	1.2135452e-45
3.6965157e+03	1.2189912e-45
3.7048944e+03	1.2244620e-45
3.7132921e+03	1.2299576e-45
3.7217088e+03	1.2354781e-45
3.7301446e+03	1.2410237e-45
3.7385995e+03	1.2465945e-45
3.7470736e+03	1.2521905e-45
3.7555668e+03	1.2578119e-45
3.7640794e+03	1.2634589e-45
3.7726112e+03	1.2691315e-45
3.7811624e+03	1.2748298e-45
3.7897329e+03	1.2805541e-45
3.7983229e+03	1.2863042e-45
3.8069323e+03	1.2920805e-45
3.8155613e+03	1.2978830e-45
3.8242098e+03	1.3037118e-45
3.8328779e+03	1.3095671e-45
3.8415657e+03	1.3154495e-45
3.8502732e+03	1.3213576e-45
3.8590004e+03	1.3272930e-45
3.8677473e+03	1.3332553e-45
3.8765141e+03	1.3392447e-45
3.8853008e+03	1.3452612e-45
3.8941074e+03	1.3513052e-45
3.9029340e+03	1.3573765e-45
3.9117805e+03	1.3634753e-45
3.9206471e+03	1.3696019e-45
3.9295339e+03	1.3757563e-45
3.9384407e+03	1.3819386e-45
3.9473677e+03	1.3881490e-45
3.9563150e+03	1.3943875e-45
3.9652826e+03	1.4006544e-45
3.9742705e+03	1.4069497e-45
3.9832787e+03	1.4132736e-45
3.9923074e+03	1.4196262e-45
4.0013565e+03	1.4260076e-45
4.0104262e+03	1.4324180e-45
4.0195164e+03	1.4388575e-45
4.0286272e+03	1.4453262e-45
4.0377587e+03	1.4518243e-45
4.0469108e+03	1.4583518e-45
4.0560837e+03	1.4649090e-45
4.0652774e+03	1.4714960e-45
4.0744920e+03	1.4781128e-45
4.0837274e+03	1.4847597e-45
4.0929837e+03	1.4914368e-45
4.1022611e+03	1.4981441e-45
4.1115594e+03	1.5048820e-45
4.1208789e+03	1.5116504e-45
4.1302194e+03	1.5184495e-45
4.1395812e+03	1.5252794e-45
4.1489641e+03	1.5321404e-45
4.1583684e+03	1.5390325e-45
4.1677939e+03	1.5459559e-45
4.1772408e+03	1.5529107e-45
4.1867091e+03	1.5598971e-45
4.1961989e+03	1.5669152e-45
4.2057102e+03	1.5739652e-45
4.2152430e+03	1.5810471e-45
4.2247975e+03	1.5881613e-45
4.2343736e+03	1.5953076e-45
4.2439714e+03	1.6024864e-45
4.2535910e+03	1.6096979e-45
4.2632324e+03	1.6169420e-45
4.2728956e+03	1.6242190e-45
4.2825807e+03	1.6315290e-45
4.2922878e+03	1.6388722e-45
4.3020169e+03	1.6462488e-45
4.3117680e+03	1.6536588e-45
4.3215413e+03	1.6611027e-45
4.3313367e+03	1.6685799e-45
4.3411543e+03	1.6760914e-45
4.3509941e+03	1.6836368e-45
4.3608563e+03	1.6912165e-45
4.3707408e+03	1.6988307e-45
4.3806477e+03	1.7064794e-45
4.3905771e+03	1.7141628e-45
4.4005289e+03	1.7218811e-45
4.4105034e+03	1.7296344e-45
4.4205004e+03	1.7374229e-45
4.4305201e+03	1.7452467e-45
4.4405625e+03	1.7531061e-45
4.4506277e+03	1.7610011e-45
4.4607157e+03	1.7689321e-45
4.4708265e+03	1.7768989e-45
4.4809603e+03	1.7849020e-45
4.4911170e+03	1.7929413e-45
4.5012968e+03	1.8010171e-45
4.5114996e+03	1.8091296e-45
4.5217256e+03	1.8172790e-45
4.5319747e+03	1.8254653e-45
4.5422471e+03	1.8336887e-45
4.5525428e+03	1.8419495e-45
4.5628618e+03	1.8502477e-45
4.5732041e+03	1.8585837e-45
4.5835700e+03	1.8669574e-45
4.5939593e+03	1.8753693e-45
4.6043722e+03	1.8838192e-45
4.6148086e+03	1.8923075e-45
4.6252688e+03	1.9008343e-45
4.6357526e+03	1.9093999e-45
4.6462602e+03	1.9180043e-45
4.6567916e+03	1.9266478e-45
4.6673469e+03	1.9353305e-45
4.6779261e+03	1.9440526e-45
4.6885293e+03	1.9528143e-45
4.6991565e+03	1.9616158e-45
4.7098078e+03	1.9704572e-45
4.7204833e+03	1.9793387e-45
4.7311829e+03	1.9882606e-45
4.7419069e+03	1.9972229e-45
4.7526551e+03	2.0062260e-45
4.7634276e+03	2.0152698e-45
4.7742246e+03	2.0243548e-45
4.7850461e+03	2.0334809e-45
4.7958921e+03	2.0426486e-45
4.8067627e+03	2.0518578e-45
4.8176579e+03	2.0611087e-45
4.8285778e+03	2.0704017e-45
4.8395225e+03	2.0797369e-45
4.8504919e+03	2.0891144e-45
4.8614863e+03	2.0985345e-45
4.8725055e+03	2.1079973e-45
4.8835498e+03	2.1175032e-45
4.8946190e+03	2.1270521e-45
4.9057134e+03	2.1366444e-45
4.9168329e+03	2.1462802e-45
4.9279776e+03	2.1559598e-45
4.9391476e+03	2.1656832e-45
4.9503429e+03	2.1754509e-45
4.9615635e+03	2.1852628e-45
4.9728096e+03	2.1951193e-45
4.9840812e+03	2.2050205e-45
4.9953784e+03	2.2149666e-45
5.0067011e+03	2.2249580e-45
5.0180495e+03	2.2349946e-45
5.0294236e+03	2.2450768e-45
5.0408236e+03	2.2552047e-45
5.0522493e+03	2.2653787e-45
5.0637010e+03	2.2755988e-45
5.0751786e+03	2.2858653e-45
5.0866822e+03	2.2961783e-45
5.0982119e+03	2.3065383e-45
5.1097677e+03	2.3169452e-45
5.1213497e+03	2.3273993e-45
5.1329580e+03	2.3379009e-45
5.1445926e+03	2.3484502e-45
5.1562535e+03	2.3590473e-45
5.1679409e+03	2.3696926e-45
5.1796548e+03	2.3803861e-45
5.1913953e+03	2.3911281e-45
5.2031623e+03	2.4019190e-45
5.2149560e+03	2.4127589e-45
5.2267765e+03	2.4236478e-45
5.2386237e+03	2.4345863e-45
5.2504978e+03	2.4455744e-45
5.2623988e+03	2.4566123e-45
5.2743268e+03	2.4677004e-45
5.2862818e+03	2.4788389e-45
5.2982639e+03	2.4900277e-45
5.3102732e+03	2.5012674e-45
5.3223097e+03	2.5125581e-45
5.3343735e+03	2.5239000e-45
5.3464646e+03	2.5352935e-45
5.3585831e+03	2.5467386e-45
5.3707291e+03	2.5582357e-45
5.3829027e+03	2.5697850e-45
5.3951038e+03	2.5813867e-45
5.4073326e+03	2.5930411e-45
5.4195891e+03	2.6047483e-45
5.4318733e+03	2.6165088e-45
5.4441855e+03	2.6283225e-45
5.4565255e+03	2.6401899e-45
5.4688935e+03	2.6521112e-45
5.4812895e+03	2.6640864e-45
5.4937136e+03	2.6761162e-45
5.5061659e+03	2.6882005e-45
5.5186465e+03	2.7003396e-45
5.5311553e+03	2.7125339e-45
5.5436924e+03	2.7247834e-45
5.5562580e+03	2.7370886e-45
5.5688521e+03	2.7494497e-45
5.5814747e+03	2.7618668e-45
5.5941259e+03	2.7743403e-45
5.6068058e+03	2.7868704e-45
5.6195144e+03	2.7994573e-45
5.6322518e+03	2.8121015e-45
5.6450181e+03	2.8248029e-45
5.6578134e+03	2.8375621e-45
5.6706376e+03	2.8503791e-45
5.6834909e+03	2.8632543e-45
5.6963734e+03	2.8761879e-45
5.7092850e+03	2.8891803e-45
5.7222260e+03	2.9022316e-45
5.7351962e+03	2.9153422e-45
5.7481959e+03	2.9285122e-45
5.7612250e+03	2.9417421e-45
5.7742836e+03	2.9550319e-45
5.7873719e+03	2.9683821e-45
5.8004898e+03	2.9817928e-45
5.8136374e+03	2.9952645e-45
5.8268149e+03	3.0087973e-45
5.8400222e+03	3.0223916e-45
5.8532594e+03	3.0360475e-45
5.8665267e+03	3.0497653e-45
5.8798240e+03	3.0635455e-45
5.8931515e+03	3.0773882e-45
5.9065091e+03	3.0912937e-45
5.9198971e+03	3.1052623e-45
5.9333154e+03	3.1192943e-45
5.9467641e+03	3.1333900e-45
5.9602433e+03	3.1475498e-45
5.9737530e+03	3.1617737e-45
5.9872934e+03	3.1760622e-45
6.0008645e+03	3.1904155e-45
6.0144663e+03	3.2048341e-45
6.0280989e+03	3.2193180e-45
6.0417625e+03	3.2338676e-45
6.0554570e+03	3.2484834e-45
6.0691826e+03	3.2631654e-45
6.0829393e+03	3.2779141e-45
6.0967271e+03	3.2927297e-45
6.1105462e+03	3.3076125e-45
6.1243967e+03	3.3225629e-45
6.1382785e+03	3.3375812e-45
6.1521918e+03	3.3526677e-45
6.1661366e+03	3.3678226e-45
6.1801130e+03	3.3830462e-45
6.1941211e+03	3.3983390e-45
6.2081610e+03	3.4137012e-45
6.2222327e+03	3.4291331e-45
6.2363363e+03	3.4446350e-45
6.2504718e+03	3.4602073e-45
6.2646394e+03	3.4758503e-45
6.2788391e+03	3.4915643e-45
6.2930710e+03	3.5073495e-45
6.3073352e+03	3.5232064e-45
6.3216317e+03	3.5391354e-45
6.3359605e+03	3.5551366e-45
6.3503219e+03	3.5712104e-45
6.3647158e+03	3.5873571e-45
6.3791424e+03	3.6035772e-45
6.3936016e+03	3.6198709e-45
6.4080936e+03	3.6362385e-45
6.4226185e+03	3.6526804e-45
6.4371763e+03	3.6691969e-45
6.4517671e+03	3.6857884e-45
6.4663909e+03	3.7024551e-45
6.4810479e+03	3.7191975e-45
6.4957382e+03	3.7360160e-45
6.5104617e+03	3.7529107e-45
6.5252186e+03	3.7698821e-45
6.5400089e+03	3.7869306e-45
6.5548328e+03	3.8040564e-45
6.5696903e+03	3.8212600e-45
6.5845814e+03	3.8385416e-45
6.5995063e+03	3.8559017e-45
6.6144650e+03	3.8733406e-45
6.6294577e+03	3.8908586e-45
6.6444843e+03	3.9084561e-45
6.6595450e+03	3.9261335e-45
6.6746398e+03	3.9438910e-45
6.6897688e+03	3.9617292e-45
6.7049321e+03	3.9796483e-45
6.7201298e+03	3.9976489e-45
6.7353620e+03	4.0157310e-45
6.7506286e+03	4.0338953e-45
6.7659299e+03	4.0521420e-45
6.7812659e+03	4.0704715e-45
6.7966366e+03	4.0888842e-45
6.8120421e+03	4.1073804e-45
6.8274826e+03	4.1259606e-45
6.8429581e+03	4.1446251e-45
6.8584686e+03	4.1633745e-45
6.8740143e+03	4.1822088e-45
6.8895953e+03	4.2011285e-45
6.9052115e+03	4.2201342e-45
6.9208632e+03	4.2392262e-45
6.9365503e+03	4.2584048e-45
6.9522730e+03	4.2776704e-45
6.9680313e+03	4.2970234e-45
6.9838254e+03	4.3164644e-45
6.9996552e+03	4.3359935e-45
7.0155209e+03	4.3556113e-45
7.0314226e+03	4.3753181e-45
7.0473604e+03	4.3951143e-45
7.0633342e+03	4.4150005e-45
7.0793443e+03	4.4349767e-45
7.0953906e+03	4.4550437e-45
7.1114734e+03	4.4752019e-45
7.1275925e+03	4.4954515e-45
7.1437482e+03	4.5157930e-45
7.1599406e+03	4.5362267e-45
7.1761696e+03	4.5567533e-45
7.1924354e+03	4.5773729e-45
7.2087381e+03	4.5980862e-45
7.2250778e+03	4.6188935e-45
7.2414544e+03	4.6397952e-45
7.2578682e+03	4.6607918e-45
7.2743192e+03	4.6818837e-45
7.2908075e+03	4.7030713e-45
7.3073332e+03	4.7243551e-45
7.3238963e+03	4.7457354e-45
7.3404970e+03	4.7672129e-45
7.3571353e+03	4.7887877e-45
7.3738113e+03	4.8104604e-45
7.3905251e+03	4.8322316e-45
7.4072768e+03	4.8541016e-45
7.4240664e+03	4.8760708e-45
7.4408941e+03	4.8981397e-45
7.4577600e+03	4.9203088e-45
7.4746641e+03	4.9425785e-45
7.4916065e+03	4.9649493e-45
7.5085873e+03	4.9874215e-45
7.5256066e+03	5.0099958e-45
7.5426644e+03	5.0326726e-45
7.5597610e+03	5.0554523e-45
7.5768963e+03	5.0783354e-45
7.5940704e+03	5.1013222e-45
7.6112834e+03	5.1244135e-45
7.6285355e+03	5.1476095e-45
7.6458267e+03	5.1709108e-45
7.6631570e+03	5.1943178e-45
7.6805267e+03	5.2178312e-45
7.6979357e+03	5.2414511e-45
7.7153842e+03	5.2651784e-45
7.7328722e+03	5.2890133e-45
7.7503999e+03	5.3129563e-45
7.7679673e+03	5.3370080e-45
7.7855745e+03	5.3611690e-45
7.8032216e+03	5.3854395e-45
7.8209087e+03	5.4098202e-45
7.8386359e+03	5.4343117e-45
7.8564033e+03	5.4589142e-45
7.8742110e+03	5.4836284e-45
7.8920590e+03	5.5084546e-45
7.9099475e+03	5.5333936e-45
7.9278766e+03	5.5584458e-45
7.9458462e+03	5.5836118e-45
7.9638566e+03	5.6088918e-45
7.9819079e+03	5.6342867e-45
8.0000000e+03	5.6597968e-45
