1.000000e+01 5.129177e-21
1.002306e+01 5.082176e-21
1.004617e+01 5.035608e-21
1.006934e+01 4.989469e-21
1.009256e+01 4.943754e-21
1.011583e+01 4.898459e-21
1.013916e+01 4.853581e-21
1.016254e+01 4.809116e-21
1.018598e+01 4.765060e-21
1.020946e+01 4.721409e-21
1.023301e+01 4.678159e-21
1.025661e+01 4.635308e-21
1.028026e+01 4.592850e-21
1.030396e+01 4.550782e-21
1.032772e+01 4.509102e-21
1.035154e+01 4.467804e-21
1.037541e+01 4.426886e-21
1.039934e+01 4.386345e-21
1.042332e+01 4.346176e-21
1.044735e+01 4.306376e-21
1.047145e+01 4.266942e-21
1.049559e+01 4.227871e-21
1.051980e+01 4.189159e-21
1.054406e+01 4.150802e-21
1.056837e+01 4.112798e-21
1.059274e+01 4.075143e-21
1.061717e+01 4.037835e-21
1.064165e+01 4.000869e-21
1.066619e+01 3.964243e-21
1.069079e+01 3.927953e-21
1.071544e+01 3.891997e-21
1.074015e+01 3.856371e-21
1.076492e+01 3.821073e-21
1.078974e+01 3.786099e-21
1.081462e+01 3.751446e-21
1.083956e+01 3.717111e-21
1.086456e+01 3.683092e-21
1.088961e+01 3.649386e-21
1.091472e+01 3.615989e-21
1.093989e+01 3.582899e-21
1.096512e+01 3.550113e-21
1.099040e+01 3.517629e-21
1.101575e+01 3.485442e-21
1.104115e+01 3.453551e-21
1.106661e+01 3.421953e-21
1.109213e+01 3.390646e-21
1.111771e+01 3.359626e-21
1.114335e+01 3.328891e-21
1.116904e+01 3.298438e-21
1.119480e+01 3.268265e-21
1.122062e+01 3.238369e-21
1.124649e+01 3.208748e-21
1.127243e+01 3.179398e-21
1.129842e+01 3.150319e-21
1.132447e+01 3.121506e-21
1.135059e+01 3.092958e-21
1.137676e+01 3.064672e-21
1.140300e+01 3.036646e-21
1.142929e+01 3.008877e-21
1.145565e+01 2.981364e-21
1.148207e+01 2.954103e-21
1.150854e+01 2.927092e-21
1.153508e+01 2.900329e-21
1.156168e+01 2.873812e-21
1.158834e+01 2.847539e-21
1.161507e+01 2.821507e-21
1.164185e+01 2.795714e-21
1.166870e+01 2.770158e-21
1.169561e+01 2.744836e-21
1.172258e+01 2.719748e-21
1.174961e+01 2.694889e-21
1.177670e+01 2.670259e-21
1.180386e+01 2.645854e-21
1.183108e+01 2.621675e-21
1.185836e+01 2.597717e-21
1.188571e+01 2.573979e-21
1.191311e+01 2.550459e-21
1.194059e+01 2.527155e-21
1.196812e+01 2.504065e-21
1.199572e+01 2.481187e-21
1.202338e+01 2.458519e-21
1.205111e+01 2.436059e-21
1.207890e+01 2.413806e-21
1.210675e+01 2.391756e-21
1.213467e+01 2.369910e-21
1.216265e+01 2.348264e-21
1.219070e+01 2.326816e-21
1.221881e+01 2.305566e-21
1.224699e+01 2.284511e-21
1.227523e+01 2.263649e-21
1.230354e+01 2.242979e-21
1.233191e+01 2.222499e-21
1.236035e+01 2.202206e-21
1.238885e+01 2.182100e-21
1.241742e+01 2.162179e-21
1.244605e+01 2.142441e-21
1.247476e+01 2.122884e-21
1.250352e+01 2.103506e-21
1.253236e+01 2.084307e-21
1.256125e+01 2.065283e-21
1.259022e+01 2.046435e-21
1.261925e+01 2.027760e-21
1.264835e+01 2.009256e-21
1.267752e+01 1.990922e-21
1.270676e+01 1.972757e-21
1.273606e+01 1.954758e-21
1.276543e+01 1.936925e-21
1.279486e+01 1.919256e-21
1.282437e+01 1.901749e-21
1.285394e+01 1.884402e-21
1.288358e+01 1.867216e-21
1.291329e+01 1.850187e-21
1.294307e+01 1.833314e-21
1.297292e+01 1.816597e-21
1.300283e+01 1.800033e-21
1.303282e+01 1.783622e-21
1.306287e+01 1.767361e-21
1.309300e+01 1.751249e-21
1.312319e+01 1.735286e-21
1.315345e+01 1.719470e-21
1.318378e+01 1.703799e-21
1.321418e+01 1.688272e-21
1.324466e+01 1.672887e-21
1.327520e+01 1.657645e-21
1.330581e+01 1.642542e-21
1.333649e+01 1.627578e-21
1.336725e+01 1.612752e-21
1.339807e+01 1.598062e-21
1.342897e+01 1.583508e-21
1.345994e+01 1.569087e-21
1.349098e+01 1.554799e-21
1.352209e+01 1.540642e-21
1.355327e+01 1.526616e-21
1.358452e+01 1.512719e-21
1.361585e+01 1.498950e-21
1.364725e+01 1.485307e-21
1.367872e+01 1.471790e-21
1.371026e+01 1.458398e-21
1.374188e+01 1.445129e-21
1.377356e+01 1.431983e-21
1.380533e+01 1.418957e-21
1.383716e+01 1.406052e-21
1.386907e+01 1.393265e-21
1.390105e+01 1.380597e-21
1.393311e+01 1.368045e-21
1.396524e+01 1.355610e-21
1.399744e+01 1.343289e-21
1.402972e+01 1.331082e-21
1.406207e+01 1.318987e-21
1.409450e+01 1.307005e-21
1.412700e+01 1.295133e-21
1.415958e+01 1.283371e-21
1.419223e+01 1.271718e-21
1.422496e+01 1.260173e-21
1.425776e+01 1.248735e-21
1.429064e+01 1.237403e-21
1.432359e+01 1.226176e-21
1.435662e+01 1.215053e-21
1.438973e+01 1.204034e-21
1.442291e+01 1.193117e-21
1.445617e+01 1.182302e-21
1.448951e+01 1.171587e-21
1.452292e+01 1.160972e-21
1.455641e+01 1.150457e-21
1.458998e+01 1.140039e-21
1.462362e+01 1.129720e-21
1.465735e+01 1.119497e-21
1.469115e+01 1.109370e-21
1.472502e+01 1.099338e-21
1.475898e+01 1.089401e-21
1.479302e+01 1.079557e-21
1.482713e+01 1.069807e-21
1.486132e+01 1.060149e-21
1.489559e+01 1.050583e-21
1.492994e+01 1.041108e-21
1.496437e+01 1.031724e-21
1.499887e+01 1.022430e-21
1.503346e+01 1.013226e-21
1.506813e+01 1.004111e-21
1.510288e+01 9.950844e-22
1.513770e+01 9.861463e-22
1.517261e+01 9.772961e-22
1.520760e+01 9.685336e-22
1.524267e+01 9.598585e-22
1.527782e+01 9.512708e-22
1.531305e+01 9.427703e-22
1.534836e+01 9.343569e-22
1.538376e+01 9.260310e-22
1.541923e+01 9.177926e-22
1.545479e+01 9.096421e-22
1.549043e+01 9.015801e-22
1.552615e+01 8.936072e-22
1.556195e+01 8.857243e-22
1.559784e+01 8.779326e-22
1.563381e+01 8.702336e-22
1.566986e+01 8.626290e-22
1.570599e+01 8.551210e-22
1.574221e+01 8.477123e-22
1.577851e+01 8.404062e-22
1.581490e+01 8.332068e-22
1.585137e+01 8.261189e-22
1.588792e+01 8.191487e-22
1.592456e+01 8.123035e-22
1.596128e+01 8.055925e-22
1.599809e+01 7.990271e-22
1.603498e+01 7.926214e-22
1.607195e+01 7.865713e-22
1.610902e+01 7.805165e-22
1.614616e+01 7.744626e-22
1.618340e+01 7.684055e-22
1.622072e+01 7.623490e-22
1.625812e+01 7.562941e-22
1.629561e+01 7.502397e-22
1.633319e+01 7.441867e-22
1.637085e+01 7.381375e-22
1.640861e+01 7.320895e-22
1.644645e+01 7.260469e-22
1.648437e+01 7.200103e-22
1.652238e+01 7.139791e-22
1.656048e+01 7.079540e-22
1.659867e+01 7.019358e-22
1.663695e+01 6.959254e-22
1.667531e+01 6.899253e-22
1.671377e+01 6.839331e-22
1.675231e+01 6.779528e-22
1.679094e+01 6.719838e-22
1.682966e+01 6.660269e-22
1.686847e+01 6.600831e-22
1.690737e+01 6.541533e-22
1.694636e+01 6.482383e-22
1.698544e+01 6.423392e-22
1.702460e+01 6.364583e-22
1.706386e+01 6.305936e-22
1.710321e+01 6.247477e-22
1.714265e+01 6.189214e-22
1.718218e+01 6.131157e-22
1.722181e+01 6.073303e-22
1.726152e+01 6.015690e-22
1.730132e+01 5.958314e-22
1.734122e+01 5.901171e-22
1.738121e+01 5.844285e-22
1.742129e+01 5.787668e-22
1.746147e+01 5.731316e-22
1.750173e+01 5.675268e-22
1.754209e+01 5.619507e-22
1.758254e+01 5.564058e-22
1.762309e+01 5.508919e-22
1.766373e+01 5.454114e-22
1.770446e+01 5.399656e-22
1.774529e+01 5.345541e-22
1.778621e+01 5.291796e-22
1.782722e+01 5.238432e-22
1.786833e+01 5.185448e-22
1.790954e+01 5.132856e-22
1.795084e+01 5.080682e-22
1.799223e+01 5.028938e-22
1.803372e+01 4.977623e-22
1.807531e+01 4.930503e-22
1.811699e+01 4.884051e-22
1.815877e+01 4.838230e-22
1.820064e+01 4.793010e-22
1.824261e+01 4.748366e-22
1.828468e+01 4.704272e-22
1.832684e+01 4.660708e-22
1.836911e+01 4.617657e-22
1.841147e+01 4.575100e-22
1.845392e+01 4.533024e-22
1.849648e+01 4.491416e-22
1.853913e+01 4.450261e-22
1.858188e+01 4.409550e-22
1.862473e+01 4.369272e-22
1.866768e+01 4.329418e-22
1.871073e+01 4.289979e-22
1.875388e+01 4.250947e-22
1.879712e+01 4.212313e-22
1.884047e+01 4.174072e-22
1.888391e+01 4.136215e-22
1.892746e+01 4.098738e-22
1.897111e+01 4.061633e-22
1.901486e+01 4.024895e-22
1.905870e+01 3.988519e-22
1.910265e+01 3.952500e-22
1.914670e+01 3.916831e-22
1.919086e+01 3.881510e-22
1.923511e+01 3.846530e-22
1.927947e+01 3.811888e-22
1.932393e+01 3.777580e-22
1.936849e+01 3.743600e-22
1.941315e+01 3.709946e-22
1.945792e+01 3.676613e-22
1.950279e+01 3.643598e-22
1.954776e+01 3.610896e-22
1.959284e+01 3.578505e-22
1.963802e+01 3.546420e-22
1.968331e+01 3.514638e-22
1.972869e+01 3.483157e-22
1.977419e+01 3.451972e-22
1.981979e+01 3.421081e-22
1.986549e+01 3.390480e-22
1.991130e+01 3.360166e-22
1.995722e+01 3.330136e-22
2.000324e+01 3.300388e-22
2.004937e+01 3.270918e-22
2.009560e+01 3.241724e-22
2.014194e+01 3.212802e-22
2.018839e+01 3.184150e-22
2.023494e+01 3.155765e-22
2.028161e+01 3.127645e-22
2.032838e+01 3.099786e-22
2.037525e+01 3.072187e-22
2.042224e+01 3.044845e-22
2.046933e+01 3.017756e-22
2.051654e+01 2.990919e-22
2.056385e+01 2.964331e-22
2.061127e+01 2.937990e-22
2.065880e+01 2.911893e-22
2.070644e+01 2.886039e-22
2.075419e+01 2.860423e-22
2.080204e+01 2.835045e-22
2.085001e+01 2.809902e-22
2.089810e+01 2.784991e-22
2.094629e+01 2.760311e-22
2.099459e+01 2.735860e-22
2.104300e+01 2.711634e-22
2.109153e+01 2.687632e-22
2.114016e+01 2.663852e-22
2.118891e+01 2.640292e-22
2.123778e+01 2.616949e-22
2.128675e+01 2.593822e-22
2.133584e+01 2.570908e-22
2.138504e+01 2.548205e-22
2.143435e+01 2.525713e-22
2.148378e+01 2.503427e-22
2.153332e+01 2.481347e-22
2.158298e+01 2.459471e-22
2.163275e+01 2.437796e-22
2.168263e+01 2.416321e-22
2.173263e+01 2.395044e-22
2.178275e+01 2.373963e-22
2.183298e+01 2.353076e-22
2.188333e+01 2.332381e-22
2.193379e+01 2.311877e-22
2.198437e+01 2.291562e-22
2.203507e+01 2.271434e-22
2.208588e+01 2.251491e-22
2.213681e+01 2.231731e-22
2.218786e+01 2.212154e-22
2.223902e+01 2.192756e-22
2.229031e+01 2.173538e-22
2.234171e+01 2.154495e-22
2.239323e+01 2.135628e-22
2.244487e+01 2.116935e-22
2.249663e+01 2.098413e-22
2.254850e+01 2.080062e-22
2.260050e+01 2.061879e-22
2.265262e+01 2.043864e-22
2.270485e+01 2.026014e-22
2.275721e+01 2.008328e-22
2.280969e+01 1.990805e-22
2.286229e+01 1.973443e-22
2.291501e+01 1.956240e-22
2.296785e+01 1.939195e-22
2.302082e+01 1.922307e-22
2.307390e+01 1.905574e-22
2.312711e+01 1.888995e-22
2.318044e+01 1.872568e-22
2.323390e+01 1.856292e-22
2.328747e+01 1.840166e-22
2.334117e+01 1.824187e-22
2.339500e+01 1.808355e-22
2.344895e+01 1.792669e-22
2.350302e+01 1.777126e-22
2.355722e+01 1.761727e-22
2.361154e+01 1.746468e-22
2.366599e+01 1.731350e-22
2.372057e+01 1.716371e-22
2.377527e+01 1.701528e-22
2.383009e+01 1.686823e-22
2.388504e+01 1.672252e-22
2.394012e+01 1.657815e-22
2.399533e+01 1.643510e-22
2.405066e+01 1.629336e-22
2.410612e+01 1.615293e-22
2.416171e+01 1.601378e-22
2.421743e+01 1.587591e-22
2.427328e+01 1.573931e-22
2.432925e+01 1.560395e-22
2.438535e+01 1.546984e-22
2.444159e+01 1.533696e-22
2.449795e+01 1.520530e-22
2.455444e+01 1.507485e-22
2.461106e+01 1.494559e-22
2.466782e+01 1.481751e-22
2.472470e+01 1.469061e-22
2.478172e+01 1.456488e-22
2.483886e+01 1.444030e-22
2.489614e+01 1.431686e-22
2.495355e+01 1.419455e-22
2.501110e+01 1.407336e-22
2.506877e+01 1.395328e-22
2.512658e+01 1.383430e-22
2.518452e+01 1.371642e-22
2.524260e+01 1.359961e-22
2.530081e+01 1.348387e-22
2.535915e+01 1.336920e-22
2.541763e+01 1.325558e-22
2.547624e+01 1.314299e-22
2.553499e+01 1.303144e-22
2.559388e+01 1.292091e-22
2.565290e+01 1.281139e-22
2.571205e+01 1.270288e-22
2.577134e+01 1.259536e-22
2.583077e+01 1.248882e-22
2.589034e+01 1.238326e-22
2.595004e+01 1.227867e-22
2.600988e+01 1.217503e-22
2.606986e+01 1.207234e-22
2.612998e+01 1.197060e-22
2.619023e+01 1.186978e-22
2.625063e+01 1.176989e-22
2.631116e+01 1.167091e-22
2.637184e+01 1.157284e-22
2.643265e+01 1.147567e-22
2.649360e+01 1.137938e-22
2.655470e+01 1.128398e-22
2.661593e+01 1.118945e-22
2.667731e+01 1.109579e-22
2.673883e+01 1.100298e-22
2.680049e+01 1.091102e-22
2.686229e+01 1.081990e-22
2.692424e+01 1.072962e-22
2.698632e+01 1.064016e-22
2.704855e+01 1.055152e-22
2.711093e+01 1.046370e-22
2.717345e+01 1.037667e-22
2.723611e+01 1.029044e-22
2.729892e+01 1.020500e-22
2.736187e+01 1.012034e-22
2.742496e+01 1.003646e-22
2.748821e+01 9.953340e-23
2.755159e+01 9.870982e-23
2.761513e+01 9.789377e-23
2.767881e+01 9.708518e-23
2.774264e+01 9.628398e-23
2.780661e+01 9.549010e-23
2.787073e+01 9.470348e-23
2.793500e+01 9.392405e-23
2.799942e+01 9.315174e-23
2.806399e+01 9.238649e-23
2.812870e+01 9.162823e-23
2.819357e+01 9.087689e-23
2.825858e+01 9.013242e-23
2.832375e+01 8.939475e-23
2.838906e+01 8.866382e-23
2.845453e+01 8.793956e-23
2.852014e+01 8.722192e-23
2.858591e+01 8.651083e-23
2.865183e+01 8.580623e-23
2.871790e+01 8.510807e-23
2.878413e+01 8.441628e-23
2.885050e+01 8.373080e-23
2.891703e+01 8.305158e-23
2.898372e+01 8.237856e-23
2.905055e+01 8.171168e-23
2.911754e+01 8.105088e-23
2.918469e+01 8.039612e-23
2.925199e+01 7.974732e-23
2.931944e+01 7.910445e-23
2.938705e+01 7.846744e-23
2.945482e+01 7.783624e-23
2.952274e+01 7.721079e-23
2.959082e+01 7.659105e-23
2.965906e+01 7.597696e-23
2.972745e+01 7.536846e-23
2.979601e+01 7.476552e-23
2.986472e+01 7.416806e-23
2.993358e+01 7.357606e-23
3.000261e+01 7.298944e-23
3.007180e+01 7.240818e-23
3.014114e+01 7.183220e-23
3.021065e+01 7.126148e-23
3.028032e+01 7.069595e-23
3.035014e+01 7.013557e-23
3.042013e+01 6.958030e-23
3.049028e+01 6.903008e-23
3.056059e+01 6.848487e-23
3.063106e+01 6.794462e-23
3.070170e+01 6.740929e-23
3.077250e+01 6.687883e-23
3.084346e+01 6.635320e-23
3.091458e+01 6.583235e-23
3.098587e+01 6.531624e-23
3.105733e+01 6.480482e-23
3.112894e+01 6.429805e-23
3.120073e+01 6.379590e-23
3.127268e+01 6.329830e-23
3.134479e+01 6.280523e-23
3.141707e+01 6.231664e-23
3.148952e+01 6.183249e-23
3.156214e+01 6.135274e-23
3.163492e+01 6.087735e-23
3.170787e+01 6.040628e-23
3.178099e+01 5.993949e-23
3.185428e+01 5.947693e-23
3.192773e+01 5.901857e-23
3.200136e+01 5.856438e-23
3.207515e+01 5.811430e-23
3.214912e+01 5.766832e-23
3.222325e+01 5.722638e-23
3.229756e+01 5.678844e-23
3.237204e+01 5.635448e-23
3.244669e+01 5.592446e-23
3.252151e+01 5.549833e-23
3.259651e+01 5.507607e-23
3.267167e+01 5.465764e-23
3.274701e+01 5.424300e-23
3.282253e+01 5.383211e-23
3.289822e+01 5.342495e-23
3.297408e+01 5.302147e-23
3.305012e+01 5.262165e-23
3.312633e+01 5.222545e-23
3.320273e+01 5.183284e-23
3.327929e+01 5.144378e-23
3.335603e+01 5.105823e-23
3.343295e+01 5.067618e-23
3.351005e+01 5.029759e-23
3.358732e+01 4.992241e-23
3.366478e+01 4.955063e-23
3.374241e+01 4.918222e-23
3.382022e+01 4.881712e-23
3.389821e+01 4.845534e-23
3.397638e+01 4.809681e-23
3.405473e+01 4.774153e-23
3.413326e+01 4.738946e-23
3.421197e+01 4.704056e-23
3.429086e+01 4.669481e-23
3.436994e+01 4.635218e-23
3.444919e+01 4.601265e-23
3.452863e+01 4.567618e-23
3.460826e+01 4.534274e-23
3.468806e+01 4.501231e-23
3.476805e+01 4.468485e-23
3.484823e+01 4.436035e-23
3.492859e+01 4.403877e-23
3.500914e+01 4.372009e-23
3.508987e+01 4.340428e-23
3.517079e+01 4.309131e-23
3.525189e+01 4.278116e-23
3.533318e+01 4.247380e-23
3.541466e+01 4.216920e-23
3.549632e+01 4.186734e-23
3.557818e+01 4.156820e-23
3.566022e+01 4.127175e-23
3.574246e+01 4.097796e-23
3.582488e+01 4.068681e-23
3.590749e+01 4.039828e-23
3.599029e+01 4.011233e-23
3.607329e+01 3.982896e-23
3.615647e+01 3.954812e-23
3.623985e+01 3.926981e-23
3.632342e+01 3.899399e-23
3.640718e+01 3.872065e-23
3.649114e+01 3.844976e-23
3.657529e+01 3.818129e-23
3.665963e+01 3.791523e-23
3.674417e+01 3.765156e-23
3.682890e+01 3.739024e-23
3.691383e+01 3.713126e-23
3.699895e+01 3.687460e-23
3.708427e+01 3.662024e-23
3.716979e+01 3.636815e-23
3.725550e+01 3.611832e-23
3.734141e+01 3.587072e-23
3.742752e+01 3.562533e-23
3.751383e+01 3.538213e-23
3.760034e+01 3.514111e-23
3.768704e+01 3.490223e-23
3.777395e+01 3.466549e-23
3.786106e+01 3.443086e-23
3.794837e+01 3.419832e-23
3.803587e+01 3.396786e-23
3.812358e+01 3.373945e-23
3.821150e+01 3.351307e-23
3.829961e+01 3.328871e-23
3.838793e+01 3.306635e-23
3.847646e+01 3.284597e-23
3.856518e+01 3.262755e-23
3.865411e+01 3.241107e-23
3.874325e+01 3.219651e-23
3.883259e+01 3.198386e-23
3.892214e+01 3.177310e-23
3.901190e+01 3.156422e-23
3.910186e+01 3.135718e-23
3.919203e+01 3.115199e-23
3.928240e+01 3.094861e-23
3.937299e+01 3.074704e-23
3.946379e+01 3.054726e-23
3.955479e+01 3.034925e-23
3.964600e+01 3.015299e-23
3.973743e+01 2.995846e-23
3.982906e+01 2.976566e-23
3.992091e+01 2.957457e-23
4.001297e+01 2.938517e-23
4.010524e+01 2.919744e-23
4.019772e+01 2.901137e-23
4.029041e+01 2.882694e-23
4.038332e+01 2.864415e-23
4.047645e+01 2.846297e-23
4.056979e+01 2.828338e-23
4.066334e+01 2.810538e-23
4.075711e+01 2.792895e-23
4.085110e+01 2.775408e-23
4.094530e+01 2.758074e-23
4.103972e+01 2.740894e-23
4.113436e+01 2.723864e-23
4.122922e+01 2.706985e-23
4.132429e+01 2.690254e-23
4.141958e+01 2.673670e-23
4.151510e+01 2.657232e-23
4.161083e+01 2.640938e-23
4.170679e+01 2.624787e-23
4.180296e+01 2.608779e-23
4.189936e+01 2.592910e-23
4.199598e+01 2.577181e-23
4.209282e+01 2.561590e-23
4.218989e+01 2.546135e-23
4.228718e+01 2.530816e-23
4.238470e+01 2.515631e-23
4.248244e+01 2.500579e-23
4.258040e+01 2.485659e-23
4.267859e+01 2.470869e-23
4.277701e+01 2.456209e-23
4.287565e+01 2.441676e-23
4.297452e+01 2.427271e-23
4.307362e+01 2.412991e-23
4.317295e+01 2.398836e-23
4.327251e+01 2.384805e-23
4.337230e+01 2.370896e-23
4.347231e+01 2.357108e-23
4.357256e+01 2.343440e-23
4.367304e+01 2.329892e-23
4.377375e+01 2.316461e-23
4.387469e+01 2.303147e-23
4.397587e+01 2.289949e-23
4.407728e+01 2.276866e-23
4.417892e+01 2.263897e-23
4.428079e+01 2.251040e-23
4.438291e+01 2.238295e-23
4.448525e+01 2.225660e-23
4.458784e+01 2.213135e-23
4.469066e+01 2.200719e-23
4.479371e+01 2.188411e-23
4.489701e+01 2.176209e-23
4.500054e+01 2.164113e-23
4.510431e+01 2.152121e-23
4.520832e+01 2.140234e-23
4.531258e+01 2.128449e-23
4.541707e+01 2.116766e-23
4.552180e+01 2.105184e-23
4.562677e+01 2.093703e-23
4.573199e+01 2.082320e-23
4.583745e+01 2.071036e-23
4.594315e+01 2.059849e-23
4.604909e+01 2.048759e-23
4.615528e+01 2.037764e-23
4.626172e+01 2.026864e-23
4.636840e+01 2.016058e-23
4.647532e+01 2.005345e-23
4.658249e+01 1.994725e-23
4.668991e+01 1.984196e-23
4.679758e+01 1.973757e-23
4.690550e+01 1.963408e-23
4.701366e+01 1.953148e-23
4.712208e+01 1.942977e-23
4.723074e+01 1.932892e-23
4.733965e+01 1.922895e-23
4.744882e+01 1.912983e-23
4.755824e+01 1.903156e-23
4.766791e+01 1.893414e-23
4.777783e+01 1.883755e-23
4.788800e+01 1.874179e-23
4.799844e+01 1.864685e-23
4.810912e+01 1.855272e-23
4.822006e+01 1.845940e-23
4.833125e+01 1.836688e-23
4.844271e+01 1.827515e-23
4.855442e+01 1.818421e-23
4.866638e+01 1.809404e-23
4.877861e+01 1.800464e-23
4.889109e+01 1.791601e-23
4.900384e+01 1.782813e-23
4.911684e+01 1.774101e-23
4.923010e+01 1.765463e-23
4.934363e+01 1.756899e-23
4.945741e+01 1.748408e-23
4.957146e+01 1.739989e-23
4.968578e+01 1.731642e-23
4.980035e+01 1.723366e-23
4.991519e+01 1.715161e-23
5.003030e+01 1.707026e-23
5.014567e+01 1.698960e-23
5.026130e+01 1.690963e-23
5.037721e+01 1.683034e-23
5.049338e+01 1.675172e-23
5.060981e+01 1.667377e-23
5.072652e+01 1.659649e-23
5.084350e+01 1.651986e-23
5.096074e+01 1.644389e-23
5.107826e+01 1.636856e-23
5.119604e+01 1.629387e-23
5.131410e+01 1.621982e-23
5.143243e+01 1.614640e-23
5.155104e+01 1.607360e-23
5.166992e+01 1.600142e-23
5.178907e+01 1.592985e-23
5.190849e+01 1.585889e-23
5.202819e+01 1.578853e-23
5.214817e+01 1.571878e-23
5.226843e+01 1.564961e-23
5.238896e+01 1.558103e-23
5.250977e+01 1.551303e-23
5.263085e+01 1.544561e-23
5.275222e+01 1.537876e-23
5.287387e+01 1.531248e-23
5.299580e+01 1.524677e-23
5.311800e+01 1.518161e-23
5.324050e+01 1.511700e-23
5.336327e+01 1.505294e-23
5.348632e+01 1.498942e-23
5.360966e+01 1.492645e-23
5.373329e+01 1.486400e-23
5.385720e+01 1.480209e-23
5.398139e+01 1.474070e-23
5.410587e+01 1.467984e-23
5.423064e+01 1.461949e-23
5.435570e+01 1.455965e-23
5.448104e+01 1.450032e-23
5.460668e+01 1.444149e-23
5.473260e+01 1.438316e-23
5.485881e+01 1.432533e-23
5.498532e+01 1.426799e-23
5.511212e+01 1.421114e-23
5.523920e+01 1.415476e-23
5.536659e+01 1.409887e-23
5.549426e+01 1.404345e-23
5.562223e+01 1.398850e-23
5.575050e+01 1.393402e-23
5.587906e+01 1.388000e-23
5.600792e+01 1.382644e-23
5.613707e+01 1.377334e-23
5.626652e+01 1.372069e-23
5.639628e+01 1.366848e-23
5.652632e+01 1.361672e-23
5.665667e+01 1.356540e-23
5.678733e+01 1.351452e-23
5.691828e+01 1.346407e-23
5.704953e+01 1.341405e-23
5.718109e+01 1.336445e-23
5.731295e+01 1.331528e-23
5.744511e+01 1.326653e-23
5.757758e+01 1.321819e-23
5.771036e+01 1.317026e-23
5.784344e+01 1.312275e-23
5.797682e+01 1.307564e-23
5.811052e+01 1.302893e-23
5.824452e+01 1.298262e-23
5.837883e+01 1.293671e-23
5.851346e+01 1.289119e-23
5.864839e+01 1.284606e-23
5.878363e+01 1.280131e-23
5.891919e+01 1.275695e-23
5.905506e+01 1.271297e-23
5.919124e+01 1.266937e-23
5.932773e+01 1.262614e-23
5.946454e+01 1.258328e-23
5.960167e+01 1.254079e-23
5.973911e+01 1.249867e-23
5.987687e+01 1.245690e-23
6.001495e+01 1.241550e-23
6.015334e+01 1.237445e-23
6.029205e+01 1.233376e-23
6.043109e+01 1.229342e-23
6.057044e+01 1.225342e-23
6.071012e+01 1.221377e-23
6.085012e+01 1.217447e-23
6.099044e+01 1.213550e-23
6.113108e+01 1.209688e-23
6.127205e+01 1.205858e-23
6.141334e+01 1.202062e-23
6.155497e+01 1.198299e-23
6.169691e+01 1.194568e-23
6.183919e+01 1.190870e-23
6.198179e+01 1.187204e-23
6.212472e+01 1.183570e-23
6.226798e+01 1.179968e-23
6.241157e+01 1.176397e-23
6.255549e+01 1.172858e-23
6.269974e+01 1.169349e-23
6.284433e+01 1.165871e-23
6.298925e+01 1.162423e-23
6.313450e+01 1.159006e-23
6.328009e+01 1.155619e-23
6.342601e+01 1.152262e-23
6.357227e+01 1.148934e-23
6.371887e+01 1.145636e-23
6.386581e+01 1.142366e-23
6.401309e+01 1.139126e-23
6.416070e+01 1.135914e-23
6.430866e+01 1.132731e-23
6.445695e+01 1.129575e-23
6.460559e+01 1.126448e-23
6.475457e+01 1.123349e-23
6.490389e+01 1.120277e-23
6.505356e+01 1.117233e-23
6.520358e+01 1.114216e-23
6.535394e+01 1.111226e-23
6.550464e+01 1.108263e-23
6.565570e+01 1.105326e-23
6.580710e+01 1.102416e-23
6.595885e+01 1.099532e-23
6.611095e+01 1.096674e-23
6.626341e+01 1.093841e-23
6.641621e+01 1.091035e-23
6.656937e+01 1.088253e-23
6.672288e+01 1.085498e-23
6.687674e+01 1.082766e-23
6.703096e+01 1.080060e-23
6.718553e+01 1.077379e-23
6.734046e+01 1.074722e-23
6.749575e+01 1.072090e-23
6.765139e+01 1.069481e-23
6.780740e+01 1.066897e-23
6.796376e+01 1.064336e-23
6.812049e+01 1.061799e-23
6.827758e+01 1.059286e-23
6.843502e+01 1.056796e-23
6.859284e+01 1.054329e-23
6.875101e+01 1.051885e-23
6.890955e+01 1.049463e-23
6.906846e+01 1.047065e-23
6.922773e+01 1.044688e-23
6.938737e+01 1.042335e-23
6.954738e+01 1.040003e-23
6.970776e+01 1.037693e-23
6.986850e+01 1.035405e-23
7.002962e+01 1.033139e-23
7.019111e+01 1.030894e-23
7.035297e+01 1.028671e-23
7.051520e+01 1.026468e-23
7.067781e+01 1.024287e-23
7.084079e+01 1.022127e-23
7.100415e+01 1.019988e-23
7.116789e+01 1.017869e-23
7.133200e+01 1.015771e-23
7.149650e+01 1.013693e-23
7.166137e+01 1.011635e-23
7.182662e+01 1.009597e-23
7.199225e+01 1.007580e-23
7.215827e+01 1.005582e-23
7.232466e+01 1.003604e-23
7.249145e+01 1.001645e-23
7.265861e+01 9.997054e-24
7.282616e+01 9.977852e-24
7.299410e+01 9.958842e-24
7.316243e+01 9.940021e-24
7.333114e+01 9.921389e-24
7.350024e+01 9.902944e-24
7.366973e+01 9.884685e-24
7.383962e+01 9.866611e-24
7.400989e+01 9.848720e-24
7.418056e+01 9.831012e-24
7.435162e+01 9.813485e-24
7.452307e+01 9.796137e-24
7.469492e+01 9.778968e-24
7.486717e+01 9.761976e-24
7.503982e+01 9.745160e-24
7.521286e+01 9.728519e-24
7.538630e+01 9.712052e-24
7.556014e+01 9.695758e-24
7.573438e+01 9.679635e-24
7.590903e+01 9.663683e-24
7.608407e+01 9.647900e-24
7.625952e+01 9.632285e-24
7.643538e+01 9.616837e-24
7.661164e+01 9.601555e-24
7.678831e+01 9.586438e-24
7.696538e+01 9.571485e-24
7.714287e+01 9.556694e-24
7.732076e+01 9.542065e-24
7.749906e+01 9.527597e-24
7.767777e+01 9.513288e-24
7.785690e+01 9.499138e-24
7.803644e+01 9.485145e-24
7.821639e+01 9.471308e-24
7.839676e+01 9.457627e-24
7.857754e+01 9.444101e-24
7.875874e+01 9.430728e-24
7.894036e+01 9.417507e-24
7.912240e+01 9.404438e-24
7.930485e+01 9.391520e-24
7.948773e+01 9.378751e-24
7.967103e+01 9.366131e-24
7.985475e+01 9.353658e-24
8.003890e+01 9.341333e-24
8.022347e+01 9.329153e-24
8.040846e+01 9.317118e-24
8.059389e+01 9.305227e-24
8.077974e+01 9.293479e-24
8.096602e+01 9.281874e-24
8.115272e+01 9.270410e-24
8.133986e+01 9.259086e-24
8.152743e+01 9.247902e-24
8.171544e+01 9.236857e-24
8.190387e+01 9.225950e-24
8.209274e+01 9.215179e-24
8.228205e+01 9.204545e-24
8.247179e+01 9.194047e-24
8.266197e+01 9.183683e-24
8.285259e+01 9.173453e-24
8.304365e+01 9.163355e-24
8.323515e+01 9.153390e-24
8.342709e+01 9.143556e-24
8.361947e+01 9.133853e-24
8.381230e+01 9.124279e-24
8.400557e+01 9.114835e-24
8.419929e+01 9.105518e-24
8.439346e+01 9.096329e-24
8.458807e+01 9.087267e-24
8.478313e+01 9.078331e-24
8.497864e+01 9.069520e-24
8.517460e+01 9.060834e-24
8.537101e+01 9.052271e-24
8.556788e+01 9.043831e-24
8.576520e+01 9.035514e-24
8.596298e+01 9.027318e-24
8.616121e+01 9.019243e-24
8.635989e+01 9.011288e-24
8.655904e+01 9.003453e-24
8.675865e+01 8.995737e-24
8.695871e+01 8.988139e-24
8.715924e+01 8.980658e-24
8.736023e+01 8.973294e-24
8.756168e+01 8.966046e-24
8.776360e+01 8.958914e-24
8.796599e+01 8.951897e-24
8.816884e+01 8.944993e-24
8.837215e+01 8.938203e-24
8.857594e+01 8.931527e-24
8.878020e+01 8.924962e-24
8.898493e+01 8.918509e-24
8.919012e+01 8.912167e-24
8.939580e+01 8.905936e-24
8.960195e+01 8.899814e-24
8.980857e+01 8.893802e-24
9.001567e+01 8.887898e-24
9.022324e+01 8.882102e-24
9.043130e+01 8.876414e-24
9.063984e+01 8.870833e-24
9.084885e+01 8.865358e-24
9.105835e+01 8.859988e-24
9.126833e+01 8.854724e-24
9.147880e+01 8.849565e-24
9.168975e+01 8.844509e-24
9.190118e+01 8.839557e-24
9.211311e+01 8.834708e-24
9.232552e+01 8.829961e-24
9.253843e+01 8.825317e-24
9.275182e+01 8.820773e-24
9.296571e+01 8.816331e-24
9.318009e+01 8.811989e-24
9.339496e+01 8.807746e-24
9.361033e+01 8.803603e-24
9.382620e+01 8.799559e-24
9.404256e+01 8.795613e-24
9.425942e+01 8.791765e-24
9.447679e+01 8.788014e-24
9.469465e+01 8.784359e-24
9.491302e+01 8.780802e-24
9.513189e+01 8.777340e-24
9.535126e+01 8.773973e-24
9.557114e+01 8.770701e-24
9.579153e+01 8.767524e-24
9.601243e+01 8.764441e-24
9.623383e+01 8.761451e-24
9.645575e+01 8.758554e-24
9.667817e+01 8.755750e-24
9.690112e+01 8.753038e-24
9.712457e+01 8.750418e-24
9.734854e+01 8.747889e-24
9.757303e+01 8.745451e-24
9.779803e+01 8.743103e-24
9.802355e+01 8.740846e-24
9.824960e+01 8.738677e-24
9.847616e+01 8.736598e-24
9.870325e+01 8.734608e-24
9.893086e+01 8.732707e-24
9.915899e+01 8.730893e-24
9.938765e+01 8.729167e-24
9.961684e+01 8.727528e-24
9.984656e+01 8.725975e-24
1.000768e+02 8.724509e-24
1.003076e+02 8.723129e-24
1.005389e+02 8.721835e-24
1.007707e+02 8.720626e-24
1.010031e+02 8.719501e-24
1.012360e+02 8.718462e-24
1.014695e+02 8.717506e-24
1.017035e+02 8.716634e-24
1.019380e+02 8.715845e-24
1.021731e+02 8.715140e-24
1.024087e+02 8.714517e-24
1.026448e+02 8.713977e-24
1.028815e+02 8.713518e-24
1.031188e+02 8.713141e-24
1.033566e+02 8.712846e-24
1.035949e+02 8.712631e-24
1.038338e+02 8.712497e-24
1.040733e+02 8.712444e-24
1.043132e+02 8.712470e-24
1.045538e+02 8.712576e-24
1.047949e+02 8.712761e-24
1.050366e+02 8.713026e-24
1.052788e+02 8.713369e-24
1.055215e+02 8.713790e-24
1.057649e+02 8.714290e-24
1.060088e+02 8.714867e-24
1.062532e+02 8.715522e-24
1.064982e+02 8.716255e-24
1.067438e+02 8.717064e-24
1.069900e+02 8.717949e-24
1.072367e+02 8.718911e-24
1.074840e+02 8.719949e-24
1.077318e+02 8.721063e-24
1.079803e+02 8.722252e-24
1.082293e+02 8.723517e-24
1.084789e+02 8.724856e-24
1.087290e+02 8.726270e-24
1.089797e+02 8.727759e-24
1.092310e+02 8.729322e-24
1.094829e+02 8.730958e-24
1.097354e+02 8.732668e-24
1.099885e+02 8.734452e-24
1.102421e+02 8.736308e-24
1.104963e+02 8.738238e-24
1.107511e+02 8.740240e-24
1.110065e+02 8.742314e-24
1.112625e+02 8.744461e-24
1.115191e+02 8.746679e-24
1.117762e+02 8.748969e-24
1.120340e+02 8.751331e-24
1.122923e+02 8.753764e-24
1.125513e+02 8.756267e-24
1.128108e+02 8.758842e-24
1.130710e+02 8.761487e-24
1.133317e+02 8.764202e-24
1.135931e+02 8.766987e-24
1.138550e+02 8.769842e-24
1.141175e+02 8.772766e-24
1.143807e+02 8.775761e-24
1.146445e+02 8.778824e-24
1.149088e+02 8.781956e-24
1.151738e+02 8.785157e-24
1.154394e+02 8.788427e-24
1.157056e+02 8.791765e-24
1.159724e+02 8.795172e-24
1.162399e+02 8.798646e-24
1.165079e+02 8.802188e-24
1.167766e+02 8.805798e-24
1.170459e+02 8.809475e-24
1.173158e+02 8.813220e-24
1.175863e+02 8.817031e-24
1.178575e+02 8.820910e-24
1.181292e+02 8.824855e-24
1.184017e+02 8.828866e-24
1.186747e+02 8.832944e-24
1.189484e+02 8.837089e-24
1.192227e+02 8.841299e-24
1.194976e+02 8.845575e-24
1.197731e+02 8.849917e-24
1.200493e+02 8.854324e-24
1.203262e+02 8.858797e-24
1.206037e+02 8.863335e-24
1.208818e+02 8.867937e-24
1.211605e+02 8.872605e-24
1.214399e+02 8.877338e-24
1.217200e+02 8.882135e-24
1.220006e+02 8.886997e-24
1.222820e+02 8.891922e-24
1.225640e+02 8.896912e-24
1.228466e+02 8.901966e-24
1.231299e+02 8.907084e-24
1.234138e+02 8.912266e-24
1.236984e+02 8.917511e-24
1.239837e+02 8.922820e-24
1.242696e+02 8.928192e-24
1.245561e+02 8.933627e-24
1.248434e+02 8.939125e-24
1.251312e+02 8.944686e-24
1.254198e+02 8.950310e-24
1.257090e+02 8.955996e-24
1.259989e+02 8.961745e-24
1.262895e+02 8.967557e-24
1.265807e+02 8.973431e-24
1.268726e+02 8.979367e-24
1.271651e+02 8.985365e-24
1.274584e+02 8.991425e-24
1.277523e+02 8.997547e-24
1.280469e+02 9.003730e-24
1.283422e+02 9.009976e-24
1.286381e+02 9.016283e-24
1.289348e+02 9.022651e-24
1.292321e+02 9.029080e-24
1.295301e+02 9.035571e-24
1.298288e+02 9.042123e-24
1.301282e+02 9.048736e-24
1.304283e+02 9.055410e-24
1.307291e+02 9.062144e-24
1.310305e+02 9.068940e-24
1.313327e+02 9.075796e-24
1.316355e+02 9.082712e-24
1.319391e+02 9.089689e-24
1.322433e+02 9.096727e-24
1.325483e+02 9.103824e-24
1.328539e+02 9.110982e-24
1.331603e+02 9.118200e-24
1.334674e+02 9.125478e-24
1.337751e+02 9.132816e-24
1.340836e+02 9.140214e-24
1.343928e+02 9.147672e-24
1.347028e+02 9.155189e-24
1.350134e+02 9.162766e-24
1.353247e+02 9.170403e-24
1.356368e+02 9.178099e-24
1.359496e+02 9.185854e-24
1.362631e+02 9.193669e-24
1.365773e+02 9.201543e-24
1.368922e+02 9.209477e-24
1.372079e+02 9.217469e-24
1.375243e+02 9.225521e-24
1.378414e+02 9.233632e-24
1.381593e+02 9.241802e-24
1.384779e+02 9.250030e-24
1.387972e+02 9.258318e-24
1.391173e+02 9.266664e-24
1.394381e+02 9.275069e-24
1.397596e+02 9.283533e-24
1.400819e+02 9.292056e-24
1.404050e+02 9.300637e-24
1.407287e+02 9.309276e-24
1.410533e+02 9.317974e-24
1.413785e+02 9.326731e-24
1.417046e+02 9.335546e-24
1.420313e+02 9.344419e-24
1.423588e+02 9.353351e-24
1.426871e+02 9.362341e-24
1.430162e+02 9.371389e-24
1.433460e+02 9.380495e-24
1.436765e+02 9.389660e-24
1.440078e+02 9.398883e-24
1.443399e+02 9.408163e-24
1.446728e+02 9.417502e-24
1.450064e+02 9.426899e-24
1.453408e+02 9.436354e-24
1.456759e+02 9.445867e-24
1.460119e+02 9.455437e-24
1.463486e+02 9.465066e-24
1.466860e+02 9.474752e-24
1.470243e+02 9.484496e-24
1.473633e+02 9.494298e-24
1.477032e+02 9.504158e-24
1.480438e+02 9.514076e-24
1.483852e+02 9.524051e-24
1.487273e+02 9.534084e-24
1.490703e+02 9.544175e-24
1.494141e+02 9.554323e-24
1.497586e+02 9.564530e-24
1.501039e+02 9.574793e-24
1.504501e+02 9.585115e-24
1.507970e+02 9.595493e-24
1.511448e+02 9.605930e-24
1.514933e+02 9.616424e-24
1.518427e+02 9.626976e-24
1.521928e+02 9.637585e-24
1.525438e+02 9.648252e-24
1.528955e+02 9.658976e-24
1.532481e+02 9.669758e-24
1.536015e+02 9.680597e-24
1.539557e+02 9.691494e-24
1.543107e+02 9.702448e-24
1.546666e+02 9.713460e-24
1.550232e+02 9.724529e-24
1.553807e+02 9.735656e-24
1.557390e+02 9.746841e-24
1.560982e+02 9.758082e-24
1.564581e+02 9.769381e-24
1.568189e+02 9.780738e-24
1.571806e+02 9.792153e-24
1.575430e+02 9.803624e-24
1.579063e+02 9.815154e-24
1.582704e+02 9.826740e-24
1.586354e+02 9.838384e-24
1.590012e+02 9.850086e-24
1.593679e+02 9.861846e-24
1.597354e+02 9.873662e-24
1.601037e+02 9.885537e-24
1.604729e+02 9.897469e-24
1.608430e+02 9.909458e-24
1.612139e+02 9.921505e-24
1.615856e+02 9.933610e-24
1.619583e+02 9.945772e-24
1.623317e+02 9.957992e-24
1.627061e+02 9.970269e-24
1.630813e+02 9.982604e-24
1.634574e+02 9.994997e-24
1.638343e+02 1.000745e-23
1.642121e+02 1.001996e-23
1.645908e+02 1.003252e-23
1.649703e+02 1.004514e-23
1.653507e+02 1.005783e-23
1.657320e+02 1.007056e-23
1.661142e+02 1.008336e-23
1.664973e+02 1.009622e-23
1.668812e+02 1.010913e-23
1.672661e+02 1.012210e-23
1.676518e+02 1.013513e-23
1.680384e+02 1.014821e-23
1.684259e+02 1.016136e-23
1.688143e+02 1.017456e-23
1.692036e+02 1.018782e-23
1.695937e+02 1.020114e-23
1.699848e+02 1.021451e-23
1.703768e+02 1.022795e-23
1.707697e+02 1.024144e-23
1.711635e+02 1.025499e-23
1.715582e+02 1.026860e-23
1.719538e+02 1.028227e-23
1.723503e+02 1.029599e-23
1.727478e+02 1.030977e-23
1.731461e+02 1.032361e-23
1.735454e+02 1.033751e-23
1.739456e+02 1.035147e-23
1.743467e+02 1.036549e-23
1.747488e+02 1.037956e-23
1.751517e+02 1.039370e-23
1.755557e+02 1.040789e-23
1.759605e+02 1.042214e-23
1.763663e+02 1.043645e-23
1.767730e+02 1.045082e-23
1.771806e+02 1.046524e-23
1.775892e+02 1.047973e-23
1.779987e+02 1.049428e-23
1.784092e+02 1.050888e-23
1.788206e+02 1.052354e-23
1.792329e+02 1.053826e-23
1.796462e+02 1.055304e-23
1.800605e+02 1.056788e-23
1.804757e+02 1.058278e-23
1.808919e+02 1.059773e-23
1.813091e+02 1.061275e-23
1.817271e+02 1.062783e-23
1.821462e+02 1.064296e-23
1.825662e+02 1.065815e-23
1.829872e+02 1.067341e-23
1.834092e+02 1.068872e-23
1.838322e+02 1.070409e-23
1.842561e+02 1.071952e-23
1.846810e+02 1.073501e-23
1.851068e+02 1.075057e-23
1.855337e+02 1.076618e-23
1.859615e+02 1.078185e-23
1.863904e+02 1.079758e-23
1.868202e+02 1.081337e-23
1.872510e+02 1.082921e-23
1.876828e+02 1.084513e-23
1.881156e+02 1.086109e-23
1.885494e+02 1.087712e-23
1.889842e+02 1.089321e-23
1.894200e+02 1.090936e-23
1.898568e+02 1.092557e-23
1.902946e+02 1.094185e-23
1.907334e+02 1.095818e-23
1.911733e+02 1.097457e-23
1.916141e+02 1.099102e-23
1.920560e+02 1.100753e-23
1.924989e+02 1.102410e-23
1.929428e+02 1.104074e-23
1.933877e+02 1.105743e-23
1.938336e+02 1.107419e-23
1.942806e+02 1.109100e-23
1.947286e+02 1.110788e-23
1.951777e+02 1.112482e-23
1.956278e+02 1.114182e-23
1.960789e+02 1.115888e-23
1.965310e+02 1.117600e-23
1.969842e+02 1.119318e-23
1.974385e+02 1.121043e-23
1.978938e+02 1.122773e-23
1.983501e+02 1.124510e-23
1.988075e+02 1.126253e-23
1.992660e+02 1.128002e-23
1.997255e+02 1.129757e-23
2.001860e+02 1.131518e-23
2.006477e+02 1.133286e-23
2.011104e+02 1.135060e-23
2.015741e+02 1.136840e-23
2.020390e+02 1.138626e-23
2.025049e+02 1.140418e-23
2.029718e+02 1.142217e-23
2.034399e+02 1.144022e-23
2.039090e+02 1.145833e-23
2.043793e+02 1.147650e-23
2.048506e+02 1.149474e-23
2.053229e+02 1.151304e-23
2.057964e+02 1.153140e-23
2.062710e+02 1.154982e-23
2.067466e+02 1.156831e-23
2.072234e+02 1.158686e-23
2.077013e+02 1.160547e-23
2.081802e+02 1.162414e-23
2.086603e+02 1.164288e-23
2.091415e+02 1.166169e-23
2.096238e+02 1.168055e-23
2.101071e+02 1.169948e-23
2.105916e+02 1.171847e-23
2.110773e+02 1.173753e-23
2.115640e+02 1.175665e-23
2.120519e+02 1.177583e-23
2.125409e+02 1.179508e-23
2.130310e+02 1.181439e-23
2.135223e+02 1.183377e-23
2.140146e+02 1.185321e-23
2.145082e+02 1.187271e-23
2.150028e+02 1.189228e-23
2.154986e+02 1.191191e-23
2.159956e+02 1.193161e-23
2.164936e+02 1.195137e-23
2.169929e+02 1.197119e-23
2.174933e+02 1.199108e-23
2.179948e+02 1.201104e-23
2.184975e+02 1.203106e-23
2.190014e+02 1.205115e-23
2.195064e+02 1.207130e-23
2.200126e+02 1.209151e-23
2.205199e+02 1.211179e-23
2.210284e+02 1.213214e-23
2.215381e+02 1.215255e-23
2.220490e+02 1.217303e-23
2.225610e+02 1.219357e-23
2.230743e+02 1.221418e-23
2.235887e+02 1.223486e-23
2.241043e+02 1.225560e-23
2.246211e+02 1.227640e-23
2.251390e+02 1.229728e-23
2.256582e+02 1.231822e-23
2.261786e+02 1.233922e-23
2.267002e+02 1.236029e-23
2.272229e+02 1.238143e-23
2.277469e+02 1.240264e-23
2.282721e+02 1.242391e-23
2.287985e+02 1.244525e-23
2.293261e+02 1.246666e-23
2.298549e+02 1.248813e-23
2.303850e+02 1.250967e-23
2.309162e+02 1.253128e-23
2.314487e+02 1.255295e-23
2.319825e+02 1.257469e-23
2.325174e+02 1.259650e-23
2.330536e+02 1.261838e-23
2.335910e+02 1.264033e-23
2.341297e+02 1.266234e-23
2.346696e+02 1.268442e-23
2.352107e+02 1.270657e-23
2.357531e+02 1.272879e-23
2.362968e+02 1.275107e-23
2.368417e+02 1.277343e-23
2.373878e+02 1.279585e-23
2.379353e+02 1.281834e-23
2.384839e+02 1.284090e-23
2.390339e+02 1.286353e-23
2.395851e+02 1.288623e-23
2.401376e+02 1.290899e-23
2.406913e+02 1.293183e-23
2.412464e+02 1.295473e-23
2.418027e+02 1.297771e-23
2.423603e+02 1.300075e-23
2.429192e+02 1.302387e-23
2.434794e+02 1.304705e-23
2.440408e+02 1.307031e-23
2.446036e+02 1.309363e-23
2.451676e+02 1.311702e-23
2.457330e+02 1.314049e-23
2.462997e+02 1.316402e-23
2.468676e+02 1.318762e-23
2.474369e+02 1.321130e-23
2.480075e+02 1.323505e-23
2.485794e+02 1.325886e-23
2.491526e+02 1.328275e-23
2.497272e+02 1.330671e-23
2.503031e+02 1.333074e-23
2.508803e+02 1.335484e-23
2.514588e+02 1.337901e-23
2.520387e+02 1.340325e-23
2.526199e+02 1.342757e-23
2.532024e+02 1.345196e-23
2.537863e+02 1.347642e-23
2.543715e+02 1.350095e-23
2.549581e+02 1.352555e-23
2.555460e+02 1.355023e-23
2.561353e+02 1.357497e-23
2.567260e+02 1.359979e-23
2.573180e+02 1.362469e-23
2.579114e+02 1.364965e-23
2.585061e+02 1.367469e-23
2.591022e+02 1.369980e-23
2.596997e+02 1.372499e-23
2.602986e+02 1.375024e-23
2.608988e+02 1.377557e-23
2.615005e+02 1.380098e-23
2.621035e+02 1.382645e-23
2.627079e+02 1.385201e-23
2.633137e+02 1.387763e-23
2.639209e+02 1.390333e-23
2.645295e+02 1.392911e-23
2.651395e+02 1.395495e-23
2.657509e+02 1.398087e-23
2.663638e+02 1.400687e-23
2.669780e+02 1.403294e-23
2.675937e+02 1.405909e-23
2.682107e+02 1.408531e-23
2.688292e+02 1.411160e-23
2.694491e+02 1.413798e-23
2.700705e+02 1.416442e-23
2.706933e+02 1.419094e-23
2.713175e+02 1.421754e-23
2.719432e+02 1.424421e-23
2.725703e+02 1.427096e-23
2.731988e+02 1.429779e-23
2.738288e+02 1.432469e-23
2.744603e+02 1.435166e-23
2.750932e+02 1.437872e-23
2.757276e+02 1.440585e-23
2.763634e+02 1.443305e-23
2.770007e+02 1.446034e-23
2.776394e+02 1.448770e-23
2.782797e+02 1.451513e-23
2.789214e+02 1.454265e-23
2.795646e+02 1.457024e-23
2.802093e+02 1.459791e-23
2.808554e+02 1.462566e-23
2.815031e+02 1.465348e-23
2.821522e+02 1.468138e-23
2.828029e+02 1.470936e-23
2.834550e+02 1.473742e-23
2.841087e+02 1.476556e-23
2.847638e+02 1.479377e-23
2.854205e+02 1.482207e-23
2.860787e+02 1.485044e-23
2.867384e+02 1.487889e-23
2.873996e+02 1.490742e-23
2.880623e+02 1.493603e-23
2.887266e+02 1.496472e-23
2.893924e+02 1.499349e-23
2.900598e+02 1.502234e-23
2.907287e+02 1.505127e-23
2.913991e+02 1.508028e-23
2.920710e+02 1.510936e-23
2.927446e+02 1.513853e-23
2.934196e+02 1.516778e-23
2.940963e+02 1.519711e-23
2.947744e+02 1.522652e-23
2.954542e+02 1.525601e-23
2.961355e+02 1.528558e-23
2.968184e+02 1.531523e-23
2.975029e+02 1.534497e-23
2.981889e+02 1.537478e-23
2.988765e+02 1.540468e-23
2.995657e+02 1.543466e-23
3.002566e+02 1.546472e-23
3.009490e+02 1.549486e-23
3.016429e+02 1.552509e-23
3.023385e+02 1.555539e-23
3.030357e+02 1.558578e-23
3.037345e+02 1.561625e-23
3.044349e+02 1.564681e-23
3.051370e+02 1.567745e-23
3.058406e+02 1.570817e-23
3.065459e+02 1.573897e-23
3.072528e+02 1.576986e-23
3.079613e+02 1.580083e-23
3.086715e+02 1.583189e-23
3.093833e+02 1.586303e-23
3.100967e+02 1.589425e-23
3.108118e+02 1.592555e-23
3.115285e+02 1.595695e-23
3.122469e+02 1.598842e-23
3.129670e+02 1.601998e-23
3.136887e+02 1.605163e-23
3.144120e+02 1.608336e-23
3.151371e+02 1.611518e-23
3.158638e+02 1.614708e-23
3.165922e+02 1.617906e-23
3.173222e+02 1.621114e-23
3.180540e+02 1.624330e-23
3.187874e+02 1.627554e-23
3.195225e+02 1.630787e-23
3.202594e+02 1.634029e-23
3.209979e+02 1.637279e-23
3.217381e+02 1.640538e-23
3.224800e+02 1.643806e-23
3.232237e+02 1.647082e-23
3.239690e+02 1.650367e-23
3.247161e+02 1.653661e-23
3.254649e+02 1.656964e-23
3.262154e+02 1.660275e-23
3.269677e+02 1.663596e-23
3.277217e+02 1.666925e-23
3.284774e+02 1.670262e-23
3.292349e+02 1.673609e-23
3.299941e+02 1.676964e-23
3.307551e+02 1.680329e-23
3.315178e+02 1.683702e-23
3.322823e+02 1.687084e-23
3.330485e+02 1.690475e-23
3.338165e+02 1.693875e-23
3.345863e+02 1.697285e-23
3.353579e+02 1.700702e-23
3.361312e+02 1.704129e-23
3.369063e+02 1.707565e-23
3.376832e+02 1.711011e-23
3.384619e+02 1.714465e-23
3.392424e+02 1.717928e-23
3.400247e+02 1.721400e-23
3.408088e+02 1.724881e-23
3.415947e+02 1.728372e-23
3.423825e+02 1.731872e-23
3.431720e+02 1.735380e-23
3.439633e+02 1.738898e-23
3.447565e+02 1.742425e-23
3.455515e+02 1.745962e-23
3.463484e+02 1.749507e-23
3.471471e+02 1.753062e-23
3.479476e+02 1.756626e-23
3.487500e+02 1.760200e-23
3.495542e+02 1.763782e-23
3.503603e+02 1.767374e-23
3.511682e+02 1.770976e-23
3.519780e+02 1.774586e-23
3.527896e+02 1.778207e-23
3.536032e+02 1.781836e-23
3.544186e+02 1.785475e-23
3.552359e+02 1.789123e-23
3.560551e+02 1.792781e-23
3.568761e+02 1.796448e-23
3.576991e+02 1.800125e-23
3.585240e+02 1.803811e-23
3.593507e+02 1.807507e-23
3.601794e+02 1.811213e-23
3.610100e+02 1.814927e-23
3.618424e+02 1.818652e-23
3.626769e+02 1.822386e-23
3.635132e+02 1.826130e-23
3.643514e+02 1.829883e-23
3.651916e+02 1.833647e-23
3.660338e+02 1.837419e-23
3.668779e+02 1.841202e-23
3.677239e+02 1.844994e-23
3.685719e+02 1.848796e-23
3.694218e+02 1.852608e-23
3.702737e+02 1.856429e-23
3.711275e+02 1.860260e-23
3.719834e+02 1.864102e-23
3.728412e+02 1.867952e-23
3.737009e+02 1.871813e-23
3.745627e+02 1.875684e-23
3.754264e+02 1.879565e-23
3.762922e+02 1.883455e-23
3.771599e+02 1.887356e-23
3.780296e+02 1.891266e-23
3.789014e+02 1.895187e-23
3.797751e+02 1.899117e-23
3.806509e+02 1.903058e-23
3.815287e+02 1.907008e-23
3.824085e+02 1.910969e-23
3.832903e+02 1.914940e-23
3.841742e+02 1.918921e-23
3.850601e+02 1.922911e-23
3.859480e+02 1.926913e-23
3.868380e+02 1.930924e-23
3.877301e+02 1.934945e-23
3.886242e+02 1.938977e-23
3.895204e+02 1.943019e-23
3.904186e+02 1.947071e-23
3.913189e+02 1.951134e-23
3.922213e+02 1.955206e-23
3.931258e+02 1.959290e-23
3.940323e+02 1.963383e-23
3.949410e+02 1.967487e-23
3.958517e+02 1.971601e-23
3.967645e+02 1.975726e-23
3.976795e+02 1.979861e-23
3.985965e+02 1.984006e-23
3.995157e+02 1.988162e-23
4.004370e+02 1.992329e-23
4.013604e+02 1.996506e-23
4.022859e+02 2.000693e-23
4.032136e+02 2.004891e-23
4.041434e+02 2.009100e-23
4.050754e+02 2.013319e-23
4.060095e+02 2.017549e-23
4.069457e+02 2.021790e-23
4.078842e+02 2.026041e-23
4.088247e+02 2.030303e-23
4.097675e+02 2.034576e-23
4.107124e+02 2.038859e-23
4.116595e+02 2.043154e-23
4.126088e+02 2.047459e-23
4.135603e+02 2.051775e-23
4.145140e+02 2.056102e-23
4.154699e+02 2.060439e-23
4.164279e+02 2.064788e-23
4.173882e+02 2.069148e-23
4.183507e+02 2.073518e-23
4.193154e+02 2.077900e-23
4.202824e+02 2.082293e-23
4.212516e+02 2.086697e-23
4.222230e+02 2.091112e-23
4.231966e+02 2.095539e-23
4.241725e+02 2.099976e-23
4.251506e+02 2.104426e-23
4.261311e+02 2.108887e-23
4.271137e+02 2.113360e-23
4.280986e+02 2.117846e-23
4.290858e+02 2.122345e-23
4.300753e+02 2.126857e-23
4.310671e+02 2.131385e-23
4.320611e+02 2.135933e-23
4.330575e+02 2.140505e-23
4.340561e+02 2.145119e-23
4.350570e+02 2.149821e-23
4.360603e+02 2.154797e-23
4.370658e+02 2.161576e-23
4.380737e+02 1.078227e-22
4.390839e+02 2.170575e-23
4.400964e+02 2.173137e-23
4.411113e+02 2.177382e-23
4.421285e+02 2.181888e-23
4.431481e+02 2.186477e-23
4.441700e+02 2.191106e-23
4.451942e+02 2.195759e-23
4.462208e+02 2.200431e-23
4.472498e+02 2.205119e-23
4.482812e+02 2.209821e-23
4.493149e+02 2.214537e-23
4.503510e+02 2.219265e-23
4.513896e+02 2.224006e-23
4.524305e+02 2.228758e-23
4.534738e+02 2.233524e-23
4.545195e+02 2.238301e-23
4.555676e+02 2.243090e-23
4.566182e+02 2.247891e-23
4.576711e+02 2.252704e-23
4.587265e+02 2.257530e-23
4.597844e+02 2.262367e-23
4.608446e+02 2.267216e-23
4.619073e+02 2.272077e-23
4.629725e+02 2.276951e-23
4.640401e+02 2.281836e-23
4.651102e+02 2.286733e-23
4.661827e+02 2.291643e-23
4.672578e+02 2.296564e-23
4.683353e+02 2.301498e-23
4.694152e+02 2.306444e-23
4.704977e+02 2.311402e-23
4.715827e+02 2.316372e-23
4.726702e+02 2.321355e-23
4.737601e+02 2.326349e-23
4.748526e+02 2.331356e-23
4.759477e+02 2.336376e-23
4.770452e+02 2.341407e-23
4.781453e+02 2.346451e-23
4.792479e+02 2.351508e-23
4.803530e+02 2.356576e-23
4.814607e+02 2.361657e-23
4.825710e+02 2.366751e-23
4.836838e+02 2.371857e-23
4.847991e+02 2.376976e-23
4.859171e+02 2.382107e-23
4.870376e+02 2.387251e-23
4.881608e+02 2.392407e-23
4.892865e+02 2.397576e-23
4.904148e+02 2.402757e-23
4.915457e+02 2.407952e-23
4.926792e+02 2.413158e-23
4.938153e+02 2.418378e-23
4.949540e+02 2.423610e-23
4.960954e+02 2.428856e-23
4.972394e+02 2.434113e-23
4.983860e+02 2.439384e-23
4.995353e+02 2.444668e-23
5.006872e+02 2.449964e-23
5.018418e+02 2.455274e-23
5.029991e+02 2.460596e-23
5.041590e+02 2.465932e-23
5.053216e+02 2.471280e-23
5.064869e+02 2.476641e-23
5.076548e+02 2.482016e-23
5.088255e+02 2.487403e-23
5.099988e+02 2.492804e-23
5.111749e+02 2.498217e-23
5.123537e+02 2.503644e-23
5.135352e+02 2.509084e-23
5.147194e+02 2.514538e-23
5.159063e+02 2.520004e-23
5.170960e+02 2.525484e-23
5.182884e+02 2.530977e-23
5.194836e+02 2.536484e-23
5.206816e+02 2.542004e-23
5.218822e+02 2.547537e-23
5.230857e+02 2.553084e-23
5.242920e+02 2.558644e-23
5.255010e+02 2.564217e-23
5.267128e+02 2.569805e-23
5.279274e+02 2.575405e-23
5.291448e+02 2.581019e-23
5.303650e+02 2.586647e-23
5.315880e+02 2.592289e-23
5.328139e+02 2.597944e-23
5.340426e+02 2.603613e-23
5.352740e+02 2.609296e-23
5.365084e+02 2.614992e-23
5.377456e+02 2.620702e-23
5.389856e+02 2.626426e-23
5.402285e+02 2.632163e-23
5.414743e+02 2.637915e-23
5.427230e+02 2.643681e-23
5.439745e+02 2.649460e-23
5.452289e+02 2.655253e-23
5.464862e+02 2.661061e-23
5.477464e+02 2.666882e-23
5.490095e+02 2.672718e-23
5.502755e+02 2.678567e-23
5.515445e+02 2.684431e-23
5.528163e+02 2.690309e-23
5.540911e+02 2.696201e-23
5.553689e+02 2.702107e-23
5.566495e+02 2.708027e-23
5.579332e+02 2.713962e-23
5.592198e+02 2.719911e-23
5.605094e+02 2.725875e-23
5.618019e+02 2.731852e-23
5.630974e+02 2.737845e-23
5.643959e+02 2.743851e-23
5.656974e+02 2.749872e-23
5.670019e+02 2.755907e-23
5.683094e+02 2.761957e-23
5.696200e+02 2.768022e-23
5.709335e+02 2.774101e-23
5.722501e+02 2.780195e-23
5.735697e+02 2.786303e-23
5.748923e+02 2.792427e-23
5.762181e+02 2.798564e-23
5.775468e+02 2.804717e-23
5.788786e+02 2.810884e-23
5.802135e+02 2.817066e-23
5.815515e+02 2.823263e-23
5.828926e+02 2.829475e-23
5.842367e+02 2.835702e-23
5.855840e+02 2.841944e-23
5.869343e+02 2.848201e-23
5.882878e+02 2.854472e-23
5.896444e+02 2.860759e-23
5.910041e+02 2.867061e-23
5.923670e+02 2.873378e-23
5.937330e+02 2.879710e-23
5.951022e+02 2.886057e-23
5.964745e+02 2.892420e-23
5.978500e+02 2.898797e-23
5.992286e+02 2.905190e-23
6.006104e+02 2.911599e-23
6.019954e+02 2.918022e-23
6.033836e+02 2.924461e-23
6.047750e+02 2.930916e-23
6.061697e+02 2.937385e-23
6.075675e+02 2.943871e-23
6.089686e+02 2.950372e-23
6.103728e+02 2.956888e-23
6.117804e+02 2.963420e-23
6.131911e+02 2.969968e-23
6.146052e+02 2.976531e-23
6.160224e+02 2.983110e-23
6.174430e+02 2.989705e-23
6.188668e+02 2.996315e-23
6.202939e+02 3.002941e-23
6.217243e+02 3.009583e-23
6.231580e+02 3.016241e-23
6.245950e+02 3.022915e-23
6.260354e+02 3.029605e-23
6.274790e+02 3.036310e-23
6.289260e+02 3.043032e-23
6.303763e+02 3.049770e-23
6.318299e+02 3.056524e-23
6.332869e+02 3.063293e-23
6.347473e+02 3.070079e-23
6.362110e+02 3.076882e-23
6.376781e+02 3.083700e-23
6.391486e+02 3.090535e-23
6.406225e+02 3.097386e-23
6.420998e+02 3.104253e-23
6.435805e+02 3.111137e-23
6.450646e+02 3.118037e-23
6.465521e+02 3.124953e-23
6.480431e+02 3.131886e-23
6.495375e+02 3.138836e-23
6.510353e+02 3.145802e-23
6.525366e+02 3.152784e-23
6.540413e+02 3.159784e-23
6.555496e+02 3.166799e-23
6.570613e+02 3.173832e-23
6.585765e+02 3.180881e-23
6.600951e+02 3.187947e-23
6.616173e+02 3.195030e-23
6.631430e+02 3.202130e-23
6.646722e+02 3.209246e-23
6.662050e+02 3.216380e-23
6.677413e+02 3.223530e-23
6.692811e+02 3.230698e-23
6.708244e+02 3.237882e-23
6.723714e+02 3.245084e-23
6.739218e+02 3.252302e-23
6.754759e+02 3.259538e-23
6.770336e+02 3.266791e-23
6.785948e+02 3.274061e-23
6.801597e+02 3.281348e-23
6.817281e+02 3.288653e-23
6.833002e+02 3.295975e-23
6.848759e+02 3.303315e-23
6.864552e+02 3.310671e-23
6.880382e+02 3.318046e-23
6.896248e+02 3.325437e-23
6.912151e+02 3.332847e-23
6.928090e+02 3.340274e-23
6.944067e+02 3.347718e-23
6.960080e+02 3.355180e-23
6.976130e+02 3.362660e-23
6.992217e+02 3.370157e-23
7.008341e+02 3.377673e-23
7.024502e+02 3.385206e-23
7.040701e+02 3.392757e-23
7.056936e+02 3.400325e-23
7.073210e+02 3.407912e-23
7.089521e+02 3.415517e-23
7.105869e+02 3.423139e-23
7.122255e+02 3.430780e-23
7.138679e+02 3.438439e-23
7.155141e+02 3.446116e-23
7.171641e+02 3.453811e-23
7.188179e+02 3.461524e-23
7.204755e+02 3.469256e-23
7.221369e+02 3.477006e-23
7.238022e+02 3.484774e-23
7.254713e+02 3.492561e-23
7.271442e+02 3.500365e-23
7.288210e+02 3.508189e-23
7.305017e+02 3.516031e-23
7.321862e+02 3.523891e-23
7.338746e+02 3.531770e-23
7.355670e+02 3.539668e-23
7.372632e+02 3.547584e-23
7.389633e+02 3.555519e-23
7.406674e+02 3.563473e-23
7.423754e+02 3.571446e-23
7.440873e+02 3.579437e-23
7.458031e+02 3.587447e-23
7.475230e+02 3.595476e-23
7.492468e+02 3.603524e-23
7.509745e+02 3.611591e-23
7.527063e+02 3.619677e-23
7.544420e+02 3.627783e-23
7.561818e+02 3.635907e-23
7.579255e+02 3.644050e-23
7.596733e+02 3.652213e-23
7.614251e+02 3.660395e-23
7.631810e+02 3.668596e-23
7.649409e+02 3.676817e-23
7.667048e+02 3.685057e-23
7.684729e+02 3.693316e-23
7.702450e+02 3.701595e-23
7.720212e+02 3.709894e-23
7.738015e+02 3.718212e-23
7.755859e+02 3.726549e-23
7.773744e+02 3.734907e-23
7.791670e+02 3.743284e-23
7.809638e+02 3.751680e-23
7.827647e+02 3.760097e-23
7.845697e+02 3.768533e-23
7.863790e+02 3.776989e-23
7.881923e+02 3.785465e-23
7.900099e+02 3.793961e-23
7.918317e+02 3.802477e-23
7.936577e+02 3.811013e-23
7.954878e+02 3.819569e-23
7.973222e+02 3.828146e-23
7.991609e+02 3.836742e-23
8.010037e+02 3.845359e-23
8.028509e+02 3.853996e-23
8.047022e+02 3.862653e-23
8.065579e+02 3.871331e-23
8.084178e+02 3.880029e-23
8.102820e+02 3.888748e-23
8.121506e+02 3.897487e-23
8.140234e+02 3.906246e-23
8.159005e+02 3.915026e-23
8.177820e+02 3.923827e-23
8.196678e+02 3.932649e-23
8.215580e+02 3.941491e-23
8.234525e+02 3.950354e-23
8.253514e+02 3.959238e-23
8.272546e+02 3.968143e-23
8.291623e+02 3.977069e-23
8.310743e+02 3.986016e-23
8.329908e+02 3.994983e-23
8.349117e+02 4.003972e-23
8.368370e+02 4.012982e-23
8.387668e+02 4.022014e-23
8.407010e+02 4.031066e-23
8.426396e+02 4.040140e-23
8.445828e+02 4.049235e-23
8.465304e+02 4.058352e-23
8.484825e+02 4.067491e-23
8.504391e+02 4.076652e-23
8.524002e+02 4.085836e-23
8.543659e+02 4.095048e-23
8.563360e+02 4.104316e-23
8.583107e+02 4.115217e-23
8.602900e+02 4.122926e-23
8.622739e+02 4.132083e-23
8.642623e+02 4.141376e-23
8.662553e+02 4.150703e-23
8.682528e+02 4.160054e-23
8.702550e+02 4.169429e-23
8.722619e+02 4.178827e-23
8.742733e+02 4.188247e-23
8.762894e+02 4.197689e-23
8.783101e+02 4.207153e-23
8.803355e+02 4.216639e-23
8.823656e+02 4.226148e-23
8.844003e+02 4.235679e-23
8.864397e+02 4.245233e-23
8.884839e+02 4.254809e-23
8.905327e+02 4.264407e-23
8.925863e+02 4.274028e-23
8.946446e+02 4.283671e-23
8.967077e+02 4.293337e-23
8.987755e+02 4.303026e-23
9.008481e+02 4.312737e-23
9.029254e+02 4.322472e-23
9.050076e+02 4.332228e-23
9.070945e+02 4.342008e-23
9.091863e+02 4.351811e-23
9.112829e+02 4.361637e-23
9.133843e+02 4.371485e-23
9.154906e+02 4.381357e-23
9.176017e+02 4.391252e-23
9.197177e+02 4.401170e-23
9.218386e+02 4.411111e-23
9.239644e+02 4.421075e-23
9.260950e+02 4.431063e-23
9.282306e+02 4.441075e-23
9.303711e+02 4.451109e-23
9.325166e+02 4.461167e-23
9.346670e+02 4.471249e-23
9.368223e+02 4.481354e-23
9.389826e+02 4.491483e-23
9.411479e+02 4.501636e-23
9.433182e+02 4.511812e-23
9.454935e+02 4.522012e-23
9.476738e+02 4.532236e-23
9.498592e+02 4.542484e-23
9.520495e+02 4.552756e-23
9.542450e+02 4.563052e-23
9.564455e+02 4.573372e-23
9.586511e+02 4.583716e-23
9.608617e+02 4.594084e-23
9.630775e+02 4.604476e-23
9.652983e+02 4.614893e-23
9.675243e+02 4.625334e-23
9.697554e+02 4.635800e-23
9.719917e+02 4.646290e-23
9.742331e+02 4.656805e-23
9.764797e+02 4.667344e-23
9.787315e+02 4.677907e-23
9.809884e+02 4.688496e-23
9.832506e+02 4.699109e-23
9.855180e+02 4.709747e-23
9.877906e+02 4.720410e-23
9.900684e+02 4.731097e-23
9.923516e+02 4.741810e-23
9.946399e+02 4.752548e-23
9.969336e+02 4.763311e-23
9.992325e+02 4.774099e-23
1.001537e+03 4.784912e-23
1.003846e+03 4.795750e-23
1.006161e+03 4.806614e-23
1.008481e+03 4.817503e-23
1.010807e+03 4.828417e-23
1.013138e+03 4.839357e-23
1.015474e+03 4.850323e-23
1.017816e+03 4.861314e-23
1.020163e+03 4.872331e-23
1.022515e+03 4.883373e-23
1.024873e+03 4.894441e-23
1.027237e+03 4.905535e-23
1.029606e+03 4.916655e-23
1.031980e+03 4.927801e-23
1.034360e+03 4.938973e-23
1.036745e+03 4.950171e-23
1.039136e+03 4.961395e-23
1.041532e+03 4.972645e-23
1.043934e+03 4.983922e-23
1.046341e+03 4.995225e-23
1.048754e+03 5.006554e-23
1.051172e+03 5.017909e-23
1.053596e+03 5.029292e-23
1.056026e+03 5.040700e-23
1.058461e+03 5.052135e-23
1.060902e+03 5.063597e-23
1.063348e+03 5.075086e-23
1.065800e+03 5.086601e-23
1.068258e+03 5.098144e-23
1.070722e+03 5.109713e-23
1.073191e+03 5.121309e-23
1.075666e+03 5.132932e-23
1.078146e+03 5.144583e-23
1.080632e+03 5.156260e-23
1.083124e+03 5.167965e-23
1.085622e+03 5.179697e-23
1.088125e+03 5.191456e-23
1.090634e+03 5.203243e-23
1.093149e+03 5.215057e-23
1.095670e+03 5.226898e-23
1.098197e+03 5.238768e-23
1.100729e+03 5.250665e-23
1.103268e+03 5.262589e-23
1.105812e+03 5.274542e-23
1.108362e+03 5.286522e-23
1.110918e+03 5.298530e-23
1.113479e+03 5.310566e-23
1.116047e+03 5.322631e-23
1.118621e+03 5.334723e-23
1.121200e+03 5.346843e-23
1.123786e+03 5.358992e-23
1.126377e+03 5.371169e-23
1.128975e+03 5.383374e-23
1.131578e+03 5.395608e-23
1.134188e+03 5.407870e-23
1.136803e+03 5.420161e-23
1.139425e+03 5.432480e-23
1.142052e+03 5.444829e-23
1.144686e+03 5.457206e-23
1.147325e+03 5.469611e-23
1.149971e+03 5.482046e-23
1.152623e+03 5.494509e-23
1.155281e+03 5.507002e-23
1.157945e+03 5.519523e-23
1.160615e+03 5.532074e-23
1.163292e+03 5.544654e-23
1.165974e+03 5.557263e-23
1.168663e+03 5.569902e-23
1.171358e+03 5.582570e-23
1.174059e+03 5.595267e-23
1.176766e+03 5.607994e-23
1.179480e+03 5.620750e-23
1.182200e+03 5.633537e-23
1.184926e+03 5.646353e-23
1.187659e+03 5.659198e-23
1.190397e+03 5.672074e-23
1.193142e+03 5.684980e-23
1.195894e+03 5.697916e-23
1.198651e+03 5.710881e-23
1.201416e+03 5.723877e-23
1.204186e+03 5.736903e-23
1.206963e+03 5.749960e-23
1.209746e+03 5.763047e-23
1.212536e+03 5.776164e-23
1.215332e+03 5.789312e-23
1.218134e+03 5.802490e-23
1.220944e+03 5.815699e-23
1.223759e+03 5.828939e-23
1.226581e+03 5.842210e-23
1.229409e+03 5.855512e-23
1.232245e+03 5.868845e-23
1.235086e+03 5.882211e-23
1.237934e+03 5.895621e-23
1.240789e+03 5.914084e-23
1.243650e+03 5.922509e-23
1.246518e+03 5.935976e-23
1.249392e+03 5.949492e-23
1.252274e+03 5.963041e-23
1.255161e+03 5.976623e-23
1.258056e+03 5.990236e-23
1.260957e+03 6.003881e-23
1.263865e+03 6.017558e-23
1.266779e+03 6.031267e-23
1.269700e+03 6.045008e-23
1.272628e+03 6.058781e-23
1.275563e+03 6.072585e-23
1.278504e+03 6.086422e-23
1.281453e+03 6.100291e-23
1.284408e+03 6.114192e-23
1.287370e+03 6.128125e-23
1.290338e+03 6.142091e-23
1.293314e+03 6.156089e-23
1.296296e+03 6.170120e-23
1.299285e+03 6.184183e-23
1.302282e+03 6.198279e-23
1.305285e+03 6.212408e-23
1.308295e+03 6.226570e-23
1.311312e+03 6.240764e-23
1.314335e+03 6.254991e-23
1.317366e+03 6.269252e-23
1.320404e+03 6.283545e-23
1.323449e+03 6.297872e-23
1.326501e+03 6.312232e-23
1.329560e+03 6.326625e-23
1.332626e+03 6.341052e-23
1.335699e+03 6.355512e-23
1.338779e+03 6.370006e-23
1.341866e+03 6.384534e-23
1.344961e+03 6.399095e-23
1.348062e+03 6.413690e-23
1.351171e+03 6.428319e-23
1.354287e+03 6.442982e-23
1.357410e+03 6.457679e-23
1.360540e+03 6.472410e-23
1.363677e+03 6.487175e-23
1.366822e+03 6.501975e-23
1.369974e+03 6.516808e-23
1.373133e+03 6.531677e-23
1.376299e+03 6.546580e-23
1.379473e+03 6.561517e-23
1.382654e+03 6.576489e-23
1.385843e+03 6.591496e-23
1.389038e+03 6.606537e-23
1.392242e+03 6.621614e-23
1.395452e+03 6.636725e-23
1.398670e+03 6.651872e-23
1.401895e+03 6.667054e-23
1.405128e+03 6.682270e-23
1.408368e+03 6.697523e-23
1.411616e+03 6.712810e-23
1.414871e+03 6.728134e-23
1.418134e+03 6.743492e-23
1.421404e+03 6.758887e-23
1.424682e+03 6.774316e-23
1.427967e+03 6.789782e-23
1.431260e+03 6.805284e-23
1.434561e+03 6.820822e-23
1.437869e+03 6.836395e-23
1.441185e+03 6.852005e-23
1.444508e+03 6.867651e-23
1.447839e+03 6.883333e-23
1.451178e+03 6.899052e-23
1.454524e+03 6.914807e-23
1.457878e+03 6.930599e-23
1.461240e+03 6.946427e-23
1.464610e+03 6.962292e-23
1.467987e+03 6.978194e-23
1.471372e+03 6.994133e-23
1.474765e+03 7.010108e-23
1.478166e+03 7.026121e-23
1.481575e+03 7.042171e-23
1.484991e+03 7.058258e-23
1.488416e+03 7.074382e-23
1.491848e+03 7.090544e-23
1.495288e+03 7.106743e-23
1.498736e+03 7.122979e-23
1.502193e+03 7.139254e-23
1.505657e+03 7.155566e-23
1.509129e+03 7.171916e-23
1.512609e+03 7.188304e-23
1.516097e+03 7.204730e-23
1.519593e+03 7.221193e-23
1.523097e+03 7.237695e-23
1.526609e+03 7.254236e-23
1.530130e+03 7.270814e-23
1.533658e+03 7.287431e-23
1.537195e+03 7.304087e-23
1.540740e+03 7.320781e-23
1.544293e+03 7.337514e-23
1.547854e+03 7.354286e-23
1.551423e+03 7.371096e-23
1.555001e+03 7.387946e-23
1.558586e+03 7.404835e-23
1.562181e+03 7.421763e-23
1.565783e+03 7.438730e-23
1.569394e+03 7.455738e-23
1.573013e+03 7.472794e-23
1.576640e+03 7.490317e-23
1.580276e+03 7.506998e-23
1.583920e+03 7.524157e-23
1.587572e+03 7.541360e-23
1.591234e+03 7.558604e-23
1.594903e+03 7.575887e-23
1.598581e+03 7.593211e-23
1.602267e+03 7.610575e-23
1.605962e+03 7.627980e-23
1.609665e+03 7.645424e-23
1.613377e+03 7.662910e-23
1.617098e+03 7.680435e-23
1.620827e+03 7.698001e-23
1.624564e+03 7.715608e-23
1.628311e+03 7.733256e-23
1.632065e+03 7.750945e-23
1.635829e+03 7.768674e-23
1.639601e+03 7.786445e-23
1.643382e+03 7.804257e-23
1.647172e+03 7.822110e-23
1.650970e+03 7.840004e-23
1.654777e+03 7.857940e-23
1.658593e+03 7.875917e-23
1.662418e+03 7.893936e-23
1.666252e+03 7.911997e-23
1.670094e+03 7.930100e-23
1.673945e+03 7.948244e-23
1.677805e+03 7.966431e-23
1.681674e+03 7.984659e-23
1.685552e+03 8.002930e-23
1.689439e+03 8.021243e-23
1.693335e+03 8.039599e-23
1.697240e+03 8.057997e-23
1.701154e+03 8.076438e-23
1.705077e+03 8.094921e-23
1.709009e+03 8.113447e-23
1.712950e+03 8.132016e-23
1.716900e+03 8.150629e-23
1.720859e+03 8.169284e-23
1.724827e+03 8.187982e-23
1.728805e+03 8.206724e-23
1.732791e+03 8.225509e-23
1.736787e+03 8.244337e-23
1.740792e+03 8.263209e-23
1.744806e+03 8.282125e-23
1.748830e+03 8.301085e-23
1.752863e+03 8.320088e-23
1.756905e+03 8.339136e-23
1.760956e+03 8.358227e-23
1.765017e+03 8.377363e-23
1.769087e+03 8.396543e-23
1.773167e+03 8.415768e-23
1.777256e+03 8.435037e-23
1.781354e+03 8.454350e-23
1.785462e+03 8.473709e-23
1.789579e+03 8.493112e-23
1.793706e+03 8.512560e-23
1.797842e+03 8.532053e-23
1.801988e+03 8.551591e-23
1.806143e+03 8.571174e-23
1.810309e+03 8.590803e-23
1.814483e+03 8.610477e-23
1.818667e+03 8.630196e-23
1.822861e+03 8.649962e-23
1.827065e+03 8.669773e-23
1.831278e+03 8.689630e-23
1.835501e+03 8.709532e-23
1.839734e+03 8.729481e-23
1.843976e+03 8.749476e-23
1.848228e+03 8.769517e-23
1.852490e+03 8.789605e-23
1.856762e+03 8.809739e-23
1.861044e+03 8.829920e-23
1.865335e+03 8.850148e-23
1.869637e+03 8.870422e-23
1.873948e+03 8.890743e-23
1.878270e+03 8.911111e-23
1.882601e+03 8.931527e-23
1.886942e+03 8.951989e-23
1.891293e+03 8.972500e-23
1.895655e+03 8.993063e-23
1.900026e+03 9.013683e-23
1.904408e+03 9.034315e-23
1.908799e+03 9.055014e-23
1.913201e+03 9.075762e-23
1.917613e+03 9.096558e-23
1.922035e+03 9.117403e-23
1.926467e+03 9.138295e-23
1.930909e+03 9.159236e-23
1.935362e+03 9.180225e-23
1.939825e+03 9.201263e-23
1.944298e+03 9.222350e-23
1.948782e+03 9.243485e-23
1.953276e+03 9.264669e-23
1.957780e+03 9.285903e-23
1.962295e+03 9.307185e-23
1.966820e+03 9.328517e-23
1.971355e+03 9.349897e-23
1.975901e+03 9.371328e-23
1.980458e+03 9.392808e-23
1.985025e+03 9.414337e-23
1.989602e+03 9.435917e-23
1.994190e+03 9.457546e-23
1.998789e+03 9.479225e-23
2.003398e+03 9.500955e-23
2.008018e+03 9.522735e-23
2.012648e+03 9.544565e-23
2.017290e+03 9.566445e-23
2.021941e+03 9.588376e-23
2.026604e+03 9.610358e-23
2.031277e+03 9.632391e-23
2.035962e+03 9.654475e-23
2.040657e+03 9.676610e-23
2.045362e+03 9.698796e-23
2.050079e+03 9.721033e-23
2.054807e+03 9.743322e-23
2.059545e+03 9.765662e-23
2.064294e+03 9.788054e-23
2.069055e+03 9.810497e-23
2.073826e+03 9.832993e-23
2.078608e+03 9.855540e-23
2.083401e+03 9.878140e-23
2.088206e+03 9.900792e-23
2.093021e+03 9.923497e-23
2.097847e+03 9.946253e-23
2.102685e+03 9.969063e-23
2.107534e+03 9.991925e-23
2.112394e+03 1.001484e-22
2.117265e+03 1.003781e-22
2.122148e+03 1.006083e-22
2.127041e+03 1.008390e-22
2.131946e+03 1.010703e-22
2.136863e+03 1.013021e-22
2.141790e+03 1.015345e-22
2.146729e+03 1.017674e-22
2.151680e+03 1.020008e-22
2.156641e+03 1.022347e-22
2.161615e+03 1.024692e-22
2.166599e+03 1.027043e-22
2.171595e+03 1.029399e-22
2.176603e+03 1.031760e-22
2.181622e+03 1.034127e-22
2.186653e+03 1.036499e-22
2.191696e+03 1.038877e-22
2.196750e+03 1.041260e-22
2.201816e+03 1.043649e-22
2.206893e+03 1.046043e-22
2.211982e+03 1.048443e-22
2.217083e+03 1.050848e-22
2.222195e+03 1.053259e-22
2.227320e+03 1.055676e-22
2.232456e+03 1.058098e-22
2.237604e+03 1.060526e-22
2.242764e+03 1.062959e-22
2.247936e+03 1.065398e-22
2.253120e+03 1.067843e-22
2.258315e+03 1.070294e-22
2.263523e+03 1.072748e-22
2.268743e+03 1.075210e-22
2.273974e+03 1.077677e-22
2.279218e+03 1.080150e-22
2.284474e+03 1.082629e-22
2.289742e+03 1.085113e-22
2.295022e+03 1.087603e-22
2.300315e+03 1.090099e-22
2.305619e+03 1.092601e-22
2.310936e+03 1.095108e-22
2.316265e+03 1.097622e-22
2.321606e+03 1.100141e-22
2.326960e+03 1.102665e-22
2.332326e+03 1.105196e-22
2.337704e+03 1.107733e-22
2.343095e+03 1.110275e-22
2.348498e+03 1.112823e-22
2.353914e+03 1.115377e-22
2.359342e+03 1.117937e-22
2.364783e+03 1.120503e-22
2.370236e+03 1.123075e-22
2.375702e+03 1.125653e-22
2.381180e+03 1.128237e-22
2.386671e+03 1.130827e-22
2.392175e+03 1.133422e-22
2.397691e+03 1.136024e-22
2.403220e+03 1.138632e-22
2.408762e+03 1.141246e-22
2.414317e+03 1.143866e-22
2.419884e+03 1.146491e-22
2.425465e+03 1.149124e-22
2.431058e+03 1.151762e-22
2.436664e+03 1.154406e-22
2.442283e+03 1.157056e-22
2.447915e+03 1.159712e-22
2.453559e+03 1.162375e-22
2.459218e+03 1.165043e-22
2.464888e+03 1.167718e-22
2.470573e+03 1.170399e-22
2.476270e+03 1.173086e-22
2.481980e+03 1.175780e-22
2.487703e+03 1.178479e-22
2.493440e+03 1.181185e-22
2.499190e+03 1.183897e-22
2.504953e+03 1.186616e-22
2.510729e+03 1.189340e-22
2.516519e+03 1.192071e-22
2.522322e+03 1.194809e-22
2.528139e+03 1.197552e-22
2.533969e+03 1.200302e-22
2.539812e+03 1.203058e-22
2.545669e+03 1.205821e-22
2.551539e+03 1.208590e-22
2.557423e+03 1.211365e-22
2.563321e+03 1.214147e-22
2.569232e+03 1.216936e-22
2.575156e+03 1.219730e-22
2.581095e+03 1.222531e-22
2.587047e+03 1.225339e-22
2.593012e+03 1.228153e-22
2.598992e+03 1.230974e-22
2.604985e+03 1.233801e-22
2.610992e+03 1.236635e-22
2.617013e+03 1.239475e-22
2.623048e+03 1.242322e-22
2.629097e+03 1.245175e-22
2.635160e+03 1.248035e-22
2.641236e+03 1.250901e-22
2.647327e+03 1.253774e-22
2.653432e+03 1.256654e-22
2.659551e+03 1.259541e-22
2.665684e+03 1.262434e-22
2.671831e+03 1.265334e-22
2.677992e+03 1.268240e-22
2.684167e+03 1.271153e-22
2.690357e+03 1.274073e-22
2.696561e+03 1.277000e-22
2.702779e+03 1.279933e-22
2.709012e+03 1.282874e-22
2.715259e+03 1.285821e-22
2.721521e+03 1.288775e-22
2.727796e+03 1.291735e-22
2.734087e+03 1.294703e-22
2.740392e+03 1.297677e-22
2.746711e+03 1.300658e-22
2.753045e+03 1.303646e-22
2.759393e+03 1.306641e-22
2.765756e+03 1.309643e-22
2.772134e+03 1.312652e-22
2.778527e+03 1.315668e-22
2.784934e+03 1.318690e-22
2.791356e+03 1.321720e-22
2.797793e+03 1.324757e-22
2.804245e+03 1.327801e-22
2.810711e+03 1.330851e-22
2.817193e+03 1.333909e-22
2.823689e+03 1.336974e-22
2.830201e+03 1.340046e-22
2.836727e+03 1.343125e-22
2.843269e+03 1.346211e-22
2.849825e+03 1.349305e-22
2.856397e+03 1.352405e-22
2.862984e+03 1.355512e-22
2.869586e+03 1.358627e-22
2.876204e+03 1.361749e-22
2.882836e+03 1.364878e-22
2.889484e+03 1.368015e-22
2.896147e+03 1.371158e-22
2.902826e+03 1.374309e-22
2.909519e+03 1.377468e-22
2.916229e+03 1.380633e-22
2.922954e+03 1.383806e-22
2.929694e+03 1.386986e-22
2.936450e+03 1.390173e-22
2.943222e+03 1.393368e-22
2.950008e+03 1.396570e-22
2.956811e+03 1.399780e-22
2.963630e+03 1.402997e-22
2.970464e+03 1.406221e-22
2.977314e+03 1.409453e-22
2.984180e+03 1.412692e-22
2.991061e+03 1.415939e-22
2.997958e+03 1.419193e-22
3.004872e+03 1.422455e-22
3.011801e+03 1.425725e-22
3.018746e+03 1.429002e-22
3.025707e+03 1.432286e-22
3.032685e+03 1.435578e-22
3.039678e+03 1.438878e-22
3.046688e+03 1.442185e-22
3.053713e+03 1.445500e-22
3.060755e+03 1.448823e-22
3.067813e+03 1.452153e-22
3.074888e+03 1.455491e-22
3.081979e+03 1.458836e-22
3.089086e+03 1.462190e-22
3.096209e+03 1.465551e-22
3.103349e+03 1.468920e-22
3.110505e+03 1.472296e-22
3.117678e+03 1.475681e-22
3.124867e+03 1.479073e-22
3.132073e+03 1.482473e-22
3.139296e+03 1.485881e-22
3.146535e+03 1.489297e-22
3.153791e+03 1.492721e-22
3.161064e+03 1.496152e-22
3.168353e+03 1.499592e-22
3.175660e+03 1.503039e-22
3.182983e+03 1.506495e-22
3.190323e+03 1.509958e-22
3.197680e+03 1.513429e-22
3.205053e+03 1.516909e-22
3.212444e+03 1.520396e-22
3.219852e+03 1.523892e-22
3.227277e+03 1.527395e-22
3.234719e+03 1.530907e-22
3.242179e+03 1.534426e-22
3.249655e+03 1.537954e-22
3.257149e+03 1.541490e-22
3.264660e+03 1.545035e-22
3.272188e+03 1.548587e-22
3.279734e+03 1.552148e-22
3.287297e+03 1.555716e-22
3.294878e+03 1.559293e-22
3.302476e+03 1.562879e-22
3.310091e+03 1.566472e-22
3.317724e+03 1.570074e-22
3.325375e+03 1.573684e-22
3.333043e+03 1.577303e-22
3.340729e+03 1.580929e-22
3.348433e+03 1.584565e-22
3.356155e+03 1.588208e-22
3.363894e+03 1.591860e-22
3.371651e+03 1.595521e-22
3.379426e+03 1.599190e-22
3.387219e+03 1.602867e-22
3.395030e+03 1.606553e-22
3.402859e+03 1.610247e-22
3.410706e+03 1.613950e-22
3.418571e+03 1.617661e-22
3.426454e+03 1.621382e-22
3.434356e+03 1.625110e-22
3.442275e+03 1.628847e-22
3.450213e+03 1.632593e-22
3.458169e+03 1.636348e-22
3.466144e+03 1.640111e-22
3.474137e+03 1.643883e-22
3.482148e+03 1.647663e-22
3.490178e+03 1.651452e-22
3.498227e+03 1.655250e-22
3.506294e+03 1.659057e-22
3.514379e+03 1.662873e-22
3.522483e+03 1.666697e-22
3.530606e+03 1.670530e-22
3.538748e+03 1.674372e-22
3.546908e+03 1.678223e-22
3.555087e+03 1.682083e-22
3.563285e+03 1.685952e-22
3.571502e+03 1.689829e-22
3.579738e+03 1.693716e-22
3.587993e+03 1.697611e-22
3.596267e+03 1.701516e-22
3.604560e+03 1.705429e-22
3.612872e+03 1.709352e-22
3.621204e+03 1.713284e-22
3.629554e+03 1.717224e-22
3.637924e+03 1.721174e-22
3.646313e+03 1.725133e-22
3.654722e+03 1.729101e-22
3.663149e+03 1.733078e-22
3.671597e+03 1.737065e-22
3.680063e+03 1.741060e-22
3.688550e+03 1.745065e-22
3.697055e+03 1.749079e-22
3.705581e+03 1.753103e-22
3.714126e+03 1.757135e-22
3.722691e+03 1.761177e-22
3.731275e+03 1.765228e-22
3.739880e+03 1.769289e-22
3.748504e+03 1.773359e-22
3.757148e+03 1.777438e-22
3.765812e+03 1.781527e-22
3.774496e+03 1.785625e-22
3.783200e+03 1.789733e-22
3.791924e+03 1.793850e-22
3.800668e+03 1.797977e-22
3.809432e+03 1.802113e-22
3.818217e+03 1.806259e-22
3.827022e+03 1.810414e-22
3.835847e+03 1.814579e-22
3.844693e+03 1.818753e-22
3.853559e+03 1.822938e-22
3.862445e+03 1.827131e-22
3.871352e+03 1.831335e-22
3.880279e+03 1.835548e-22
3.889227e+03 1.839771e-22
3.898195e+03 1.844004e-22
3.907185e+03 1.848246e-22
3.916195e+03 1.852498e-22
3.925226e+03 1.856760e-22
3.934277e+03 1.861032e-22
3.943350e+03 1.865314e-22
3.952443e+03 1.869605e-22
3.961557e+03 1.873907e-22
3.970693e+03 1.878218e-22
3.979849e+03 1.882540e-22
3.989027e+03 1.886871e-22
3.998226e+03 1.891212e-22
4.007445e+03 1.895564e-22
4.016687e+03 1.899925e-22
4.025949e+03 1.904297e-22
4.035233e+03 1.908678e-22
4.044538e+03 1.913070e-22
4.053865e+03 1.917472e-22
4.063213e+03 1.921884e-22
4.072583e+03 1.926306e-22
4.081974e+03 1.930738e-22
4.091388e+03 1.935181e-22
4.100822e+03 1.939633e-22
4.110279e+03 1.944096e-22
4.119757e+03 1.948570e-22
4.129257e+03 1.953054e-22
4.138779e+03 1.957548e-22
4.148324e+03 1.962052e-22
4.157890e+03 1.966567e-22
4.167478e+03 1.971092e-22
4.177088e+03 1.975628e-22
4.186720e+03 1.980174e-22
4.196375e+03 1.984731e-22
4.206052e+03 1.989298e-22
4.215751e+03 1.993875e-22
4.225473e+03 1.998464e-22
4.235217e+03 2.003063e-22
4.244983e+03 2.007672e-22
4.254772e+03 2.012292e-22
4.264583e+03 2.016923e-22
4.274418e+03 2.021564e-22
4.284275e+03 2.026216e-22
4.294154e+03 2.030879e-22
4.304056e+03 2.035553e-22
4.313982e+03 2.040237e-22
4.323930e+03 2.044932e-22
4.333901e+03 2.049638e-22
4.343895e+03 2.054355e-22
4.353912e+03 2.059083e-22
4.363952e+03 2.063822e-22
4.374015e+03 2.068572e-22
4.384102e+03 2.073332e-22
4.394212e+03 2.078104e-22
4.404345e+03 2.082886e-22
4.414501e+03 2.087680e-22
4.424681e+03 2.092485e-22
4.434884e+03 2.097300e-22
4.445111e+03 2.102127e-22
4.455362e+03 2.106965e-22
4.465636e+03 2.111815e-22
4.475934e+03 2.116675e-22
4.486255e+03 2.121547e-22
4.496600e+03 2.126429e-22
4.506970e+03 2.131323e-22
4.517363e+03 2.136229e-22
4.527780e+03 2.141146e-22
4.538221e+03 2.146073e-22
4.548686e+03 2.151013e-22
4.559175e+03 2.155964e-22
4.569689e+03 2.160926e-22
4.580227e+03 2.165900e-22
4.590789e+03 2.170885e-22
4.601375e+03 2.175881e-22
4.611986e+03 2.180890e-22
4.622621e+03 2.185909e-22
4.633281e+03 2.190941e-22
4.643965e+03 2.195984e-22
4.654674e+03 2.201038e-22
4.665408e+03 2.206104e-22
4.676167e+03 2.211182e-22
4.686950e+03 2.216272e-22
4.697758e+03 2.221373e-22
4.708591e+03 2.226487e-22
4.719449e+03 2.231612e-22
4.730332e+03 2.236748e-22
4.741240e+03 2.241897e-22
4.752174e+03 2.247057e-22
4.763132e+03 2.252230e-22
4.774116e+03 2.257414e-22
4.785125e+03 2.262610e-22
4.796160e+03 2.267819e-22
4.807220e+03 2.273039e-22
4.818305e+03 2.278271e-22
4.829416e+03 2.283516e-22
4.840553e+03 2.288772e-22
4.851715e+03 2.294041e-22
4.862903e+03 2.299322e-22
4.874117e+03 2.304615e-22
4.885357e+03 2.309920e-22
4.896623e+03 2.315237e-22
4.907914e+03 2.320567e-22
4.919232e+03 2.325909e-22
4.930576e+03 2.331263e-22
4.941946e+03 2.336630e-22
4.953342e+03 2.342009e-22
4.964764e+03 2.347400e-22
4.976213e+03 2.352804e-22
4.987688e+03 2.358221e-22
4.999190e+03 2.363650e-22
5.010718e+03 2.369091e-22
5.022273e+03 2.374545e-22
5.033854e+03 2.380011e-22
5.045462e+03 2.385491e-22
5.057097e+03 2.390982e-22
5.068759e+03 2.396487e-22
5.080448e+03 2.402004e-22
5.092163e+03 2.407534e-22
5.103906e+03 2.413076e-22
5.115675e+03 2.418632e-22
5.127472e+03 2.424200e-22
5.139296e+03 2.429781e-22
5.151147e+03 2.435375e-22
5.163026e+03 2.440982e-22
5.174932e+03 2.446602e-22
5.186865e+03 2.452235e-22
5.198826e+03 2.457880e-22
5.210815e+03 2.463539e-22
5.222831e+03 2.469211e-22
5.234875e+03 2.474896e-22
5.246947e+03 2.480594e-22
5.259046e+03 2.486305e-22
5.271173e+03 2.492029e-22
5.283329e+03 2.497767e-22
5.295512e+03 2.503518e-22
5.307724e+03 2.509282e-22
5.319963e+03 2.515059e-22
5.332231e+03 2.520850e-22
5.344527e+03 2.526654e-22
5.356852e+03 2.532471e-22
5.369205e+03 2.538302e-22
5.381586e+03 2.544146e-22
5.393996e+03 2.550004e-22
5.406435e+03 2.555876e-22
5.418902e+03 2.561760e-22
5.431398e+03 2.567659e-22
5.443923e+03 2.573571e-22
5.456477e+03 2.579496e-22
5.469059e+03 2.585436e-22
5.481671e+03 2.591389e-22
5.494312e+03 2.597356e-22
5.506982e+03 2.603336e-22
5.519681e+03 2.609330e-22
5.532409e+03 2.615339e-22
5.545167e+03 2.621361e-22
5.557954e+03 2.627396e-22
5.570771e+03 2.633446e-22
5.583617e+03 2.639510e-22
5.596493e+03 2.645588e-22
5.609399e+03 2.651680e-22
5.622334e+03 2.657786e-22
5.635299e+03 2.663905e-22
5.648294e+03 2.670039e-22
5.661319e+03 2.676188e-22
5.674374e+03 2.682350e-22
5.687459e+03 2.688527e-22
5.700575e+03 2.694717e-22
5.713720e+03 2.700923e-22
5.726896e+03 2.707142e-22
5.740102e+03 2.713376e-22
5.753339e+03 2.719624e-22
5.766606e+03 2.725887e-22
5.779904e+03 2.732164e-22
5.793233e+03 2.738455e-22
5.806592e+03 2.744761e-22
5.819982e+03 2.751082e-22
5.833403e+03 2.757417e-22
5.846855e+03 2.763767e-22
5.860338e+03 2.770131e-22
5.873852e+03 2.776510e-22
5.887397e+03 2.782904e-22
5.900973e+03 2.789312e-22
5.914581e+03 2.795736e-22
5.928220e+03 2.802174e-22
5.941891e+03 2.808627e-22
5.955592e+03 2.815095e-22
5.969326e+03 2.821578e-22
5.983092e+03 2.828075e-22
5.996889e+03 2.834588e-22
6.010717e+03 2.841116e-22
6.024578e+03 2.847659e-22
6.038471e+03 2.854216e-22
6.052396e+03 2.860790e-22
6.066352e+03 2.867378e-22
6.080342e+03 2.873981e-22
6.094363e+03 2.880600e-22
6.108417e+03 2.887234e-22
6.122503e+03 2.893883e-22
6.136621e+03 2.900547e-22
6.150772e+03 2.907227e-22
6.164956e+03 2.913923e-22
6.179172e+03 2.920633e-22
6.193422e+03 2.927360e-22
6.207704e+03 2.934101e-22
6.222019e+03 2.940859e-22
6.236367e+03 2.947632e-22
6.250748e+03 2.954420e-22
6.265162e+03 2.961225e-22
6.279610e+03 2.968044e-22
6.294090e+03 2.974880e-22
6.308605e+03 2.981731e-22
6.323152e+03 2.988598e-22
6.337734e+03 2.995481e-22
6.352348e+03 3.002380e-22
6.366997e+03 3.009295e-22
6.381679e+03 3.016226e-22
6.396395e+03 3.023173e-22
6.411146e+03 3.030135e-22
6.425930e+03 3.037114e-22
6.440748e+03 3.044109e-22
6.455600e+03 3.051120e-22
6.470487e+03 3.058147e-22
6.485408e+03 3.065191e-22
6.500364e+03 3.072250e-22
6.515353e+03 3.079326e-22
6.530378e+03 3.086419e-22
6.545437e+03 3.093527e-22
6.560531e+03 3.100652e-22
6.575659e+03 3.107794e-22
6.590823e+03 3.114952e-22
6.606021e+03 3.122126e-22
6.621255e+03 3.129317e-22
6.636524e+03 3.136525e-22
6.651828e+03 3.143749e-22
6.667167e+03 3.150990e-22
6.682541e+03 3.158248e-22
6.697951e+03 3.165522e-22
6.713397e+03 3.172813e-22
6.728878e+03 3.180121e-22
6.744395e+03 3.187446e-22
6.759947e+03 3.194787e-22
6.775536e+03 3.202146e-22
6.791160e+03 3.209521e-22
6.806821e+03 3.216914e-22
6.822517e+03 3.224324e-22
6.838250e+03 3.231750e-22
6.854019e+03 3.239194e-22
6.869825e+03 3.246655e-22
6.885667e+03 3.254134e-22
6.901545e+03 3.261629e-22
6.917460e+03 3.269142e-22
6.933412e+03 3.276672e-22
6.949400e+03 3.284219e-22
6.965426e+03 3.291784e-22
6.981488e+03 3.299367e-22
6.997587e+03 3.306966e-22
7.013724e+03 3.314584e-22
7.029897e+03 3.322219e-22
7.046108e+03 3.329871e-22
7.062357e+03 3.337541e-22
7.078643e+03 3.345229e-22
7.094966e+03 3.352935e-22
7.111327e+03 3.360658e-22
7.127726e+03 3.368399e-22
7.144162e+03 3.376159e-22
7.160637e+03 3.383935e-22
7.177149e+03 3.391730e-22
7.193700e+03 3.399543e-22
7.210289e+03 3.407374e-22
7.226916e+03 3.415223e-22
7.243581e+03 3.423090e-22
7.260285e+03 3.430975e-22
7.277027e+03 3.438879e-22
7.293808e+03 3.446800e-22
7.310627e+03 3.454740e-22
7.327486e+03 3.462698e-22
7.344383e+03 3.470675e-22
7.361319e+03 3.478670e-22
7.378294e+03 3.486683e-22
7.395309e+03 3.494715e-22
7.412363e+03 3.502765e-22
7.429456e+03 3.510834e-22
7.446588e+03 3.518922e-22
7.463760e+03 3.527028e-22
7.480971e+03 3.535153e-22
7.498222e+03 3.543297e-22
7.515513e+03 3.551459e-22
7.532844e+03 3.559640e-22
7.550215e+03 3.567840e-22
7.567626e+03 3.576059e-22
7.585077e+03 3.584297e-22
7.602568e+03 3.592555e-22
7.620100e+03 3.600831e-22
7.637672e+03 3.609126e-22
7.655284e+03 3.617440e-22
7.672937e+03 3.625773e-22
7.690631e+03 3.634126e-22
7.708366e+03 3.642498e-22
7.726141e+03 3.650889e-22
7.743958e+03 3.659300e-22
7.761816e+03 3.667730e-22
7.779714e+03 3.676179e-22
7.797654e+03 3.684648e-22
7.815636e+03 3.693137e-22
7.833659e+03 3.701645e-22
7.851723e+03 3.710172e-22
7.869829e+03 3.718720e-22
7.887977e+03 3.727287e-22
7.906167e+03 3.735873e-22
7.924399e+03 3.744480e-22
7.942672e+03 3.753107e-22
7.960988e+03 3.761753e-22
7.979346e+03 3.770419e-22
7.997747e+03 3.779106e-22
8.016190e+03 3.787812e-22
8.034675e+03 3.796538e-22
8.053203e+03 3.805285e-22
8.071774e+03 3.814051e-22
8.090387e+03 3.822838e-22
8.109044e+03 3.831646e-22
8.127743e+03 3.840473e-22
8.146486e+03 3.849321e-22
8.165272e+03 3.858189e-22
8.184101e+03 3.867078e-22
8.202974e+03 3.875987e-22
8.221890e+03 3.884917e-22
8.240850e+03 3.893867e-22
8.259853e+03 3.902838e-22
8.278900e+03 3.911830e-22
8.297992e+03 3.920842e-22
8.317127e+03 3.929876e-22
8.336306e+03 3.938929e-22
8.355530e+03 3.948004e-22
8.374798e+03 3.957100e-22
8.394110e+03 3.966217e-22
8.413467e+03 3.975355e-22
8.432868e+03 3.984514e-22
8.452315e+03 3.993694e-22
8.471806e+03 4.002895e-22
8.491342e+03 4.012118e-22
8.510923e+03 4.021361e-22
8.530549e+03 4.030626e-22
8.550221e+03 4.039913e-22
8.569938e+03 4.049221e-22
8.589700e+03 4.058550e-22
8.609508e+03 4.067901e-22
8.629361e+03 4.077273e-22
8.649261e+03 4.086667e-22
8.669206e+03 4.096083e-22
8.689197e+03 4.105520e-22
8.709235e+03 4.114979e-22
8.729318e+03 4.124460e-22
8.749448e+03 4.133963e-22
8.769624e+03 4.143488e-22
8.789847e+03 4.153034e-22
8.810117e+03 4.162603e-22
8.830433e+03 4.172194e-22
8.850796e+03 4.181807e-22
8.871206e+03 4.191442e-22
8.891663e+03 4.201099e-22
8.912167e+03 4.210779e-22
8.932719e+03 4.220481e-22
8.953318e+03 4.230205e-22
8.973964e+03 4.239952e-22
8.994658e+03 4.249721e-22
9.015400e+03 4.259513e-22
9.036190e+03 4.269327e-22
9.057027e+03 4.279164e-22
9.077913e+03 4.289024e-22
9.098846e+03 4.298906e-22
9.119828e+03 4.308811e-22
9.140859e+03 4.318739e-22
9.161938e+03 4.328690e-22
9.183065e+03 4.338664e-22
9.204241e+03 4.348661e-22
9.225466e+03 4.358681e-22
9.246740e+03 4.368724e-22
9.268063e+03 4.378790e-22
9.289436e+03 4.388879e-22
9.310857e+03 4.398992e-22
9.332328e+03 4.409128e-22
9.353849e+03 4.419287e-22
9.375418e+03 4.429470e-22
9.397038e+03 4.439676e-22
9.418708e+03 4.449906e-22
9.440428e+03 4.460159e-22
9.462197e+03 4.470436e-22
9.484017e+03 4.480737e-22
9.505887e+03 4.491062e-22
9.527808e+03 4.501410e-22
9.549779e+03 4.511782e-22
9.571801e+03 4.522178e-22
9.593874e+03 4.532598e-22
9.615997e+03 4.543043e-22
9.638172e+03 4.553511e-22
9.660397e+03 4.564003e-22
9.682674e+03 4.574520e-22
9.705003e+03 4.585060e-22
9.727383e+03 4.595626e-22
9.749814e+03 4.606215e-22
9.772297e+03 4.616829e-22
9.794832e+03 4.627467e-22
9.817419e+03 4.638130e-22
9.840058e+03 4.648818e-22
9.862749e+03 4.659530e-22
9.885493e+03 4.670267e-22
9.908289e+03 4.681028e-22
9.931138e+03 4.691815e-22
9.954039e+03 4.702626e-22
9.976993e+03 4.713462e-22
1.000000e+04 4.724323e-22
