1.0000000e+01	2.6308487e-41
1.0023100e+01	2.5828554e-41
1.0046200e+01	2.5357368e-41
1.0069300e+01	2.4894811e-41
1.0092600e+01	2.4440664e-41
1.0115800e+01	2.3994910e-41
1.0139200e+01	2.3557239e-41
1.0162500e+01	2.3127635e-41
1.0186000e+01	2.2705797e-41
1.0209500e+01	2.2291712e-41
1.0233000e+01	2.1885181e-41
1.0256600e+01	2.1486099e-41
1.0280300e+01	2.1094271e-41
1.0304000e+01	2.0709599e-41
1.0327700e+01	2.0331983e-41
1.0351500e+01	1.9961237e-41
1.0375400e+01	1.9597355e-41
1.0399300e+01	1.9239979e-41
1.0423300e+01	1.8889281e-41
1.0447400e+01	1.8544909e-41
1.0471400e+01	1.8206777e-41
1.0495600e+01	1.7874885e-41
1.0519800e+01	1.7549062e-41
1.0544100e+01	1.7229141e-41
1.0568400e+01	1.6915124e-41
1.0592700e+01	1.6606766e-41
1.0617200e+01	1.6304071e-41
1.0641700e+01	1.6006961e-41
1.0666200e+01	1.5715199e-41
1.0690800e+01	1.5428791e-41
1.0715400e+01	1.5147664e-41
1.0740100e+01	1.4871590e-41
1.0764900e+01	1.4600576e-41
1.0789700e+01	1.4334553e-41
1.0814600e+01	1.4073377e-41
1.0839600e+01	1.3816907e-41
1.0864600e+01	1.3565152e-41
1.0889600e+01	1.3318047e-41
1.0914700e+01	1.3075384e-41
1.0939900e+01	1.2837172e-41
1.0965100e+01	1.2603281e-41
1.0990400e+01	1.2373721e-41
1.1015700e+01	1.2148292e-41
1.1041200e+01	1.1927008e-41
1.1066600e+01	1.1709742e-41
1.1092100e+01	1.1496507e-41
1.1117700e+01	1.1287114e-41
1.1143300e+01	1.1081509e-41
1.1169000e+01	1.0879706e-41
1.1194800e+01	1.0681523e-41
1.1220600e+01	1.0487040e-41
1.1246500e+01	1.0296077e-41
1.1272400e+01	1.0108584e-41
1.1298400e+01	9.9245161e-42
1.1324500e+01	9.7438247e-42
1.1350600e+01	9.5664016e-42
1.1376800e+01	9.3922022e-42
1.1403000e+01	9.2212432e-42
1.1429300e+01	9.0533589e-42
1.1455600e+01	8.8885074e-42
1.1482100e+01	8.7267068e-42
1.1508500e+01	8.5678559e-42
1.1535100e+01	8.4119141e-42
1.1561700e+01	8.2587839e-42
1.1588300e+01	8.1084841e-42
1.1615100e+01	7.9609187e-42
1.1641800e+01	7.8159944e-42
1.1668700e+01	7.6737864e-42
1.1695600e+01	7.5341466e-42
1.1722600e+01	7.3970401e-42
1.1749600e+01	7.2624321e-42
1.1776700e+01	7.1302885e-42
1.1803900e+01	7.0005222e-42
1.1831100e+01	6.8731536e-42
1.1858400e+01	6.7481492e-42
1.1885700e+01	6.6253730e-42
1.1913100e+01	6.5048462e-42
1.1940600e+01	6.3864871e-42
1.1968100e+01	6.2703165e-42
1.1995700e+01	6.1563038e-42
1.2023400e+01	6.0443206e-42
1.2051100e+01	5.9343883e-42
1.2078900e+01	5.8264787e-42
1.2106800e+01	5.7205159e-42
1.2134700e+01	5.6164734e-42
1.2162700e+01	5.5143250e-42
1.2190700e+01	5.4140913e-42
1.2218800e+01	5.3156530e-42
1.2247000e+01	5.2189859e-42
1.2275200e+01	5.1241113e-42
1.2303500e+01	5.0309593e-42
1.2331900e+01	4.9395063e-42
1.2360300e+01	4.8497289e-42
1.2388800e+01	4.7615604e-42
1.2417400e+01	4.6750224e-42
1.2446100e+01	4.5900492e-42
1.2474800e+01	4.5066195e-42
1.2503500e+01	4.4247543e-42
1.2532400e+01	4.3443482e-42
1.2561300e+01	4.2653815e-42
1.2590200e+01	4.1879167e-42
1.2619300e+01	4.1118106e-42
1.2648400e+01	4.0371257e-42
1.2677500e+01	3.9637624e-42
1.2706800e+01	3.8917820e-42
1.2736100e+01	3.8210867e-42
1.2765400e+01	3.7516591e-42
1.2794900e+01	3.6835589e-42
1.2824400e+01	3.6166531e-42
1.2853900e+01	3.5509634e-42
1.2883600e+01	3.4865105e-42
1.2913300e+01	3.4232030e-42
1.2943100e+01	3.3610256e-42
1.2972900e+01	3.3000356e-42
1.3002800e+01	3.2401080e-42
1.3032800e+01	3.1813003e-42
1.3062900e+01	3.1235614e-42
1.3093000e+01	3.0668766e-42
1.3123200e+01	3.0112314e-42
1.3153400e+01	2.9565771e-42
1.3183800e+01	2.9029344e-42
1.3214200e+01	2.8502556e-42
1.3244700e+01	2.7985610e-42
1.3275200e+01	2.7477704e-42
1.3305800e+01	2.6979377e-42
1.3336500e+01	2.6490167e-42
1.3367200e+01	2.6009626e-42
1.3398100e+01	2.5537958e-42
1.3429000e+01	2.5075039e-42
1.3459900e+01	2.4620434e-42
1.3491000e+01	2.4174030e-42
1.3522100e+01	2.3735716e-42
1.3553300e+01	2.3305686e-42
1.3584500e+01	2.2883218e-42
1.3615800e+01	2.2468511e-42
1.3647200e+01	2.2061458e-42
1.3678700e+01	2.1661658e-42
1.3710300e+01	2.1269306e-42
1.3741900e+01	2.0884007e-42
1.3773600e+01	2.0505667e-42
1.3805300e+01	2.0134475e-42
1.3837200e+01	1.9769766e-42
1.3869100e+01	1.9412013e-42
1.3901100e+01	1.9060564e-42
1.3933100e+01	1.8715608e-42
1.3965200e+01	1.8376785e-42
1.3997400e+01	1.8044280e-42
1.4029700e+01	1.7717740e-42
1.4062100e+01	1.7397346e-42
1.4094500e+01	1.7082490e-42
1.4127000e+01	1.6773617e-42
1.4159600e+01	1.6470386e-42
1.4192200e+01	1.6172718e-42
1.4225000e+01	1.5880284e-42
1.4257800e+01	1.5593516e-42
1.4290600e+01	1.5311588e-42
1.4323600e+01	1.5035174e-42
1.4356600e+01	1.4763465e-42
1.4389700e+01	1.4496882e-42
1.4422900e+01	1.4235353e-42
1.4456200e+01	1.3978333e-42
1.4489500e+01	1.3726231e-42
1.4522900e+01	1.3478513e-42
1.4556400e+01	1.3235582e-42
1.4590000e+01	1.2996912e-42
1.4623600e+01	1.2762673e-42
1.4657300e+01	1.2532802e-42
1.4691100e+01	1.2307018e-42
1.4725000e+01	1.2085484e-42
1.4759000e+01	1.1867924e-42
1.4793000e+01	1.1654498e-42
1.4827100e+01	1.1444934e-42
1.4861300e+01	1.1239180e-42
1.4895600e+01	1.1037183e-42
1.4929900e+01	1.0839100e-42
1.4964400e+01	1.0644462e-42
1.4998900e+01	1.0453631e-42
1.5033500e+01	1.0266350e-42
1.5068100e+01	1.0082369e-42
1.5102900e+01	9.9019217e-43
1.5137700e+01	9.7248393e-43
1.5172600e+01	9.5510747e-43
1.5207600e+01	9.3805811e-43
1.5242700e+01	9.2132930e-43
1.5277800e+01	9.0491652e-43
1.5313100e+01	8.8881527e-43
1.5348400e+01	8.7302300e-43
1.5383800e+01	8.5753341e-43
1.5419200e+01	8.4234399e-43
1.5454800e+01	8.2744857e-43
1.5490400e+01	8.1284650e-43
1.5526100e+01	7.9853347e-43
1.5561900e+01	7.8450700e-43
1.5597800e+01	7.7076635e-43
1.5633800e+01	7.5730721e-43
1.5669900e+01	7.4412879e-43
1.5706000e+01	7.3123192e-43
1.5742200e+01	7.1861563e-43
1.5778500e+01	7.0628224e-43
1.5814900e+01	6.9423390e-43
1.5851400e+01	6.8247260e-43
1.5887900e+01	6.7100508e-43
1.5924600e+01	6.5983616e-43
1.5961300e+01	6.4898008e-43
1.5998100e+01	6.3844415e-43
1.6035000e+01	6.2824805e-43
1.6072000e+01	6.1841395e-43
1.6109000e+01	6.0897109e-43
1.6146200e+01	5.9995404e-43
1.6183400e+01	5.9141637e-43
1.6220700e+01	5.8342099e-43
1.6258100e+01	5.7606127e-43
1.6295600e+01	5.6945738e-43
1.6333200e+01	5.6378173e-43
1.6370900e+01	5.5927813e-43
1.6408600e+01	5.5630266e-43
1.6446400e+01	5.5538713e-43
1.6484400e+01	5.5736527e-43
1.6522400e+01	5.6358803e-43
1.6560500e+01	5.7637553e-43
1.6598700e+01	5.9997418e-43
1.6636900e+01	6.4287683e-43
1.6675300e+01	7.2414143e-43
1.6713800e+01	8.9433336e-43
1.6752300e+01	1.3275648e-42
1.6790900e+01	2.9978845e-42
1.6829700e+01	2.9840654e-41
1.6868500e+01	1.5038651e-41
1.6907400e+01	2.3823923e-42
1.6946400e+01	1.1327771e-42
1.6985400e+01	7.6824173e-43
1.7024600e+01	6.1165069e-43
1.7063900e+01	5.2848829e-43
1.7103200e+01	4.7773532e-43
1.7142700e+01	4.4348807e-43
1.7182200e+01	4.1854560e-43
1.7221800e+01	3.9925717e-43
1.7261500e+01	3.8361920e-43
1.7301300e+01	3.7045361e-43
1.7341200e+01	3.5903345e-43
1.7381200e+01	3.4888869e-43
1.7421300e+01	3.3970596e-43
1.7461500e+01	3.3126931e-43
1.7501700e+01	3.2342310e-43
1.7542100e+01	3.1605872e-43
1.7582500e+01	3.0909152e-43
1.7623100e+01	3.0246150e-43
1.7663700e+01	2.9611990e-43
1.7704500e+01	2.9002856e-43
1.7745300e+01	2.8416043e-43
1.7786200e+01	2.7849051e-43
1.7827200e+01	2.7299894e-43
1.7868300e+01	2.6767172e-43
1.7909500e+01	2.6249535e-43
1.7950800e+01	2.5745780e-43
1.7992200e+01	2.5255148e-43
1.8033700e+01	2.4776701e-43
1.8075300e+01	2.4309830e-43
1.8117000e+01	2.3853944e-43
1.8158800e+01	2.3408470e-43
1.8200600e+01	2.2972945e-43
1.8242600e+01	2.2547018e-43
1.8284700e+01	2.2130156e-43
1.8326800e+01	2.1722218e-43
1.8369100e+01	2.1322784e-43
1.8411500e+01	2.0931540e-43
1.8453900e+01	2.0548270e-43
1.8496500e+01	2.0172854e-43
1.8539100e+01	1.9804814e-43
1.8581900e+01	1.9444131e-43
1.8624700e+01	1.9090520e-43
1.8667700e+01	1.8743878e-43
1.8710700e+01	1.8403928e-43
1.8753900e+01	1.8070576e-43
1.8797100e+01	1.7743556e-43
1.8840500e+01	1.7422860e-43
1.8883900e+01	1.7108316e-43
1.8927500e+01	1.6799670e-43
1.8971100e+01	1.6496838e-43
1.9014900e+01	1.6199820e-43
1.9058700e+01	1.5908292e-43
1.9102700e+01	1.5622256e-43
1.9146700e+01	1.5341557e-43
1.9190900e+01	1.5066120e-43
1.9235100e+01	1.4795793e-43
1.9279500e+01	1.4530505e-43
1.9323900e+01	1.4270111e-43
1.9368500e+01	1.4014541e-43
1.9413200e+01	1.3763729e-43
1.9457900e+01	1.3517461e-43
1.9502800e+01	1.3275821e-43
1.9547800e+01	1.3038599e-43
1.9592800e+01	1.2805662e-43
1.9638000e+01	1.2577095e-43
1.9683300e+01	1.2352694e-43
1.9728700e+01	1.2132404e-43
1.9774200e+01	1.1916097e-43
1.9819800e+01	1.1703788e-43
1.9865500e+01	1.1495355e-43
1.9911300e+01	1.1290742e-43
1.9957200e+01	1.1089832e-43
2.0003200e+01	1.0892574e-43
2.0049400e+01	1.0698918e-43
2.0095600e+01	1.0508749e-43
2.0141900e+01	1.0322084e-43
2.0188400e+01	1.0138811e-43
2.0234900e+01	9.9588843e-44
2.0281600e+01	9.7821320e-44
2.0328400e+01	9.6086980e-44
2.0375300e+01	9.4383514e-44
2.0422200e+01	9.2710506e-44
2.0469300e+01	9.1068754e-44
2.0516500e+01	8.9456024e-44
2.0563800e+01	8.7872523e-44
2.0611300e+01	8.6317852e-44
2.0658800e+01	8.4791034e-44
2.0706400e+01	8.3292269e-44
2.0754200e+01	8.1820026e-44
2.0802000e+01	8.0375085e-44
2.0850000e+01	7.8955380e-44
2.0898100e+01	7.7561693e-44
2.0946300e+01	7.6193113e-44
2.0994600e+01	7.4849299e-44
2.1043000e+01	7.3529373e-44
2.1091500e+01	7.2233550e-44
2.1140200e+01	7.0960968e-44
2.1188900e+01	6.9711313e-44
2.1237800e+01	6.8484273e-44
2.1286800e+01	6.7279022e-44
2.1335800e+01	6.6095782e-44
2.1385000e+01	6.4933742e-44
2.1434400e+01	6.3792110e-44
2.1483800e+01	6.2671618e-44
2.1533300e+01	6.1570978e-44
2.1583000e+01	6.0489927e-44
2.1632700e+01	5.9428688e-44
2.1682600e+01	5.8386023e-44
2.1732600e+01	5.7362166e-44
2.1782800e+01	5.6356861e-44
2.1833000e+01	5.5369855e-44
2.1883300e+01	5.4399965e-44
2.1933800e+01	5.3447891e-44
2.1984400e+01	5.2512472e-44
2.2035100e+01	5.1593942e-44
2.2085900e+01	5.0692072e-44
2.2136800e+01	4.9806188e-44
2.2187900e+01	4.8936076e-44
2.2239000e+01	4.8081964e-44
2.2290300e+01	4.7242761e-44
2.2341700e+01	4.6418703e-44
2.2393200e+01	4.5609155e-44
2.2444900e+01	4.4813926e-44
2.2496600e+01	4.4033245e-44
2.2548500e+01	4.3266496e-44
2.2600500e+01	4.2513491e-44
2.2652600e+01	4.1773637e-44
2.2704900e+01	4.1047165e-44
2.2757200e+01	4.0333894e-44
2.2809700e+01	3.9632846e-44
2.2862300e+01	3.8944654e-44
2.2915000e+01	3.8268749e-44
2.2967900e+01	3.7604966e-44
2.3020800e+01	3.6952757e-44
2.3073900e+01	3.6311970e-44
2.3127100e+01	3.5683210e-44
2.3180400e+01	3.5065184e-44
2.3233900e+01	3.4458126e-44
2.3287500e+01	3.3862256e-44
2.3341200e+01	3.3276692e-44
2.3395000e+01	3.2701659e-44
2.3448900e+01	3.2136657e-44
2.3503000e+01	3.1581910e-44
2.3557200e+01	3.1036926e-44
2.3611500e+01	3.0501575e-44
2.3666000e+01	2.9975728e-44
2.3720600e+01	2.9459260e-44
2.3775300e+01	2.8952043e-44
2.3830100e+01	2.8453617e-44
2.3885000e+01	2.7964201e-44
2.3940100e+01	2.7483340e-44
2.3995300e+01	2.7011251e-44
2.4050700e+01	2.6547488e-44
2.4106100e+01	2.6091618e-44
2.4161700e+01	2.5644179e-44
2.4217400e+01	2.5204420e-44
2.4273300e+01	2.4772556e-44
2.4329200e+01	2.4348482e-44
2.4385400e+01	2.3931471e-44
2.4441600e+01	2.3522357e-44
2.4497900e+01	2.3120115e-44
2.4554400e+01	2.2724960e-44
2.4611100e+01	2.2337096e-44
2.4667800e+01	2.1955831e-44
2.4724700e+01	2.1581373e-44
2.4781700e+01	2.1213631e-44
2.4838900e+01	2.0852226e-44
2.4896100e+01	2.0497363e-44
2.4953600e+01	2.0148383e-44
2.5011100e+01	1.9806059e-44
2.5068800e+01	1.9469458e-44
2.5126600e+01	1.9138786e-44
2.5184500e+01	1.8813963e-44
2.5242600e+01	1.8494912e-44
2.5300800e+01	1.8181556e-44
2.5359200e+01	1.7873551e-44
2.5417600e+01	1.7571093e-44
2.5476200e+01	1.7273845e-44
2.5535000e+01	1.6981739e-44
2.5593900e+01	1.6694966e-44
2.5652900e+01	1.6413197e-44
2.5712100e+01	1.6136367e-44
2.5771300e+01	1.5864410e-44
2.5830800e+01	1.5597013e-44
2.5890300e+01	1.5334612e-44
2.5950000e+01	1.5076647e-44
2.6009900e+01	1.4823062e-44
2.6069900e+01	1.4574043e-44
2.6130000e+01	1.4329526e-44
2.6190200e+01	1.4089215e-44
2.6250600e+01	1.3853055e-44
2.6311200e+01	1.3620991e-44
2.6371800e+01	1.3392970e-44
2.6432600e+01	1.3169169e-44
2.6493600e+01	1.2949074e-44
2.6554700e+01	1.2732866e-44
2.6615900e+01	1.2520491e-44
2.6677300e+01	1.2311678e-44
2.6738800e+01	1.2106601e-44
2.6800500e+01	1.1904992e-44
2.6862300e+01	1.1707024e-44
2.6924200e+01	1.1512432e-44
2.6986300e+01	1.1321386e-44
2.7048600e+01	1.1133415e-44
2.7110900e+01	1.0948902e-44
2.7173400e+01	1.0767590e-44
2.7236100e+01	1.0589233e-44
2.7298900e+01	1.0414203e-44
2.7361900e+01	1.0242047e-44
2.7425000e+01	1.0073133e-44
2.7488200e+01	9.9068977e-45
2.7551600e+01	9.7436246e-45
2.7615100e+01	9.5831961e-45
2.7678800e+01	9.4255361e-45
2.7742600e+01	9.2706087e-45
2.7806600e+01	9.1183592e-45
2.7870700e+01	8.9687529e-45
2.7935000e+01	8.8217366e-45
2.7999400e+01	8.6772392e-45
2.8064000e+01	8.5352654e-45
2.8128700e+01	8.3957270e-45
2.8193600e+01	8.2586110e-45
2.8258600e+01	8.1238495e-45
2.8323700e+01	7.9914303e-45
2.8389100e+01	7.8612694e-45
2.8454500e+01	7.7333732e-45
2.8520100e+01	7.6076598e-45
2.8585900e+01	7.4841185e-45
2.8651800e+01	7.3627040e-45
2.8717900e+01	7.2433887e-45
2.8784100e+01	7.1261117e-45
2.8850500e+01	7.0108469e-45
2.8917000e+01	6.8975683e-45
2.8983700e+01	6.7862337e-45
2.9050600e+01	6.6768019e-45
2.9117500e+01	6.5692484e-45
2.9184700e+01	6.4635329e-45
2.9252000e+01	6.3596319e-45
2.9319400e+01	6.2575061e-45
2.9387100e+01	6.1571329e-45
2.9454800e+01	6.0584740e-45
2.9522700e+01	5.9615076e-45
2.9590800e+01	5.8661813e-45
2.9659100e+01	5.7725045e-45
2.9727500e+01	5.6804108e-45
2.9796000e+01	5.5898800e-45
2.9864700e+01	5.5009071e-45
2.9933600e+01	5.4134425e-45
3.0002600e+01	5.3274525e-45
3.0071800e+01	5.2429474e-45
3.0141100e+01	5.1598650e-45
3.0210600e+01	5.0782014e-45
3.0280300e+01	4.9979244e-45
3.0350100e+01	4.9190024e-45
3.0420100e+01	4.8414181e-45
3.0490300e+01	4.7651547e-45
3.0560600e+01	4.6901815e-45
3.0631100e+01	4.6164687e-45
3.0701700e+01	4.5440137e-45
3.0772500e+01	4.4727739e-45
3.0843500e+01	4.4027472e-45
3.0914600e+01	4.3339049e-45
3.0985900e+01	4.2662060e-45
3.1057300e+01	4.1996621e-45
3.1128900e+01	4.1342457e-45
3.1200700e+01	4.0699169e-45
3.1272700e+01	4.0066748e-45
3.1344800e+01	3.9444931e-45
3.1417100e+01	3.8833586e-45
3.1489500e+01	3.8232581e-45
3.1562100e+01	3.7641538e-45
3.1634900e+01	3.7060578e-45
3.1707900e+01	3.6489211e-45
3.1781000e+01	3.5927437e-45
3.1854300e+01	3.5375016e-45
3.1927700e+01	3.4831951e-45
3.2001400e+01	3.4297889e-45
3.2075200e+01	3.3772719e-45
3.2149100e+01	3.3256328e-45
3.2223300e+01	3.2748609e-45
3.2297600e+01	3.2249224e-45
3.2372000e+01	3.1758297e-45
3.2446700e+01	3.1275497e-45
3.2521500e+01	3.0800613e-45
3.2596500e+01	3.0333768e-45
3.2671700e+01	2.9874532e-45
3.2747000e+01	2.9423030e-45
3.2822500e+01	2.8978950e-45
3.2898200e+01	2.8542199e-45
3.2974100e+01	2.8112795e-45
3.3050100e+01	2.7690433e-45
3.3126300e+01	2.7275029e-45
3.3202700e+01	2.6866392e-45
3.3279300e+01	2.6464646e-45
3.3356000e+01	2.6069398e-45
3.3433000e+01	2.5680772e-45
3.3510000e+01	2.5298486e-45
3.3587300e+01	2.4922460e-45
3.3664800e+01	2.4552620e-45
3.3742400e+01	2.4188888e-45
3.3820200e+01	2.3831093e-45
3.3898200e+01	2.3479161e-45
3.3976400e+01	2.3133022e-45
3.4054700e+01	2.2792508e-45
3.4133300e+01	2.2457647e-45
3.4212000e+01	2.2128180e-45
3.4290900e+01	2.1804043e-45
3.4369900e+01	2.1485264e-45
3.4449200e+01	2.1171594e-45
3.4528600e+01	2.0863152e-45
3.4608300e+01	2.0559604e-45
3.4688100e+01	2.0261072e-45
3.4768100e+01	1.9967403e-45
3.4848200e+01	1.9678362e-45
3.4928600e+01	1.9394159e-45
3.5009100e+01	1.9114471e-45
3.5089900e+01	1.8839333e-45
3.5170800e+01	1.8568601e-45
3.5251900e+01	1.8302311e-45
3.5333200e+01	1.8040237e-45
3.5414700e+01	1.7782414e-45
3.5496300e+01	1.7528708e-45
3.5578200e+01	1.7279153e-45
3.5660200e+01	1.7033532e-45
3.5742500e+01	1.6791965e-45
3.5824900e+01	1.6554157e-45
3.5907500e+01	1.6320226e-45
3.5990300e+01	1.6089966e-45
3.6073300e+01	1.5863492e-45
3.6156500e+01	1.5640522e-45
3.6239800e+01	1.5421172e-45
3.6323400e+01	1.5205320e-45
3.6407200e+01	1.4992926e-45
3.6491100e+01	1.4783871e-45
3.6575300e+01	1.4578117e-45
3.6659600e+01	1.4375624e-45
3.6744200e+01	1.4176430e-45
3.6828900e+01	1.3980271e-45
3.6913800e+01	1.3787334e-45
3.6999000e+01	1.3597361e-45
3.7084300e+01	1.3410390e-45
3.7169800e+01	1.3226460e-45
3.7255500e+01	1.3045316e-45
3.7341400e+01	1.2867071e-45
3.7427500e+01	1.2691620e-45
3.7513800e+01	1.2518930e-45
3.7600300e+01	1.2348969e-45
3.7687000e+01	1.2181636e-45
3.7773900e+01	1.2016969e-45
3.7861100e+01	1.1854869e-45
3.7948400e+01	1.1695237e-45
3.8035900e+01	1.1538182e-45
3.8123600e+01	1.1383539e-45
3.8211500e+01	1.1231279e-45
3.8299600e+01	1.1081375e-45
3.8387900e+01	1.0933868e-45
3.8476500e+01	1.0788597e-45
3.8565200e+01	1.0645538e-45
3.8654100e+01	1.0504794e-45
3.8743300e+01	1.0366146e-45
3.8832600e+01	1.0229699e-45
3.8922100e+01	1.0095299e-45
3.9011900e+01	9.9629872e-46
3.9101900e+01	9.8327399e-46
3.9192000e+01	9.7044710e-46
3.9282400e+01	9.5781584e-46
3.9373000e+01	9.4537801e-46
3.9463800e+01	9.3313754e-46
3.9554800e+01	9.2107394e-46
3.9646000e+01	9.0920341e-46
3.9737400e+01	8.9751172e-46
3.9829100e+01	8.8599690e-46
3.9920900e+01	8.7465697e-46
4.0013000e+01	8.6348998e-46
4.0105200e+01	8.5248817e-46
4.0197700e+01	8.4166133e-46
4.0290400e+01	8.3099016e-46
4.0383300e+01	8.2048446e-46
4.0476400e+01	8.1014237e-46
4.0569800e+01	7.9995072e-46
4.0663300e+01	7.8991351e-46
4.0757100e+01	7.8002904e-46
4.0851100e+01	7.7029007e-46
4.0945300e+01	7.6069501e-46
4.1039700e+01	7.5124780e-46
4.1134400e+01	7.4194133e-46
4.1229200e+01	7.3277407e-46
4.1324300e+01	7.2374451e-46
4.1419600e+01	7.1485113e-46
4.1515100e+01	7.0608713e-46
4.1610800e+01	6.9745641e-46
4.1706800e+01	6.8895225e-46
4.1803000e+01	6.8057331e-46
4.1899400e+01	6.7231823e-46
4.1996000e+01	6.6418568e-46
4.2092800e+01	6.5617433e-46
4.2189900e+01	6.4828289e-46
4.2287200e+01	6.4050499e-46
4.2384700e+01	6.3283943e-46
4.2482400e+01	6.2529003e-46
4.2580400e+01	6.1785056e-46
4.2678600e+01	6.1051986e-46
4.2777000e+01	6.0329676e-46
4.2875700e+01	5.9618012e-46
4.2974500e+01	5.8916397e-46
4.3073600e+01	5.8225207e-46
4.3173000e+01	5.7544333e-46
4.3272500e+01	5.6872710e-46
4.3372300e+01	5.6211668e-46
4.3472300e+01	5.5559676e-46
4.3572600e+01	5.4917110e-46
4.3673000e+01	5.4283874e-46
4.3773700e+01	5.3659869e-46
4.3874700e+01	5.3044999e-46
4.3975900e+01	5.2438710e-46
4.4077300e+01	5.1841370e-46
4.4178900e+01	5.1252432e-46
4.4280800e+01	5.0671811e-46
4.4382900e+01	5.0099421e-46
4.4485300e+01	4.9535624e-46
4.4587800e+01	4.8979887e-46
4.4690700e+01	4.8431685e-46
4.4793700e+01	4.7891383e-46
4.4897000e+01	4.7358900e-46
4.5000500e+01	4.6833721e-46
4.5104300e+01	4.6316205e-46
4.5208300e+01	4.5805845e-46
4.5312600e+01	4.5302994e-46
4.5417100e+01	4.4807152e-46
4.5521800e+01	4.4317828e-46
4.5626800e+01	4.3835797e-46
4.5732000e+01	4.3360566e-46
4.5837400e+01	4.2892067e-46
4.5943100e+01	4.2429820e-46
4.6049100e+01	4.1974175e-46
4.6155300e+01	4.1524658e-46
4.6261700e+01	4.1081615e-46
4.6368400e+01	4.0644979e-46
4.6475300e+01	4.0214286e-46
4.6582500e+01	3.9789079e-46
4.6689900e+01	3.9370496e-46
4.6797600e+01	3.8957285e-46
4.6905500e+01	3.8549788e-46
4.7013700e+01	3.8147949e-46
4.7122100e+01	3.7751713e-46
4.7230700e+01	3.7360638e-46
4.7339700e+01	3.6975060e-46
4.7448800e+01	3.6594925e-46
4.7558200e+01	3.6220180e-46
4.7667900e+01	3.5850014e-46
4.7777800e+01	3.5485141e-46
4.7888000e+01	3.5125507e-46
4.7998400e+01	3.4770315e-46
4.8109100e+01	3.4420268e-46
4.8220100e+01	3.4074945e-46
4.8331300e+01	3.3734302e-46
4.8442700e+01	3.3398294e-46
4.8554400e+01	3.3066513e-46
4.8666400e+01	3.2739284e-46
4.8778600e+01	3.2416562e-46
4.8891100e+01	3.2098306e-46
4.9003800e+01	3.1784115e-46
4.9116800e+01	3.1474308e-46
4.9230100e+01	3.1168490e-46
4.9343600e+01	3.0866976e-46
4.9457400e+01	3.0569375e-46
4.9571500e+01	3.0275652e-46
4.9685800e+01	2.9985771e-46
4.9800400e+01	2.9700042e-46
4.9915200e+01	2.9417738e-46
5.0030300e+01	2.9139514e-46
5.0145700e+01	2.8864651e-46
5.0261300e+01	2.8593457e-46
5.0377200e+01	2.8325900e-46
5.0493400e+01	2.8061945e-46
5.0609800e+01	2.7801561e-46
5.0726500e+01	2.7544381e-46
5.0843500e+01	2.7290710e-46
5.0960700e+01	2.7040185e-46
5.1078300e+01	2.6793107e-46
5.1196000e+01	2.6549118e-46
5.1314100e+01	2.6308191e-46
5.1432400e+01	2.6070623e-46
5.1551000e+01	2.5836062e-46
5.1669900e+01	2.5604480e-46
5.1789100e+01	2.5376171e-46
5.1908500e+01	2.5150471e-46
5.2028200e+01	2.4927673e-46
5.2148200e+01	2.4708067e-46
5.2268400e+01	2.4490998e-46
5.2389000e+01	2.4276756e-46
5.2509800e+01	2.4065317e-46
5.2630900e+01	2.3856656e-46
5.2752200e+01	2.3650749e-46
5.2873900e+01	2.3447266e-46
5.2995800e+01	2.3246491e-46
5.3118000e+01	2.3048098e-46
5.3240500e+01	2.2852369e-46
5.3363300e+01	2.2658980e-46
5.3486300e+01	2.2468211e-46
5.3609700e+01	2.2279742e-46
5.3733300e+01	2.2093850e-46
5.3857200e+01	2.1910216e-46
5.3981400e+01	2.1728824e-46
5.4105900e+01	2.1549653e-46
5.4230600e+01	2.1372978e-46
5.4355700e+01	2.1198195e-46
5.4481000e+01	2.1025870e-46
5.4606700e+01	2.0855692e-46
5.4732600e+01	2.0687644e-46
5.4858800e+01	2.0521422e-46
5.4985300e+01	2.0357582e-46
5.5112100e+01	2.0195536e-46
5.5239200e+01	2.0035836e-46
5.5366600e+01	1.9877898e-46
5.5494300e+01	1.9721708e-46
5.5622200e+01	1.9567813e-46
5.5750500e+01	1.9415636e-46
5.5879100e+01	1.9265440e-46
5.6007900e+01	1.9116934e-46
5.6137100e+01	1.8970379e-46
5.6266500e+01	1.8825761e-46
5.6396300e+01	1.8682789e-46
5.6526300e+01	1.8541452e-46
5.6656700e+01	1.8402008e-46
5.6787300e+01	1.8264171e-46
5.6918300e+01	1.8128199e-46
5.7049500e+01	1.7993540e-46
5.7181100e+01	1.7860986e-46
5.7312900e+01	1.7729721e-46
5.7445100e+01	1.7600002e-46
5.7577600e+01	1.7472081e-46
5.7710400e+01	1.7345680e-46
5.7843400e+01	1.7220526e-46
5.7976800e+01	1.7097132e-46
5.8110500e+01	1.6975224e-46
5.8244500e+01	1.6854790e-46
5.8378800e+01	1.6735821e-46
5.8513500e+01	1.6618304e-46
5.8648400e+01	1.6502229e-46
5.8783600e+01	1.6387328e-46
5.8919200e+01	1.6274105e-46
5.9055100e+01	1.6162037e-46
5.9191200e+01	1.6051370e-46
5.9327700e+01	1.5941840e-46
5.9464500e+01	1.5833944e-46
5.9601700e+01	1.5727166e-46
5.9739100e+01	1.5621750e-46
5.9876900e+01	1.5517436e-46
6.0014900e+01	1.5414464e-46
6.0153300e+01	1.5312825e-46
6.0292100e+01	1.5212262e-46
6.0431100e+01	1.5112768e-46
6.0570400e+01	1.5014581e-46
6.0710100e+01	1.4917691e-46
6.0850100e+01	1.4821845e-46
6.0990400e+01	1.4727036e-46
6.1131100e+01	1.4633499e-46
6.1272100e+01	1.4540983e-46
6.1413300e+01	1.4449482e-46
6.1555000e+01	1.4359229e-46
6.1696900e+01	1.4269975e-46
6.1839200e+01	1.4181714e-46
6.1981800e+01	1.4094438e-46
6.2124700e+01	1.4008379e-46
6.2268000e+01	1.3923292e-46
6.2411600e+01	1.3839170e-46
6.2555500e+01	1.3756006e-46
6.2699700e+01	1.3673794e-46
6.2844300e+01	1.3592529e-46
6.2989200e+01	1.3512203e-46
6.3134500e+01	1.3433042e-46
6.3280100e+01	1.3354576e-46
6.3426000e+01	1.3277031e-46
6.3572300e+01	1.3200401e-46
6.3718900e+01	1.3124910e-46
6.3865800e+01	1.3050092e-46
6.4013100e+01	1.2976172e-46
6.4160700e+01	1.2902915e-46
6.4308700e+01	1.2830773e-46
6.4457000e+01	1.2759510e-46
6.4605600e+01	1.2688896e-46
6.4754600e+01	1.2619152e-46
6.4903900e+01	1.2550273e-46
6.5053600e+01	1.2482029e-46
6.5203600e+01	1.2414862e-46
6.5353900e+01	1.2348321e-46
6.5504600e+01	1.2282402e-46
6.5655700e+01	1.2217544e-46
6.5807100e+01	1.2153299e-46
6.5958900e+01	1.2089662e-46
6.6111000e+01	1.2026851e-46
6.6263400e+01	1.1964859e-46
6.6416200e+01	1.1903465e-46
6.6569400e+01	1.1842881e-46
6.6722900e+01	1.1783102e-46
6.6876700e+01	1.1723909e-46
6.7031000e+01	1.1665296e-46
6.7185500e+01	1.1607477e-46
6.7340500e+01	1.1550231e-46
6.7495800e+01	1.1493770e-46
6.7651400e+01	1.1437875e-46
6.7807400e+01	1.1382756e-46
6.7963800e+01	1.1328196e-46
6.8120500e+01	1.1274192e-46
6.8277600e+01	1.1220953e-46
6.8435000e+01	1.1168262e-46
6.8592800e+01	1.1116117e-46
6.8751000e+01	1.1064515e-46
6.8909600e+01	1.1013663e-46
6.9068500e+01	1.0963346e-46
6.9227700e+01	1.0913772e-46
6.9387400e+01	1.0864518e-46
6.9547400e+01	1.0816000e-46
6.9707800e+01	1.0768005e-46
6.9868500e+01	1.0720739e-46
7.0029600e+01	1.0673783e-46
7.0191100e+01	1.0627342e-46
7.0353000e+01	1.0581620e-46
7.0515200e+01	1.0536407e-46
7.0677800e+01	1.0491700e-46
7.0840800e+01	1.0447497e-46
7.1004200e+01	1.0403796e-46
7.1167900e+01	1.0360593e-46
7.1332000e+01	1.0317887e-46
7.1496500e+01	1.0275674e-46
7.1661400e+01	1.0234155e-46
7.1826600e+01	1.0192922e-46
7.1992300e+01	1.0152175e-46
7.2158300e+01	1.0111911e-46
7.2324700e+01	1.0072130e-46
7.2491400e+01	1.0032827e-46
7.2658600e+01	9.9941009e-47
7.2826200e+01	9.9557491e-47
7.2994100e+01	9.9178494e-47
7.3162400e+01	9.8803998e-47
7.3331100e+01	9.8433980e-47
7.3500200e+01	9.8068221e-47
7.3669700e+01	9.7707096e-47
7.3839600e+01	9.7349993e-47
7.4009900e+01	9.6997286e-47
7.4180600e+01	9.6648758e-47
7.4351600e+01	9.6304390e-47
7.4523100e+01	9.5964359e-47
7.4694900e+01	9.5628254e-47
7.4867200e+01	9.5296254e-47
7.5039800e+01	9.4968143e-47
7.5212900e+01	9.4644101e-47
7.5386300e+01	9.4323915e-47
7.5560100e+01	9.4007762e-47
7.5734400e+01	9.3695431e-47
7.5909000e+01	9.3386711e-47
7.6084100e+01	9.3081974e-47
7.6259500e+01	9.2781011e-47
7.6435400e+01	9.2483612e-47
7.6611600e+01	9.2189954e-47
7.6788300e+01	9.1899832e-47
7.6965400e+01	9.1613229e-47
7.7142900e+01	9.1330324e-47
7.7320800e+01	9.1051100e-47
7.7499100e+01	9.0775162e-47
7.7677800e+01	9.0502687e-47
7.7856900e+01	9.0233661e-47
7.8036400e+01	8.9967881e-47
7.8216400e+01	8.9705713e-47
7.8396800e+01	8.9446765e-47
7.8577500e+01	8.9191025e-47
7.8758700e+01	8.8938668e-47
7.8940400e+01	8.8689495e-47
7.9122400e+01	8.8443492e-47
7.9304900e+01	8.8200648e-47
7.9487700e+01	8.7960952e-47
7.9671000e+01	8.7724391e-47
7.9854800e+01	8.7490955e-47
8.0038900e+01	8.7260446e-47
8.0223500e+01	8.7033040e-47
8.0408500e+01	8.6808725e-47
8.0593900e+01	8.6587305e-47
8.0779700e+01	8.6368771e-47
8.0966000e+01	8.6153111e-47
8.1152700e+01	8.5940502e-47
8.1339900e+01	8.5730748e-47
8.1527400e+01	8.5523654e-47
8.1715400e+01	8.5319583e-47
8.1903900e+01	8.5118153e-47
8.2092700e+01	8.4919542e-47
8.2282000e+01	8.4723741e-47
8.2471800e+01	8.4530555e-47
8.2662000e+01	8.4339978e-47
8.2852600e+01	8.4152185e-47
8.3043700e+01	8.3967166e-47
8.3235200e+01	8.3784548e-47
8.3427100e+01	8.3604689e-47
8.3619500e+01	8.3427216e-47
8.3812300e+01	8.3252486e-47
8.4005600e+01	8.3080126e-47
8.4199300e+01	8.2910494e-47
8.4393500e+01	8.2743219e-47
8.4588100e+01	8.2578476e-47
8.4783100e+01	8.2416076e-47
8.4978600e+01	8.2256193e-47
8.5174600e+01	8.2098640e-47
8.5371000e+01	8.1943592e-47
8.5567900e+01	8.1790861e-47
8.5765200e+01	8.1640441e-47
8.5963000e+01	8.1492506e-47
8.6161200e+01	8.1346690e-47
8.6359900e+01	8.1203347e-47
8.6559000e+01	8.1062112e-47
8.6758600e+01	8.0923338e-47
8.6958700e+01	8.0786661e-47
8.7159200e+01	8.0652254e-47
8.7360200e+01	8.0519933e-47
8.7561700e+01	8.0390053e-47
8.7763600e+01	8.0262068e-47
8.7966000e+01	8.0136514e-47
8.8168800e+01	8.0012846e-47
8.8372200e+01	7.9891419e-47
8.8575900e+01	7.9772228e-47
8.8780200e+01	7.9654911e-47
8.8984900e+01	7.9539821e-47
8.9190100e+01	7.9426774e-47
8.9395800e+01	7.9315767e-47
8.9601900e+01	7.9206618e-47
8.9808600e+01	7.9099678e-47
9.0015700e+01	7.8994766e-47
9.0223200e+01	7.8891700e-47
9.0431300e+01	7.8790654e-47
9.0639800e+01	7.8691625e-47
9.0848900e+01	7.8594608e-47
9.1058300e+01	7.8499423e-47
9.1268300e+01	7.8406066e-47
9.1478800e+01	7.8314712e-47
9.1689700e+01	7.8225357e-47
9.1901200e+01	7.8137821e-47
9.2113100e+01	7.8052101e-47
9.2325500e+01	7.7968194e-47
9.2538400e+01	7.7886273e-47
9.2751800e+01	7.7805983e-47
9.2965700e+01	7.7727675e-47
9.3180100e+01	7.7651168e-47
9.3395000e+01	7.7576460e-47
9.3610300e+01	7.7503373e-47
9.3826200e+01	7.7432256e-47
9.4042600e+01	7.7362755e-47
9.4259400e+01	7.7295044e-47
9.4476800e+01	7.7229120e-47
9.4694600e+01	7.7164981e-47
9.4913000e+01	7.7102449e-47
9.5131900e+01	7.7041697e-47
9.5351300e+01	7.6982550e-47
9.5571100e+01	7.6925178e-47
9.5791500e+01	7.6869407e-47
9.6012400e+01	7.6815409e-47
9.6233800e+01	7.6763006e-47
9.6455700e+01	7.6712198e-47
9.6678200e+01	7.6663158e-47
9.6901100e+01	7.6615709e-47
9.7124600e+01	7.6569850e-47
9.7348500e+01	7.6525579e-47
9.7573000e+01	7.6482896e-47
9.7798000e+01	7.6441798e-47
9.8023600e+01	7.6402459e-47
9.8249600e+01	7.6364528e-47
9.8476200e+01	7.6328180e-47
9.8703200e+01	7.6293412e-47
9.8930900e+01	7.6260224e-47
9.9159000e+01	7.6228440e-47
9.9387700e+01	7.6198409e-47
9.9616800e+01	7.6169780e-47
9.9846600e+01	7.6142727e-47
1.0007700e+02	7.6117075e-47
1.0030800e+02	7.6092997e-47
1.0053900e+02	7.6070319e-47
1.0077100e+02	7.6049388e-47
1.0100300e+02	7.6029680e-47
1.0123600e+02	7.6011545e-47
1.0146900e+02	7.5994981e-47
1.0170300e+02	7.5979639e-47
1.0193800e+02	7.5966041e-47
1.0217300e+02	7.5953665e-47
1.0240900e+02	7.5942859e-47
1.0264500e+02	7.5933447e-47
1.0288200e+02	7.5925431e-47
1.0311900e+02	7.5918809e-47
1.0335700e+02	7.5913755e-47
1.0359500e+02	7.5909922e-47
1.0383400e+02	7.5907656e-47
1.0407300e+02	7.5906611e-47
1.0431300e+02	7.5907134e-47
1.0455400e+02	7.5909050e-47
1.0479500e+02	7.5912187e-47
1.0503700e+02	7.5916892e-47
1.0527900e+02	7.5922817e-47
1.0552200e+02	7.5930136e-47
1.0576500e+02	7.5938850e-47
1.0600900e+02	7.5948959e-47
1.0625300e+02	7.5960289e-47
1.0649800e+02	7.5973014e-47
1.0674400e+02	7.5987135e-47
1.0699000e+02	7.6002652e-47
1.0723700e+02	7.6019392e-47
1.0748400e+02	7.6037528e-47
1.0773200e+02	7.6056888e-47
1.0798000e+02	7.6077645e-47
1.0822900e+02	7.6099801e-47
1.0847900e+02	7.6123182e-47
1.0872900e+02	7.6147788e-47
1.0898000e+02	7.6173795e-47
1.0923100e+02	7.6201028e-47
1.0948300e+02	7.6229663e-47
1.0973500e+02	7.6259525e-47
1.0998800e+02	7.6290617e-47
1.1024200e+02	7.6323112e-47
1.1049600e+02	7.6356838e-47
1.1075100e+02	7.6391795e-47
1.1100700e+02	7.6427984e-47
1.1126200e+02	7.6465581e-47
1.1151900e+02	7.6504411e-47
1.1177600e+02	7.6544476e-47
1.1203400e+02	7.6585777e-47
1.1229200e+02	7.6628314e-47
1.1255100e+02	7.6672264e-47
1.1281100e+02	7.6717278e-47
1.1307100e+02	7.6763707e-47
1.1333200e+02	7.6811202e-47
1.1359300e+02	7.6860114e-47
1.1385500e+02	7.6910094e-47
1.1411800e+02	7.6961493e-47
1.1438100e+02	7.7013964e-47
1.1464400e+02	7.7067681e-47
1.1490900e+02	7.7122821e-47
1.1517400e+02	7.7179036e-47
1.1543900e+02	7.7236502e-47
1.1570600e+02	7.7295220e-47
1.1597200e+02	7.7355015e-47
1.1624000e+02	7.7416242e-47
1.1650800e+02	7.7478549e-47
1.1677700e+02	7.7542114e-47
1.1704600e+02	7.7606938e-47
1.1731600e+02	7.7672847e-47
1.1758600e+02	7.7740018e-47
1.1785700e+02	7.7808453e-47
1.1812900e+02	7.7877978e-47
1.1840200e+02	7.7948945e-47
1.1867500e+02	7.8020829e-47
1.1894800e+02	7.8094160e-47
1.1922300e+02	7.8168586e-47
1.1949800e+02	7.8244109e-47
1.1977300e+02	7.8321084e-47
1.2004900e+02	7.8398983e-47
1.2032600e+02	7.8478337e-47
1.2060400e+02	7.8558619e-47
1.2088200e+02	7.8640360e-47
1.2116100e+02	7.8723208e-47
1.2144000e+02	7.8807165e-47
1.2172000e+02	7.8892411e-47
1.2200100e+02	7.8978769e-47
1.2228200e+02	7.9066241e-47
1.2256400e+02	7.9155008e-47
1.2284700e+02	7.9245070e-47
1.2313000e+02	7.9336074e-47
1.2341400e+02	7.9428557e-47
1.2369800e+02	7.9521985e-47
1.2398400e+02	7.9616717e-47
1.2427000e+02	7.9712577e-47
1.2455600e+02	7.9809745e-47
1.2484300e+02	7.9907866e-47
1.2513100e+02	8.0007479e-47
1.2542000e+02	8.0108049e-47
1.2570900e+02	8.0209936e-47
1.2599900e+02	8.0312963e-47
1.2628900e+02	8.0417132e-47
1.2658100e+02	8.0522446e-47
1.2687300e+02	8.0629086e-47
1.2716500e+02	8.0736694e-47
1.2745800e+02	8.0845634e-47
1.2775200e+02	8.0955906e-47
1.2804700e+02	8.1067154e-47
1.2834200e+02	8.1179740e-47
1.2863800e+02	8.1293305e-47
1.2893500e+02	8.1408213e-47
1.2923200e+02	8.1524286e-47
1.2953000e+02	8.1641525e-47
1.2982900e+02	8.1759934e-47
1.3012800e+02	8.1879696e-47
1.3042800e+02	8.2000450e-47
1.3072900e+02	8.2122381e-47
1.3103100e+02	8.2245673e-47
1.3133300e+02	8.2370146e-47
1.3163600e+02	8.2495621e-47
1.3193900e+02	8.2622464e-47
1.3224300e+02	8.2750497e-47
1.3254800e+02	8.2879539e-47
1.3285400e+02	8.3009957e-47
1.3316000e+02	8.3141571e-47
1.3346700e+02	8.3274385e-47
1.3377500e+02	8.3408401e-47
1.3408400e+02	8.3543439e-47
1.3439300e+02	8.3679866e-47
1.3470300e+02	8.3817504e-47
1.3501300e+02	8.3956354e-47
1.3532500e+02	8.4096236e-47
1.3563700e+02	8.4237520e-47
1.3595000e+02	8.4379840e-47
1.3626300e+02	8.4523568e-47
1.3657700e+02	8.4668338e-47
1.3689200e+02	8.4814522e-47
1.3720800e+02	8.4961753e-47
1.3752400e+02	8.5110219e-47
1.3784100e+02	8.5259923e-47
1.3815900e+02	8.5410867e-47
1.3847800e+02	8.5563055e-47
1.3879700e+02	8.5716489e-47
1.3911700e+02	8.5870988e-47
1.3943800e+02	8.6026924e-47
1.3976000e+02	8.6183929e-47
1.4008200e+02	8.6342379e-47
1.4040500e+02	8.6501904e-47
1.4072900e+02	8.6662694e-47
1.4105300e+02	8.6824565e-47
1.4137900e+02	8.6987892e-47
1.4170500e+02	8.7152494e-47
1.4203100e+02	8.7318185e-47
1.4235900e+02	8.7485156e-47
1.4268700e+02	8.7653410e-47
1.4301600e+02	8.7822951e-47
1.4334600e+02	8.7993780e-47
1.4367700e+02	8.8165715e-47
1.4400800e+02	8.8338945e-47
1.4434000e+02	8.8513475e-47
1.4467300e+02	8.8689306e-47
1.4500600e+02	8.8866444e-47
1.4534100e+02	8.9044701e-47
1.4567600e+02	8.9224460e-47
1.4601200e+02	8.9405346e-47
1.4634900e+02	8.9587550e-47
1.4668600e+02	8.9770888e-47
1.4702400e+02	8.9955740e-47
1.4736300e+02	9.0141732e-47
1.4770300e+02	9.0329057e-47
1.4804400e+02	9.0517718e-47
1.4838500e+02	9.0707528e-47
1.4872700e+02	9.0898681e-47
1.4907000e+02	9.1091372e-47
1.4941400e+02	9.1285031e-47
1.4975900e+02	9.1480234e-47
1.5010400e+02	9.1676604e-47
1.5045000e+02	9.1874334e-47
1.5079700e+02	9.2073428e-47
1.5114500e+02	9.2273891e-47
1.5149300e+02	9.2475534e-47
1.5184300e+02	9.2678744e-47
1.5219300e+02	9.2882948e-47
1.5254400e+02	9.3088728e-47
1.5289600e+02	9.3295895e-47
1.5324800e+02	9.3504258e-47
1.5360100e+02	9.3714016e-47
1.5395600e+02	9.3924978e-47
1.5431100e+02	9.4137536e-47
1.5466700e+02	9.4351305e-47
1.5502300e+02	9.4566484e-47
1.5538100e+02	9.4783076e-47
1.5573900e+02	9.5000890e-47
1.5609800e+02	9.5220125e-47
1.5645800e+02	9.5440786e-47
1.5681900e+02	9.5662875e-47
1.5718100e+02	9.5886202e-47
1.5754300e+02	9.6110965e-47
1.5790600e+02	9.6337170e-47
1.5827000e+02	9.6564819e-47
1.5863500e+02	9.6793721e-47
1.5900100e+02	9.7024273e-47
1.5936800e+02	9.7256085e-47
1.5973500e+02	9.7489162e-47
1.6010400e+02	9.7723901e-47
1.6047300e+02	9.7959912e-47
1.6084300e+02	9.8197397e-47
1.6121400e+02	9.8436162e-47
1.6158600e+02	9.8676608e-47
1.6195800e+02	9.8918341e-47
1.6233200e+02	9.9161565e-47
1.6270600e+02	9.9406284e-47
1.6308100e+02	9.9652303e-47
1.6345700e+02	9.9900025e-47
1.6383400e+02	1.0014805e-46
1.6421200e+02	1.0040040e-46
1.6459100e+02	1.0065106e-46
1.6497000e+02	1.0090403e-46
1.6535100e+02	1.0115934e-46
1.6573200e+02	1.0141698e-46
1.6611400e+02	1.0167496e-46
1.6649700e+02	1.0193325e-46
1.6688100e+02	1.0219390e-46
1.6726600e+02	1.0245691e-46
1.6765200e+02	1.0272025e-46
1.6803800e+02	1.0298596e-46
1.6842600e+02	1.0325405e-46
1.6881400e+02	1.0352249e-46
1.6920400e+02	1.0379127e-46
1.6959400e+02	1.0406244e-46
1.6998500e+02	1.0433601e-46
1.7037700e+02	1.0460994e-46
1.7077000e+02	1.0488627e-46
1.7116300e+02	1.0516502e-46
1.7155800e+02	1.0544415e-46
1.7195400e+02	1.0572569e-46
1.7235000e+02	1.0600762e-46
1.7274800e+02	1.0629198e-46
1.7314600e+02	1.0657672e-46
1.7354500e+02	1.0686391e-46
1.7394600e+02	1.0715355e-46
1.7434700e+02	1.0744359e-46
1.7474900e+02	1.0773610e-46
1.7515200e+02	1.0802900e-46
1.7555600e+02	1.0832438e-46
1.7596000e+02	1.0862017e-46
1.7636600e+02	1.0891844e-46
1.7677300e+02	1.0921922e-46
1.7718100e+02	1.0952041e-46
1.7758900e+02	1.0982411e-46
1.7799900e+02	1.1013033e-46
1.7840900e+02	1.1043698e-46
1.7882100e+02	1.1074405e-46
1.7923300e+02	1.1105577e-46
1.7964600e+02	1.1136581e-46
1.8006100e+02	1.1168051e-46
1.8047600e+02	1.1199566e-46
1.8089200e+02	1.1231125e-46
1.8130900e+02	1.1262940e-46
1.8172700e+02	1.1295013e-46
1.8214600e+02	1.1327345e-46
1.8256600e+02	1.1359723e-46
1.8298700e+02	1.1392147e-46
1.8340900e+02	1.1424831e-46
1.8383200e+02	1.1457776e-46
1.8425600e+02	1.1490768e-46
1.8468100e+02	1.1524023e-46
1.8510700e+02	1.1557540e-46
1.8553400e+02	1.1591106e-46
1.8596200e+02	1.1624721e-46
1.8639000e+02	1.1658817e-46
1.8682000e+02	1.1692962e-46
1.8725100e+02	1.1727157e-46
1.8768300e+02	1.1761619e-46
1.8811600e+02	1.1796349e-46
1.8854900e+02	1.1831130e-46
1.8898400e+02	1.1866181e-46
1.8942000e+02	1.1901501e-46
1.8985700e+02	1.1936874e-46
1.9029500e+02	1.1972299e-46
1.9073300e+02	1.2008215e-46
1.9117300e+02	1.2044185e-46
1.9161400e+02	1.2080208e-46
1.9205600e+02	1.2116506e-46
1.9249900e+02	1.2153078e-46
1.9294300e+02	1.2189706e-46
1.9338800e+02	1.2226609e-46
1.9383400e+02	1.2263791e-46
1.9428100e+02	1.2301028e-46
1.9472900e+02	1.2338544e-46
1.9517800e+02	1.2376118e-46
1.9562800e+02	1.2413971e-46
1.9607900e+02	1.2452105e-46
1.9653100e+02	1.2490298e-46
1.9698400e+02	1.2528773e-46
1.9743800e+02	1.2567307e-46
1.9789400e+02	1.2606125e-46
1.9835000e+02	1.2645227e-46
1.9880800e+02	1.2684391e-46
1.9926600e+02	1.2723840e-46
1.9972500e+02	1.2763577e-46
2.0018600e+02	1.2803375e-46
2.0064800e+02	1.2843462e-46
2.0111000e+02	1.2883612e-46
2.0157400e+02	1.2924052e-46
2.0203900e+02	1.2964783e-46
2.0250500e+02	1.3005578e-46
2.0297200e+02	1.3046665e-46
2.0344000e+02	1.3087818e-46
2.0390900e+02	1.3129264e-46
2.0437900e+02	1.3171005e-46
2.0485100e+02	1.3212813e-46
2.0532300e+02	1.3254917e-46
2.0579600e+02	1.3297319e-46
2.0627100e+02	1.3339788e-46
2.0674700e+02	1.3382556e-46
2.0722300e+02	1.3425625e-46
2.0770100e+02	1.3468763e-46
2.0818000e+02	1.3511970e-46
2.0866000e+02	1.3555712e-46
2.0914100e+02	1.3599525e-46
2.0962400e+02	1.3643642e-46
2.1010700e+02	1.3687830e-46
2.1059200e+02	1.3732324e-46
2.1107700e+02	1.3776891e-46
2.1156400e+02	1.3821764e-46
2.1205200e+02	1.3866947e-46
2.1254100e+02	1.3912438e-46
2.1303100e+02	1.3958005e-46
2.1352200e+02	1.4003882e-46
2.1401500e+02	1.4049835e-46
2.1450800e+02	1.4096101e-46
2.1500300e+02	1.4142680e-46
2.1549900e+02	1.4189336e-46
2.1599600e+02	1.4236308e-46
2.1649400e+02	1.4283596e-46
2.1699300e+02	1.4330963e-46
2.1749300e+02	1.4378648e-46
2.1799500e+02	1.4426412e-46
2.1849800e+02	1.4474737e-46
2.1900100e+02	1.4522901e-46
2.1950600e+02	1.4571628e-46
2.2001300e+02	1.4620437e-46
2.2052000e+02	1.4669570e-46
2.2102800e+02	1.4718785e-46
2.2153800e+02	1.4768569e-46
2.2204900e+02	1.4818193e-46
2.2256100e+02	1.4868388e-46
2.2307400e+02	1.4918668e-46
2.2358900e+02	1.4969278e-46
2.2410400e+02	1.5019973e-46
2.2462100e+02	1.5071000e-46
2.2513900e+02	1.5122359e-46
2.2565800e+02	1.5173805e-46
2.2617900e+02	1.5225586e-46
2.2670000e+02	1.5277702e-46
2.2722300e+02	1.5329907e-46
2.2774700e+02	1.5382449e-46
2.2827200e+02	1.5435329e-46
2.2879800e+02	1.5488549e-46
2.2932600e+02	1.5541861e-46
2.2985500e+02	1.5595264e-46
2.3038500e+02	1.5649259e-46
2.3091600e+02	1.5703348e-46
2.3144900e+02	1.5757781e-46
2.3198200e+02	1.5812308e-46
2.3251700e+02	1.5867181e-46
2.3305400e+02	1.5922402e-46
2.3359100e+02	1.5977718e-46
2.3413000e+02	1.6033384e-46
2.3467000e+02	1.6089400e-46
2.3521100e+02	1.6145768e-46
2.3575300e+02	1.6202235e-46
2.3629700e+02	1.6259055e-46
2.3684200e+02	1.6315975e-46
2.3738800e+02	1.6373250e-46
2.3793500e+02	1.6430881e-46
2.3848400e+02	1.6488871e-46
2.3903400e+02	1.6546963e-46
2.3958500e+02	1.6605415e-46
2.4013800e+02	1.6664228e-46
2.4069100e+02	1.6723145e-46
2.4124600e+02	1.6782425e-46
2.4180300e+02	1.6842070e-46
2.4236000e+02	1.6902080e-46
2.4291900e+02	1.6962197e-46
2.4347900e+02	1.7022682e-46
2.4404100e+02	1.7083274e-46
2.4460400e+02	1.7144236e-46
2.4516800e+02	1.7205569e-46
2.4573300e+02	1.7267274e-46
2.4630000e+02	1.7329090e-46
2.4686800e+02	1.7391279e-46
2.4743700e+02	1.7453845e-46
2.4800700e+02	1.7516523e-46
2.4857900e+02	1.7579843e-46
2.4915300e+02	1.7643012e-46
2.4972700e+02	1.7706826e-46
2.5030300e+02	1.7770756e-46
2.5088000e+02	1.7835068e-46
2.5145900e+02	1.7899764e-46
2.5203900e+02	1.7964845e-46
2.5262000e+02	1.8030044e-46
2.5320200e+02	1.8095630e-46
2.5378600e+02	1.8161336e-46
2.5437200e+02	1.8227430e-46
2.5495800e+02	1.8293915e-46
2.5554600e+02	1.8360792e-46
2.5613500e+02	1.8428063e-46
2.5672600e+02	1.8495456e-46
2.5731800e+02	1.8563245e-46
2.5791100e+02	1.8631431e-46
2.5850600e+02	1.8699742e-46
2.5910200e+02	1.8768452e-46
2.5970000e+02	1.8837562e-46
2.6029900e+02	1.8906800e-46
2.6089900e+02	1.8976716e-46
2.6150000e+02	1.9046760e-46
2.6210300e+02	1.9117210e-46
2.6270800e+02	1.9187790e-46
2.6331400e+02	1.9258778e-46
2.6392100e+02	1.9330175e-46
2.6453000e+02	1.9401983e-46
2.6514000e+02	1.9474202e-46
2.6575100e+02	1.9546556e-46
2.6636400e+02	1.9619325e-46
2.6697800e+02	1.9692228e-46
2.6759400e+02	1.9765829e-46
2.6821100e+02	1.9839568e-46
2.6882900e+02	1.9913725e-46
2.6944900e+02	1.9988304e-46
2.7007100e+02	2.0063023e-46
2.7069300e+02	2.0138164e-46
2.7131800e+02	2.0213731e-46
2.7194300e+02	2.0289723e-46
2.7257000e+02	2.0366144e-46
2.7319900e+02	2.0442708e-46
2.7382900e+02	2.0519703e-46
2.7446000e+02	2.0597129e-46
2.7509300e+02	2.0674701e-46
2.7572800e+02	2.0752707e-46
2.7636300e+02	2.0831438e-46
2.7700100e+02	2.0910028e-46
2.7763900e+02	2.0989345e-46
2.7828000e+02	2.1068813e-46
2.7892100e+02	2.1148721e-46
2.7956500e+02	2.1229073e-46
2.8020900e+02	2.1309868e-46
2.8085500e+02	2.1391110e-46
2.8150300e+02	2.1472506e-46
2.8215200e+02	2.1554351e-46
2.8280300e+02	2.1636645e-46
2.8345500e+02	2.1719096e-46
2.8410900e+02	2.1802294e-46
2.8476400e+02	2.1885652e-46
2.8542100e+02	2.1969465e-46
2.8607900e+02	2.2053438e-46
2.8673800e+02	2.2138167e-46
2.8740000e+02	2.2223057e-46
2.8806200e+02	2.2308410e-46
2.8872700e+02	2.2394225e-46
2.8939200e+02	2.2480504e-46
2.9006000e+02	2.2566950e-46
2.9072900e+02	2.2654163e-46
2.9139900e+02	2.2741545e-46
2.9207100e+02	2.2829397e-46
2.9274500e+02	2.2917418e-46
2.9342000e+02	2.3006216e-46
2.9409600e+02	2.3095185e-46
2.9477400e+02	2.3184630e-46
2.9545400e+02	2.3274554e-46
2.9613600e+02	2.3364957e-46
2.9681800e+02	2.3455535e-46
2.9750300e+02	2.3546903e-46
2.9818900e+02	2.3638448e-46
2.9887700e+02	2.3730478e-46
2.9956600e+02	2.3822996e-46
3.0025700e+02	2.3915695e-46
3.0094900e+02	2.4009193e-46
3.0164300e+02	2.4102873e-46
3.0233900e+02	2.4197047e-46
3.0303600e+02	2.4291716e-46
3.0373500e+02	2.4386883e-46
3.0443500e+02	2.4482235e-46
3.0513700e+02	2.4578087e-46
3.0584100e+02	2.4674755e-46
3.0654600e+02	2.4771612e-46
3.0725300e+02	2.4868975e-46
3.0796100e+02	2.4966528e-46
3.0867100e+02	2.5064906e-46
3.0938300e+02	2.5163477e-46
3.1009700e+02	2.5262559e-46
3.1081200e+02	2.5362474e-46
3.1152900e+02	2.5462266e-46
3.1224700e+02	2.5562893e-46
3.1296700e+02	2.5664040e-46
3.1368900e+02	2.5765386e-46
3.1441200e+02	2.5867576e-46
3.1513700e+02	2.5969967e-46
3.1586400e+02	2.6072884e-46
3.1659200e+02	2.6176328e-46
3.1732200e+02	2.6279976e-46
3.1805400e+02	2.6384479e-46
3.1878700e+02	2.6489190e-46
3.1952300e+02	2.6594760e-46
3.2025900e+02	2.6700540e-46
3.2099800e+02	2.6806858e-46
3.2173800e+02	2.6913715e-46
3.2248000e+02	2.7021113e-46
3.2322400e+02	2.7128725e-46
3.2396900e+02	2.7237211e-46
3.2471600e+02	2.7345914e-46
3.2546500e+02	2.7455164e-46
3.2621500e+02	2.7565297e-46
3.2696800e+02	2.7675650e-46
3.2772200e+02	2.7786223e-46
3.2847700e+02	2.7897685e-46
3.2923500e+02	2.8009704e-46
3.2999400e+02	2.8121948e-46
3.3075500e+02	2.8235089e-46
3.3151800e+02	2.8348457e-46
3.3228200e+02	2.8462389e-46
3.3304900e+02	2.8577226e-46
3.3381700e+02	2.8692295e-46
3.3458600e+02	2.8807594e-46
3.3535800e+02	2.8923805e-46
3.3613100e+02	2.9040591e-46
3.3690600e+02	2.9157953e-46
3.3768300e+02	2.9275552e-46
3.3846200e+02	2.9393731e-46
3.3924200e+02	2.9512835e-46
3.4002500e+02	2.9632180e-46
3.4080900e+02	2.9752110e-46
3.4159500e+02	2.9872629e-46
3.4238200e+02	2.9993737e-46
3.4317200e+02	3.0115437e-46
3.4396300e+02	3.0237732e-46
3.4475700e+02	3.0360623e-46
3.4555200e+02	3.0483763e-46
3.4634800e+02	3.0607852e-46
3.4714700e+02	3.0732194e-46
3.4794800e+02	3.0857490e-46
3.4875000e+02	3.0983040e-46
3.4955400e+02	3.1109199e-46
3.5036000e+02	3.1235967e-46
3.5116800e+02	3.1363702e-46
3.5197800e+02	3.1491697e-46
3.5279000e+02	3.1620308e-46
3.5360300e+02	3.1749538e-46
3.5441900e+02	3.1879031e-46
3.5523600e+02	3.2009504e-46
3.5605500e+02	3.2140601e-46
3.5687600e+02	3.2272326e-46
3.5769900e+02	3.2404680e-46
3.5852400e+02	3.2537305e-46
3.5935100e+02	3.2670924e-46
3.6017900e+02	3.2804817e-46
3.6101000e+02	3.2939709e-46
3.6184200e+02	3.3074878e-46
3.6267700e+02	3.3211053e-46
3.6351300e+02	3.3347508e-46
3.6435100e+02	3.3484608e-46
3.6519200e+02	3.3622723e-46
3.6603400e+02	3.3761123e-46
3.6687800e+02	3.3900174e-46
3.6772400e+02	3.4039881e-46
3.6857200e+02	3.4180614e-46
3.6942200e+02	3.4321638e-46
3.7027400e+02	3.4463323e-46
3.7112800e+02	3.4605673e-46
3.7198300e+02	3.4748688e-46
3.7284100e+02	3.4892372e-46
3.7370100e+02	3.5036727e-46
3.7456300e+02	3.5181755e-46
3.7542600e+02	3.5327458e-46
3.7629200e+02	3.5474216e-46
3.7716000e+02	3.5621278e-46
3.7803000e+02	3.5769022e-46
3.7890100e+02	3.5917451e-46
3.7977500e+02	3.6066568e-46
3.8065100e+02	3.6216374e-46
3.8152900e+02	3.6366871e-46
3.8240800e+02	3.6518063e-46
3.8329000e+02	3.6669952e-46
3.8417400e+02	3.6822540e-46
3.8506000e+02	3.6975829e-46
3.8594800e+02	3.7129821e-46
3.8683800e+02	3.7284520e-46
3.8773000e+02	3.7440315e-46
3.8862400e+02	3.7596434e-46
3.8952000e+02	3.7753267e-46
3.9041900e+02	3.7910816e-46
3.9131900e+02	3.8069083e-46
3.9222100e+02	3.8228461e-46
3.9312600e+02	3.8388173e-46
3.9403200e+02	3.8548610e-46
3.9494100e+02	3.8710169e-46
3.9585200e+02	3.8872066e-46
3.9676500e+02	3.9035090e-46
3.9767900e+02	3.9198456e-46
3.9859700e+02	3.9362957e-46
3.9951600e+02	3.9527802e-46
4.0043700e+02	3.9693788e-46
4.0136000e+02	3.9860522e-46
4.0228600e+02	4.0027605e-46
4.0321400e+02	4.0195839e-46
4.0414300e+02	4.0364828e-46
4.0507500e+02	4.0534574e-46
4.0600900e+02	4.0705080e-46
4.0694600e+02	4.0876348e-46
4.0788400e+02	4.1048381e-46
4.0882500e+02	4.1221181e-46
4.0976700e+02	4.1395158e-46
4.1071200e+02	4.1569501e-46
4.1166000e+02	4.1744619e-46
4.1260900e+02	4.1920925e-46
4.1356000e+02	4.2097601e-46
4.1451400e+02	4.2275472e-46
4.1547000e+02	4.2454130e-46
4.1642800e+02	4.2633577e-46
4.1738800e+02	4.2813817e-46
4.1835100e+02	4.2994852e-46
4.1931500e+02	4.3176684e-46
4.2028200e+02	4.3359316e-46
4.2125200e+02	4.3543169e-46
4.2222300e+02	4.3727410e-46
4.2319700e+02	4.3912879e-46
4.2417300e+02	4.4099160e-46
4.2515100e+02	4.4286256e-46
4.2613100e+02	4.4474170e-46
4.2711400e+02	4.4662905e-46
4.2809900e+02	4.4852886e-46
4.2908600e+02	4.5043271e-46
4.3007500e+02	4.5235335e-46
4.3106700e+02	4.5428233e-46
4.3206100e+02	4.5621970e-46
4.3305700e+02	4.5817831e-46
4.3405600e+02	4.6015398e-46
4.3505700e+02	4.6217260e-46
4.3606000e+02	4.6431630e-46
4.3706600e+02	4.6724281e-46
4.3807400e+02	1.1625799e-44
4.3908400e+02	4.7113741e-46
4.4009600e+02	4.7225375e-46
4.4111100e+02	4.7409837e-46
4.4212900e+02	4.7606440e-46
4.4314800e+02	4.7806948e-46
4.4417000e+02	4.8009630e-46
4.4519400e+02	4.8213620e-46
4.4622100e+02	4.8418922e-46
4.4725000e+02	4.8625542e-46
4.4828100e+02	4.8833044e-46
4.4931500e+02	4.9041874e-46
4.5035100e+02	4.9251593e-46
4.5139000e+02	4.9462205e-46
4.5243000e+02	4.9673711e-46
4.5347400e+02	4.9886116e-46
4.5451900e+02	5.0099869e-46
4.5556800e+02	5.0314527e-46
4.5661800e+02	5.0530095e-46
4.5767100e+02	5.0746573e-46
4.5872700e+02	5.0964417e-46
4.5978400e+02	5.1183180e-46
4.6084500e+02	5.1402865e-46
4.6190700e+02	5.1623475e-46
4.6297200e+02	5.1845013e-46
4.6404000e+02	5.2067938e-46
4.6511000e+02	5.2291341e-46
4.6618300e+02	5.2516139e-46
4.6725800e+02	5.2741878e-46
4.6833500e+02	5.2969023e-46
4.6941500e+02	5.3196655e-46
4.7049800e+02	5.3425700e-46
4.7158300e+02	5.3655700e-46
4.7267000e+02	5.3886658e-46
4.7376000e+02	5.4119043e-46
4.7485300e+02	5.4352394e-46
4.7594800e+02	5.4586715e-46
4.7704500e+02	5.4822008e-46
4.7814500e+02	5.5058276e-46
4.7924800e+02	5.5295993e-46
4.8035300e+02	5.5534693e-46
4.8146100e+02	5.5774380e-46
4.8257100e+02	5.6015056e-46
4.8368400e+02	5.6257199e-46
4.8479900e+02	5.6500339e-46
4.8591700e+02	5.6744481e-46
4.8703800e+02	5.6989626e-46
4.8816100e+02	5.7236256e-46
4.8928600e+02	5.7483899e-46
4.9041500e+02	5.7732556e-46
4.9154600e+02	5.7982232e-46
4.9267900e+02	5.8233412e-46
4.9381500e+02	5.8485618e-46
4.9495400e+02	5.8738854e-46
4.9609500e+02	5.8993609e-46
4.9723900e+02	5.9248915e-46
4.9838600e+02	5.9505748e-46
4.9953500e+02	5.9764114e-46
5.0068700e+02	6.0023040e-46
5.0184200e+02	6.0283508e-46
5.0299900e+02	6.0545524e-46
5.0415900e+02	6.0808108e-46
5.0532200e+02	6.1072248e-46
5.0648700e+02	6.1337457e-46
5.0765500e+02	6.1604233e-46
5.0882500e+02	6.1871588e-46
5.0999900e+02	6.2140518e-46
5.1117500e+02	6.2411032e-46
5.1235400e+02	6.2682132e-46
5.1353500e+02	6.2954824e-46
5.1471900e+02	6.3229114e-46
5.1590600e+02	6.3504000e-46
5.1709600e+02	6.3780492e-46
5.1828800e+02	6.4058598e-46
5.1948400e+02	6.4337308e-46
5.2068200e+02	6.4617640e-46
5.2188200e+02	6.4899601e-46
5.2308600e+02	6.5182175e-46
5.2429200e+02	6.5466386e-46
5.2550100e+02	6.5752242e-46
5.2671300e+02	6.6038720e-46
5.2792700e+02	6.6327367e-46
5.2914500e+02	6.6616642e-46
5.3036500e+02	6.6907582e-46
5.3158800e+02	6.7199674e-46
5.3281400e+02	6.7492922e-46
5.3404300e+02	6.7787850e-46
5.3527400e+02	6.8084465e-46
5.3650800e+02	6.8381727e-46
5.3774600e+02	6.8680685e-46
5.3898600e+02	6.8981345e-46
5.4022900e+02	6.9282663e-46
5.4147400e+02	6.9586219e-46
5.4272300e+02	6.9890439e-46
5.4397400e+02	7.0196383e-46
5.4522900e+02	7.0503526e-46
5.4648600e+02	7.0812403e-46
5.4774600e+02	7.1122489e-46
5.4901000e+02	7.1434322e-46
5.5027600e+02	7.1747372e-46
5.5154400e+02	7.2061644e-46
5.5281600e+02	7.2377679e-46
5.5409100e+02	7.2694944e-46
5.5536900e+02	7.3013985e-46
5.5665000e+02	7.3334265e-46
5.5793300e+02	7.3655789e-46
5.5922000e+02	7.3979104e-46
5.6050900e+02	7.4303673e-46
5.6180200e+02	7.4630044e-46
5.6309700e+02	7.4957679e-46
5.6439600e+02	7.5287128e-46
5.6569700e+02	7.5617850e-46
5.6700200e+02	7.5950399e-46
5.6830900e+02	7.6284230e-46
5.6962000e+02	7.6619347e-46
5.7093300e+02	7.6956308e-46
5.7225000e+02	7.7295120e-46
5.7357000e+02	7.7634677e-46
5.7489200e+02	7.7976653e-46
5.7621800e+02	7.8319381e-46
5.7754700e+02	7.8664543e-46
5.7887900e+02	7.9010464e-46
5.8021400e+02	7.9358834e-46
5.8155200e+02	7.9707970e-46
5.8289300e+02	8.0059571e-46
5.8423700e+02	8.0411945e-46
5.8558400e+02	8.0766230e-46
5.8693400e+02	8.1122432e-46
5.8828800e+02	8.1479990e-46
5.8964400e+02	8.1839478e-46
5.9100400e+02	8.2200330e-46
5.9236700e+02	8.2563126e-46
5.9373300e+02	8.2927297e-46
5.9510200e+02	8.3293423e-46
5.9647400e+02	8.3660935e-46
5.9785000e+02	8.4030414e-46
5.9922900e+02	8.4401289e-46
6.0061000e+02	8.4774146e-46
6.0199500e+02	8.5148407e-46
6.0338400e+02	8.5524663e-46
6.0477500e+02	8.5902920e-46
6.0617000e+02	8.6282600e-46
6.0756700e+02	8.6663706e-46
6.0896900e+02	8.7046831e-46
6.1037300e+02	8.7431985e-46
6.1178000e+02	8.7818581e-46
6.1319100e+02	8.8207218e-46
6.1460500e+02	8.8597308e-46
6.1602200e+02	8.8989453e-46
6.1744300e+02	8.9383061e-46
6.1886700e+02	8.9779335e-46
6.2029400e+02	9.0176486e-46
6.2172400e+02	9.0575718e-46
6.2315800e+02	9.0977037e-46
6.2459500e+02	9.1379849e-46
6.2603500e+02	9.1784762e-46
6.2747900e+02	9.2191784e-46
6.2892600e+02	9.2600316e-46
6.3037600e+02	9.3010971e-46
6.3183000e+02	9.3423145e-46
6.3328700e+02	9.3837456e-46
6.3474700e+02	9.4253912e-46
6.3621100e+02	9.4671905e-46
6.3767800e+02	9.5092057e-46
6.3914900e+02	9.5513757e-46
6.4062300e+02	9.5938248e-46
6.4210000e+02	9.6363681e-46
6.4358000e+02	9.6791921e-46
6.4506500e+02	9.7221734e-46
6.4655200e+02	9.7653125e-46
6.4804300e+02	9.8087350e-46
6.4953700e+02	9.8523165e-46
6.5103500e+02	9.8960576e-46
6.5253700e+02	9.9400217e-46
6.5404100e+02	9.9842096e-46
6.5555000e+02	1.0028622e-45
6.5706100e+02	1.0073197e-45
6.5857600e+02	1.0117998e-45
6.6009500e+02	1.0163025e-45
6.6161700e+02	1.0208217e-45
6.6314300e+02	1.0253637e-45
6.6467200e+02	1.0299286e-45
6.6620500e+02	1.0345100e-45
6.6774100e+02	1.0391146e-45
6.6928100e+02	1.0437422e-45
6.7082400e+02	1.0483867e-45
6.7237100e+02	1.0530544e-45
6.7392200e+02	1.0577455e-45
6.7547600e+02	1.0624601e-45
6.7703400e+02	1.0671917e-45
6.7859500e+02	1.0719469e-45
6.8016000e+02	1.0767258e-45
6.8172800e+02	1.0815219e-45
6.8330000e+02	1.0863484e-45
6.8487600e+02	1.0911857e-45
6.8645500e+02	1.0960536e-45
6.8803800e+02	1.1009456e-45
6.8962500e+02	1.1058551e-45
6.9121500e+02	1.1107889e-45
6.9280900e+02	1.1157404e-45
6.9440700e+02	1.1207229e-45
6.9600800e+02	1.1257233e-45
6.9761300e+02	1.1307482e-45
6.9922200e+02	1.1357978e-45
7.0083400e+02	1.1408655e-45
7.0245000e+02	1.1459647e-45
7.0407000e+02	1.1510820e-45
7.0569400e+02	1.1562244e-45
7.0732100e+02	1.1613851e-45
7.0895200e+02	1.1665777e-45
7.1058700e+02	1.1717887e-45
7.1222600e+02	1.1770251e-45
7.1386800e+02	1.1822870e-45
7.1551400e+02	1.1875743e-45
7.1716400e+02	1.1928804e-45
7.1881800e+02	1.1982121e-45
7.2047500e+02	1.2035765e-45
7.2213700e+02	1.2089599e-45
7.2380200e+02	1.2143622e-45
7.2547100e+02	1.2197975e-45
7.2714400e+02	1.2252590e-45
7.2882100e+02	1.2307397e-45
7.3050200e+02	1.2362467e-45
7.3218600e+02	1.2417801e-45
7.3387500e+02	1.2473399e-45
7.3556700e+02	1.2529264e-45
7.3726300e+02	1.2585324e-45
7.3896300e+02	1.2641722e-45
7.4066700e+02	1.2698318e-45
7.4237500e+02	1.2755255e-45
7.4408700e+02	1.2812391e-45
7.4580300e+02	1.2869798e-45
7.4752300e+02	1.2927476e-45
7.4924700e+02	1.2985356e-45
7.5097500e+02	1.3043582e-45
7.5270600e+02	1.3102083e-45
7.5444200e+02	1.3160788e-45
7.5618200e+02	1.3219842e-45
7.5792600e+02	1.3279100e-45
7.5967300e+02	1.3338638e-45
7.6142500e+02	1.3398528e-45
7.6318100e+02	1.3458626e-45
7.6494100e+02	1.3519005e-45
7.6670500e+02	1.3579667e-45
7.6847300e+02	1.3640613e-45
7.7024500e+02	1.3701843e-45
7.7202100e+02	1.3763284e-45
7.7380100e+02	1.3825086e-45
7.7558600e+02	1.3887175e-45
7.7737400e+02	1.3949553e-45
7.7916700e+02	1.4012145e-45
7.8096400e+02	1.4075103e-45
7.8276500e+02	1.4138352e-45
7.8457000e+02	1.4201818e-45
7.8637900e+02	1.4265653e-45
7.8819200e+02	1.4329783e-45
7.9001000e+02	1.4394132e-45
7.9183200e+02	1.4458854e-45
7.9365800e+02	1.4523797e-45
7.9548800e+02	1.4589115e-45
7.9732200e+02	1.4654732e-45
7.9916100e+02	1.4720574e-45
8.0100400e+02	1.4786794e-45
8.0285100e+02	1.4853316e-45
8.0470200e+02	1.4920065e-45
8.0655800e+02	1.4987196e-45
8.0841800e+02	1.5054633e-45
8.1028200e+02	1.5122377e-45
8.1215100e+02	1.5190428e-45
8.1402300e+02	1.5258789e-45
8.1590100e+02	1.5327460e-45
8.1778200e+02	1.5396442e-45
8.1966800e+02	1.5465736e-45
8.2155800e+02	1.5535343e-45
8.2345200e+02	1.5605265e-45
8.2535100e+02	1.5675581e-45
8.2725500e+02	1.5746135e-45
8.2916200e+02	1.5817086e-45
8.3107400e+02	1.5888355e-45
8.3299100e+02	1.5959865e-45
8.3491200e+02	1.6031776e-45
8.3683700e+02	1.6104008e-45
8.3876700e+02	1.6176564e-45
8.4070100e+02	1.6249525e-45
8.4264000e+02	1.6322731e-45
8.4458300e+02	1.6396345e-45
8.4653000e+02	1.6470205e-45
8.4848200e+02	1.6544475e-45
8.5043900e+02	1.6619075e-45
8.5240000e+02	1.6694089e-45
8.5436600e+02	1.6769435e-45
8.5633600e+02	1.6845443e-45
8.5831100e+02	1.6935036e-45
8.6029000e+02	1.6998552e-45
8.6227400e+02	1.7074085e-45
8.6426200e+02	1.7151028e-45
8.6625500e+02	1.7228310e-45
8.6825300e+02	1.7306016e-45
8.7025500e+02	1.7384147e-45
8.7226200e+02	1.7462620e-45
8.7427300e+02	1.7541438e-45
8.7628900e+02	1.7620601e-45
8.7831000e+02	1.7700111e-45
8.8033600e+02	1.7780053e-45
8.8236600e+02	1.7860344e-45
8.8440000e+02	1.7940985e-45
8.8644000e+02	1.8021978e-45
8.8848400e+02	1.8103408e-45
8.9053300e+02	1.8185193e-45
8.9258600e+02	1.8267332e-45
8.9464500e+02	1.8349829e-45
8.9670800e+02	1.8432768e-45
8.9877500e+02	1.8516067e-45
9.0084800e+02	1.8599726e-45
9.0292500e+02	1.8683747e-45
9.0500800e+02	1.8768217e-45
9.0709500e+02	1.8853051e-45
9.0918600e+02	1.8938250e-45
9.1128300e+02	1.9023903e-45
9.1338400e+02	1.9109925e-45
9.1549100e+02	1.9196315e-45
9.1760200e+02	1.9283077e-45
9.1971800e+02	1.9370297e-45
9.2183900e+02	1.9457891e-45
9.2396400e+02	1.9545948e-45
9.2609500e+02	1.9634293e-45
9.2823100e+02	1.9723103e-45
9.3037100e+02	1.9812380e-45
9.3251700e+02	1.9902038e-45
9.3466700e+02	1.9992077e-45
9.3682200e+02	2.0082498e-45
9.3898300e+02	2.0173393e-45
9.4114800e+02	2.0264763e-45
9.4331800e+02	2.0356429e-45
9.4549400e+02	2.0448574e-45
9.4767400e+02	2.0541199e-45
9.4985900e+02	2.0634125e-45
9.5205000e+02	2.0727624e-45
9.5424500e+02	2.0821425e-45
9.5644500e+02	2.0915713e-45
9.5865100e+02	2.1010489e-45
9.6086200e+02	2.1105571e-45
9.6307700e+02	2.1201236e-45
9.6529800e+02	2.1297210e-45
9.6752400e+02	2.1393678e-45
9.6975500e+02	2.1490642e-45
9.7199200e+02	2.1588011e-45
9.7423300e+02	2.1685786e-45
9.7648000e+02	2.1784063e-45
9.7873100e+02	2.1882842e-45
9.8098800e+02	2.1982032e-45
9.8325100e+02	2.2081635e-45
9.8551800e+02	2.2181745e-45
9.8779100e+02	2.2282271e-45
9.9006800e+02	2.2383307e-45
9.9235200e+02	2.2484762e-45
9.9464000e+02	2.2586732e-45
9.9693400e+02	2.2689122e-45
9.9923300e+02	2.2792031e-45
1.0015400e+03	2.2895364e-45
1.0038500e+03	2.2999218e-45
1.0061600e+03	2.3103500e-45
1.0084800e+03	2.3208306e-45
1.0108100e+03	2.3313640e-45
1.0131400e+03	2.3419405e-45
1.0154700e+03	2.3525604e-45
1.0178200e+03	2.3632335e-45
1.0201600e+03	2.3739600e-45
1.0225200e+03	2.3847303e-45
1.0248700e+03	2.3955543e-45
1.0272400e+03	2.4064323e-45
1.0296100e+03	2.4173546e-45
1.0319800e+03	2.4283213e-45
1.0343600e+03	2.4393425e-45
1.0367400e+03	2.4504183e-45
1.0391400e+03	2.4615391e-45
1.0415300e+03	2.4727248e-45
1.0439300e+03	2.4839459e-45
1.0463400e+03	2.4952223e-45
1.0487500e+03	2.5065543e-45
1.0511700e+03	2.5179421e-45
1.0536000e+03	2.5293758e-45
1.0560300e+03	2.5408656e-45
1.0584600e+03	2.5524119e-45
1.0609000e+03	2.5640045e-45
1.0633500e+03	2.5756539e-45
1.0658000e+03	2.5873500e-45
1.0682600e+03	2.5991031e-45
1.0707200e+03	2.6109136e-45
1.0731900e+03	2.6227816e-45
1.0756700e+03	2.6346970e-45
1.0781500e+03	2.6466703e-45
1.0806300e+03	2.6587017e-45
1.0831200e+03	2.6707811e-45
1.0856200e+03	2.6829292e-45
1.0881300e+03	2.6951257e-45
1.0906300e+03	2.7073706e-45
1.0931500e+03	2.7196851e-45
1.0956700e+03	2.7320484e-45
1.0982000e+03	2.7444711e-45
1.1007300e+03	2.7569430e-45
1.1032700e+03	2.7694854e-45
1.1058100e+03	2.7820772e-45
1.1083600e+03	2.7947294e-45
1.1109200e+03	2.8074420e-45
1.1134800e+03	2.8202154e-45
1.1160500e+03	2.8330390e-45
1.1186200e+03	2.8459237e-45
1.1212000e+03	2.8588698e-45
1.1237900e+03	2.8718774e-45
1.1263800e+03	2.8849467e-45
1.1289700e+03	2.8980673e-45
1.1315800e+03	2.9112607e-45
1.1341900e+03	2.9245058e-45
1.1368000e+03	2.9378134e-45
1.1394200e+03	2.9511839e-45
1.1420500e+03	2.9646174e-45
1.1446900e+03	2.9781141e-45
1.1473300e+03	2.9916634e-45
1.1499700e+03	3.0052872e-45
1.1526200e+03	3.0189640e-45
1.1552800e+03	3.0327049e-45
1.1579400e+03	3.0465101e-45
1.1606200e+03	3.0603798e-45
1.1632900e+03	3.0743144e-45
1.1659700e+03	3.0883139e-45
1.1686600e+03	3.1023786e-45
1.1713600e+03	3.1165088e-45
1.1740600e+03	3.1307046e-45
1.1767700e+03	3.1449552e-45
1.1794800e+03	3.1592831e-45
1.1822000e+03	3.1736773e-45
1.1849300e+03	3.1881268e-45
1.1876600e+03	3.2026545e-45
1.1904000e+03	3.2172378e-45
1.1931400e+03	3.2318998e-45
1.1958900e+03	3.2466292e-45
1.1986500e+03	3.2614150e-45
1.2014200e+03	3.2762802e-45
1.2041900e+03	3.2912022e-45
1.2069600e+03	3.3062040e-45
1.2097500e+03	3.3212745e-45
1.2125400e+03	3.3364024e-45
1.2153300e+03	3.3516110e-45
1.2181300e+03	3.3668890e-45
1.2209400e+03	3.3822366e-45
1.2237600e+03	3.3976542e-45
1.2265800e+03	3.4131418e-45
1.2294100e+03	3.4286997e-45
1.2322400e+03	3.4443400e-45
1.2350900e+03	3.4600394e-45
1.2379300e+03	3.4758335e-45
1.2407900e+03	3.4976342e-45
1.2436500e+03	3.5076125e-45
1.2465200e+03	3.5235859e-45
1.2493900e+03	3.5396431e-45
1.2522700e+03	3.5557846e-45
1.2551600e+03	3.5719987e-45
1.2580600e+03	3.5882975e-45
1.2609600e+03	3.6046575e-45
1.2638600e+03	3.6211028e-45
1.2667800e+03	3.6376218e-45
1.2697000e+03	3.6542146e-45
1.2726300e+03	3.6708815e-45
1.2755600e+03	3.6876349e-45
1.2785000e+03	3.7044508e-45
1.2814500e+03	3.7213538e-45
1.2844100e+03	3.7383319e-45
1.2873700e+03	3.7553977e-45
1.2903400e+03	3.7725270e-45
1.2933100e+03	3.7897444e-45
1.2963000e+03	3.8070381e-45
1.2992900e+03	3.8244082e-45
1.3022800e+03	3.8418675e-45
1.3052800e+03	3.8594038e-45
1.3082900e+03	3.8770174e-45
1.3113100e+03	3.8947085e-45
1.3143400e+03	3.9124900e-45
1.3173700e+03	3.9303496e-45
1.3204000e+03	3.9483001e-45
1.3234500e+03	3.9663167e-45
1.3265000e+03	3.9844248e-45
1.3295600e+03	4.0026247e-45
1.3326300e+03	4.0208915e-45
1.3357000e+03	4.0392507e-45
1.3387800e+03	4.0577027e-45
1.3418700e+03	4.0762223e-45
1.3449600e+03	4.0948481e-45
1.3480600e+03	4.1135419e-45
1.3511700e+03	4.1323298e-45
1.3542900e+03	4.1511991e-45
1.3574100e+03	4.1701631e-45
1.3605400e+03	4.1892091e-45
1.3636800e+03	4.2083504e-45
1.3668200e+03	4.2275614e-45
1.3699700e+03	4.2468813e-45
1.3731300e+03	4.2662844e-45
1.3763000e+03	4.2857710e-45
1.3794700e+03	4.3053545e-45
1.3826500e+03	4.3250221e-45
1.3858400e+03	4.3447872e-45
1.3890400e+03	4.3646371e-45
1.3922400e+03	4.3845719e-45
1.3954500e+03	4.4046185e-45
1.3986700e+03	4.4247374e-45
1.4019000e+03	4.4449556e-45
1.4051300e+03	4.4652732e-45
1.4083700e+03	4.4856774e-45
1.4116200e+03	4.5061818e-45
1.4148700e+03	4.5267733e-45
1.4181300e+03	4.5474657e-45
1.4214000e+03	4.5682594e-45
1.4246800e+03	4.5891411e-45
1.4279700e+03	4.6101112e-45
1.4312600e+03	4.6311836e-45
1.4345600e+03	4.6523585e-45
1.4378700e+03	4.6736365e-45
1.4411800e+03	4.6949904e-45
1.4445100e+03	4.7164617e-45
1.4478400e+03	4.7380232e-45
1.4511800e+03	4.7596891e-45
1.4545200e+03	4.7814597e-45
1.4578800e+03	4.8033216e-45
1.4612400e+03	4.8252890e-45
1.4646100e+03	4.8473482e-45
1.4679900e+03	4.8695136e-45
1.4713700e+03	4.8917854e-45
1.4747700e+03	4.9141642e-45
1.4781700e+03	4.9366362e-45
1.4815700e+03	4.9592158e-45
1.4849900e+03	4.9819034e-45
1.4884200e+03	5.0046852e-45
1.4918500e+03	5.0275757e-45
1.4952900e+03	5.0505753e-45
1.4987400e+03	5.0736844e-45
1.5021900e+03	5.0968891e-45
1.5056600e+03	5.1202182e-45
1.5091300e+03	5.1436436e-45
1.5126100e+03	5.1671657e-45
1.5161000e+03	5.1908134e-45
1.5195900e+03	5.2145585e-45
1.5231000e+03	5.2384301e-45
1.5266100e+03	5.2623998e-45
1.5301300e+03	5.2864678e-45
1.5336600e+03	5.3106636e-45
1.5371900e+03	5.3349731e-45
1.5407400e+03	5.3593820e-45
1.5442900e+03	5.3839053e-45
1.5478500e+03	5.4085581e-45
1.5514200e+03	5.4333115e-45
1.5550000e+03	5.4581805e-45
1.5585900e+03	5.4831507e-45
1.5621800e+03	5.5082521e-45
1.5657800e+03	5.5334704e-45
1.5693900e+03	5.5588059e-45
1.5730100e+03	5.5842590e-45
1.5766400e+03	5.6104894e-45
1.5802800e+03	5.6355049e-45
1.5839200e+03	5.6612984e-45
1.5875700e+03	5.6872111e-45
1.5912300e+03	5.7132434e-45
1.5949000e+03	5.7394109e-45
1.5985800e+03	5.7656838e-45
1.6022700e+03	5.7920928e-45
1.6059600e+03	5.8186079e-45
1.6096700e+03	5.8452447e-45
1.6133800e+03	5.8720190e-45
1.6171000e+03	5.8989159e-45
1.6208300e+03	5.9259204e-45
1.6245600e+03	5.9530638e-45
1.6283100e+03	5.9803310e-45
1.6320700e+03	6.0077071e-45
1.6358300e+03	6.0352234e-45
1.6396000e+03	6.0628648e-45
1.6433800e+03	6.0906474e-45
1.6471700e+03	6.1185405e-45
1.6509700e+03	6.1465600e-45
1.6547800e+03	6.1747221e-45
1.6585900e+03	6.2030116e-45
1.6624200e+03	6.2314289e-45
1.6662500e+03	6.2599744e-45
1.6700900e+03	6.2886486e-45
1.6739500e+03	6.3174519e-45
1.6778100e+03	6.3464007e-45
1.6816700e+03	6.3754795e-45
1.6855500e+03	6.4046889e-45
1.6894400e+03	6.4340291e-45
1.6933400e+03	6.4635168e-45
1.6972400e+03	6.4931364e-45
1.7011500e+03	6.5228883e-45
1.7050800e+03	6.5527730e-45
1.7090100e+03	6.5828071e-45
1.7129500e+03	6.6129749e-45
1.7169000e+03	6.6432769e-45
1.7208600e+03	6.6737136e-45
1.7248300e+03	6.7043016e-45
1.7288000e+03	6.7350253e-45
1.7327900e+03	6.7659015e-45
1.7367900e+03	6.7969142e-45
1.7407900e+03	6.8280640e-45
1.7448100e+03	6.8593677e-45
1.7488300e+03	6.8907929e-45
1.7528600e+03	6.9223898e-45
1.7569000e+03	6.9541256e-45
1.7609600e+03	6.9860009e-45
1.7650200e+03	7.0180161e-45
1.7690900e+03	7.0501884e-45
1.7731700e+03	7.0825185e-45
1.7772600e+03	7.1149900e-45
1.7813500e+03	7.1476034e-45
1.7854600e+03	7.1803761e-45
1.7895800e+03	7.2132917e-45
1.7937100e+03	7.2463678e-45
1.7978400e+03	7.2795877e-45
1.8019900e+03	7.3129692e-45
1.8061400e+03	7.3464955e-45
1.8103100e+03	7.3801845e-45
1.8144800e+03	7.4140366e-45
1.8186700e+03	7.4480352e-45
1.8228600e+03	7.4821808e-45
1.8270600e+03	7.5164912e-45
1.8312800e+03	7.5509670e-45
1.8355000e+03	7.5855913e-45
1.8397300e+03	7.6203821e-45
1.8439800e+03	7.6553400e-45
1.8482300e+03	7.6904481e-45
1.8524900e+03	7.7257244e-45
1.8567600e+03	7.7611519e-45
1.8610400e+03	7.7967487e-45
1.8653400e+03	7.8325155e-45
1.8696400e+03	7.8684351e-45
1.8739500e+03	7.9045258e-45
1.8782700e+03	7.9407881e-45
1.8826000e+03	7.9772228e-45
1.8869400e+03	8.0138125e-45
1.8912900e+03	8.0505756e-45
1.8956500e+03	8.0875128e-45
1.9000300e+03	8.1246427e-45
1.9044100e+03	8.1618938e-45
1.9088000e+03	8.1993206e-45
1.9132000e+03	8.2369420e-45
1.9176100e+03	8.2747404e-45
1.9220300e+03	8.3126983e-45
1.9264700e+03	8.3508527e-45
1.9309100e+03	8.3891677e-45
1.9353600e+03	8.4276623e-45
1.9398300e+03	8.4663186e-45
1.9443000e+03	8.5051740e-45
1.9487800e+03	8.5442107e-45
1.9532800e+03	8.5834110e-45
1.9577800e+03	8.6227939e-45
1.9622900e+03	8.6623786e-45
1.9668200e+03	8.7021285e-45
1.9713600e+03	8.7420630e-45
1.9759000e+03	8.7821826e-45
1.9804600e+03	8.8224880e-45
1.9850200e+03	8.8629798e-45
1.9896000e+03	8.9036586e-45
1.9941900e+03	8.9445252e-45
1.9987900e+03	8.9855801e-45
2.0034000e+03	9.0268051e-45
2.0080200e+03	9.0682387e-45
2.0126500e+03	9.1098626e-45
2.0172900e+03	9.1516966e-45
2.0219400e+03	9.1937031e-45
2.0266000e+03	9.2359019e-45
2.0312800e+03	9.2782937e-45
2.0359600e+03	9.3208791e-45
2.0406600e+03	9.3636781e-45
2.0453600e+03	9.4066721e-45
2.0500800e+03	9.4498424e-45
2.0548100e+03	9.4932285e-45
2.0595400e+03	9.5368115e-45
2.0642900e+03	9.5805923e-45
2.0690500e+03	9.6245910e-45
2.0738300e+03	9.6687692e-45
2.0786100e+03	9.7131669e-45
2.0834000e+03	9.7577650e-45
2.0882100e+03	9.8025643e-45
2.0930200e+03	9.8475852e-45
2.0978500e+03	9.8927889e-45
2.1026900e+03	9.9382157e-45
2.1075300e+03	9.9838465e-45
2.1123900e+03	1.0029622e-44
2.1172700e+03	1.0075743e-44
2.1221500e+03	1.0121970e-44
2.1270400e+03	1.0168504e-44
2.1319500e+03	1.0215145e-44
2.1368600e+03	1.0262095e-44
2.1417900e+03	1.0309153e-44
2.1467300e+03	1.0356522e-44
2.1516800e+03	1.0404204e-44
2.1566400e+03	1.0451995e-44
2.1616100e+03	1.0499896e-44
2.1666000e+03	1.0548112e-44
2.1716000e+03	1.0596644e-44
2.1766000e+03	1.0645287e-44
2.1816200e+03	1.0694249e-44
2.1866500e+03	1.0743322e-44
2.1917000e+03	1.0792717e-44
2.1967500e+03	1.0842224e-44
2.2018200e+03	1.0892053e-44
2.2068900e+03	1.0941997e-44
2.2119800e+03	1.0992264e-44
2.2170800e+03	1.1042857e-44
2.2222000e+03	1.1093566e-44
2.2273200e+03	1.1144603e-44
2.2324600e+03	1.1195756e-44
2.2376000e+03	1.1247239e-44
2.2427600e+03	1.1298840e-44
2.2479400e+03	1.1350772e-44
2.2531200e+03	1.1402823e-44
2.2583200e+03	1.1455207e-44
2.2635200e+03	1.1507926e-44
2.2687400e+03	1.1560765e-44
2.2739700e+03	1.1613942e-44
2.2792200e+03	1.1667240e-44
2.2844700e+03	1.1720877e-44
2.2897400e+03	1.1774637e-44
2.2950200e+03	1.1828738e-44
2.3003100e+03	1.1883180e-44
2.3056200e+03	1.1937748e-44
2.3109400e+03	1.1992659e-44
2.3162700e+03	1.2047697e-44
2.3216100e+03	1.2103080e-44
2.3269600e+03	1.2158811e-44
2.3323300e+03	1.2214670e-44
2.3377000e+03	1.2270658e-44
2.3431000e+03	1.2327217e-44
2.3485000e+03	1.2383684e-44
2.3539100e+03	1.2440725e-44
2.3593400e+03	1.2497898e-44
2.3647800e+03	1.2555202e-44
2.3702400e+03	1.2613087e-44
2.3757000e+03	1.2670879e-44
2.3811800e+03	1.2729255e-44
2.3866700e+03	1.2787765e-44
2.3921700e+03	1.2846409e-44
2.3976900e+03	1.2905414e-44
2.4032200e+03	1.2964783e-44
2.4087600e+03	1.3024516e-44
2.4143200e+03	1.3084386e-44
2.4198800e+03	1.3144393e-44
2.4254600e+03	1.3204768e-44
2.4310600e+03	1.3265511e-44
2.4366600e+03	1.3326624e-44
2.4422800e+03	1.3387878e-44
2.4479100e+03	1.3449273e-44
2.4535600e+03	1.3511040e-44
2.4592200e+03	1.3573182e-44
2.4648900e+03	1.3635700e-44
2.4705700e+03	1.3698362e-44
2.4762700e+03	1.3761401e-44
2.4819800e+03	1.3824586e-44
2.4877000e+03	1.3888151e-44
2.4934400e+03	1.3952098e-44
2.4991900e+03	1.4016192e-44
2.5049500e+03	1.4080670e-44
2.5107300e+03	1.4145296e-44
2.5165200e+03	1.4210309e-44
2.5223200e+03	1.4275709e-44
2.5281400e+03	1.4341260e-44
2.5339700e+03	1.4407201e-44
2.5398100e+03	1.4473534e-44
2.5456700e+03	1.4540019e-44
2.5515400e+03	1.4606898e-44
2.5574200e+03	1.4674173e-44
2.5633200e+03	1.4741602e-44
2.5692300e+03	1.4809430e-44
2.5751600e+03	1.4877413e-44
2.5810900e+03	1.4945796e-44
2.5870500e+03	1.5014581e-44
2.5930100e+03	1.5083524e-44
2.5989900e+03	1.5152871e-44
2.6049900e+03	1.5222624e-44
2.6109900e+03	1.5292538e-44
2.6170100e+03	1.5362859e-44
2.6230500e+03	1.5433590e-44
2.6291000e+03	1.5504483e-44
2.6351600e+03	1.5575789e-44
2.6412400e+03	1.5647508e-44
2.6473300e+03	1.5719392e-44
2.6534300e+03	1.5791692e-44
2.6595500e+03	1.5864410e-44
2.6656800e+03	1.5937295e-44
2.6718300e+03	1.6010600e-44
2.6779900e+03	1.6084327e-44
2.6841700e+03	1.6158223e-44
2.6903600e+03	1.6232544e-44
2.6965600e+03	1.6307290e-44
2.7027800e+03	1.6382208e-44
2.7090100e+03	1.6457554e-44
2.7152600e+03	1.6533331e-44
2.7215200e+03	1.6609281e-44
2.7278000e+03	1.6685922e-44
2.7340900e+03	1.6762481e-44
2.7403900e+03	1.6839734e-44
2.7467100e+03	1.6917164e-44
2.7530400e+03	1.6995033e-44
2.7593900e+03	1.7073081e-44
2.7657600e+03	1.7151569e-44
2.7721300e+03	1.7230500e-44
2.7785300e+03	1.7309875e-44
2.7849300e+03	1.7389433e-44
2.7913600e+03	1.7469438e-44
2.7977900e+03	1.7549891e-44
2.8042400e+03	1.7630528e-44
2.8107100e+03	1.7711617e-44
2.8171900e+03	1.7793159e-44
2.8236900e+03	1.7874888e-44
2.8302000e+03	1.7957340e-44
2.8367300e+03	1.8039982e-44
2.8432700e+03	1.8122814e-44
2.8498300e+03	1.8206105e-44
2.8564000e+03	1.8289858e-44
2.8629800e+03	1.8374074e-44
2.8695900e+03	1.8458755e-44
2.8762000e+03	1.8543631e-44
2.8828400e+03	1.8628974e-44
2.8894800e+03	1.8714514e-44
2.8961500e+03	1.8800797e-44
2.9028300e+03	1.8887280e-44
2.9095200e+03	1.8974236e-44
2.9162300e+03	1.9061392e-44
2.9229500e+03	1.9149301e-44
2.9296900e+03	1.9237413e-44
2.9364500e+03	1.9325726e-44
2.9432200e+03	1.9414800e-44
2.9500100e+03	1.9504078e-44
2.9568100e+03	1.9593840e-44
2.9636300e+03	1.9684090e-44
2.9704600e+03	1.9774547e-44
2.9773100e+03	1.9865493e-44
2.9841800e+03	1.9956930e-44
2.9910600e+03	2.0048861e-44
2.9979600e+03	2.0141003e-44
3.0048700e+03	2.0233925e-44
3.0118000e+03	2.0326775e-44
3.0187500e+03	2.0420410e-44
3.0257100e+03	2.0514546e-44
3.0326800e+03	2.0608899e-44
3.0396800e+03	2.0703757e-44
3.0466900e+03	2.0799120e-44
3.0537100e+03	2.0894703e-44
3.0607600e+03	2.0990794e-44
3.0678100e+03	2.1087396e-44
3.0748900e+03	2.1184511e-44
3.0819800e+03	2.1282141e-44
3.0890900e+03	2.1379996e-44
3.0962100e+03	2.1478368e-44
3.1033500e+03	2.1577260e-44
3.1105100e+03	2.1676673e-44
3.1176800e+03	2.1776315e-44
3.1248700e+03	2.1876481e-44
3.1320700e+03	2.1977173e-44
3.1393000e+03	2.2078394e-44
3.1465400e+03	2.2180145e-44
3.1537900e+03	2.2282130e-44
3.1610600e+03	2.2384648e-44
3.1683500e+03	2.2487702e-44
3.1756600e+03	2.2591292e-44
3.1829800e+03	2.2695121e-44
3.1903200e+03	2.2799792e-44
3.1976800e+03	2.2904704e-44
3.2050500e+03	2.3010159e-44
3.2124400e+03	2.3116162e-44
3.2198500e+03	2.3222407e-44
3.2272800e+03	2.3329508e-44
3.2347200e+03	2.3436854e-44
3.2421800e+03	2.3544754e-44
3.2496600e+03	2.3652902e-44
3.2571500e+03	2.3761914e-44
3.2646600e+03	2.3871177e-44
3.2721900e+03	2.3981310e-44
3.2797300e+03	2.4091696e-44
3.2873000e+03	2.4202647e-44
3.2948800e+03	2.4313853e-44
3.3024800e+03	2.4425939e-44
3.3100900e+03	2.4538283e-44
3.3177200e+03	2.4651198e-44
3.3253700e+03	2.4764687e-44
3.3330400e+03	2.4878753e-44
3.3407300e+03	2.4993397e-44
3.3484300e+03	2.5108304e-44
3.3561500e+03	2.5224110e-44
3.3638900e+03	2.5340183e-44
3.3716500e+03	2.5456841e-44
3.3794300e+03	2.5574087e-44
3.3872200e+03	2.5691922e-44
3.3950300e+03	2.5810029e-44
3.4028600e+03	2.5929051e-44
3.4107100e+03	2.6048346e-44
3.4185700e+03	2.6168239e-44
3.4264500e+03	2.6288731e-44
3.4343600e+03	2.6409825e-44
3.4422800e+03	2.6531523e-44
3.4502100e+03	2.6653501e-44
3.4581700e+03	2.6776413e-44
3.4661400e+03	2.6899608e-44
3.4741400e+03	2.7023415e-44
3.4821500e+03	2.7147835e-44
3.4901800e+03	2.7272871e-44
3.4982300e+03	2.7398526e-44
3.5062900e+03	2.7524801e-44
3.5143800e+03	2.7651366e-44
3.5224800e+03	2.7778889e-44
3.5306100e+03	2.7906705e-44
3.5387500e+03	2.8035149e-44
3.5469100e+03	2.8164224e-44
3.5550900e+03	2.8293931e-44
3.5632900e+03	2.8424274e-44
3.5715000e+03	2.8555254e-44
3.5797400e+03	2.8686874e-44
3.5879900e+03	2.8818797e-44
3.5962700e+03	2.8951703e-44
3.6045600e+03	2.9084915e-44
3.6128700e+03	2.9218774e-44
3.6212000e+03	2.9353284e-44
3.6295500e+03	2.9488445e-44
3.6379200e+03	2.9624262e-44
3.6463100e+03	2.9760735e-44
3.6547200e+03	2.9897868e-44
3.6631500e+03	3.0035663e-44
3.6716000e+03	3.0173774e-44
3.6800600e+03	3.0312899e-44
3.6885500e+03	3.0452693e-44
3.6970600e+03	3.0592808e-44
3.7055800e+03	3.0733596e-44
3.7141300e+03	3.0875410e-44
3.7226900e+03	3.1017550e-44
3.7312800e+03	3.1160370e-44
3.7398800e+03	3.1303871e-44
3.7485000e+03	3.1448057e-44
3.7571500e+03	3.1592930e-44
3.7658100e+03	3.1738491e-44
3.7745000e+03	3.1884745e-44
3.7832000e+03	3.2031335e-44
3.7919200e+03	3.2178978e-44
3.8006700e+03	3.2327321e-44
3.8094300e+03	3.2476005e-44
3.8182200e+03	3.2625752e-44
3.8270200e+03	3.2775844e-44
3.8358500e+03	3.2927006e-44
3.8446900e+03	3.3078516e-44
3.8535600e+03	3.3231102e-44
3.8624400e+03	3.3384040e-44
3.8713500e+03	3.3537696e-44
3.8802800e+03	3.3692438e-44
3.8892300e+03	3.3847537e-44
3.8982000e+03	3.4003360e-44
3.9071800e+03	3.4160281e-44
3.9161900e+03	3.4317562e-44
3.9252300e+03	3.4475577e-44
3.9342800e+03	3.4634327e-44
3.9433500e+03	3.4793814e-44
3.9524400e+03	3.4954416e-44
3.9615600e+03	3.5115387e-44
3.9706900e+03	3.5277104e-44
3.9798500e+03	3.5439569e-44
3.9890300e+03	3.5602784e-44
3.9982300e+03	3.5766753e-44
4.0074500e+03	3.5931477e-44
4.0166900e+03	3.6097340e-44
4.0259500e+03	3.6263585e-44
4.0352300e+03	3.6430593e-44
4.0445400e+03	3.6598368e-44
4.0538700e+03	3.6766912e-44
4.0632100e+03	3.6936227e-44
4.0725800e+03	3.7106702e-44
4.0819700e+03	3.7277569e-44
4.0913900e+03	3.7449216e-44
4.1008200e+03	3.7621645e-44
4.1102800e+03	3.7795248e-44
4.1197600e+03	3.7969250e-44
4.1292600e+03	3.8144043e-44
4.1387800e+03	3.8320020e-44
4.1483200e+03	3.8496402e-44
4.1578900e+03	3.8673976e-44
4.1674800e+03	3.8851958e-44
4.1770900e+03	3.9031139e-44
4.1867200e+03	3.9210732e-44
4.1963800e+03	3.9391532e-44
4.2060500e+03	3.9573145e-44
4.2157500e+03	3.9755575e-44
4.2254700e+03	3.9938424e-44
4.2352200e+03	4.0122494e-44
4.2449800e+03	4.0307388e-44
4.2547700e+03	4.0493110e-44
4.2645800e+03	4.0679663e-44
4.2744200e+03	4.0867048e-44
4.2842700e+03	4.1055675e-44
4.2941500e+03	4.1244736e-44
4.3040600e+03	4.1434638e-44
4.3139800e+03	4.1625793e-44
4.3239300e+03	4.1817387e-44
4.3339000e+03	4.2010241e-44
4.3438900e+03	4.2203950e-44
4.3539100e+03	4.2398104e-44
4.3639500e+03	4.2593530e-44
4.3740200e+03	4.2789818e-44
4.3841000e+03	4.2986973e-44
4.3942100e+03	4.3184996e-44
4.4043400e+03	4.3384308e-44
4.4145000e+03	4.3584078e-44
4.4246800e+03	4.3784726e-44
4.4348800e+03	4.3986673e-44
4.4451100e+03	4.4189505e-44
4.4553600e+03	4.4393226e-44
4.4656400e+03	4.4597415e-44
4.4759300e+03	4.4802919e-44
4.4862600e+03	4.5009744e-44
4.4966000e+03	4.5217045e-44
4.5069700e+03	4.5425249e-44
4.5173600e+03	4.5634786e-44
4.5277800e+03	4.5845233e-44
4.5382200e+03	4.6056164e-44
4.5486900e+03	4.6268440e-44
4.5591800e+03	4.6481635e-44
4.5696900e+03	4.6696185e-44
4.5802300e+03	4.6911228e-44
4.5907900e+03	4.7127200e-44
4.6013800e+03	4.7344538e-44
4.6119900e+03	4.7562812e-44
4.6226200e+03	4.7782025e-44
4.6332800e+03	4.8002181e-44
4.6439700e+03	4.8223282e-44
4.6546700e+03	4.8445771e-44
4.6654100e+03	4.8668772e-44
4.6761700e+03	4.8893170e-44
4.6869500e+03	4.9118527e-44
4.6977600e+03	4.9344847e-44
4.7085900e+03	4.9572577e-44
4.7194500e+03	4.9800832e-44
4.7303300e+03	5.0030506e-44
4.7412400e+03	5.0261156e-44
4.7521700e+03	5.0492786e-44
4.7631300e+03	5.0725400e-44
4.7741200e+03	5.0958999e-44
4.7851300e+03	5.1194040e-44
4.7961600e+03	5.1430076e-44
4.8072200e+03	5.1667108e-44
4.8183100e+03	5.1905142e-44
4.8294200e+03	5.2144636e-44
4.8405500e+03	5.2384681e-44
4.8517200e+03	5.2626195e-44
4.8629000e+03	5.2868725e-44
4.8741200e+03	5.3112273e-44
4.8853600e+03	5.3357304e-44
4.8966200e+03	5.3603363e-44
4.9079100e+03	5.3850451e-44
4.9192300e+03	5.4098573e-44
4.9305800e+03	5.4347732e-44
4.9419500e+03	5.4598398e-44
4.9533400e+03	5.4850108e-44
4.9647600e+03	5.5102868e-44
4.9762100e+03	5.5356678e-44
4.9876900e+03	5.5612016e-44
4.9991900e+03	5.5868413e-44
5.0107200e+03	5.6125874e-44
5.0222700e+03	5.6384877e-44
5.0338500e+03	5.6644476e-44
5.0454600e+03	5.6905625e-44
5.0571000e+03	5.7167854e-44
5.0687600e+03	5.7431643e-44
5.0804500e+03	5.7696040e-44
5.0921600e+03	5.7962007e-44
5.1039100e+03	5.8229551e-44
5.1156800e+03	5.8497711e-44
5.1274700e+03	5.8767456e-44
5.1393000e+03	5.9038308e-44
5.1511500e+03	5.9310757e-44
5.1630300e+03	5.9583834e-44
5.1749300e+03	5.9858516e-44
5.1868700e+03	6.0134320e-44
5.1988300e+03	6.0411741e-44
5.2108100e+03	6.0690293e-44
5.2228300e+03	6.0969980e-44
5.2348700e+03	6.1251300e-44
5.2469500e+03	6.1533267e-44
5.2590500e+03	6.1817374e-44
5.2711700e+03	6.2102135e-44
5.2833300e+03	6.2388550e-44
5.2955100e+03	6.2676124e-44
5.3077200e+03	6.2964861e-44
5.3199600e+03	6.3255268e-44
5.3322300e+03	6.3546847e-44
5.3445300e+03	6.3839602e-44
5.3568500e+03	6.4134043e-44
5.3692000e+03	6.4429669e-44
5.3815900e+03	6.4726992e-44
5.3940000e+03	6.5025000e-44
5.4064300e+03	6.5325226e-44
5.4189000e+03	6.5626143e-44
5.4314000e+03	6.5928779e-44
5.4439200e+03	6.6232625e-44
5.4564800e+03	6.6538203e-44
5.4690600e+03	6.6845000e-44
5.4816700e+03	6.7153021e-44
5.4943100e+03	6.7462790e-44
5.5069800e+03	6.7773792e-44
5.5196800e+03	6.8086030e-44
5.5324100e+03	6.8400033e-44
5.5451700e+03	6.8715282e-44
5.5579500e+03	6.9032308e-44
5.5707700e+03	6.9350589e-44
5.5836200e+03	6.9670130e-44
5.5964900e+03	6.9991464e-44
5.6094000e+03	7.0314068e-44
5.6223300e+03	7.0638477e-44
5.6353000e+03	7.0964165e-44
5.6482900e+03	7.1291136e-44
5.6613200e+03	7.1619929e-44
5.6743700e+03	7.1950015e-44
5.6874600e+03	7.2281936e-44
5.7005700e+03	7.2615159e-44
5.7137200e+03	7.2949688e-44
5.7269000e+03	7.3286070e-44
5.7401000e+03	7.3624310e-44
5.7533400e+03	7.3963329e-44
5.7666100e+03	7.4304763e-44
5.7799000e+03	7.4646983e-44
5.7932300e+03	7.4991632e-44
5.8065900e+03	7.5337075e-44
5.8199800e+03	7.5684412e-44
5.8334000e+03	7.6033651e-44
5.8468500e+03	7.6384246e-44
5.8603400e+03	7.6736202e-44
5.8738500e+03	7.7090078e-44
5.8874000e+03	7.7445324e-44
5.9009700e+03	7.7802503e-44
5.9145800e+03	7.8161621e-44
5.9282200e+03	7.8521567e-44
5.9418900e+03	7.8884025e-44
5.9555900e+03	7.9247317e-44
5.9693300e+03	7.9613137e-44
5.9830900e+03	7.9980365e-44
5.9968900e+03	8.0349005e-44
6.0107200e+03	8.0719629e-44
6.0245800e+03	8.1091675e-44
6.0384700e+03	8.1465718e-44
6.0524000e+03	8.1841194e-44
6.0663500e+03	8.2218681e-44
6.0803400e+03	8.2597610e-44
6.0943600e+03	8.2978564e-44
6.1084200e+03	8.3360971e-44
6.1225000e+03	8.3745415e-44
6.1366200e+03	8.4131903e-44
6.1507700e+03	8.4519863e-44
6.1649600e+03	8.4909298e-44
6.1791700e+03	8.5300796e-44
6.1934200e+03	8.5694366e-44
6.2077000e+03	8.6089428e-44
6.2220200e+03	8.6486575e-44
6.2363700e+03	8.6885226e-44
6.2507500e+03	8.7285975e-44
6.2651600e+03	8.7688831e-44
6.2796100e+03	8.8092614e-44
6.2940900e+03	8.8499110e-44
6.3086000e+03	8.8907138e-44
6.3231500e+03	8.9317300e-44
6.3377300e+03	8.9729004e-44
6.3523500e+03	9.0142857e-44
6.3670000e+03	9.0558263e-44
6.3816800e+03	9.0976434e-44
6.3964000e+03	9.1395568e-44
6.4111500e+03	9.1817484e-44
6.4259300e+03	9.2240372e-44
6.4407500e+03	9.2666057e-44
6.4556000e+03	9.3093333e-44
6.4704900e+03	9.3522814e-44
6.4854100e+03	9.3953897e-44
6.5003600e+03	9.4387201e-44
6.5153500e+03	9.4822732e-44
6.5303800e+03	9.5259884e-44
6.5454400e+03	9.5699279e-44
6.5605300e+03	9.6140304e-44
6.5756600e+03	9.6583587e-44
6.5908200e+03	9.7029135e-44
6.6060200e+03	9.7476957e-44
6.6212600e+03	9.7926437e-44
6.6365200e+03	9.8377577e-44
6.6518300e+03	9.8831641e-44
6.6671700e+03	9.9287380e-44
6.6825400e+03	9.9745431e-44
6.6979500e+03	1.0020517e-43
6.7134000e+03	1.0066723e-43
6.7288800e+03	1.0113163e-43
6.7443900e+03	1.0159838e-43
6.7599500e+03	1.0206683e-43
6.7755400e+03	1.0253765e-43
6.7911600e+03	1.0301019e-43
6.8068200e+03	1.0348510e-43
6.8225200e+03	1.0396239e-43
6.8382500e+03	1.0444208e-43
6.8540200e+03	1.0492352e-43
6.8698200e+03	1.0540801e-43
6.8856700e+03	1.0589362e-43
6.9015400e+03	1.0638230e-43
6.9174600e+03	1.0687276e-43
6.9334100e+03	1.0736566e-43
6.9494000e+03	1.0786101e-43
6.9654300e+03	1.0835816e-43
6.9814900e+03	1.0885842e-43
6.9975900e+03	1.0936051e-43
7.0137200e+03	1.0986441e-43
7.0299000e+03	1.1037146e-43
7.0461100e+03	1.1088034e-43
7.0623600e+03	1.1139173e-43
7.0786400e+03	1.1190564e-43
7.0949700e+03	1.1242140e-43
7.1113300e+03	1.1294036e-43
7.1277300e+03	1.1346119e-43
7.1441600e+03	1.1398456e-43
7.1606400e+03	1.1451050e-43
7.1771500e+03	1.1503832e-43
7.1937000e+03	1.1556872e-43
7.2102900e+03	1.1610170e-43
7.2269200e+03	1.1663728e-43
7.2435800e+03	1.1717545e-43
7.2602800e+03	1.1771624e-43
7.2770300e+03	1.1825896e-43
7.2938100e+03	1.1880430e-43
7.3106300e+03	1.1935228e-43
7.3274900e+03	1.1990291e-43
7.3443800e+03	1.2045550e-43
7.3613200e+03	1.2101145e-43
7.3782900e+03	1.2156937e-43
7.3953100e+03	1.2213068e-43
7.4123600e+03	1.2269398e-43
7.4294600e+03	1.2325927e-43
7.4465900e+03	1.2382798e-43
7.4637600e+03	1.2439941e-43
7.4809700e+03	1.2497286e-43
7.4982200e+03	1.2554975e-43
7.5155100e+03	1.2612868e-43
7.5328400e+03	1.2671037e-43
7.5502200e+03	1.2729482e-43
7.5676300e+03	1.2788205e-43
7.5850800e+03	1.2847206e-43
7.6025700e+03	1.2906416e-43
7.6201000e+03	1.2965977e-43
7.6376700e+03	1.3025819e-43
7.6552800e+03	1.3085872e-43
7.6729400e+03	1.3146208e-43
7.6906300e+03	1.3206901e-43
7.7083700e+03	1.3267806e-43
7.7261400e+03	1.3328998e-43
7.7439600e+03	1.3390476e-43
7.7618200e+03	1.3452243e-43
7.7797100e+03	1.3514299e-43
7.7976500e+03	1.3576646e-43
7.8156400e+03	1.3639283e-43
7.8336600e+03	1.3702139e-43
7.8517200e+03	1.3765361e-43
7.8698300e+03	1.3828878e-43
7.8879800e+03	1.3892691e-43
7.9061700e+03	1.3956725e-43
7.9244000e+03	1.4021130e-43
7.9426700e+03	1.4085835e-43
7.9609900e+03	1.4150763e-43
7.9793500e+03	1.4216067e-43
7.9977500e+03	1.4281672e-43
8.0161900e+03	1.4347505e-43
8.0346800e+03	1.4413716e-43
8.0532000e+03	1.4480232e-43
8.0717700e+03	1.4546977e-43
8.0903900e+03	1.4614106e-43
8.1090400e+03	1.4681542e-43
8.1277400e+03	1.4749210e-43
8.1464900e+03	1.4817264e-43
8.1652700e+03	1.4885630e-43
8.1841000e+03	1.4954308e-43
8.2029700e+03	1.5023298e-43
8.2218900e+03	1.5092603e-43
8.2408500e+03	1.5162224e-43
8.2598500e+03	1.5232160e-43
8.2789000e+03	1.5302414e-43
8.2979900e+03	1.5372986e-43
8.3171300e+03	1.5443957e-43
8.3363100e+03	1.5515170e-43
8.3555300e+03	1.5586704e-43
8.3748000e+03	1.5658640e-43
8.3941100e+03	1.5730901e-43
8.4134700e+03	1.5803487e-43
8.4328700e+03	1.5876320e-43
8.4523100e+03	1.5949560e-43
8.4718100e+03	1.6023208e-43
8.4913400e+03	1.6097107e-43
8.5109200e+03	1.6171336e-43
8.5305500e+03	1.6245978e-43
8.5502200e+03	1.6320873e-43
8.5699400e+03	1.6396183e-43
8.5897000e+03	1.6471828e-43
8.6095100e+03	1.6547810e-43
8.6293600e+03	1.6624131e-43
8.6492600e+03	1.6700872e-43
8.6692100e+03	1.6777871e-43
8.6892000e+03	1.6855294e-43
8.7092300e+03	1.6933060e-43
8.7293200e+03	1.7011170e-43
8.7494500e+03	1.7089625e-43
8.7696200e+03	1.7168509e-43
8.7898500e+03	1.7247658e-43
8.8101200e+03	1.7327239e-43
8.8304300e+03	1.7407169e-43
8.8508000e+03	1.7487535e-43
8.8712100e+03	1.7568169e-43
8.8916600e+03	1.7649241e-43
8.9121700e+03	1.7730668e-43
8.9327200e+03	1.7812451e-43
8.9533200e+03	1.7894677e-43
8.9739600e+03	1.7977176e-43
8.9946600e+03	1.8060120e-43
9.0154000e+03	1.8143425e-43
9.0361900e+03	1.8227179e-43
9.0570300e+03	1.8311210e-43
9.0779100e+03	1.8395693e-43
9.0988500e+03	1.8480627e-43
9.1198300e+03	1.8565844e-43
9.1408600e+03	1.8651515e-43
9.1619400e+03	1.8737557e-43
9.1830700e+03	1.8823971e-43
9.2042400e+03	1.8910844e-43
9.2254700e+03	1.8998091e-43
9.2467400e+03	1.9085714e-43
9.2680600e+03	1.9173802e-43
9.2894400e+03	1.9262268e-43
9.3108600e+03	1.9351113e-43
9.3323300e+03	1.9440427e-43
9.3538500e+03	1.9530124e-43
9.3754200e+03	1.9620204e-43
9.3970400e+03	1.9710759e-43
9.4187100e+03	1.9801699e-43
9.4404300e+03	1.9893027e-43
9.4622000e+03	1.9984834e-43
9.4840200e+03	2.0077031e-43
9.5058900e+03	2.0169620e-43
9.5278100e+03	2.0262692e-43
9.5497800e+03	2.0356159e-43
9.5718000e+03	2.0450112e-43
9.5938700e+03	2.0544463e-43
9.6160000e+03	2.0639212e-43
9.6381700e+03	2.0734453e-43
9.6604000e+03	2.0830096e-43
9.6826700e+03	2.0926233e-43
9.7050000e+03	2.1022775e-43
9.7273800e+03	2.1119815e-43
9.7498100e+03	2.1217171e-43
9.7723000e+03	2.1315119e-43
9.7948300e+03	2.1413479e-43
9.8174200e+03	2.1512250e-43
9.8400600e+03	2.1611527e-43
9.8627500e+03	2.1711220e-43
9.8854900e+03	2.1811422e-43
9.9082900e+03	2.1912042e-43
9.9311400e+03	2.2013081e-43
9.9540400e+03	2.2114729e-43
9.9769900e+03	2.2216705e-43
1.0000000e+04	2.2319199e-43
