1.0000000e+01	1.2113644e-42
1.0023100e+01	1.1887759e-42
1.0046200e+01	1.1666160e-42
1.0069300e+01	1.1448572e-42
1.0092600e+01	1.1235364e-42
1.0115800e+01	1.1026050e-42
1.0139200e+01	1.0820993e-42
1.0162500e+01	1.0619509e-42
1.0186000e+01	1.0421960e-42
1.0209500e+01	1.0228288e-42
1.0233000e+01	1.0038236e-42
1.0256600e+01	9.8516344e-43
1.0280300e+01	9.6686709e-43
1.0304000e+01	9.4891562e-43
1.0327700e+01	9.3130220e-43
1.0351500e+01	9.1402395e-43
1.0375400e+01	8.9707039e-43
1.0399300e+01	8.8043692e-43
1.0423300e+01	8.6411712e-43
1.0447400e+01	8.4810470e-43
1.0471400e+01	8.3239347e-43
1.0495600e+01	8.1697917e-43
1.0519800e+01	8.0185398e-43
1.0544100e+01	7.8701383e-43
1.0568400e+01	7.7245115e-43
1.0592700e+01	7.5816377e-43
1.0617200e+01	7.4414432e-43
1.0641700e+01	7.3038731e-43
1.0666200e+01	7.1688904e-43
1.0690800e+01	7.0364416e-43
1.0715400e+01	6.9064576e-43
1.0740100e+01	6.7789205e-43
1.0764900e+01	6.6537791e-43
1.0789700e+01	6.5309672e-43
1.0814600e+01	6.4104683e-43
1.0839600e+01	6.2922177e-43
1.0864600e+01	6.1761680e-43
1.0889600e+01	6.0622886e-43
1.0914700e+01	5.9505487e-43
1.0939900e+01	5.8408876e-43
1.0965100e+01	5.7332761e-43
1.0990400e+01	5.6276703e-43
1.1015700e+01	5.5240421e-43
1.1041200e+01	5.4223489e-43
1.1066600e+01	5.3225488e-43
1.1092100e+01	5.2246008e-43
1.1117700e+01	5.1284791e-43
1.1143300e+01	5.0341579e-43
1.1169000e+01	4.9415839e-43
1.1194800e+01	4.8507464e-43
1.1220600e+01	4.7615934e-43
1.1246500e+01	4.6740877e-43
1.1272400e+01	4.5882199e-43
1.1298400e+01	4.5039534e-43
1.1324500e+01	4.4212526e-43
1.1350600e+01	4.3400822e-43
1.1376800e+01	4.2604340e-43
1.1403000e+01	4.1822477e-43
1.1429300e+01	4.1055287e-43
1.1455600e+01	4.0302310e-43
1.1482100e+01	3.9563345e-43
1.1508500e+01	3.8838073e-43
1.1535100e+01	3.8126179e-43
1.1561700e+01	3.7427599e-43
1.1588300e+01	3.6741903e-43
1.1615100e+01	3.6069033e-43
1.1641800e+01	3.5408569e-43
1.1668700e+01	3.4760340e-43
1.1695600e+01	3.4124174e-43
1.1722600e+01	3.3499786e-43
1.1749600e+01	3.2887013e-43
1.1776700e+01	3.2285579e-43
1.1803900e+01	3.1695211e-43
1.1831100e+01	3.1115869e-43
1.1858400e+01	3.0547287e-43
1.1885700e+01	2.9989095e-43
1.1913100e+01	2.9441367e-43
1.1940600e+01	2.8903741e-43
1.1968100e+01	2.8376077e-43
1.1995700e+01	2.7858234e-43
1.2023400e+01	2.7349867e-43
1.2051100e+01	2.6850948e-43
1.2078900e+01	2.6361345e-43
1.2106800e+01	2.5880723e-43
1.2134700e+01	2.5408959e-43
1.2162700e+01	2.4946029e-43
1.2190700e+01	2.4491611e-43
1.2218800e+01	2.4045587e-43
1.2247000e+01	2.3607840e-43
1.2275200e+01	2.3178158e-43
1.2303500e+01	2.2756525e-43
1.2331900e+01	2.2342544e-43
1.2360300e+01	2.1936296e-43
1.2388800e+01	2.1537582e-43
1.2417400e+01	2.1146202e-43
1.2446100e+01	2.0762148e-43
1.2474800e+01	2.0385135e-43
1.2503500e+01	2.0015065e-43
1.2532400e+01	1.9651932e-43
1.2561300e+01	1.9295462e-43
1.2590200e+01	1.8945562e-43
1.2619300e+01	1.8602142e-43
1.2648400e+01	1.8265110e-43
1.2677500e+01	1.7934293e-43
1.2706800e+01	1.7609605e-43
1.2736100e+01	1.7290960e-43
1.2765400e+01	1.6978191e-43
1.2794900e+01	1.6671134e-43
1.2824400e+01	1.6369873e-43
1.2853900e+01	1.6074166e-43
1.2883600e+01	1.5783934e-43
1.2913300e+01	1.5499024e-43
1.2943100e+01	1.5219439e-43
1.2972900e+01	1.4945105e-43
1.3002800e+01	1.4675795e-43
1.3032800e+01	1.4411438e-43
1.3062900e+01	1.4152042e-43
1.3093000e+01	1.3897462e-43
1.3123200e+01	1.3647631e-43
1.3153400e+01	1.3402408e-43
1.3183800e+01	1.3161731e-43
1.3214200e+01	1.2925535e-43
1.3244700e+01	1.2693758e-43
1.3275200e+01	1.2466266e-43
1.3305800e+01	1.2243071e-43
1.3336500e+01	1.2023972e-43
1.3367200e+01	1.1808982e-43
1.3398100e+01	1.1598043e-43
1.3429000e+01	1.1390963e-43
1.3459900e+01	1.1187821e-43
1.3491000e+01	1.0988429e-43
1.3522100e+01	1.0792868e-43
1.3553300e+01	1.0600885e-43
1.3584500e+01	1.0412561e-43
1.3615800e+01	1.0227716e-43
1.3647200e+01	1.0046364e-43
1.3678700e+01	9.8684568e-44
1.3710300e+01	9.6939445e-44
1.3741900e+01	9.5226554e-44
1.3773600e+01	9.3546669e-44
1.3805300e+01	9.1898104e-44
1.3837200e+01	9.0281620e-44
1.3869100e+01	8.8695561e-44
1.3901100e+01	8.7139498e-44
1.3933100e+01	8.5613590e-44
1.3965200e+01	8.4116821e-44
1.3997400e+01	8.2648775e-44
1.4029700e+01	8.1209041e-44
1.4062100e+01	7.9797210e-44
1.4094500e+01	7.8412881e-44
1.4127000e+01	7.7055653e-44
1.4159600e+01	7.5724583e-44
1.4192200e+01	7.4419840e-44
1.4225000e+01	7.3141039e-44
1.4257800e+01	7.1887798e-44
1.4290600e+01	7.0659209e-44
1.4323600e+01	6.9454913e-44
1.4356600e+01	6.8275600e-44
1.4389700e+01	6.7119856e-44
1.4422900e+01	6.5987848e-44
1.4456200e+01	6.4879222e-44
1.4489500e+01	6.3793625e-44
1.4522900e+01	6.2731213e-44
1.4556400e+01	6.1690637e-44
1.4590000e+01	6.0673050e-44
1.4623600e+01	5.9677116e-44
1.4657300e+01	5.8702990e-44
1.4691100e+01	5.7750819e-44
1.4725000e+01	5.6820257e-44
1.4759000e+01	5.5910494e-44
1.4793000e+01	5.5022616e-44
1.4827100e+01	5.4155806e-44
1.4861300e+01	5.3309730e-44
1.4895600e+01	5.2484977e-44
1.4929900e+01	5.1681657e-44
1.4964400e+01	5.0898970e-44
1.4998900e+01	5.0137479e-44
1.5033500e+01	4.9397285e-44
1.5068100e+01	4.8678921e-44
1.5102900e+01	4.7982026e-44
1.5137700e+01	4.7306685e-44
1.5172600e+01	4.6654272e-44
1.5207600e+01	4.6023979e-44
1.5242700e+01	4.5417151e-44
1.5277800e+01	4.4833828e-44
1.5313100e+01	4.4275314e-44
1.5348400e+01	4.3741631e-44
1.5383800e+01	4.3234469e-44
1.5419200e+01	4.2754660e-44
1.5454800e+01	4.2303028e-44
1.5490400e+01	4.1881622e-44
1.5526100e+01	4.1492060e-44
1.5561900e+01	4.1136358e-44
1.5597800e+01	4.0816525e-44
1.5633800e+01	4.0536185e-44
1.5669900e+01	4.0297752e-44
1.5706000e+01	4.0105269e-44
1.5742200e+01	3.9963208e-44
1.5778500e+01	3.9876895e-44
1.5814900e+01	3.9852935e-44
1.5851400e+01	3.9898864e-44
1.5887900e+01	4.0023603e-44
1.5924600e+01	4.0237953e-44
1.5961300e+01	4.0555918e-44
1.5998100e+01	4.0993696e-44
1.6035000e+01	4.1571948e-44
1.6072000e+01	4.2316193e-44
1.6109000e+01	4.3258592e-44
1.6146200e+01	4.4440434e-44
1.6183400e+01	4.5914633e-44
1.6220700e+01	4.7751864e-44
1.6258100e+01	5.0044374e-44
1.6295600e+01	5.2918862e-44
1.6333200e+01	5.6549316e-44
1.6370900e+01	6.1183012e-44
1.6408600e+01	6.7177901e-44
1.6446400e+01	7.5071616e-44
1.6484400e+01	8.5699050e-44
1.6522400e+01	1.0041484e-43
1.6560500e+01	1.2154009e-43
1.6598700e+01	1.5332628e-43
1.6636900e+01	2.0426694e-43
1.6675300e+01	2.9342589e-43
1.6713800e+01	4.7136738e-43
1.6752300e+01	9.1220646e-43
1.6790900e+01	2.5899752e-42
1.6829700e+01	2.9440174e-41
1.6868500e+01	1.4645240e-41
1.6907400e+01	1.9961169e-42
1.6946400e+01	7.5345178e-43
1.6985400e+01	3.9573410e-43
1.7024600e+01	2.4583846e-43
1.7063900e+01	1.6924996e-43
1.7103200e+01	1.2495094e-43
1.7142700e+01	9.7042841e-44
1.7182200e+01	7.8322739e-44
1.7221800e+01	6.5145926e-44
1.7261500e+01	5.5507831e-44
1.7301300e+01	4.8234262e-44
1.7341200e+01	4.2598483e-44
1.7381200e+01	3.8134278e-44
1.7421300e+01	3.4528701e-44
1.7461500e+01	3.1567695e-44
1.7501700e+01	2.9099242e-44
1.7542100e+01	2.7014210e-44
1.7582500e+01	2.5232052e-44
1.7623100e+01	2.3691982e-44
1.7663700e+01	2.2348456e-44
1.7704500e+01	2.1165885e-44
1.7745300e+01	2.0116600e-44
1.7786200e+01	1.9178649e-44
1.7827200e+01	1.8334243e-44
1.7868300e+01	1.7569237e-44
1.7909500e+01	1.6872711e-44
1.7950800e+01	1.6234582e-44
1.7992200e+01	1.5647258e-44
1.8033700e+01	1.5104410e-44
1.8075300e+01	1.4600372e-44
1.8117000e+01	1.4130790e-44
1.8158800e+01	1.3691340e-44
1.8200600e+01	1.3279105e-44
1.8242600e+01	1.2891105e-44
1.8284700e+01	1.2524743e-44
1.8326800e+01	1.2178226e-44
1.8369100e+01	1.1849411e-44
1.8411500e+01	1.1536693e-44
1.8453900e+01	1.1238756e-44
1.8496500e+01	1.0954344e-44
1.8539100e+01	1.0682256e-44
1.8581900e+01	1.0421756e-44
1.8624700e+01	1.0171933e-44
1.8667700e+01	9.9317170e-45
1.8710700e+01	9.7006938e-45
1.8753900e+01	9.4781907e-45
1.8797100e+01	9.2636005e-45
1.8840500e+01	9.0564724e-45
1.8883900e+01	8.8563345e-45
1.8927500e+01	8.6627509e-45
1.8971100e+01	8.4753566e-45
1.9014900e+01	8.2938360e-45
1.9058700e+01	8.1178298e-45
1.9102700e+01	7.9470806e-45
1.9146700e+01	7.7813040e-45
1.9190900e+01	7.6202774e-45
1.9235100e+01	7.4637677e-45
1.9279500e+01	7.3115668e-45
1.9323900e+01	7.1634726e-45
1.9368500e+01	7.0193062e-45
1.9413200e+01	6.8789275e-45
1.9457900e+01	6.7421506e-45
1.9502800e+01	6.6088445e-45
1.9547800e+01	6.4788655e-45
1.9592800e+01	6.3521059e-45
1.9638000e+01	6.2284138e-45
1.9683300e+01	6.1077195e-45
1.9728700e+01	5.9898777e-45
1.9774200e+01	5.8748086e-45
1.9819800e+01	5.7624192e-45
1.9865500e+01	5.6526188e-45
1.9911300e+01	5.5453192e-45
1.9957200e+01	5.4404491e-45
2.0003200e+01	5.3379243e-45
2.0049400e+01	5.2376630e-45
2.0095600e+01	5.1396138e-45
2.0141900e+01	5.0437126e-45
2.0188400e+01	4.9498823e-45
2.0234900e+01	4.8580761e-45
2.0281600e+01	4.7682339e-45
2.0328400e+01	4.6802975e-45
2.0375300e+01	4.5942233e-45
2.0422200e+01	4.5099418e-45
2.0469300e+01	4.4274252e-45
2.0516500e+01	4.3466330e-45
2.0563800e+01	4.2674863e-45
2.0611300e+01	4.1899729e-45
2.0658800e+01	4.1140422e-45
2.0706400e+01	4.0396575e-45
2.0754200e+01	3.9667827e-45
2.0802000e+01	3.8953701e-45
2.0850000e+01	3.8253978e-45
2.0898100e+01	3.7568196e-45
2.0946300e+01	3.6896027e-45
2.0994600e+01	3.6237149e-45
2.1043000e+01	3.5591486e-45
2.1091500e+01	3.4958366e-45
2.1140200e+01	3.4337725e-45
2.1188900e+01	3.3729263e-45
2.1237800e+01	3.3132687e-45
2.1286800e+01	3.2547710e-45
2.1335800e+01	3.1974049e-45
2.1385000e+01	3.1411429e-45
2.1434400e+01	3.0859803e-45
2.1483800e+01	3.0318679e-45
2.1533300e+01	2.9787908e-45
2.1583000e+01	2.9267451e-45
2.1632700e+01	2.8756835e-45
2.1682600e+01	2.8255922e-45
2.1732600e+01	2.7764574e-45
2.1782800e+01	2.7282549e-45
2.1833000e+01	2.6809613e-45
2.1883300e+01	2.6345738e-45
2.1933800e+01	2.5890492e-45
2.1984400e+01	2.5443853e-45
2.2035100e+01	2.5005600e-45
2.2085900e+01	2.4575517e-45
2.2136800e+01	2.4153588e-45
2.2187900e+01	2.3739405e-45
2.2239000e+01	2.3333054e-45
2.2290300e+01	2.2934234e-45
2.2341700e+01	2.2542839e-45
2.2393200e+01	2.2158767e-45
2.2444900e+01	2.1781729e-45
2.2496600e+01	2.1411720e-45
2.2548500e+01	2.1048551e-45
2.2600500e+01	2.0692036e-45
2.2652600e+01	2.0342084e-45
2.2704900e+01	1.9998605e-45
2.2757200e+01	1.9661509e-45
2.2809700e+01	1.9330531e-45
2.2862300e+01	1.9005589e-45
2.2915000e+01	1.8686686e-45
2.2967900e+01	1.8373568e-45
2.3020800e+01	1.8066155e-45
2.3073900e+01	1.7764370e-45
2.3127100e+01	1.7468053e-45
2.3180400e+01	1.7177212e-45
2.3233900e+01	1.6891607e-45
2.3287500e+01	1.6611167e-45
2.3341200e+01	1.6335824e-45
2.3395000e+01	1.6065507e-45
2.3448900e+01	1.5800069e-45
2.3503000e+01	1.5539443e-45
2.3557200e+01	1.5283487e-45
2.3611500e+01	1.5032137e-45
2.3666000e+01	1.4785409e-45
2.3720600e+01	1.4543011e-45
2.3775300e+01	1.4305037e-45
2.3830100e+01	1.4071351e-45
2.3885000e+01	1.3841823e-45
2.3940100e+01	1.3616469e-45
2.3995300e+01	1.3395161e-45
2.4050700e+01	1.3177771e-45
2.4106100e+01	1.2964248e-45
2.4161700e+01	1.2754612e-45
2.4217400e+01	1.2548669e-45
2.4273300e+01	1.2346369e-45
2.4329200e+01	1.2147734e-45
2.4385400e+01	1.1952647e-45
2.4441600e+01	1.1760990e-45
2.4497900e+01	1.1572788e-45
2.4554400e+01	1.1387858e-45
2.4611100e+01	1.1206292e-45
2.4667800e+01	1.1027912e-45
2.4724700e+01	1.0852676e-45
2.4781700e+01	1.0680543e-45
2.4838900e+01	1.0511472e-45
2.4896100e+01	1.0345358e-45
2.4953600e+01	1.0182226e-45
2.5011100e+01	1.0021973e-45
2.5068800e+01	9.8644990e-46
2.5126600e+01	9.7098299e-46
2.5184500e+01	9.5578669e-46
2.5242600e+01	9.4085747e-46
2.5300800e+01	9.2619184e-46
2.5359200e+01	9.1178634e-46
2.5417600e+01	8.9763156e-46
2.5476200e+01	8.8372426e-46
2.5535000e+01	8.7005531e-46
2.5593900e+01	8.5663338e-46
2.5652900e+01	8.4344357e-46
2.5712100e+01	8.3048289e-46
2.5771300e+01	8.1774837e-46
2.5830800e+01	8.0523710e-46
2.5890300e+01	7.9294618e-46
2.5950000e+01	7.8086714e-46
2.6009900e+01	7.6899727e-46
2.6069900e+01	7.5733389e-46
2.6130000e+01	7.4587433e-46
2.6190200e+01	7.3461055e-46
2.6250600e+01	7.2354544e-46
2.6311200e+01	7.1267108e-46
2.6371800e+01	7.0198502e-46
2.6432600e+01	6.9147962e-46
2.6493600e+01	6.8116302e-46
2.6554700e+01	6.7102240e-46
2.6615900e+01	6.6105038e-46
2.6677300e+01	6.5126019e-46
2.6738800e+01	6.4162916e-46
2.6800500e+01	6.3217045e-46
2.6862300e+01	6.2287181e-46
2.6924200e+01	6.1373126e-46
2.6986300e+01	6.0475171e-46
2.7048600e+01	5.9592621e-46
2.7110900e+01	5.8724798e-46
2.7173400e+01	5.7872000e-46
2.7236100e+01	5.7033559e-46
2.7298900e+01	5.6209771e-46
2.7361900e+01	5.5399978e-46
2.7425000e+01	5.4604006e-46
2.7488200e+01	5.3821680e-46
2.7551600e+01	5.3052370e-46
2.7615100e+01	5.2296372e-46
2.7678800e+01	5.1553065e-46
2.7742600e+01	5.0822743e-46
2.7806600e+01	5.0104346e-46
2.7870700e+01	4.9398174e-46
2.7935000e+01	4.8704076e-46
2.7999400e+01	4.8021901e-46
2.8064000e+01	4.7351066e-46
2.8128700e+01	4.6691431e-46
2.8193600e+01	4.6043289e-46
2.8258600e+01	4.5405643e-46
2.8323700e+01	4.4778792e-46
2.8389100e+01	4.4162602e-46
2.8454500e+01	4.3556942e-46
2.8520100e+01	4.2961267e-46
2.8585900e+01	4.2375458e-46
2.8651800e+01	4.1799802e-46
2.8717900e+01	4.1233364e-46
2.8784100e+01	4.0676839e-46
2.8850500e+01	4.0129304e-46
2.8917000e+01	3.9591051e-46
2.8983700e+01	3.9061570e-46
2.9050600e+01	3.8540757e-46
2.9117500e+01	3.8028900e-46
2.9184700e+01	3.7525501e-46
2.9252000e+01	3.7030459e-46
2.9319400e+01	3.6543675e-46
2.9387100e+01	3.6064669e-46
2.9454800e+01	3.5593728e-46
2.9522700e+01	3.5130755e-46
2.9590800e+01	3.4675281e-46
2.9659100e+01	3.4227220e-46
2.9727500e+01	3.3786851e-46
2.9796000e+01	3.3353352e-46
2.9864700e+01	3.2927006e-46
2.9933600e+01	3.2508090e-46
3.0002600e+01	3.2095439e-46
3.0071800e+01	3.1690052e-46
3.0141100e+01	3.1290780e-46
3.0210600e+01	3.0898608e-46
3.0280300e+01	3.0512404e-46
3.0350100e+01	3.0132447e-46
3.0420100e+01	2.9759010e-46
3.0490300e+01	2.9391331e-46
3.0560600e+01	2.9029685e-46
3.0631100e+01	2.8674004e-46
3.0701700e+01	2.8324217e-46
3.0772500e+01	2.7979922e-46
3.0843500e+01	2.7641058e-46
3.0914600e+01	2.7307893e-46
3.0985900e+01	2.6979705e-46
3.1057300e+01	2.6657093e-46
3.1128900e+01	2.6339667e-46
3.1200700e+01	2.6027369e-46
3.1272700e+01	2.5720141e-46
3.1344800e+01	2.5417606e-46
3.1417100e+01	2.5120031e-46
3.1489500e+01	2.4827044e-46
3.1562100e+01	2.4538909e-46
3.1634900e+01	2.4255259e-46
3.1707900e+01	2.3976045e-46
3.1781000e+01	2.3701526e-46
3.1854300e+01	2.3431037e-46
3.1927700e+01	2.3164840e-46
3.2001400e+01	2.2903190e-46
3.2075200e+01	2.2645434e-46
3.2149100e+01	2.2391830e-46
3.2223300e+01	2.2142035e-46
3.2297600e+01	2.1896305e-46
3.2372000e+01	2.1654300e-46
3.2446700e+01	2.1416274e-46
3.2521500e+01	2.1181892e-46
3.2596500e+01	2.0951115e-46
3.2671700e+01	2.0723906e-46
3.2747000e+01	2.0500226e-46
3.2822500e+01	2.0280323e-46
3.2898200e+01	2.0063589e-46
3.2974100e+01	1.9849992e-46
3.3050100e+01	1.9640060e-46
3.3126300e+01	1.9433196e-46
3.3202700e+01	1.9229646e-46
3.3279300e+01	1.9029099e-46
3.3356000e+01	1.8831524e-46
3.3433000e+01	1.8637164e-46
3.3510000e+01	1.8445714e-46
3.3587300e+01	1.8257414e-46
3.3664800e+01	1.8071694e-46
3.3742400e+01	1.7888795e-46
3.3820200e+01	1.7708956e-46
3.3898200e+01	1.7531614e-46
3.3976400e+01	1.7357009e-46
3.4054700e+01	1.7185112e-46
3.4133300e+01	1.7015637e-46
3.4212000e+01	1.6848819e-46
3.4290900e+01	1.6684372e-46
3.4369900e+01	1.6522532e-46
3.4449200e+01	1.6363271e-46
3.4528600e+01	1.6206308e-46
3.4608300e+01	1.6051623e-46
3.4688100e+01	1.5899192e-46
3.4768100e+01	1.5748995e-46
3.4848200e+01	1.5601009e-46
3.4928600e+01	1.5455462e-46
3.5009100e+01	1.5311835e-46
3.5089900e+01	1.5170356e-46
3.5170800e+01	1.5031005e-46
3.5251900e+01	1.4893762e-46
3.5333200e+01	1.4758605e-46
3.5414700e+01	1.4625274e-46
3.5496300e+01	1.4493993e-46
3.5578200e+01	1.4364502e-46
3.5660200e+01	1.4237024e-46
3.5742500e+01	1.4111302e-46
3.5824900e+01	1.3987320e-46
3.5907500e+01	1.3865298e-46
3.5990300e+01	1.3744983e-46
3.6073300e+01	1.3626360e-46
3.6156500e+01	1.3509413e-46
3.6239800e+01	1.3394127e-46
3.6323400e+01	1.3280719e-46
3.6407200e+01	1.3168710e-46
3.6491100e+01	1.3058319e-46
3.6575300e+01	1.2949530e-46
3.6659600e+01	1.2842329e-46
3.6744200e+01	1.2736702e-46
3.6828900e+01	1.2632411e-46
3.6913800e+01	1.2529668e-46
3.6999000e+01	1.2428236e-46
3.7084300e+01	1.2328327e-46
3.7169800e+01	1.2229927e-46
3.7255500e+01	1.2132802e-46
3.7341400e+01	1.2036942e-46
3.7427500e+01	1.1942556e-46
3.7513800e+01	1.1849411e-46
3.7600300e+01	1.1757499e-46
3.7687000e+01	1.1667024e-46
3.7773900e+01	1.1577760e-46
3.7861100e+01	1.1489482e-46
3.7948400e+01	1.1402609e-46
3.8035900e+01	1.1316917e-46
3.8123600e+01	1.1232396e-46
3.8211500e+01	1.1149037e-46
3.8299600e+01	1.1066619e-46
3.8387900e+01	1.0985555e-46
3.8476500e+01	1.0905416e-46
3.8565200e+01	1.0826402e-46
3.8654100e+01	1.0748506e-46
3.8743300e+01	1.0671716e-46
3.8832600e+01	1.0595820e-46
3.8922100e+01	1.0521015e-46
3.9011900e+01	1.0447089e-46
3.9101900e+01	1.0374237e-46
3.9192000e+01	1.0302250e-46
3.9282400e+01	1.0231323e-46
3.9373000e+01	1.0161245e-46
3.9463800e+01	1.0092212e-46
3.9554800e+01	1.0024014e-46
3.9646000e+01	9.9565872e-47
3.9737400e+01	9.8901235e-47
3.9829100e+01	9.8245365e-47
3.9920900e+01	9.7597802e-47
4.0013000e+01	9.6958682e-47
4.0105200e+01	9.6327747e-47
4.0197700e+01	9.5704741e-47
4.0290400e+01	9.5089802e-47
4.0383300e+01	9.4482677e-47
4.0476400e+01	9.3883310e-47
4.0569800e+01	9.3291452e-47
4.0663300e+01	9.2707049e-47
4.0757100e+01	9.2130050e-47
4.0851100e+01	9.1560402e-47
4.0945300e+01	9.0997672e-47
4.1039700e+01	9.0442002e-47
4.1134400e+01	8.9893343e-47
4.1229200e+01	8.9351458e-47
4.1324300e+01	8.8816111e-47
4.1419600e+01	8.8287635e-47
4.1515100e+01	8.7765420e-47
4.1610800e+01	8.7249611e-47
4.1706800e+01	8.6740165e-47
4.1803000e+01	8.6237039e-47
4.1899400e+01	8.5739822e-47
4.1996000e+01	8.5248658e-47
4.2092800e+01	8.4763509e-47
4.2189900e+01	8.4283967e-47
4.2287200e+01	8.3810363e-47
4.2384700e+01	8.3342293e-47
4.2482400e+01	8.2879903e-47
4.2580400e+01	8.2422975e-47
4.2678600e+01	8.1971476e-47
4.2777000e+01	8.1525189e-47
4.2875700e+01	8.1084262e-47
4.2974500e+01	8.0648303e-47
4.3073600e+01	8.0217638e-47
4.3173000e+01	7.9791879e-47
4.3272500e+01	7.9371172e-47
4.3372300e+01	7.8955131e-47
4.3472300e+01	7.8544084e-47
4.3572600e+01	7.8137644e-47
4.3673000e+01	7.7735786e-47
4.3773700e+01	7.7338481e-47
4.3874700e+01	7.6945879e-47
4.3975900e+01	7.6557600e-47
4.4077300e+01	7.6173620e-47
4.4178900e+01	7.5794088e-47
4.4280800e+01	7.5418803e-47
4.4382900e+01	7.5047742e-47
4.4485300e+01	7.4680707e-47
4.4587800e+01	7.4317675e-47
4.4690700e+01	7.3958796e-47
4.4793700e+01	7.3603874e-47
4.4897000e+01	7.3252715e-47
4.5000500e+01	7.2905470e-47
4.5104300e+01	7.2561946e-47
4.5208300e+01	7.2222293e-47
4.5312600e+01	7.1886149e-47
4.5417100e+01	7.1553666e-47
4.5521800e+01	7.1224823e-47
4.5626800e+01	7.0899431e-47
4.5732000e+01	7.0577641e-47
4.5837400e+01	7.0259097e-47
4.5943100e+01	6.9943951e-47
4.6049100e+01	6.9632182e-47
4.6155300e+01	6.9323608e-47
4.6261700e+01	6.9018378e-47
4.6368400e+01	6.8716142e-47
4.6475300e+01	6.8417216e-47
4.6582500e+01	6.8121253e-47
4.6689900e+01	6.7828402e-47
4.6797600e+01	6.7538647e-47
4.6905500e+01	6.7251645e-47
4.7013700e+01	6.6967708e-47
4.7122100e+01	6.6686659e-47
4.7230700e+01	6.6408483e-47
4.7339700e+01	6.6133002e-47
4.7448800e+01	6.5860366e-47
4.7558200e+01	6.5590399e-47
4.7667900e+01	6.5323088e-47
4.7777800e+01	6.5058420e-47
4.7888000e+01	6.4796543e-47
4.7998400e+01	6.4537122e-47
4.8109100e+01	6.4280146e-47
4.8220100e+01	6.4025763e-47
4.8331300e+01	6.3773960e-47
4.8442700e+01	6.3524407e-47
4.8554400e+01	6.3277411e-47
4.8666400e+01	6.3032643e-47
4.8778600e+01	6.2790410e-47
4.8891100e+01	6.2550383e-47
4.9003800e+01	6.2312552e-47
4.9116800e+01	6.2077065e-47
4.9230100e+01	6.1843912e-47
4.9343600e+01	6.1612766e-47
4.9457400e+01	6.1383778e-47
4.9571500e+01	6.1157092e-47
4.9685800e+01	6.0932387e-47
4.9800400e+01	6.0709654e-47
4.9915200e+01	6.0489195e-47
5.0030300e+01	6.0270535e-47
5.0145700e+01	6.0053975e-47
5.0261300e+01	5.9839507e-47
5.0377200e+01	5.9626813e-47
5.0493400e+01	5.9416039e-47
5.0609800e+01	5.9207177e-47
5.0726500e+01	5.9000219e-47
5.0843500e+01	5.8795157e-47
5.0960700e+01	5.8591830e-47
5.1078300e+01	5.8390383e-47
5.1196000e+01	5.8190503e-47
5.1314100e+01	5.7992642e-47
5.1432400e+01	5.7796334e-47
5.1551000e+01	5.7601725e-47
5.1669900e+01	5.7408959e-47
5.1789100e+01	5.7217727e-47
5.1908500e+01	5.7028173e-47
5.2028200e+01	5.6840140e-47
5.2148200e+01	5.6653772e-47
5.2268400e+01	5.6469063e-47
5.2389000e+01	5.6285856e-47
5.2509800e+01	5.6104145e-47
5.2630900e+01	5.5924073e-47
5.2752200e+01	5.5745486e-47
5.2873900e+01	5.5568228e-47
5.2995800e+01	5.5392592e-47
5.3118000e+01	5.5218275e-47
5.3240500e+01	5.5045567e-47
5.3363300e+01	5.4874167e-47
5.3486300e+01	5.4704070e-47
5.3609700e+01	5.4535419e-47
5.3733300e+01	5.4368207e-47
5.3857200e+01	5.4202283e-47
5.3981400e+01	5.4037642e-47
5.4105900e+01	5.3874426e-47
5.4230600e+01	5.3712482e-47
5.4355700e+01	5.3551660e-47
5.4481000e+01	5.3392249e-47
5.4606700e+01	5.3234097e-47
5.4732600e+01	5.3077053e-47
5.4858800e+01	5.2921406e-47
5.4985300e+01	5.2766858e-47
5.5112100e+01	5.2613552e-47
5.5239200e+01	5.2461339e-47
5.5366600e+01	5.2310358e-47
5.5494300e+01	5.2160462e-47
5.5622200e+01	5.2011790e-47
5.5750500e+01	5.1864195e-47
5.5879100e+01	5.1717672e-47
5.6007900e+01	5.1572219e-47
5.6137100e+01	5.1427974e-47
5.6266500e+01	5.1284791e-47
5.6396300e+01	5.1142522e-47
5.6526300e+01	5.1001451e-47
5.6656700e+01	5.0861430e-47
5.6787300e+01	5.0722314e-47
5.6918300e+01	5.0584242e-47
5.7049500e+01	5.0447211e-47
5.7181100e+01	5.0311075e-47
5.7312900e+01	5.0175972e-47
5.7445100e+01	5.0041900e-47
5.7577600e+01	4.9908714e-47
5.7710400e+01	4.9776553e-47
5.7843400e+01	4.9645270e-47
5.7976800e+01	4.9514865e-47
5.8110500e+01	4.9385475e-47
5.8244500e+01	4.9256816e-47
5.8378800e+01	4.9129165e-47
5.8513500e+01	4.9002520e-47
5.8648400e+01	4.8876598e-47
5.8783600e+01	4.8751536e-47
5.8919200e+01	4.8627331e-47
5.9055100e+01	4.8503982e-47
5.9191200e+01	4.8381484e-47
5.9327700e+01	4.8259836e-47
5.9464500e+01	4.8139036e-47
5.9601700e+01	4.8018940e-47
5.9739100e+01	4.7899826e-47
5.9876900e+01	4.7781274e-47
6.0014900e+01	4.7663697e-47
6.0153300e+01	4.7546817e-47
6.0292100e+01	4.7430631e-47
6.0431100e+01	4.7315276e-47
6.0570400e+01	4.7200747e-47
6.0710100e+01	4.7086907e-47
6.0850100e+01	4.6973752e-47
6.0990400e+01	4.6861281e-47
6.1131100e+01	4.6749629e-47
6.1272100e+01	4.6638656e-47
6.1413300e+01	4.6528497e-47
6.1555000e+01	4.6418877e-47
6.1696900e+01	4.6310067e-47
6.1839200e+01	4.6201792e-47
6.1981800e+01	4.6094323e-47
6.2124700e+01	4.5987522e-47
6.2268000e+01	4.5881251e-47
6.2411600e+01	4.5775779e-47
6.2555500e+01	4.5670969e-47
6.2699700e+01	4.5566685e-47
6.2844300e+01	4.5463059e-47
6.2989200e+01	4.5360225e-47
6.3134500e+01	4.5257776e-47
6.3280100e+01	4.5156115e-47
6.3426000e+01	4.5054971e-47
6.3572300e+01	4.4954477e-47
6.3718900e+01	4.4854631e-47
6.3865800e+01	4.4755297e-47
6.4013100e+01	4.4656608e-47
6.4160700e+01	4.4558429e-47
6.4308700e+01	4.4460890e-47
6.4457000e+01	4.4363992e-47
6.4605600e+01	4.4267598e-47
6.4754600e+01	4.4171709e-47
6.4903900e+01	4.4076454e-47
6.5053600e+01	4.3981700e-47
6.5203600e+01	4.3887445e-47
6.5353900e+01	4.3793821e-47
6.5504600e+01	4.3700693e-47
6.5655700e+01	4.3608061e-47
6.5807100e+01	4.3515923e-47
6.5958900e+01	4.3424410e-47
6.6111000e+01	4.3333387e-47
6.6263400e+01	4.3242855e-47
6.6416200e+01	4.3152812e-47
6.6569400e+01	4.3063256e-47
6.6722900e+01	4.2974187e-47
6.6876700e+01	4.2885603e-47
6.7031000e+01	4.2797633e-47
6.7185500e+01	4.2710015e-47
6.7340500e+01	4.2622879e-47
6.7495800e+01	4.2536354e-47
6.7651400e+01	4.2450177e-47
6.7807400e+01	4.2364477e-47
6.7963800e+01	4.2279255e-47
6.8120500e+01	4.2194378e-47
6.8277600e+01	4.2110106e-47
6.8435000e+01	4.2026307e-47
6.8592800e+01	4.1942850e-47
6.8751000e+01	4.1859865e-47
6.8909600e+01	4.1777220e-47
6.9068500e+01	4.1695174e-47
6.9227700e+01	4.1613466e-47
6.9387400e+01	4.1532225e-47
6.9547400e+01	4.1451321e-47
6.9707800e+01	4.1370881e-47
6.9868500e+01	4.1290906e-47
7.0029600e+01	4.1211264e-47
7.0191100e+01	4.1132084e-47
7.0353000e+01	4.1053237e-47
7.0515200e+01	4.0974849e-47
7.0677800e+01	4.0896920e-47
7.0840800e+01	4.0819321e-47
7.1004200e+01	4.0742051e-47
7.1167900e+01	4.0665236e-47
7.1332000e+01	4.0588749e-47
7.1496500e+01	4.0512716e-47
7.1661400e+01	4.0437008e-47
7.1826600e+01	4.0361753e-47
7.1992300e+01	4.0286821e-47
7.2158300e+01	4.0212213e-47
7.2324700e+01	4.0138053e-47
7.2491400e+01	4.0064216e-47
7.2658600e+01	3.9990699e-47
7.2826200e+01	3.9917503e-47
7.2994100e+01	3.9844753e-47
7.3162400e+01	3.9772321e-47
7.3331100e+01	3.9700207e-47
7.3500200e+01	3.9628536e-47
7.3669700e+01	3.9557056e-47
7.3839600e+01	3.9486017e-47
7.4009900e+01	3.9415293e-47
7.4180600e+01	3.9344884e-47
7.4351600e+01	3.9274913e-47
7.4523100e+01	3.9205130e-47
7.4694900e+01	3.9135784e-47
7.4867200e+01	3.9066625e-47
7.5039800e+01	3.8997902e-47
7.5212900e+01	3.8929488e-47
7.5386300e+01	3.8861260e-47
7.5560100e+01	3.8793465e-47
7.5734400e+01	3.8725978e-47
7.5909000e+01	3.8658798e-47
7.6084100e+01	3.8591926e-47
7.6259500e+01	3.8525359e-47
7.6435400e+01	3.8458974e-47
7.6611600e+01	3.8393018e-47
7.6788300e+01	3.8327367e-47
7.6965400e+01	3.8261895e-47
7.7142900e+01	3.8196850e-47
7.7320800e+01	3.8131984e-47
7.7499100e+01	3.8067543e-47
7.7677800e+01	3.8003280e-47
7.7856900e+01	3.7939317e-47
7.8036400e+01	3.7875655e-47
7.8216400e+01	3.7812292e-47
7.8396800e+01	3.7749105e-47
7.8577500e+01	3.7686339e-47
7.8758700e+01	3.7623748e-47
7.8940400e+01	3.7561454e-47
7.9122400e+01	3.7499334e-47
7.9304900e+01	3.7437633e-47
7.9487700e+01	3.7376105e-47
7.9671000e+01	3.7314872e-47
7.9854800e+01	3.7253933e-47
8.0038900e+01	3.7193288e-47
8.0223500e+01	3.7132814e-47
8.0408500e+01	3.7072633e-47
8.0593900e+01	3.7012622e-47
8.0779700e+01	3.6952904e-47
8.0966000e+01	3.6893476e-47
8.1152700e+01	3.6834339e-47
8.1339900e+01	3.6775371e-47
8.1527400e+01	3.6716692e-47
8.1715400e+01	3.6658302e-47
8.1903900e+01	3.6600080e-47
8.2092700e+01	3.6542025e-47
8.2282000e+01	3.6484378e-47
8.2471800e+01	3.6426898e-47
8.2662000e+01	3.6369584e-47
8.2852600e+01	3.6312555e-47
8.3043700e+01	3.6255813e-47
8.3235200e+01	3.6199235e-47
8.3427100e+01	3.6142942e-47
8.3619500e+01	3.6086812e-47
8.3812300e+01	3.6030967e-47
8.4005600e+01	3.5975284e-47
8.4199300e+01	3.5919885e-47
8.4393500e+01	3.5864647e-47
8.4588100e+01	3.5809692e-47
8.4783100e+01	3.5754899e-47
8.4978600e+01	3.5700386e-47
8.5174600e+01	3.5646034e-47
8.5371000e+01	3.5591963e-47
8.5567900e+01	3.5538052e-47
8.5765200e+01	3.5484300e-47
8.5963000e+01	3.5430828e-47
8.6161200e+01	3.5377514e-47
8.6359900e+01	3.5324479e-47
8.6559000e+01	3.5271602e-47
8.6758600e+01	3.5219002e-47
8.6958700e+01	3.5166560e-47
8.7159200e+01	3.5114276e-47
8.7360200e+01	3.5062267e-47
8.7561700e+01	3.5010416e-47
8.7763600e+01	3.4958839e-47
8.7966000e+01	3.4907300e-47
8.8168800e+01	3.4856153e-47
8.8372200e+01	3.4805044e-47
8.8575900e+01	3.4754208e-47
8.8780200e+01	3.4703528e-47
8.8984900e+01	3.4653001e-47
8.9190100e+01	3.4602747e-47
8.9395800e+01	3.4552647e-47
8.9601900e+01	3.4502819e-47
8.9808600e+01	3.4453026e-47
9.0015700e+01	3.4403504e-47
9.0223200e+01	3.4354134e-47
9.0431300e+01	3.4305035e-47
9.0639800e+01	3.4256087e-47
9.0848900e+01	3.4207292e-47
9.1058300e+01	3.4158648e-47
9.1268300e+01	3.4110155e-47
9.1478800e+01	3.4061931e-47
9.1689700e+01	3.4013857e-47
9.1901200e+01	3.3965934e-47
9.2113100e+01	3.3918161e-47
9.2325500e+01	3.3870654e-47
9.2538400e+01	3.3823297e-47
9.2751800e+01	3.3776089e-47
9.2965700e+01	3.3729031e-47
9.3180100e+01	3.3682121e-47
9.3395000e+01	3.3635476e-47
9.3610300e+01	3.3588863e-47
9.3826200e+01	3.3542515e-47
9.4042600e+01	3.3496314e-47
9.4259400e+01	3.3450376e-47
9.4476800e+01	3.3404470e-47
9.4694600e+01	3.3358710e-47
9.4913000e+01	3.3313213e-47
9.5131900e+01	3.3267863e-47
9.5351300e+01	3.3222658e-47
9.5571100e+01	3.3177600e-47
9.5791500e+01	3.3132687e-47
9.6012400e+01	3.3087920e-47
9.6233800e+01	3.3043298e-47
9.6455700e+01	3.2998936e-47
9.6678200e+01	3.2954603e-47
9.6901100e+01	3.2910530e-47
9.7124600e+01	3.2866601e-47
9.7348500e+01	3.2822816e-47
9.7573000e+01	3.2779175e-47
9.7798000e+01	3.2735677e-47
9.8023600e+01	3.2692322e-47
9.8249600e+01	3.2649110e-47
9.8476200e+01	3.2606041e-47
9.8703200e+01	3.2563115e-47
9.8930900e+01	3.2520331e-47
9.9159000e+01	3.2477803e-47
9.9387700e+01	3.2435303e-47
9.9616800e+01	3.2392945e-47
9.9846600e+01	3.2350841e-47
1.0007700e+02	3.2308765e-47
1.0030800e+02	3.2266944e-47
1.0053900e+02	3.2225150e-47
1.0077100e+02	3.2183610e-47
1.0100300e+02	3.2142096e-47
1.0123600e+02	3.2100836e-47
1.0146900e+02	3.2059603e-47
1.0170300e+02	3.2018622e-47
1.0193800e+02	3.1977668e-47
1.0217300e+02	3.1936966e-47
1.0240900e+02	3.1896289e-47
1.0264500e+02	3.1855865e-47
1.0288200e+02	3.1815466e-47
1.0311900e+02	3.1775205e-47
1.0335700e+02	3.1735196e-47
1.0359500e+02	3.1695211e-47
1.0383400e+02	3.1655364e-47
1.0407300e+02	3.1615655e-47
1.0431300e+02	3.1576195e-47
1.0455400e+02	3.1536760e-47
1.0479500e+02	3.1497462e-47
1.0503700e+02	3.1458301e-47
1.0527900e+02	3.1419276e-47
1.0552200e+02	3.1380387e-47
1.0576500e+02	3.1341523e-47
1.0600900e+02	3.1302906e-47
1.0625300e+02	3.1264425e-47
1.0649800e+02	3.1225968e-47
1.0674400e+02	3.1187757e-47
1.0699000e+02	3.1149570e-47
1.0723700e+02	3.1111518e-47
1.0748400e+02	3.1073712e-47
1.0773200e+02	3.1035930e-47
1.0798000e+02	3.0998281e-47
1.0822900e+02	3.0960767e-47
1.0847900e+02	3.0923275e-47
1.0872900e+02	3.0886029e-47
1.0898000e+02	3.0848915e-47
1.0923100e+02	3.0811825e-47
1.0948300e+02	3.0774867e-47
1.0973500e+02	3.0738043e-47
1.0998800e+02	3.0701351e-47
1.1024200e+02	3.0664792e-47
1.1049600e+02	3.0628366e-47
1.1075100e+02	3.0592072e-47
1.1100700e+02	3.0555799e-47
1.1126200e+02	3.0519769e-47
1.1151900e+02	3.0483760e-47
1.1177600e+02	3.0447883e-47
1.1203400e+02	3.0412137e-47
1.1229200e+02	3.0376412e-47
1.1255100e+02	3.0340928e-47
1.1281100e+02	3.0305465e-47
1.1307100e+02	3.0270243e-47
1.1333200e+02	3.0235042e-47
1.1359300e+02	3.0199971e-47
1.1385500e+02	3.0164920e-47
1.1411800e+02	3.0130109e-47
1.1438100e+02	3.0095318e-47
1.1464400e+02	3.0060657e-47
1.1490900e+02	3.0026126e-47
1.1517400e+02	2.9991724e-47
1.1543900e+02	2.9957451e-47
1.1570600e+02	2.9923197e-47
1.1597200e+02	2.9889073e-47
1.1624000e+02	2.9855077e-47
1.1650800e+02	2.9821210e-47
1.1677700e+02	2.9787472e-47
1.1704600e+02	2.9753752e-47
1.1731600e+02	2.9720161e-47
1.1758600e+02	2.9686697e-47
1.1785700e+02	2.9653361e-47
1.1812900e+02	2.9620153e-47
1.1840200e+02	2.9586964e-47
1.1867500e+02	2.9553901e-47
1.1894800e+02	2.9520966e-47
1.1922300e+02	2.9488158e-47
1.1949800e+02	2.9455368e-47
1.1977300e+02	2.9422705e-47
1.2004900e+02	2.9390168e-47
1.2032600e+02	2.9357758e-47
1.2060400e+02	2.9325366e-47
1.2088200e+02	2.9293208e-47
1.2116100e+02	2.9261067e-47
1.2144000e+02	2.9228945e-47
1.2172000e+02	2.9197056e-47
1.2200100e+02	2.9165184e-47
1.2228200e+02	2.9133438e-47
1.2256400e+02	2.9101817e-47
1.2284700e+02	2.9070213e-47
1.2313000e+02	2.9038842e-47
1.2341400e+02	2.9007380e-47
1.2369800e+02	2.8976151e-47
1.2398400e+02	2.8945046e-47
1.2427000e+02	2.8913957e-47
1.2455600e+02	2.8882993e-47
1.2484300e+02	2.8852045e-47
1.2513100e+02	2.8821329e-47
1.2542000e+02	2.8790629e-47
1.2570900e+02	2.8759946e-47
1.2599900e+02	2.8729493e-47
1.2628900e+02	2.8699056e-47
1.2658100e+02	2.8668743e-47
1.2687300e+02	2.8638552e-47
1.2716500e+02	2.8608378e-47
1.2745800e+02	2.8578326e-47
1.2775200e+02	2.8548397e-47
1.2804700e+02	2.8518590e-47
1.2834200e+02	2.8488800e-47
1.2863800e+02	2.8459131e-47
1.2893500e+02	2.8429478e-47
1.2923200e+02	2.8400053e-47
1.2953000e+02	2.8370643e-47
1.2982900e+02	2.8341249e-47
1.3012800e+02	2.8312083e-47
1.3042800e+02	2.8282932e-47
1.3072900e+02	2.8253902e-47
1.3103100e+02	2.8224888e-47
1.3133300e+02	2.8195994e-47
1.3163600e+02	2.8167221e-47
1.3193900e+02	2.8138569e-47
1.3224300e+02	2.8109932e-47
1.3254800e+02	2.8081415e-47
1.3285400e+02	2.8052912e-47
1.3316000e+02	2.8024530e-47
1.3346700e+02	2.7996268e-47
1.3377500e+02	2.7968126e-47
1.3408400e+02	2.7939999e-47
1.3439300e+02	2.7911991e-47
1.3470300e+02	2.7884103e-47
1.3501300e+02	2.7856228e-47
1.3532500e+02	2.7828474e-47
1.3563700e+02	2.7800838e-47
1.3595000e+02	2.7773216e-47
1.3626300e+02	2.7745713e-47
1.3657700e+02	2.7718224e-47
1.3689200e+02	2.7690959e-47
1.3720800e+02	2.7663603e-47
1.3752400e+02	2.7636470e-47
1.3784100e+02	2.7609350e-47
1.3815900e+02	2.7582349e-47
1.3847800e+02	2.7555465e-47
1.3879700e+02	2.7528595e-47
1.3911700e+02	2.7501739e-47
1.3943800e+02	2.7475104e-47
1.3976000e+02	2.7448483e-47
1.4008200e+02	2.7421980e-47
1.4040500e+02	2.7395489e-47
1.4072900e+02	2.7369115e-47
1.4105300e+02	2.7342859e-47
1.4137900e+02	2.7316616e-47
1.4170500e+02	2.7290489e-47
1.4203100e+02	2.7264480e-47
1.4235900e+02	2.7238483e-47
1.4268700e+02	2.7212603e-47
1.4301600e+02	2.7186735e-47
1.4334600e+02	2.7160983e-47
1.4367700e+02	2.7135348e-47
1.4400800e+02	2.7109725e-47
1.4434000e+02	2.7084218e-47
1.4467300e+02	2.7058827e-47
1.4500600e+02	2.7033448e-47
1.4534100e+02	2.7008185e-47
1.4567600e+02	2.6983038e-47
1.4601200e+02	2.6957902e-47
1.4634900e+02	2.6932882e-47
1.4668600e+02	2.6907874e-47
1.4702400e+02	2.6882981e-47
1.4736300e+02	2.6858099e-47
1.4770300e+02	2.6833436e-47
1.4804400e+02	2.6808681e-47
1.4838500e+02	2.6784144e-47
1.4872700e+02	2.6759619e-47
1.4907000e+02	2.6735208e-47
1.4941400e+02	2.6710808e-47
1.4975900e+02	2.6686523e-47
1.5010400e+02	2.6662249e-47
1.5045000e+02	2.6638089e-47
1.5079700e+02	2.6614043e-47
1.5114500e+02	2.6590008e-47
1.5149300e+02	2.6566087e-47
1.5184300e+02	2.6542280e-47
1.5219300e+02	2.6518483e-47
1.5254400e+02	2.6494800e-47
1.5289600e+02	2.6471128e-47
1.5324800e+02	2.6447569e-47
1.5360100e+02	2.6424021e-47
1.5395600e+02	2.6400585e-47
1.5431100e+02	2.6377263e-47
1.5466700e+02	2.6353952e-47
1.5502300e+02	2.6330753e-47
1.5538100e+02	2.6307667e-47
1.5573900e+02	2.6284591e-47
1.5609800e+02	2.6261525e-47
1.5645800e+02	2.6238674e-47
1.5681900e+02	2.6215834e-47
1.5718100e+02	2.6193003e-47
1.5754300e+02	2.6170284e-47
1.5790600e+02	2.6147678e-47
1.5827000e+02	2.6125081e-47
1.5863500e+02	2.6102596e-47
1.5900100e+02	2.6080121e-47
1.5936800e+02	2.6057758e-47
1.5973500e+02	2.6035404e-47
1.6010400e+02	2.6013264e-47
1.6047300e+02	2.5991031e-47
1.6084300e+02	2.5969012e-47
1.6121400e+02	2.5946900e-47
1.6158600e+02	2.5925002e-47
1.6195800e+02	2.5903112e-47
1.6233200e+02	2.5881232e-47
1.6270600e+02	2.5859564e-47
1.6308100e+02	2.5837804e-47
1.6345700e+02	2.5816256e-47
1.6383400e+02	2.5794717e-47
1.6421200e+02	2.5773187e-47
1.6459100e+02	2.5751768e-47
1.6497000e+02	2.5730459e-47
1.6535100e+02	2.5709159e-47
1.6573200e+02	2.5687969e-47
1.6611400e+02	2.5666788e-47
1.6649700e+02	2.5645717e-47
1.6688100e+02	2.5624654e-47
1.6726600e+02	2.5603701e-47
1.6765200e+02	2.5582858e-47
1.6803800e+02	2.5562024e-47
1.6842600e+02	2.5541299e-47
1.6881400e+02	2.5520582e-47
1.6920400e+02	2.5499975e-47
1.6959400e+02	2.5479477e-47
1.6998500e+02	2.5458988e-47
1.7037700e+02	2.5438506e-47
1.7077000e+02	2.5418134e-47
1.7116300e+02	2.5397871e-47
1.7155800e+02	2.5377615e-47
1.7195400e+02	2.5357469e-47
1.7235000e+02	2.5337330e-47
1.7274800e+02	2.5317300e-47
1.7314600e+02	2.5297379e-47
1.7354500e+02	2.5277466e-47
1.7394600e+02	2.5257660e-47
1.7434700e+02	2.5237863e-47
1.7474900e+02	2.5218073e-47
1.7515200e+02	2.5198492e-47
1.7555600e+02	2.5178919e-47
1.7596000e+02	2.5159353e-47
1.7636600e+02	2.5139895e-47
1.7677300e+02	2.5120445e-47
1.7718100e+02	2.5101102e-47
1.7758900e+02	2.5081867e-47
1.7799900e+02	2.5062639e-47
1.7840900e+02	2.5043519e-47
1.7882100e+02	2.5024406e-47
1.7923300e+02	2.5005400e-47
1.7964600e+02	2.4986402e-47
1.8006100e+02	2.4967511e-47
1.8047600e+02	2.4948726e-47
1.8089200e+02	2.4929949e-47
1.8130900e+02	2.4911279e-47
1.8172700e+02	2.4892616e-47
1.8214600e+02	2.4873959e-47
1.8256600e+02	2.4855509e-47
1.8298700e+02	2.4836967e-47
1.8340900e+02	2.4818630e-47
1.8383200e+02	2.4800300e-47
1.8425600e+02	2.4781977e-47
1.8468100e+02	2.4763761e-47
1.8510700e+02	2.4745551e-47
1.8553400e+02	2.4727546e-47
1.8596200e+02	2.4709449e-47
1.8639000e+02	2.4691458e-47
1.8682000e+02	2.4673573e-47
1.8725100e+02	2.4655694e-47
1.8768300e+02	2.4637921e-47
1.8811600e+02	2.4620154e-47
1.8854900e+02	2.4602493e-47
1.8898400e+02	2.4584937e-47
1.8942000e+02	2.4567388e-47
1.8985700e+02	2.4549845e-47
1.9029500e+02	2.4532407e-47
1.9073300e+02	2.4515075e-47
1.9117300e+02	2.4497748e-47
1.9161400e+02	2.4480527e-47
1.9205600e+02	2.4463312e-47
1.9249900e+02	2.4446201e-47
1.9294300e+02	2.4429097e-47
1.9338800e+02	2.4412098e-47
1.9383400e+02	2.4395104e-47
1.9428100e+02	2.4378215e-47
1.9472900e+02	2.4361431e-47
1.9517800e+02	2.4344652e-47
1.9562800e+02	2.4327879e-47
1.9607900e+02	2.4311211e-47
1.9653100e+02	2.4294647e-47
1.9698400e+02	2.4278088e-47
1.9743800e+02	2.4261634e-47
1.9789400e+02	2.4245185e-47
1.9835000e+02	2.4228840e-47
1.9880800e+02	2.4212501e-47
1.9926600e+02	2.4196266e-47
1.9972500e+02	2.4180036e-47
2.0018600e+02	2.4163910e-47
2.0064800e+02	2.4147887e-47
2.0111000e+02	2.4131870e-47
2.0157400e+02	2.4115858e-47
2.0203900e+02	2.4099950e-47
2.0250500e+02	2.4084145e-47
2.0297200e+02	2.4068345e-47
2.0344000e+02	2.4052649e-47
2.0390900e+02	2.4036958e-47
2.0437900e+02	2.4021369e-47
2.0485100e+02	2.4005786e-47
2.0532300e+02	2.3990306e-47
2.0579600e+02	2.3974929e-47
2.0627100e+02	2.3959557e-47
2.0674700e+02	2.3944189e-47
2.0722300e+02	2.3928925e-47
2.0770100e+02	2.3913763e-47
2.0818000e+02	2.3898606e-47
2.0866000e+02	2.3883453e-47
2.0914100e+02	2.3868501e-47
2.0962400e+02	2.3853456e-47
2.1010700e+02	2.3838513e-47
2.1059200e+02	2.3823673e-47
2.1107700e+02	2.3808935e-47
2.1156400e+02	2.3794104e-47
2.1205200e+02	2.3779472e-47
2.1254100e+02	2.3764845e-47
2.1303100e+02	2.3750222e-47
2.1352200e+02	2.3735702e-47
2.1401500e+02	2.3721283e-47
2.1450800e+02	2.3706869e-47
2.1500300e+02	2.3692459e-47
2.1549900e+02	2.3678248e-47
2.1599600e+02	2.3663944e-47
2.1649400e+02	2.3649839e-47
2.1699300e+02	2.3635641e-47
2.1749300e+02	2.3621641e-47
2.1799500e+02	2.3607549e-47
2.1849800e+02	2.3593655e-47
2.1900100e+02	2.3579765e-47
2.1950600e+02	2.3565879e-47
2.2001300e+02	2.3552094e-47
2.2052000e+02	2.3538411e-47
2.2102800e+02	2.3524731e-47
2.2153800e+02	2.3511055e-47
2.2204900e+02	2.3497578e-47
2.2256100e+02	2.3484007e-47
2.2307400e+02	2.3470537e-47
2.2358900e+02	2.3457167e-47
2.2410400e+02	2.3443899e-47
2.2462100e+02	2.3430537e-47
2.2513900e+02	2.3417373e-47
2.2565800e+02	2.3404212e-47
2.2617900e+02	2.3391055e-47
2.2670000e+02	2.3377999e-47
2.2722300e+02	2.3365042e-47
2.2774700e+02	2.3352090e-47
2.2827200e+02	2.3339141e-47
2.2879800e+02	2.3326388e-47
2.2932600e+02	2.3313543e-47
2.2985500e+02	2.3300894e-47
2.3038500e+02	2.3288153e-47
2.3091600e+02	2.3275607e-47
2.3144900e+02	2.3263065e-47
2.3198200e+02	2.3250527e-47
2.3251700e+02	2.3238088e-47
2.3305400e+02	2.3225652e-47
2.3359100e+02	2.3213317e-47
2.3413000e+02	2.3201081e-47
2.3467000e+02	2.3188848e-47
2.3521100e+02	2.3176714e-47
2.3575300e+02	2.3164584e-47
2.3629700e+02	2.3152553e-47
2.3684200e+02	2.3140525e-47
2.3738800e+02	2.3128597e-47
2.3793500e+02	2.3116672e-47
2.3848400e+02	2.3104846e-47
2.3903400e+02	2.3093119e-47
2.3958500e+02	2.3081395e-47
2.4013800e+02	2.3069770e-47
2.4069100e+02	2.3058148e-47
2.4124600e+02	2.3046528e-47
2.4180300e+02	2.3035104e-47
2.4236000e+02	2.3023587e-47
2.4291900e+02	2.3012264e-47
2.4347900e+02	2.3000945e-47
2.4404100e+02	2.2989628e-47
2.4460400e+02	2.2978409e-47
2.4516800e+02	2.2967289e-47
2.4573300e+02	2.2956172e-47
2.4630000e+02	2.2945058e-47
2.4686800e+02	2.2934042e-47
2.4743700e+02	2.2923125e-47
2.4800700e+02	2.2912210e-47
2.4857900e+02	2.2901393e-47
2.4915300e+02	2.2890675e-47
2.4972700e+02	2.2879959e-47
2.5030300e+02	2.2869246e-47
2.5088000e+02	2.2858630e-47
2.5145900e+02	2.2848113e-47
2.5203900e+02	2.2837598e-47
2.5262000e+02	2.2827182e-47
2.5320200e+02	2.2816767e-47
2.5378600e+02	2.2806451e-47
2.5437200e+02	2.2796137e-47
2.5495800e+02	2.2785920e-47
2.5554600e+02	2.2775802e-47
2.5613500e+02	2.2765685e-47
2.5672600e+02	2.2755571e-47
2.5731800e+02	2.2745650e-47
2.5791100e+02	2.2735636e-47
2.5850600e+02	2.2725814e-47
2.5910200e+02	2.2715900e-47
2.5970000e+02	2.2706178e-47
2.6029900e+02	2.2696458e-47
2.6089900e+02	2.2686741e-47
2.6150000e+02	2.2677215e-47
2.6210300e+02	2.2667597e-47
2.6270800e+02	2.2658171e-47
2.6331400e+02	2.2648652e-47
2.6392100e+02	2.2639325e-47
2.6453000e+02	2.2630000e-47
2.6514000e+02	2.2620677e-47
2.6575100e+02	2.2611452e-47
2.6636400e+02	2.2602323e-47
2.6697800e+02	2.2593195e-47
2.6759400e+02	2.2584165e-47
2.6821100e+02	2.2575137e-47
2.6882900e+02	2.2566205e-47
2.6944900e+02	2.2557370e-47
2.7007100e+02	2.2548537e-47
2.7069300e+02	2.2539801e-47
2.7131800e+02	2.2531066e-47
2.7194300e+02	2.2522428e-47
2.7257000e+02	2.2513791e-47
2.7319900e+02	2.2505251e-47
2.7382900e+02	2.2496713e-47
2.7446000e+02	2.2488271e-47
2.7509300e+02	2.2479926e-47
2.7572800e+02	2.2471582e-47
2.7636300e+02	2.2463334e-47
2.7700100e+02	2.2455183e-47
2.7763900e+02	2.2447033e-47
2.7828000e+02	2.2438885e-47
2.7892100e+02	2.2430833e-47
2.7956500e+02	2.2422877e-47
2.8020900e+02	2.2415017e-47
2.8085500e+02	2.2407064e-47
2.8150300e+02	2.2399301e-47
2.8215200e+02	2.2391540e-47
2.8280300e+02	2.2383875e-47
2.8345500e+02	2.2376211e-47
2.8410900e+02	2.2368643e-47
2.8476400e+02	2.2361077e-47
2.8542100e+02	2.2353606e-47
2.8607900e+02	2.2346231e-47
2.8673800e+02	2.2338857e-47
2.8740000e+02	2.2331579e-47
2.8806200e+02	2.2324302e-47
2.8872700e+02	2.2317121e-47
2.8939200e+02	2.2310035e-47
2.9006000e+02	2.2302951e-47
2.9072900e+02	2.2295962e-47
2.9139900e+02	2.2288974e-47
2.9207100e+02	2.2282082e-47
2.9274500e+02	2.2275285e-47
2.9342000e+02	2.2268489e-47
2.9409600e+02	2.2261789e-47
2.9477400e+02	2.2255089e-47
2.9545400e+02	2.2248485e-47
2.9613600e+02	2.2241976e-47
2.9681800e+02	2.2235469e-47
2.9750300e+02	2.2229056e-47
2.9818900e+02	2.2222645e-47
2.9887700e+02	2.2216328e-47
2.9956600e+02	2.2210107e-47
3.0025700e+02	2.2203886e-47
3.0094900e+02	2.2197761e-47
3.0164300e+02	2.2191637e-47
3.0233900e+02	2.2185607e-47
3.0303600e+02	2.2179673e-47
3.0373500e+02	2.2173739e-47
3.0443500e+02	2.2167901e-47
3.0513700e+02	2.2162157e-47
3.0584100e+02	2.2156414e-47
3.0654600e+02	2.2150766e-47
3.0725300e+02	2.2145118e-47
3.0796100e+02	2.2139566e-47
3.0867100e+02	2.2134108e-47
3.0938300e+02	2.2128651e-47
3.1009700e+02	2.2123289e-47
3.1081200e+02	2.2117927e-47
3.1152900e+02	2.2112660e-47
3.1224700e+02	2.2107487e-47
3.1296700e+02	2.2102410e-47
3.1368900e+02	2.2097333e-47
3.1441200e+02	2.2092256e-47
3.1513700e+02	2.2087274e-47
3.1586400e+02	2.2082387e-47
3.1659200e+02	2.2077594e-47
3.1732200e+02	2.2072801e-47
3.1805400e+02	2.2068103e-47
3.1878700e+02	2.2063406e-47
3.1952300e+02	2.2058803e-47
3.2025900e+02	2.2054294e-47
3.2099800e+02	2.2049880e-47
3.2173800e+02	2.2045466e-47
3.2248000e+02	2.2041053e-47
3.2322400e+02	2.2036828e-47
3.2396900e+02	2.2032509e-47
3.2471600e+02	2.2028379e-47
3.2546500e+02	2.2024249e-47
3.2621500e+02	2.2020213e-47
3.2696800e+02	2.2016272e-47
3.2772200e+02	2.2012330e-47
3.2847700e+02	2.2008483e-47
3.2923500e+02	2.2004637e-47
3.2999400e+02	2.2000884e-47
3.3075500e+02	2.1997226e-47
3.3151800e+02	2.1993661e-47
3.3228200e+02	2.1990097e-47
3.3304900e+02	2.1986627e-47
3.3381700e+02	2.1983158e-47
3.3458600e+02	2.1979782e-47
3.3535800e+02	2.1976500e-47
3.3613100e+02	2.1973219e-47
3.3690600e+02	2.1970125e-47
3.3768300e+02	2.1966938e-47
3.3846200e+02	2.1963938e-47
3.3924200e+02	2.1960939e-47
3.4002500e+02	2.1958034e-47
3.4080900e+02	2.1955128e-47
3.4159500e+02	2.1952317e-47
3.4238200e+02	2.1949600e-47
3.4317200e+02	2.1946976e-47
3.4396300e+02	2.1944353e-47
3.4475700e+02	2.1941823e-47
3.4555200e+02	2.1939294e-47
3.4634800e+02	2.1936952e-47
3.4714700e+02	2.1934517e-47
3.4794800e+02	2.1932269e-47
3.4875000e+02	2.1930021e-47
3.4955400e+02	2.1927867e-47
3.5036000e+02	2.1925806e-47
3.5116800e+02	2.1923746e-47
3.5197800e+02	2.1921779e-47
3.5279000e+02	2.1919907e-47
3.5360300e+02	2.1918128e-47
3.5441900e+02	2.1916349e-47
3.5523600e+02	2.1914663e-47
3.5605500e+02	2.1912978e-47
3.5687600e+02	2.1911480e-47
3.5769900e+02	2.1909982e-47
3.5852400e+02	2.1908484e-47
3.5935100e+02	2.1907174e-47
3.6017900e+02	2.1905863e-47
3.6101000e+02	2.1904646e-47
3.6184200e+02	2.1903430e-47
3.6267700e+02	2.1902306e-47
3.6351300e+02	2.1901277e-47
3.6435100e+02	2.1900341e-47
3.6519200e+02	2.1899405e-47
3.6603400e+02	2.1898656e-47
3.6687800e+02	2.1897814e-47
3.6772400e+02	2.1897159e-47
3.6857200e+02	2.1896504e-47
3.6942200e+02	2.1895942e-47
3.7027400e+02	2.1895474e-47
3.7112800e+02	2.1895100e-47
3.7198300e+02	2.1894725e-47
3.7284100e+02	2.1894445e-47
3.7370100e+02	2.1894258e-47
3.7456300e+02	2.1894070e-47
3.7542600e+02	2.1893977e-47
3.7629200e+02	2.1893977e-47
3.7716000e+02	2.1894070e-47
3.7803000e+02	2.1894164e-47
3.7890100e+02	2.1894445e-47
3.7977500e+02	2.1894725e-47
3.8065100e+02	2.1895006e-47
3.8152900e+02	2.1895474e-47
3.8240800e+02	2.1895942e-47
3.8329000e+02	2.1896504e-47
3.8417400e+02	2.1897159e-47
3.8506000e+02	2.1897814e-47
3.8594800e+02	2.1898656e-47
3.8683800e+02	2.1899498e-47
3.8773000e+02	2.1900341e-47
3.8862400e+02	2.1901370e-47
3.8952000e+02	2.1902494e-47
3.9041900e+02	2.1903617e-47
3.9131900e+02	2.1904834e-47
3.9222100e+02	2.1906051e-47
3.9312600e+02	2.1907455e-47
3.9403200e+02	2.1908859e-47
3.9494100e+02	2.1910450e-47
3.9585200e+02	2.1911948e-47
3.9676500e+02	2.1913633e-47
3.9767900e+02	2.1915412e-47
3.9859700e+02	2.1917191e-47
3.9951600e+02	2.1919064e-47
4.0043700e+02	2.1921030e-47
4.0136000e+02	2.1923090e-47
4.0228600e+02	2.1925244e-47
4.0321400e+02	2.1927492e-47
4.0414300e+02	2.1929740e-47
4.0507500e+02	2.1932081e-47
4.0600900e+02	2.1934517e-47
4.0694600e+02	2.1937046e-47
4.0788400e+02	2.1939669e-47
4.0882500e+02	2.1942385e-47
4.0976700e+02	2.1945196e-47
4.1071200e+02	2.1948007e-47
4.1166000e+02	2.1951005e-47
4.1260900e+02	2.1954098e-47
4.1356000e+02	2.1957190e-47
4.1451400e+02	2.1960470e-47
4.1547000e+02	2.1963845e-47
4.1642800e+02	2.1967313e-47
4.1738800e+02	2.1970875e-47
4.1835100e+02	2.1974531e-47
4.1931500e+02	2.1978375e-47
4.2028200e+02	2.1982314e-47
4.2125200e+02	2.1986440e-47
4.2222300e+02	2.1990660e-47
4.2319700e+02	2.1995162e-47
4.2417300e+02	2.1999852e-47
4.2515100e+02	2.2004918e-47
4.2613100e+02	2.2010266e-47
4.2711400e+02	2.2016084e-47
4.2809900e+02	2.2022466e-47
4.2908600e+02	2.2029787e-47
4.3007500e+02	2.2038330e-47
4.3106700e+02	2.2048941e-47
4.3206100e+02	2.2062842e-47
4.3305700e+02	2.2082951e-47
4.3405600e+02	2.2116140e-47
4.3505700e+02	2.2182310e-47
4.3606000e+02	2.2362211e-47
4.3706600e+02	2.3317309e-47
4.3807400e+02	1.1179890e-44
4.3908400e+02	2.3246573e-47
4.4009600e+02	2.2361171e-47
4.4111100e+02	2.2200682e-47
4.4212900e+02	2.2148130e-47
4.4314800e+02	2.2126863e-47
4.4417000e+02	2.2117927e-47
4.4519400e+02	2.2114823e-47
4.4622100e+02	2.2114917e-47
4.4725000e+02	2.2116798e-47
4.4828100e+02	2.2119902e-47
4.4931500e+02	2.2123853e-47
4.5035100e+02	2.2128275e-47
4.5139000e+02	2.2133261e-47
4.5243000e+02	2.2138437e-47
4.5347400e+02	2.2143989e-47
4.5451900e+02	2.2149730e-47
4.5556800e+02	2.2155661e-47
4.5661800e+02	2.2161780e-47
4.5767100e+02	2.2167995e-47
4.5872700e+02	2.2174398e-47
4.5978400e+02	2.2180897e-47
4.6084500e+02	2.2187586e-47
4.6190700e+02	2.2194275e-47
4.6297200e+02	2.2201153e-47
4.6404000e+02	2.2208128e-47
4.6511000e+02	2.2215291e-47
4.6618300e+02	2.2222456e-47
4.6725800e+02	2.2229716e-47
4.6833500e+02	2.2237166e-47
4.6941500e+02	2.2244618e-47
4.7049800e+02	2.2252259e-47
4.7158300e+02	2.2259901e-47
4.7267000e+02	2.2267734e-47
4.7376000e+02	2.2275662e-47
4.7485300e+02	2.2283592e-47
4.7594800e+02	2.2291712e-47
4.7704500e+02	2.2299834e-47
4.7814500e+02	2.2308146e-47
4.7924800e+02	2.2316554e-47
4.8035300e+02	2.2324964e-47
4.8146100e+02	2.2333564e-47
4.8257100e+02	2.2342260e-47
4.8368400e+02	2.2350958e-47
4.8479900e+02	2.2359847e-47
4.8591700e+02	2.2368832e-47
4.8703800e+02	2.2377819e-47
4.8816100e+02	2.2386998e-47
4.8928600e+02	2.2396272e-47
4.9041500e+02	2.2405549e-47
4.9154600e+02	2.2415017e-47
4.9267900e+02	2.2424581e-47
4.9381500e+02	2.2434243e-47
4.9495400e+02	2.2443906e-47
4.9609500e+02	2.2453761e-47
4.9723900e+02	2.2463713e-47
4.9838600e+02	2.2473762e-47
4.9953500e+02	2.2483909e-47
5.0068700e+02	2.2494152e-47
5.0184200e+02	2.2504492e-47
5.0299900e+02	2.2514930e-47
5.0415900e+02	2.2525465e-47
5.0532200e+02	2.2536098e-47
5.0648700e+02	2.2546828e-47
5.0765500e+02	2.2557655e-47
5.0882500e+02	2.2568580e-47
5.0999900e+02	2.2579698e-47
5.1117500e+02	2.2590819e-47
5.1235400e+02	2.2602037e-47
5.1353500e+02	2.2613449e-47
5.1471900e+02	2.2624863e-47
5.1590600e+02	2.2636471e-47
5.1709600e+02	2.2648081e-47
5.1828800e+02	2.2659885e-47
5.1948400e+02	2.2671787e-47
5.2068200e+02	2.2683788e-47
5.2188200e+02	2.2695887e-47
5.2308600e+02	2.2708084e-47
5.2429200e+02	2.2720380e-47
5.2550100e+02	2.2732775e-47
5.2671300e+02	2.2745364e-47
5.2792700e+02	2.2757956e-47
5.2914500e+02	2.2770648e-47
5.3036500e+02	2.2783534e-47
5.3158800e+02	2.2796519e-47
5.3281400e+02	2.2809603e-47
5.3404300e+02	2.2822786e-47
5.3527400e+02	2.2836069e-47
5.3650800e+02	2.2849452e-47
5.3774600e+02	2.2862934e-47
5.3898600e+02	2.2876611e-47
5.4022900e+02	2.2890292e-47
5.4147400e+02	2.2904169e-47
5.4272300e+02	2.2918146e-47
5.4397400e+02	2.2932222e-47
5.4522900e+02	2.2946399e-47
5.4648600e+02	2.2960676e-47
5.4774600e+02	2.2975054e-47
5.4901000e+02	2.2989628e-47
5.5027600e+02	2.3004302e-47
5.5154400e+02	2.3018981e-47
5.5281600e+02	2.3033856e-47
5.5409100e+02	2.3048929e-47
5.5536900e+02	2.3064006e-47
5.5665000e+02	2.3079281e-47
5.5793300e+02	2.3094560e-47
5.5922000e+02	2.3110037e-47
5.6050900e+02	2.3125615e-47
5.6180200e+02	2.3141295e-47
5.6309700e+02	2.3157173e-47
5.6439600e+02	2.3173152e-47
5.6569700e+02	2.3189137e-47
5.6700200e+02	2.3205319e-47
5.6830900e+02	2.3221701e-47
5.6962000e+02	2.3238088e-47
5.7093300e+02	2.3254674e-47
5.7225000e+02	2.3271362e-47
5.7357000e+02	2.3288153e-47
5.7489200e+02	2.3305046e-47
5.7621800e+02	2.3322042e-47
5.7754700e+02	2.3339237e-47
5.7887900e+02	2.3356536e-47
5.8021400e+02	2.3373937e-47
5.8155200e+02	2.3391539e-47
5.8289300e+02	2.3409147e-47
5.8423700e+02	2.3426955e-47
5.8558400e+02	2.3444964e-47
5.8693400e+02	2.3462980e-47
5.8828800e+02	2.3481196e-47
5.8964400e+02	2.3499517e-47
5.9100400e+02	2.3517941e-47
5.9236700e+02	2.3536470e-47
5.9373300e+02	2.3555200e-47
5.9510200e+02	2.3574035e-47
5.9647400e+02	2.3592975e-47
5.9785000e+02	2.3612116e-47
5.9922900e+02	2.3631363e-47
6.0061000e+02	2.3650714e-47
6.0199500e+02	2.3670171e-47
6.0338400e+02	2.3689831e-47
6.0477500e+02	2.3709596e-47
6.0617000e+02	2.3729564e-47
6.0756700e+02	2.3749540e-47
6.0896900e+02	2.3769720e-47
6.1037300e+02	2.3790104e-47
6.1178000e+02	2.3810496e-47
6.1319100e+02	2.3831093e-47
6.1460500e+02	2.3851795e-47
6.1602200e+02	2.3872703e-47
6.1744300e+02	2.3893717e-47
6.1886700e+02	2.3914838e-47
6.2029400e+02	2.3936165e-47
6.2172400e+02	2.3957599e-47
6.2315800e+02	2.3979140e-47
6.2459500e+02	2.4000887e-47
6.2603500e+02	2.4022742e-47
6.2747900e+02	2.4044705e-47
6.2892600e+02	2.4066874e-47
6.3037600e+02	2.4089151e-47
6.3183000e+02	2.4111537e-47
6.3328700e+02	2.4134130e-47
6.3474700e+02	2.4156832e-47
6.3621100e+02	2.4179741e-47
6.3767800e+02	2.4202759e-47
6.3914900e+02	2.4225887e-47
6.4062300e+02	2.4249223e-47
6.4210000e+02	2.4272668e-47
6.4358000e+02	2.4296323e-47
6.4506500e+02	2.4320087e-47
6.4655200e+02	2.4343961e-47
6.4804300e+02	2.4368045e-47
6.4953700e+02	2.4392239e-47
6.5103500e+02	2.4416643e-47
6.5253700e+02	2.4441158e-47
6.5404100e+02	2.4465884e-47
6.5555000e+02	2.4490720e-47
6.5706100e+02	2.4515669e-47
6.5857600e+02	2.4540828e-47
6.6009500e+02	2.4566198e-47
6.6161700e+02	2.4591582e-47
6.6314300e+02	2.4617276e-47
6.6467200e+02	2.4642984e-47
6.6620500e+02	2.4668904e-47
6.6774100e+02	2.4695036e-47
6.6928100e+02	2.4721281e-47
6.7082400e+02	2.4747740e-47
6.7237100e+02	2.4774312e-47
6.7392200e+02	2.4801097e-47
6.7547600e+02	2.4827997e-47
6.7703400e+02	2.4855011e-47
6.7859500e+02	2.4882239e-47
6.8016000e+02	2.4909682e-47
6.8172800e+02	2.4937239e-47
6.8330000e+02	2.4965012e-47
6.8487600e+02	2.4992901e-47
6.8645500e+02	2.5020904e-47
6.8803800e+02	2.5049224e-47
6.8962500e+02	2.5077560e-47
6.9121500e+02	2.5106112e-47
6.9280900e+02	2.5134881e-47
6.9440700e+02	2.5163868e-47
6.9600800e+02	2.5192871e-47
6.9761300e+02	2.5222192e-47
6.9922200e+02	2.5251630e-47
7.0083400e+02	2.5281186e-47
7.0245000e+02	2.5311062e-47
7.0407000e+02	2.5340955e-47
7.0569400e+02	2.5371168e-47
7.0732100e+02	2.5401398e-47
7.0895200e+02	2.5431950e-47
7.1058700e+02	2.5462621e-47
7.1222600e+02	2.5493411e-47
7.1386800e+02	2.5524523e-47
7.1551400e+02	2.5555654e-47
7.1716400e+02	2.5587107e-47
7.1881800e+02	2.5618681e-47
7.2047500e+02	2.5650477e-47
7.2213700e+02	2.5682394e-47
7.2380200e+02	2.5714534e-47
7.2547100e+02	2.5746795e-47
7.2714400e+02	2.5779280e-47
7.2882100e+02	2.5811988e-47
7.3050200e+02	2.5844921e-47
7.3218600e+02	2.5877976e-47
7.3387500e+02	2.5911256e-47
7.3556700e+02	2.5944659e-47
7.3726300e+02	2.5978288e-47
7.3896300e+02	2.6012142e-47
7.4066700e+02	2.6046121e-47
7.4237500e+02	2.6080325e-47
7.4408700e+02	2.6114757e-47
7.4580300e+02	2.6149314e-47
7.4752300e+02	2.6184201e-47
7.4924700e+02	2.6219111e-47
7.5097500e+02	2.6254351e-47
7.5270600e+02	2.6289718e-47
7.5444200e+02	2.6325314e-47
7.5618200e+02	2.6361139e-47
7.5792600e+02	2.6397092e-47
7.5967300e+02	2.6433274e-47
7.6142500e+02	2.6469687e-47
7.6318100e+02	2.6506331e-47
7.6494100e+02	2.6543104e-47
7.6670500e+02	2.6580108e-47
7.6847300e+02	2.6617345e-47
7.7024500e+02	2.6654710e-47
7.7202100e+02	2.6692412e-47
7.7380100e+02	2.6730244e-47
7.7558600e+02	2.6768310e-47
7.7737400e+02	2.6806506e-47
7.7916700e+02	2.6845041e-47
7.8096400e+02	2.6883707e-47
7.8276500e+02	2.6922608e-47
7.8457000e+02	2.6961745e-47
7.8637900e+02	2.7001014e-47
7.8819200e+02	2.7040624e-47
7.9001000e+02	2.7080367e-47
7.9183200e+02	2.7120348e-47
7.9365800e+02	2.7160566e-47
7.9548800e+02	2.7200919e-47
7.9732200e+02	2.7241614e-47
7.9916100e+02	2.7282445e-47
8.0100400e+02	2.7323515e-47
8.0285100e+02	2.7364826e-47
8.0470200e+02	2.7406377e-47
8.0655800e+02	2.7448169e-47
8.0841800e+02	2.7490098e-47
8.1028200e+02	2.7532373e-47
8.1215100e+02	2.7574786e-47
8.1402300e+02	2.7617442e-47
8.1590100e+02	2.7660342e-47
8.1778200e+02	2.7703485e-47
8.1966800e+02	2.7746872e-47
8.2155800e+02	2.7790505e-47
8.2345200e+02	2.7834382e-47
8.2535100e+02	2.7878400e-47
8.2725500e+02	2.7922770e-47
8.2916200e+02	2.7967386e-47
8.3107400e+02	2.8012144e-47
8.3299100e+02	2.8057256e-47
8.3491200e+02	2.8102615e-47
8.3683700e+02	2.8148224e-47
8.3876700e+02	2.8194082e-47
8.4070100e+02	2.8240190e-47
8.4264000e+02	2.8286655e-47
8.4458300e+02	2.8333584e-47
8.4653000e+02	2.8380765e-47
8.4848200e+02	2.8428624e-47
8.5043900e+02	2.8477378e-47
8.5240000e+02	2.8528097e-47
8.5436600e+02	2.8584207e-47
8.5633600e+02	2.8668314e-47
8.5831100e+02	3.0078753e-47
8.6029000e+02	2.8845815e-47
8.6227400e+02	2.8785908e-47
8.6426200e+02	2.8820148e-47
8.6625500e+02	2.8864723e-47
8.6825300e+02	2.8912237e-47
8.7025500e+02	2.8960973e-47
8.7226200e+02	2.9010396e-47
8.7427300e+02	2.9060293e-47
8.7628900e+02	2.9110557e-47
8.7831000e+02	2.9161188e-47
8.8033600e+02	2.9212079e-47
8.8236600e+02	2.9263339e-47
8.8440000e+02	2.9314861e-47
8.8644000e+02	2.9366753e-47
8.8848400e+02	2.9418800e-47
8.9053300e+02	2.9471218e-47
8.9258600e+02	2.9523900e-47
8.9464500e+02	2.9576847e-47
8.9670800e+02	2.9630059e-47
8.9877500e+02	2.9683537e-47
9.0084800e+02	2.9737390e-47
9.0292500e+02	2.9791401e-47
9.0500800e+02	2.9845789e-47
9.0709500e+02	2.9900446e-47
9.0918600e+02	2.9955261e-47
9.1128300e+02	3.0010456e-47
9.1338400e+02	3.0066031e-47
9.1549100e+02	3.0121766e-47
9.1760200e+02	3.0177883e-47
9.1971800e+02	3.0234162e-47
9.2183900e+02	3.0290824e-47
9.2396400e+02	3.0347759e-47
9.2609500e+02	3.0404968e-47
9.2823100e+02	3.0462452e-47
9.3037100e+02	3.0520321e-47
9.3251700e+02	3.0578467e-47
9.3466700e+02	3.0636779e-47
9.3682200e+02	3.0695589e-47
9.3898300e+02	3.0754567e-47
9.4114800e+02	3.0813823e-47
9.4331800e+02	3.0873470e-47
9.4549400e+02	3.0933397e-47
9.4767400e+02	3.0993604e-47
9.4985900e+02	3.1054205e-47
9.5205000e+02	3.1114976e-47
9.5424500e+02	3.1176142e-47
9.5644500e+02	3.1237592e-47
9.5865100e+02	3.1299325e-47
9.6086200e+02	3.1361456e-47
9.6307700e+02	3.1423872e-47
9.6529800e+02	3.1486575e-47
9.6752400e+02	3.1549678e-47
9.6975500e+02	3.1612956e-47
9.7199200e+02	3.1676635e-47
9.7423300e+02	3.1740717e-47
9.7648000e+02	3.1804975e-47
9.7873100e+02	3.1869638e-47
9.8098800e+02	3.1934592e-47
9.8325100e+02	3.1999952e-47
9.8551800e+02	3.2065605e-47
9.8779100e+02	3.2131552e-47
9.9006800e+02	3.2197794e-47
9.9235200e+02	3.2264445e-47
9.9464000e+02	3.2331392e-47
9.9693400e+02	3.2398750e-47
9.9923300e+02	3.2466406e-47
1.0015400e+03	3.2534361e-47
1.0038500e+03	3.2602730e-47
1.0061600e+03	3.2671398e-47
1.0084800e+03	3.2740368e-47
1.0108100e+03	3.2809755e-47
1.0131400e+03	3.2879444e-47
1.0154700e+03	3.2949552e-47
1.0178200e+03	3.3019964e-47
1.0201600e+03	3.3090681e-47
1.0225200e+03	3.3161819e-47
1.0248700e+03	3.3233265e-47
1.0272400e+03	3.3305134e-47
1.0296100e+03	3.3377311e-47
1.0319800e+03	3.3449798e-47
1.0343600e+03	3.3522710e-47
1.0367400e+03	3.3596050e-47
1.0391400e+03	3.3669587e-47
1.0415300e+03	3.3743668e-47
1.0439300e+03	3.3817947e-47
1.0463400e+03	3.3892773e-47
1.0487500e+03	3.3967799e-47
1.0511700e+03	3.4043374e-47
1.0536000e+03	3.4119150e-47
1.0560300e+03	3.4195478e-47
1.0584600e+03	3.4272009e-47
1.0609000e+03	3.4349094e-47
1.0633500e+03	3.4426383e-47
1.0658000e+03	3.4504228e-47
1.0682600e+03	3.4582280e-47
1.0707200e+03	3.4660890e-47
1.0731900e+03	3.4739825e-47
1.0756700e+03	3.4819087e-47
1.0781500e+03	3.4898793e-47
1.0806300e+03	3.4978944e-47
1.0831200e+03	3.5059425e-47
1.0856200e+03	3.5140354e-47
1.0881300e+03	3.5221614e-47
1.0906300e+03	3.5303324e-47
1.0931500e+03	3.5385366e-47
1.0956700e+03	3.5467861e-47
1.0982000e+03	3.5550810e-47
1.1007300e+03	3.5634095e-47
1.1032700e+03	3.5717835e-47
1.1058100e+03	3.5801913e-47
1.1083600e+03	3.5886450e-47
1.1109200e+03	3.5971446e-47
1.1134800e+03	3.6056902e-47
1.1160500e+03	3.6142701e-47
1.1186200e+03	3.6228843e-47
1.1212000e+03	3.6315569e-47
1.1237900e+03	3.6402640e-47
1.1263800e+03	3.6490056e-47
1.1289700e+03	3.6578062e-47
1.1315800e+03	3.6666416e-47
1.1341900e+03	3.6755240e-47
1.1368000e+03	3.6844414e-47
1.1394200e+03	3.6934061e-47
1.1420500e+03	3.7024183e-47
1.1446900e+03	3.7114779e-47
1.1473300e+03	3.7205730e-47
1.1499700e+03	3.7297159e-47
1.1526200e+03	3.7389067e-47
1.1552800e+03	3.7481333e-47
1.1579400e+03	3.7574080e-47
1.1606200e+03	3.7667311e-47
1.1632900e+03	3.7761025e-47
1.1659700e+03	3.7855225e-47
1.1686600e+03	3.7949789e-47
1.1713600e+03	3.8044841e-47
1.1740600e+03	3.8140382e-47
1.1767700e+03	3.8236414e-47
1.1794800e+03	3.8332815e-47
1.1822000e+03	3.8429709e-47
1.1849300e+03	3.8527221e-47
1.1876600e+03	3.8625106e-47
1.1904000e+03	3.8723364e-47
1.1931400e+03	3.8822246e-47
1.1958900e+03	3.8921502e-47
1.1986500e+03	3.9021386e-47
1.2014200e+03	3.9121647e-47
1.2041900e+03	3.9222413e-47
1.2069600e+03	3.9323685e-47
1.2097500e+03	3.9425464e-47
1.2125400e+03	3.9527752e-47
1.2153300e+03	3.9630550e-47
1.2181300e+03	3.9733860e-47
1.2209400e+03	3.9837683e-47
1.2237600e+03	3.9942147e-47
1.2265800e+03	4.0047254e-47
1.2294100e+03	4.0153133e-47
1.2322400e+03	4.0260167e-47
1.2350900e+03	4.0370012e-47
1.2379300e+03	4.0494896e-47
1.2407900e+03	4.6558515e-47
1.2436500e+03	4.0716778e-47
1.2465200e+03	4.0800795e-47
1.2493900e+03	4.0905490e-47
1.2522700e+03	4.1013393e-47
1.2551600e+03	4.1122721e-47
1.2580600e+03	4.1232708e-47
1.2609600e+03	4.1343485e-47
1.2638600e+03	4.1454926e-47
1.2667800e+03	4.1566904e-47
1.2697000e+03	4.1679290e-47
1.2726300e+03	4.1792475e-47
1.2755600e+03	4.1906073e-47
1.2785000e+03	4.2020213e-47
1.2814500e+03	4.2135028e-47
1.2844100e+03	4.2250260e-47
1.2873700e+03	4.2366170e-47
1.2903400e+03	4.2482499e-47
1.2933100e+03	4.2599510e-47
1.2963000e+03	4.2717074e-47
1.2992900e+03	4.2835192e-47
1.3022800e+03	4.2953867e-47
1.3052800e+03	4.3073100e-47
1.3082900e+03	4.3192893e-47
1.3113100e+03	4.3313246e-47
1.3143400e+03	4.3434295e-47
1.3173700e+03	4.3555776e-47
1.3204000e+03	4.3677956e-47
1.3234500e+03	4.3800704e-47
1.3265000e+03	4.3924021e-47
1.3295600e+03	4.4047911e-47
1.3326300e+03	4.4172373e-47
1.3357000e+03	4.4297411e-47
1.3387800e+03	4.4423158e-47
1.3418700e+03	4.4549484e-47
1.3449600e+03	4.4676391e-47
1.3480600e+03	4.4803879e-47
1.3511700e+03	4.4931952e-47
1.3542900e+03	4.5060744e-47
1.3574100e+03	4.5190124e-47
1.3605400e+03	4.5319959e-47
1.3636800e+03	4.5450654e-47
1.3668200e+03	4.5581807e-47
1.3699700e+03	4.5713690e-47
1.3731300e+03	4.5846170e-47
1.3763000e+03	4.5979249e-47
1.3794700e+03	4.6112927e-47
1.3826500e+03	4.6247344e-47
1.3858400e+03	4.6382365e-47
1.3890400e+03	4.6517993e-47
1.3922400e+03	4.6654364e-47
1.3954500e+03	4.6791209e-47
1.3986700e+03	4.6928939e-47
1.4019000e+03	4.7067146e-47
1.4051300e+03	4.7206106e-47
1.4083700e+03	4.7345684e-47
1.4116200e+03	4.7485881e-47
1.4148700e+03	4.7626837e-47
1.4181300e+03	4.7768418e-47
1.4214000e+03	4.7910761e-47
1.4246800e+03	4.8053594e-47
1.4279700e+03	4.8197334e-47
1.4312600e+03	4.8341567e-47
1.4345600e+03	4.8486572e-47
1.4378700e+03	4.8632213e-47
1.4411800e+03	4.8778631e-47
1.4445100e+03	4.8925688e-47
1.4478400e+03	4.9073528e-47
1.4511800e+03	4.9222011e-47
1.4545200e+03	4.9371140e-47
1.4578800e+03	4.9521058e-47
1.4612400e+03	4.9671626e-47
1.4646100e+03	4.9822987e-47
1.4679900e+03	4.9975002e-47
1.4713700e+03	5.0127816e-47
1.4747700e+03	5.0281288e-47
1.4781700e+03	5.0435421e-47
1.4815700e+03	5.0590359e-47
1.4849900e+03	5.0746104e-47
1.4884200e+03	5.0902517e-47
1.4918500e+03	5.1059742e-47
1.4952900e+03	5.1217639e-47
1.4987400e+03	5.1376210e-47
1.5021900e+03	5.1535744e-47
1.5056600e+03	5.1695812e-47
1.5091300e+03	5.1856849e-47
1.5126100e+03	5.2018425e-47
1.5161000e+03	5.2180975e-47
1.5195900e+03	5.2344212e-47
1.5231000e+03	5.2508139e-47
1.5266100e+03	5.2672903e-47
1.5301300e+03	5.2838506e-47
1.5336600e+03	5.3004807e-47
1.5371900e+03	5.3171951e-47
1.5407400e+03	5.3339944e-47
1.5442900e+03	5.3508640e-47
1.5478500e+03	5.3678188e-47
1.5514200e+03	5.3848592e-47
1.5550000e+03	5.4019854e-47
1.5585900e+03	5.4191977e-47
1.5621800e+03	5.4365110e-47
1.5657800e+03	5.4539407e-47
1.5693900e+03	5.4716201e-47
1.5730100e+03	5.4906618e-47
1.5766400e+03	5.5738916e-47
1.5802800e+03	5.5250827e-47
1.5839200e+03	5.5420878e-47
1.5875700e+03	5.5597752e-47
1.5912300e+03	5.5776550e-47
1.5949000e+03	5.5956384e-47
1.5985800e+03	5.6137406e-47
1.6022700e+03	5.6319171e-47
1.6059600e+03	5.6501982e-47
1.6096700e+03	5.6685540e-47
1.6133800e+03	5.6869999e-47
1.6171000e+03	5.7055362e-47
1.6208300e+03	5.7241632e-47
1.6245600e+03	5.7428812e-47
1.6283100e+03	5.7616753e-47
1.6320700e+03	5.7805761e-47
1.6358300e+03	5.7995536e-47
1.6396000e+03	5.8186231e-47
1.6433800e+03	5.8377699e-47
1.6471700e+03	5.8570246e-47
1.6509700e+03	5.8763723e-47
1.6547800e+03	5.8957980e-47
1.6585900e+03	5.9153173e-47
1.6624200e+03	5.9349305e-47
1.6662500e+03	5.9546379e-47
1.6700900e+03	5.9744397e-47
1.6739500e+03	5.9943364e-47
1.6778100e+03	6.0143282e-47
1.6816700e+03	6.0343999e-47
1.6855500e+03	6.0545828e-47
1.6894400e+03	6.0748618e-47
1.6933400e+03	6.0952216e-47
1.6972400e+03	6.1156779e-47
1.7011500e+03	6.1362469e-47
1.7050800e+03	6.1568975e-47
1.7090100e+03	6.1776456e-47
1.7129500e+03	6.1984916e-47
1.7169000e+03	6.2194516e-47
1.7208600e+03	6.2404944e-47
1.7248300e+03	6.2616360e-47
1.7288000e+03	6.2828927e-47
1.7327900e+03	6.3042330e-47
1.7367900e+03	6.3256731e-47
1.7407900e+03	6.3472133e-47
1.7448100e+03	6.3688699e-47
1.7488300e+03	6.3906114e-47
1.7528600e+03	6.4124701e-47
1.7569000e+03	6.4344302e-47
1.7609600e+03	6.4564760e-47
1.7650200e+03	6.4786401e-47
1.7690900e+03	6.5009066e-47
1.7731700e+03	6.5232760e-47
1.7772600e+03	6.5457485e-47
1.7813500e+03	6.5683244e-47
1.7854600e+03	6.5910205e-47
1.7895800e+03	6.6138044e-47
1.7937100e+03	6.6367092e-47
1.7978400e+03	6.6597188e-47
1.8019900e+03	6.6828336e-47
1.8061400e+03	6.7060540e-47
1.8103100e+03	6.7293803e-47
1.8144800e+03	6.7528292e-47
1.8186700e+03	6.7763684e-47
1.8228600e+03	6.8000309e-47
1.8270600e+03	6.8238173e-47
1.8312800e+03	6.8476949e-47
1.8355000e+03	6.8716971e-47
1.8397300e+03	6.8958077e-47
1.8439800e+03	6.9200271e-47
1.8482300e+03	6.9443556e-47
1.8524900e+03	6.9688102e-47
1.8567600e+03	6.9933748e-47
1.8610400e+03	7.0180496e-47
1.8653400e+03	7.0428517e-47
1.8696400e+03	7.0677649e-47
1.8739500e+03	7.0927894e-47
1.8782700e+03	7.1179426e-47
1.8826000e+03	7.1432247e-47
1.8869400e+03	7.1686364e-47
1.8912900e+03	7.1942628e-47
1.8956500e+03	7.2209886e-47
1.9000300e+03	7.2493134e-47
1.9044100e+03	7.2715698e-47
1.9088000e+03	7.2973623e-47
1.9132000e+03	7.3234229e-47
1.9176100e+03	7.3496158e-47
1.9220300e+03	7.3759584e-47
1.9264700e+03	7.4024342e-47
1.9309100e+03	7.4290091e-47
1.9353600e+03	7.4557353e-47
1.9398300e+03	7.4825787e-47
1.9443000e+03	7.5095396e-47
1.9487800e+03	7.5366359e-47
1.9532800e+03	7.5638679e-47
1.9577800e+03	7.5912187e-47
1.9622900e+03	7.6186887e-47
1.9668200e+03	7.6462957e-47
1.9713600e+03	7.6740228e-47
1.9759000e+03	7.7018878e-47
1.9804600e+03	7.7298912e-47
1.9850200e+03	7.7580159e-47
1.9896000e+03	7.7862800e-47
1.9941900e+03	7.8146661e-47
1.9987900e+03	7.8431924e-47
2.0034000e+03	7.8718417e-47
2.0080200e+03	7.9006321e-47
2.0126500e+03	7.9295641e-47
2.0172900e+03	7.9586204e-47
2.0219400e+03	7.9878013e-47
2.0266000e+03	8.0171430e-47
2.0312800e+03	8.0466103e-47
2.0359600e+03	8.0762215e-47
2.0406600e+03	8.1059591e-47
2.0453600e+03	8.1358416e-47
2.0500800e+03	8.1658694e-47
2.0548100e+03	8.1960249e-47
2.0595400e+03	8.2263267e-47
2.0642900e+03	8.2567753e-47
2.0690500e+03	8.2873712e-47
2.0738300e+03	8.3180967e-47
2.0786100e+03	8.3489703e-47
2.0834000e+03	8.3799927e-47
2.0882100e+03	8.4111460e-47
2.0930200e+03	8.4424673e-47
2.0978500e+03	8.4739205e-47
2.1026900e+03	8.5055244e-47
2.1075300e+03	8.5372610e-47
2.1123900e+03	8.5691679e-47
2.1172700e+03	8.6012084e-47
2.1221500e+03	8.6334016e-47
2.1270400e+03	8.6657481e-47
2.1319500e+03	8.6982483e-47
2.1368600e+03	8.7309028e-47
2.1417900e+03	8.7636933e-47
2.1467300e+03	8.7966579e-47
2.1516800e+03	8.8297595e-47
2.1566400e+03	8.8630174e-47
2.1616100e+03	8.8964322e-47
2.1666000e+03	8.9300043e-47
2.1716000e+03	8.9637343e-47
2.1766000e+03	8.9976228e-47
2.1816200e+03	9.0316702e-47
2.1866500e+03	9.0658772e-47
2.1917000e+03	9.1002442e-47
2.1967500e+03	9.1347527e-47
2.2018200e+03	9.1694414e-47
2.2068900e+03	9.2042917e-47
2.2119800e+03	9.2392851e-47
2.2170800e+03	9.2744604e-47
2.2222000e+03	9.3097991e-47
2.2273200e+03	9.3453016e-47
2.2324600e+03	9.3809685e-47
2.2376000e+03	9.4168004e-47
2.2427600e+03	9.4528173e-47
2.2479400e+03	9.4890003e-47
2.2531200e+03	9.5254867e-47
2.2583200e+03	9.5656224e-47
2.2635200e+03	9.5985520e-47
2.2687400e+03	9.6353463e-47
2.2739700e+03	9.6723488e-47
2.2792200e+03	9.7095207e-47
2.2844700e+03	9.7468823e-47
2.2897400e+03	9.7844146e-47
2.2950200e+03	9.8221380e-47
2.3003100e+03	9.8600134e-47
2.3056200e+03	9.8980810e-47
2.3109400e+03	9.9363217e-47
2.3162700e+03	9.9747360e-47
2.3216100e+03	1.0013404e-46
2.3269600e+03	1.0052068e-46
2.3323300e+03	1.0091006e-46
2.3377000e+03	1.0130221e-46
2.3431000e+03	1.0169512e-46
2.3485000e+03	1.0209082e-46
2.3539100e+03	1.0248728e-46
2.3593400e+03	1.0288653e-46
2.3647800e+03	1.0328657e-46
2.3702400e+03	1.0368942e-46
2.3757000e+03	1.0409305e-46
2.3811800e+03	1.0449951e-46
2.3866700e+03	1.0490676e-46
2.3921700e+03	1.0531685e-46
2.3976900e+03	1.0572981e-46
2.4032200e+03	1.0614357e-46
2.4087600e+03	1.0655814e-46
2.4143200e+03	1.0697558e-46
2.4198800e+03	1.0739591e-46
2.4254600e+03	1.0781707e-46
2.4310600e+03	1.0824114e-46
2.4366600e+03	1.0866603e-46
2.4422800e+03	1.0909385e-46
2.4479100e+03	1.0952460e-46
2.4535600e+03	1.0995410e-46
2.4592200e+03	1.1038864e-46
2.4648900e+03	1.1082405e-46
2.4705700e+03	1.1126241e-46
2.4762700e+03	1.1170165e-46
2.4819800e+03	1.1214175e-46
2.4877000e+03	1.1258695e-46
2.4934400e+03	1.1303304e-46
2.4991900e+03	1.1348002e-46
2.5049500e+03	1.1393001e-46
2.5107300e+03	1.1438089e-46
2.5165200e+03	1.1483480e-46
2.5223200e+03	1.1529176e-46
2.5281400e+03	1.1574963e-46
2.5339700e+03	1.1621056e-46
2.5398100e+03	1.1667240e-46
2.5456700e+03	1.1713733e-46
2.5515400e+03	1.1760535e-46
2.5574200e+03	1.1807430e-46
2.5633200e+03	1.1854419e-46
2.5692300e+03	1.1901719e-46
2.5751600e+03	1.1949332e-46
2.5810900e+03	1.1997259e-46
2.5870500e+03	1.2045062e-46
2.5930100e+03	1.2093401e-46
2.5989900e+03	1.2141836e-46
2.6049900e+03	1.2190589e-46
2.6109900e+03	1.2239439e-46
2.6170100e+03	1.2288609e-46
2.6230500e+03	1.2337878e-46
2.6291000e+03	1.2387467e-46
2.6351600e+03	1.2437380e-46
2.6412400e+03	1.2487392e-46
2.6473300e+03	1.2537729e-46
2.6534300e+03	1.2588167e-46
2.6595500e+03	1.2638931e-46
2.6656800e+03	1.2690023e-46
2.6718300e+03	1.2740991e-46
2.6779900e+03	1.2792515e-46
2.6841700e+03	1.2844142e-46
2.6903600e+03	1.2896101e-46
2.6965600e+03	1.2948392e-46
2.7027800e+03	1.3000788e-46
2.7090100e+03	1.3053520e-46
2.7152600e+03	1.3106357e-46
2.7215200e+03	1.3159531e-46
2.7278000e+03	1.3212813e-46
2.7340900e+03	1.3266663e-46
2.7403900e+03	1.3320391e-46
2.7467100e+03	1.3374691e-46
2.7530400e+03	1.3429101e-46
2.7593900e+03	1.3483622e-46
2.7657600e+03	1.3538486e-46
2.7721300e+03	1.3593694e-46
2.7785300e+03	1.3649249e-46
2.7849300e+03	1.3704917e-46
2.7913600e+03	1.3760698e-46
2.7977900e+03	1.3816827e-46
2.8042400e+03	1.3873306e-46
2.8107100e+03	1.3930137e-46
2.8171900e+03	1.3987083e-46
2.8236900e+03	1.4044383e-46
2.8302000e+03	1.4101800e-46
2.8367300e+03	1.4159572e-46
2.8432700e+03	1.4217701e-46
2.8498300e+03	1.4275948e-46
2.8564000e+03	1.4334555e-46
2.8629800e+03	1.4393521e-46
2.8695900e+03	1.4452608e-46
2.8762000e+03	1.4512057e-46
2.8828400e+03	1.4571870e-46
2.8894800e+03	1.4631805e-46
2.8961500e+03	1.4692107e-46
2.9028300e+03	1.4752532e-46
2.9095200e+03	1.4813324e-46
2.9162300e+03	1.4874486e-46
2.9229500e+03	1.4935773e-46
2.9296900e+03	1.4997431e-46
2.9364500e+03	1.5059462e-46
2.9432200e+03	1.5121621e-46
2.9500100e+03	1.5184154e-46
2.9568100e+03	1.5247063e-46
2.9636300e+03	1.5310103e-46
2.9704600e+03	1.5373520e-46
2.9773100e+03	1.5437069e-46
2.9841800e+03	1.5501246e-46
2.9910600e+03	1.5565557e-46
2.9979600e+03	1.5630000e-46
3.0048700e+03	1.5695078e-46
3.0118000e+03	1.5760292e-46
3.0187500e+03	1.5825892e-46
3.0257100e+03	1.5891628e-46
3.0326800e+03	1.5958006e-46
3.0396800e+03	1.6024269e-46
3.0466900e+03	1.6091176e-46
3.0537100e+03	1.6158223e-46
3.0607600e+03	1.6225664e-46
3.0678100e+03	1.6293246e-46
3.0748900e+03	1.6361224e-46
3.0819800e+03	1.6429600e-46
3.0890900e+03	1.6498375e-46
3.0962100e+03	1.6568066e-46
3.1033500e+03	1.6636614e-46
3.1105100e+03	1.6706338e-46
3.1176800e+03	1.6776208e-46
3.1248700e+03	1.6846482e-46
3.1320700e+03	1.6916904e-46
3.1393000e+03	1.6987994e-46
3.1465400e+03	1.7059233e-46
3.1537900e+03	1.7130621e-46
3.1610600e+03	1.7202683e-46
3.1683500e+03	1.7274896e-46
3.1756600e+03	1.7347524e-46
3.1829800e+03	1.7420304e-46
3.1903200e+03	1.7493501e-46
3.1976800e+03	1.7567117e-46
3.2050500e+03	1.7641152e-46
3.2124400e+03	1.7715344e-46
3.2198500e+03	1.7789958e-46
3.2272800e+03	1.7864996e-46
3.2347200e+03	1.7940191e-46
3.2421800e+03	1.8015814e-46
3.2496600e+03	1.8091864e-46
3.2571500e+03	1.8168344e-46
3.2646600e+03	1.8244985e-46
3.2721900e+03	1.8322059e-46
3.2797300e+03	1.8399566e-46
3.2873000e+03	1.8477237e-46
3.2948800e+03	1.8555344e-46
3.3024800e+03	1.8633888e-46
3.3100900e+03	1.8712872e-46
3.3177200e+03	1.8792023e-46
3.3253700e+03	1.8871616e-46
3.3330400e+03	1.8951652e-46
3.3407300e+03	1.9031858e-46
3.3484300e+03	1.9112510e-46
3.3561500e+03	1.9193609e-46
3.3638900e+03	1.9275157e-46
3.3716500e+03	1.9356879e-46
3.3794300e+03	1.9439331e-46
3.3872200e+03	1.9521678e-46
3.3950300e+03	1.9604760e-46
3.4028600e+03	1.9688019e-46
3.4107100e+03	1.9772016e-46
3.4185700e+03	1.9855910e-46
3.4264500e+03	1.9940547e-46
3.4343600e+03	2.0025363e-46
3.4422800e+03	2.0110643e-46
3.4502100e+03	2.0196389e-46
3.4581700e+03	2.0282602e-46
3.4661400e+03	2.0368998e-46
3.4741400e+03	2.0455865e-46
3.4821500e+03	2.0543202e-46
3.4901800e+03	2.0631013e-46
3.4982300e+03	2.0719011e-46
3.5062900e+03	2.0807486e-46
3.5143800e+03	2.0896437e-46
3.5224800e+03	2.0985868e-46
3.5306100e+03	2.1075781e-46
3.5387500e+03	2.1165885e-46
3.5469100e+03	2.1256474e-46
3.5550900e+03	2.1347548e-46
3.5632900e+03	2.1438816e-46
3.5715000e+03	2.1530573e-46
3.5797400e+03	2.1622820e-46
3.5879900e+03	2.1715559e-46
3.5962700e+03	2.1808792e-46
3.6045600e+03	2.1902224e-46
3.6128700e+03	2.1996449e-46
3.6212000e+03	2.2090877e-46
3.6295500e+03	2.2185805e-46
3.6379200e+03	2.2280936e-46
3.6463100e+03	2.2376570e-46
3.6547200e+03	2.2473008e-46
3.6631500e+03	2.2569654e-46
3.6716000e+03	2.2666507e-46
3.6800600e+03	2.2764171e-46
3.6885500e+03	2.2862045e-46
3.6970600e+03	2.2960735e-46
3.7055800e+03	2.3059637e-46
3.7141300e+03	2.3158752e-46
3.7226900e+03	2.3258690e-46
3.7312800e+03	2.3358843e-46
3.7398800e+03	2.3459824e-46
3.7485000e+03	2.3561022e-46
3.7571500e+03	2.3662746e-46
3.7658100e+03	2.3764997e-46
3.7745000e+03	2.3867778e-46
3.7832000e+03	2.3971090e-46
3.7919200e+03	2.4074626e-46
3.8006700e+03	2.4178695e-46
3.8094300e+03	2.4283612e-46
3.8182200e+03	2.4388757e-46
3.8270200e+03	2.4494128e-46
3.8358500e+03	2.4600354e-46
3.8446900e+03	2.4706810e-46
3.8535600e+03	2.4814126e-46
3.8624400e+03	2.4921674e-46
3.8713500e+03	2.5029771e-46
3.8802800e+03	2.5138102e-46
3.8892300e+03	2.5247303e-46
3.8982000e+03	2.5356741e-46
3.9071800e+03	2.5467053e-46
3.9161900e+03	2.5577605e-46
3.9252300e+03	2.5688717e-46
3.9342800e+03	2.5800391e-46
3.9433500e+03	2.5912307e-46
3.9524400e+03	2.6025110e-46
3.9615600e+03	2.6138159e-46
3.9706900e+03	2.6252101e-46
3.9798500e+03	2.6368888e-46
3.9890300e+03	2.6481053e-46
3.9982300e+03	2.6596065e-46
4.0074500e+03	2.6711980e-46
4.0166900e+03	2.6828474e-46
4.0259500e+03	2.6945223e-46
4.0352300e+03	2.7062553e-46
4.0445400e+03	2.7180798e-46
4.0538700e+03	2.7299301e-46
4.0632100e+03	2.7418392e-46
4.0725800e+03	2.7537743e-46
4.0819700e+03	2.7658018e-46
4.0913900e+03	2.7778889e-46
4.1008200e+03	2.7900023e-46
4.1102800e+03	2.8021756e-46
4.1197600e+03	2.8144424e-46
4.1292600e+03	2.8267361e-46
4.1387800e+03	2.8390902e-46
4.1483200e+03	2.8515050e-46
4.1578900e+03	2.8639470e-46
4.1674800e+03	2.8764838e-46
4.1770900e+03	2.8890821e-46
4.1867200e+03	2.9017078e-46
4.1963800e+03	2.9144294e-46
4.2060500e+03	2.9271788e-46
4.2157500e+03	2.9399903e-46
4.2254700e+03	2.9528642e-46
4.2352200e+03	2.9658006e-46
4.2449800e+03	2.9787998e-46
4.2547700e+03	2.9918621e-46
4.2645800e+03	3.0049876e-46
4.2744200e+03	3.0181765e-46
4.2842700e+03	3.0313944e-46
4.2941500e+03	3.0447109e-46
4.3040600e+03	3.0580566e-46
4.3139800e+03	3.0715016e-46
4.3239300e+03	3.0849761e-46
4.3339000e+03	3.0985153e-46
4.3438900e+03	3.1121194e-46
4.3539100e+03	3.1257886e-46
4.3639500e+03	3.1395233e-46
4.3740200e+03	3.1533236e-46
4.3841000e+03	3.1671897e-46
4.3942100e+03	3.1811219e-46
4.4043400e+03	3.1951205e-46
4.4145000e+03	3.2091856e-46
4.4246800e+03	3.2233175e-46
4.4348800e+03	3.2374805e-46
4.4451100e+03	3.2517466e-46
4.4553600e+03	3.2660803e-46
4.4656400e+03	3.2804454e-46
4.4759300e+03	3.2949147e-46
4.4862600e+03	3.3094159e-46
4.4966000e+03	3.3239853e-46
4.5069700e+03	3.3386598e-46
4.5173600e+03	3.3533667e-46
4.5277800e+03	3.3681793e-46
4.5382200e+03	3.3830245e-46
4.5486900e+03	3.3979392e-46
4.5591800e+03	3.4129237e-46
4.5696900e+03	3.4280152e-46
4.5802300e+03	3.4431400e-46
4.5907900e+03	3.4583353e-46
4.6013800e+03	3.4736013e-46
4.6119900e+03	3.4889757e-46
4.6226200e+03	3.5043840e-46
4.6332800e+03	3.5198638e-46
4.6439700e+03	3.5354153e-46
4.6546700e+03	3.5510387e-46
4.6654100e+03	3.5667344e-46
4.6761700e+03	3.5825404e-46
4.6869500e+03	3.5983814e-46
4.6977600e+03	3.6142953e-46
4.7085900e+03	3.6302824e-46
4.7194500e+03	3.6463430e-46
4.7303300e+03	3.6625156e-46
4.7412400e+03	3.6787240e-46
4.7521700e+03	3.6950066e-46
4.7631300e+03	3.7113637e-46
4.7741200e+03	3.7278342e-46
4.7851300e+03	3.7443411e-46
4.7961600e+03	3.7609233e-46
4.8072200e+03	3.7776198e-46
4.8183100e+03	3.7943534e-46
4.8294200e+03	3.8111629e-46
4.8405500e+03	3.8280879e-46
4.8517200e+03	3.8450504e-46
4.8629000e+03	3.8621290e-46
4.8741200e+03	3.8792848e-46
4.8853600e+03	3.8964786e-46
4.8966200e+03	3.9137896e-46
4.9079100e+03	3.9311786e-46
4.9192300e+03	3.9486062e-46
4.9305800e+03	3.9661519e-46
4.9419500e+03	3.9837765e-46
4.9533400e+03	4.0014801e-46
4.9647600e+03	4.0192631e-46
4.9762100e+03	4.0371257e-46
4.9876900e+03	4.0550682e-46
4.9991900e+03	4.0730909e-46
5.0107200e+03	4.0912344e-46
5.0222700e+03	4.1094182e-46
5.0338500e+03	4.1277236e-46
5.0454600e+03	4.1460697e-46
5.0571000e+03	4.1645381e-46
5.0687600e+03	4.1830476e-46
5.0804500e+03	4.2016800e-46
5.0921600e+03	4.2203950e-46
5.1039100e+03	4.2391927e-46
5.1156800e+03	4.2580735e-46
5.1274700e+03	4.2770376e-46
5.1393000e+03	4.2960853e-46
5.1511500e+03	4.3152168e-46
5.1630300e+03	4.3344742e-46
5.1749300e+03	4.3537744e-46
5.1868700e+03	4.3732011e-46
5.1988300e+03	4.3927130e-46
5.2108100e+03	4.4123103e-46
5.2228300e+03	4.4319934e-46
5.2348700e+03	4.4517624e-46
5.2469500e+03	4.4716177e-46
5.2590500e+03	4.4915596e-46
5.2711700e+03	4.5116309e-46
5.2833300e+03	4.5317469e-46
5.2955100e+03	4.5519929e-46
5.3077200e+03	4.5723269e-46
5.3199600e+03	4.5927490e-46
5.3322300e+03	4.6132596e-46
5.3445300e+03	4.6338590e-46
5.3568500e+03	4.6545474e-46
5.3692000e+03	4.6753683e-46
5.3815900e+03	4.6962791e-46
5.3940000e+03	4.7172799e-46
5.4064300e+03	4.7383276e-46
5.4189000e+03	4.7595531e-46
5.4314000e+03	4.7808260e-46
5.4439200e+03	4.8021901e-46
5.4564800e+03	4.8236898e-46
5.4690600e+03	4.8452814e-46
5.4816700e+03	4.8669655e-46
5.4943100e+03	4.8887421e-46
5.5069800e+03	4.9106117e-46
5.5196800e+03	4.9326189e-46
5.5324100e+03	4.9546753e-46
5.5451700e+03	4.9768702e-46
5.5579500e+03	4.9991594e-46
5.5707700e+03	5.0215432e-46
5.5836200e+03	5.0440668e-46
5.5964900e+03	5.0666408e-46
5.6094000e+03	5.0893555e-46
5.6223300e+03	5.1121662e-46
5.6353000e+03	5.1350732e-46
5.6482900e+03	5.1581223e-46
5.6613200e+03	5.1812230e-46
5.6743700e+03	5.2044666e-46
5.6874600e+03	5.2278079e-46
5.7005700e+03	5.2512472e-46
5.7137200e+03	5.2748309e-46
5.7269000e+03	5.2984674e-46
5.7401000e+03	5.3222490e-46
5.7533400e+03	5.3461301e-46
5.7666100e+03	5.3701574e-46
5.7799000e+03	5.3942385e-46
5.7932300e+03	5.4184666e-46
5.8065900e+03	5.4427957e-46
5.8199800e+03	5.4672260e-46
5.8334000e+03	5.4918048e-46
5.8468500e+03	5.5164387e-46
5.8603400e+03	5.5412218e-46
5.8738500e+03	5.5661549e-46
5.8874000e+03	5.5911440e-46
5.9009700e+03	5.6162838e-46
5.9145800e+03	5.6415275e-46
5.9282200e+03	5.6668755e-46
5.9418900e+03	5.6923757e-46
5.9555900e+03	5.7179331e-46
5.9693300e+03	5.7436436e-46
5.9830900e+03	5.7695079e-46
5.9968900e+03	5.7954303e-46
6.0107200e+03	5.8215073e-46
6.0245800e+03	5.8476912e-46
6.0384700e+03	5.8740308e-46
6.0524000e+03	5.9004782e-46
6.0663500e+03	5.9270337e-46
6.0803400e+03	5.9536976e-46
6.0943600e+03	5.9804702e-46
6.1084200e+03	6.0074010e-46
6.1225000e+03	6.0344905e-46
6.1366200e+03	6.0616410e-46
6.1507700e+03	6.0889511e-46
6.1649600e+03	6.1163720e-46
6.1791700e+03	6.1439041e-46
6.1934200e+03	6.1715974e-46
6.2077000e+03	6.1994028e-46
6.2220200e+03	6.2273705e-46
6.2363700e+03	6.2554012e-46
6.2507500e+03	6.2835950e-46
6.2651600e+03	6.3124553e-46
6.2796100e+03	6.3403744e-46
6.2940900e+03	6.3689607e-46
6.3086000e+03	6.3977126e-46
6.3231500e+03	6.4265799e-46
6.3377300e+03	6.4555630e-46
6.3523500e+03	6.4846623e-46
6.3670000e+03	6.5139290e-46
6.3816800e+03	6.5433128e-46
6.3964000e+03	6.5728141e-46
6.4111500e+03	6.6024844e-46
6.4259300e+03	6.6322731e-46
6.4407500e+03	6.6622321e-46
6.4556000e+03	6.6923103e-46
6.4704900e+03	6.7225081e-46
6.4854100e+03	6.7528779e-46
6.5003600e+03	6.7833682e-46
6.5153500e+03	6.8139793e-46
6.5303800e+03	6.8447641e-46
6.5454400e+03	6.8756706e-46
6.5605300e+03	6.9067519e-46
6.5756600e+03	6.9379560e-46
6.5908200e+03	6.9692832e-46
6.6060200e+03	7.0007868e-46
6.6212600e+03	7.0324145e-46
6.6365200e+03	7.0642198e-46
6.6518300e+03	7.0961501e-46
6.6671700e+03	7.1282592e-46
6.6825400e+03	7.1604408e-46
6.6979500e+03	7.1928558e-46
6.7134000e+03	7.2253440e-46
6.7288800e+03	7.2580670e-46
6.7443900e+03	7.2908640e-46
6.7599500e+03	7.3238432e-46
6.7755400e+03	7.3569510e-46
6.7911600e+03	7.3902423e-46
6.8068200e+03	7.4237176e-46
6.8225200e+03	7.4572686e-46
6.8382500e+03	7.4910595e-46
6.8540200e+03	7.5249268e-46
6.8698200e+03	7.5589804e-46
6.8856700e+03	7.5932211e-46
6.9015400e+03	7.6275945e-46
6.9174600e+03	7.6621008e-46
6.9334100e+03	7.6967960e-46
6.9494000e+03	7.7316807e-46
6.9654300e+03	7.7667001e-46
6.9814900e+03	7.8018545e-46
6.9975900e+03	7.8372003e-46
7.0137200e+03	7.8726820e-46
7.0299000e+03	7.9083564e-46
7.0461100e+03	7.9442241e-46
7.0623600e+03	7.9801730e-46
7.0786400e+03	8.0163729e-46
7.0949700e+03	8.0527116e-46
7.1113300e+03	8.0891892e-46
7.1277300e+03	8.1258633e-46
7.1441600e+03	8.1626776e-46
7.1606400e+03	8.1996895e-46
7.1771500e+03	8.2368426e-46
7.1937000e+03	8.2741947e-46
7.2102900e+03	8.3117467e-46
7.2269200e+03	8.3494414e-46
7.2435800e+03	8.3872794e-46
7.2602800e+03	8.4253190e-46
7.2770300e+03	8.4635610e-46
7.2938100e+03	8.5019480e-46
7.3106300e+03	8.5405387e-46
7.3274900e+03	8.5792753e-46
7.3443800e+03	8.6182171e-46
7.3613200e+03	8.6573058e-46
7.3782900e+03	8.6966010e-46
7.3953100e+03	8.7360443e-46
7.4123600e+03	8.7756953e-46
7.4294600e+03	8.8155548e-46
7.4465900e+03	8.8555642e-46
7.4637600e+03	8.8957835e-46
7.4809700e+03	8.9361536e-46
7.4982200e+03	8.9767351e-46
7.5155100e+03	9.0175285e-46
7.5328400e+03	9.0584747e-46
7.5502200e+03	9.0996342e-46
7.5676300e+03	9.1409476e-46
7.5850800e+03	9.1824757e-46
7.6025700e+03	9.2241586e-46
7.6201000e+03	9.2660578e-46
7.6376700e+03	9.3081739e-46
7.6552800e+03	9.3504466e-46
7.6729400e+03	9.3929377e-46
7.6906300e+03	9.4356481e-46
7.7083700e+03	9.4785168e-46
7.7261400e+03	9.5216062e-46
7.7439600e+03	9.5649170e-46
7.7618200e+03	9.6083881e-46
7.7797100e+03	9.6520820e-46
7.7976500e+03	9.6959373e-46
7.8156400e+03	9.7400168e-46
7.8336600e+03	9.7843214e-46
7.8517200e+03	9.8287893e-46
7.8698300e+03	9.8735465e-46
7.8879800e+03	9.9184054e-46
7.9061700e+03	9.9635554e-46
7.9244000e+03	1.0008871e-45
7.9426700e+03	1.0054417e-45
7.9609900e+03	1.0100129e-45
7.9793500e+03	1.0146072e-45
7.9977500e+03	1.0192248e-45
8.0161900e+03	1.0238656e-45
8.0346800e+03	1.0285234e-45
8.0532000e+03	1.0332239e-45
8.0717700e+03	1.0379029e-45
8.0903900e+03	1.0426312e-45
8.1090400e+03	1.0473767e-45
8.1277400e+03	1.0521395e-45
8.1464900e+03	1.0569326e-45
8.1652700e+03	1.0617431e-45
8.1841000e+03	1.0665776e-45
8.2029700e+03	1.0714362e-45
8.2218900e+03	1.0763124e-45
8.2408500e+03	1.0812128e-45
8.2598500e+03	1.0861375e-45
8.2789000e+03	1.0910866e-45
8.2979900e+03	1.0960536e-45
8.3171300e+03	1.1010518e-45
8.3363100e+03	1.1060613e-45
8.3555300e+03	1.1111022e-45
8.3748000e+03	1.1161680e-45
8.3941100e+03	1.1212519e-45
8.4134700e+03	1.1263609e-45
8.4328700e+03	1.1314949e-45
8.4523100e+03	1.1366473e-45
8.4718100e+03	1.1418317e-45
8.4913400e+03	1.1470347e-45
8.5109200e+03	1.1522630e-45
8.5305500e+03	1.1575101e-45
8.5502200e+03	1.1627895e-45
8.5699400e+03	1.1680878e-45
8.5897000e+03	1.1734187e-45
8.6095100e+03	1.1787618e-45
8.6293600e+03	1.1841376e-45
8.6492600e+03	1.1895394e-45
8.6692100e+03	1.1949605e-45
8.6892000e+03	1.2004146e-45
8.7092300e+03	1.2058881e-45
8.7293200e+03	1.2113880e-45
8.7494500e+03	1.2169144e-45
8.7696200e+03	1.2224603e-45
8.7898500e+03	1.2280399e-45
8.8101200e+03	1.2336392e-45
8.8304300e+03	1.2392723e-45
8.8508000e+03	1.2449254e-45
8.8712100e+03	1.2506054e-45
8.8916600e+03	1.2563126e-45
8.9121700e+03	1.2620398e-45
8.9327200e+03	1.2678015e-45
8.9533200e+03	1.2735905e-45
8.9739600e+03	1.2793999e-45
8.9946600e+03	1.2852368e-45
9.0154000e+03	1.2911086e-45
9.0361900e+03	1.2970010e-45
9.0570300e+03	1.3029212e-45
9.0779100e+03	1.3088694e-45
9.0988500e+03	1.3148456e-45
9.1198300e+03	1.3208427e-45
9.1408600e+03	1.3268753e-45
9.1619400e+03	1.3329363e-45
9.1830700e+03	1.3390184e-45
9.2042400e+03	1.3451363e-45
9.2254700e+03	1.3512755e-45
9.2467400e+03	1.3574509e-45
9.2680600e+03	1.3636476e-45
9.2894400e+03	1.3698807e-45
9.3108600e+03	1.3761355e-45
9.3323300e+03	1.3824193e-45
9.3538500e+03	1.3887398e-45
9.3754200e+03	1.3950823e-45
9.3970400e+03	1.4014541e-45
9.4187100e+03	1.4078555e-45
9.4404300e+03	1.4142864e-45
9.4622000e+03	1.4207547e-45
9.4840200e+03	1.4272453e-45
9.5058900e+03	1.4337658e-45
9.5278100e+03	1.4403164e-45
9.5497800e+03	1.4468971e-45
9.5718000e+03	1.4535156e-45
9.5938700e+03	1.4601569e-45
9.6160000e+03	1.4668287e-45
9.6381700e+03	1.4735387e-45
9.6604000e+03	1.4802718e-45
9.6826700e+03	1.4870356e-45
9.7050000e+03	1.4938380e-45
9.7273800e+03	1.5006636e-45
9.7498100e+03	1.5075282e-45
9.7723000e+03	1.5144161e-45
9.7948300e+03	1.5213432e-45
9.8174200e+03	1.5283017e-45
9.8400600e+03	1.5352918e-45
9.8627500e+03	1.5423135e-45
9.8854900e+03	1.5493670e-45
9.9082900e+03	1.5564524e-45
9.9311400e+03	1.5635698e-45
9.9540400e+03	1.5707192e-45
9.9769900e+03	1.5779008e-45
1.0000000e+04	1.5851227e-45
