1.0000000e+01	2.2092363e-42
1.0023100e+01	2.1683741e-42
1.0046200e+01	2.1283309e-42
1.0069300e+01	2.0890077e-42
1.0092600e+01	2.0504235e-42
1.0115800e+01	2.0125394e-42
1.0139200e+01	1.9754021e-42
1.0162500e+01	1.9389170e-42
1.0186000e+01	1.9031582e-42
1.0209500e+01	1.8680329e-42
1.0233000e+01	1.8335597e-42
1.0256600e+01	1.7997564e-42
1.0280300e+01	1.7665600e-42
1.0304000e+01	1.7339886e-42
1.0327700e+01	1.7020333e-42
1.0351500e+01	1.6706597e-42
1.0375400e+01	1.6398851e-42
1.0399300e+01	1.6096758e-42
1.0423300e+01	1.5800239e-42
1.0447400e+01	1.5509215e-42
1.0471400e+01	1.5223611e-42
1.0495600e+01	1.4943351e-42
1.0519800e+01	1.4668117e-42
1.0544100e+01	1.4398320e-42
1.0568400e+01	1.4133168e-42
1.0592700e+01	1.3873306e-42
1.0617200e+01	1.3617956e-42
1.0641700e+01	1.3367522e-42
1.0666200e+01	1.3121703e-42
1.0690800e+01	1.2880434e-42
1.0715400e+01	1.2643653e-42
1.0740100e+01	1.2411074e-42
1.0764900e+01	1.2183082e-42
1.0789700e+01	1.1959172e-42
1.0814600e+01	1.1739289e-42
1.0839600e+01	1.1523593e-42
1.0864600e+01	1.1312024e-42
1.0889600e+01	1.1104101e-42
1.0914700e+01	1.0900195e-42
1.0939900e+01	1.0700040e-42
1.0965100e+01	1.0503585e-42
1.0990400e+01	1.0310778e-42
1.1015700e+01	1.0121567e-42
1.1041200e+01	9.9357236e-43
1.1066600e+01	9.7533993e-43
1.1092100e+01	9.5744268e-43
1.1117700e+01	9.3987596e-43
1.1143300e+01	9.2263325e-43
1.1169000e+01	9.0571005e-43
1.1194800e+01	8.8909813e-43
1.1220600e+01	8.7279504e-43
1.1246500e+01	8.5679090e-43
1.1272400e+01	8.4108342e-43
1.1298400e+01	8.2566481e-43
1.1324500e+01	8.1053109e-43
1.1350600e+01	7.9567649e-43
1.1376800e+01	7.8109537e-43
1.1403000e+01	7.6678394e-43
1.1429300e+01	7.5273497e-43
1.1455600e+01	7.3894654e-43
1.1482100e+01	7.2541163e-43
1.1508500e+01	7.1212670e-43
1.1535100e+01	6.9908662e-43
1.1561700e+01	6.8628798e-43
1.1588300e+01	6.7372249e-43
1.1615100e+01	6.6139020e-43
1.1641800e+01	6.4928624e-43
1.1668700e+01	6.3740264e-43
1.1695600e+01	6.2573954e-43
1.1722600e+01	6.1429071e-43
1.1749600e+01	6.0305320e-43
1.1776700e+01	5.9202252e-43
1.1803900e+01	5.8119582e-43
1.1831100e+01	5.7056722e-43
1.1858400e+01	5.6013549e-43
1.1885700e+01	5.4989492e-43
1.1913100e+01	5.3984287e-43
1.1940600e+01	5.2997526e-43
1.1968100e+01	5.2029100e-43
1.1995700e+01	5.1078323e-43
1.2023400e+01	5.0145235e-43
1.2051100e+01	4.9229167e-43
1.2078900e+01	4.8330026e-43
1.2106800e+01	4.7447437e-43
1.2134700e+01	4.6581035e-43
1.2162700e+01	4.5730595e-43
1.2190700e+01	4.4895762e-43
1.2218800e+01	4.4076321e-43
1.2247000e+01	4.3272057e-43
1.2275200e+01	4.2482499e-43
1.2303500e+01	4.1707443e-43
1.2331900e+01	4.0946689e-43
1.2360300e+01	4.0200038e-43
1.2388800e+01	3.9466916e-43
1.2417400e+01	3.8747388e-43
1.2446100e+01	3.8041140e-43
1.2474800e+01	3.7347865e-43
1.2503500e+01	3.6667264e-43
1.2532400e+01	3.5999280e-43
1.2561300e+01	3.5343620e-43
1.2590200e+01	3.4699875e-43
1.2619300e+01	3.4068118e-43
1.2648400e+01	3.3447947e-43
1.2677500e+01	3.2839203e-43
1.2706800e+01	3.2241615e-43
1.2736100e+01	3.1655027e-43
1.2765400e+01	3.1079287e-43
1.2794900e+01	3.0514134e-43
1.2824400e+01	2.9959312e-43
1.2853900e+01	2.9414786e-43
1.2883600e+01	2.8880306e-43
1.2913300e+01	2.8355625e-43
1.2943100e+01	2.7840608e-43
1.2972900e+01	2.7335121e-43
1.3002800e+01	2.6838927e-43
1.3032800e+01	2.6351898e-43
1.3062900e+01	2.5873805e-43
1.3093000e+01	2.5404523e-43
1.3123200e+01	2.4943931e-43
1.3153400e+01	2.4491809e-43
1.3183800e+01	2.4048039e-43
1.3214200e+01	2.3612408e-43
1.3244700e+01	2.3184899e-43
1.3275200e+01	2.2765304e-43
1.3305800e+01	2.2353417e-43
1.3336500e+01	2.1949131e-43
1.3367200e+01	2.1552342e-43
1.3398100e+01	2.1162852e-43
1.3429000e+01	2.0780560e-43
1.3459900e+01	2.0405367e-43
1.3491000e+01	2.0037172e-43
1.3522100e+01	1.9675789e-43
1.3553300e+01	1.9321036e-43
1.3584500e+01	1.8972907e-43
1.3615800e+01	1.8631223e-43
1.3647200e+01	1.8295894e-43
1.3678700e+01	1.7966832e-43
1.3710300e+01	1.7643864e-43
1.3741900e+01	1.7326906e-43
1.3773600e+01	1.7015873e-43
1.3805300e+01	1.6710681e-43
1.3837200e+01	1.6411168e-43
1.3869100e+01	1.6117254e-43
1.3901100e+01	1.5828781e-43
1.3933100e+01	1.5545751e-43
1.3965200e+01	1.5268087e-43
1.3997400e+01	1.4995559e-43
1.4029700e+01	1.4728248e-43
1.4062100e+01	1.4465928e-43
1.4094500e+01	1.4208603e-43
1.4127000e+01	1.3956127e-43
1.4159600e+01	1.3708432e-43
1.4192200e+01	1.3465450e-43
1.4225000e+01	1.3227114e-43
1.4257800e+01	1.2993357e-43
1.4290600e+01	1.2764042e-43
1.4323600e+01	1.2539177e-43
1.4356600e+01	1.2318626e-43
1.4389700e+01	1.2102397e-43
1.4422900e+01	1.1890290e-43
1.4456200e+01	1.1682382e-43
1.4489500e+01	1.1478612e-43
1.4522900e+01	1.1278783e-43
1.4556400e+01	1.1082907e-43
1.4590000e+01	1.0890990e-43
1.4623600e+01	1.0702909e-43
1.4657300e+01	1.0518671e-43
1.4691100e+01	1.0338154e-43
1.4725000e+01	1.0161368e-43
1.4759000e+01	9.9882546e-44
1.4793000e+01	9.8187596e-44
1.4827100e+01	9.6528276e-44
1.4861300e+01	9.4905276e-44
1.4895600e+01	9.3317419e-44
1.4929900e+01	9.1764161e-44
1.4964400e+01	9.0246168e-44
1.4998900e+01	8.8762285e-44
1.5033500e+01	8.7313158e-44
1.5068100e+01	8.5898817e-44
1.5102900e+01	8.4518700e-44
1.5137700e+01	8.3172830e-44
1.5172600e+01	8.1861793e-44
1.5207600e+01	8.0585583e-44
1.5242700e+01	7.9344186e-44
1.5277800e+01	7.8138139e-44
1.5313100e+01	7.6967405e-44
1.5348400e+01	7.5834144e-44
1.5383800e+01	7.4737171e-44
1.5419200e+01	7.3678588e-44
1.5454800e+01	7.2659359e-44
1.5490400e+01	7.1680424e-44
1.5526100e+01	7.0743765e-44
1.5561900e+01	6.9850261e-44
1.5597800e+01	6.9003409e-44
1.5633800e+01	6.8205068e-44
1.5669900e+01	6.7458115e-44
1.5706000e+01	6.6766942e-44
1.5742200e+01	6.6134866e-44
1.5778500e+01	6.5567748e-44
1.5814900e+01	6.5071928e-44
1.5851400e+01	6.4654250e-44
1.5887900e+01	6.4324119e-44
1.5924600e+01	6.4092011e-44
1.5961300e+01	6.3971561e-44
1.5998100e+01	6.3978644e-44
1.6035000e+01	6.4134550e-44
1.6072000e+01	6.4464194e-44
1.6109000e+01	6.4998993e-44
1.6146200e+01	6.5780964e-44
1.6183400e+01	6.6863099e-44
1.6220700e+01	6.8315322e-44
1.6258100e+01	7.0229770e-44
1.6295600e+01	7.2732696e-44
1.6333200e+01	7.5998911e-44
1.6370900e+01	8.0274756e-44
1.6408600e+01	8.5918748e-44
1.6446400e+01	9.3467776e-44
1.6484400e+01	1.0375678e-43
1.6522400e+01	1.1814000e-43
1.6560500e+01	1.3893958e-43
1.6598700e+01	1.7040549e-43
1.6636900e+01	2.2103162e-43
1.6675300e+01	3.0988260e-43
1.6713800e+01	4.8752094e-43
1.6752300e+01	9.2806249e-43
1.6790900e+01	2.6055448e-42
1.6829700e+01	2.9455368e-41
1.6868500e+01	1.4660245e-41
1.6907400e+01	2.0108374e-42
1.6946400e+01	7.6790169e-43
1.6985400e+01	4.0991750e-43
1.7024600e+01	2.5976045e-43
1.7063900e+01	1.8291617e-43
1.7103200e+01	1.3836540e-43
1.7142700e+01	1.1021072e-43
1.7182200e+01	9.1248097e-44
1.7221800e+01	7.7832630e-44
1.7261500e+01	6.7960840e-44
1.7301300e+01	6.0457466e-44
1.7341200e+01	5.4596996e-44
1.7381200e+01	4.9911581e-44
1.7421300e+01	4.6089220e-44
1.7461500e+01	4.2914851e-44
1.7501700e+01	4.0237552e-44
1.7542100e+01	3.7947040e-44
1.7582500e+01	3.5963330e-44
1.7623100e+01	3.4225370e-44
1.7663700e+01	3.2687917e-44
1.7704500e+01	3.1314488e-44
1.7745300e+01	3.0077965e-44
1.7786200e+01	2.8956468e-44
1.7827200e+01	2.7931434e-44
1.7868300e+01	2.6989890e-44
1.7909500e+01	2.6119408e-44
1.7950800e+01	2.5310583e-44
1.7992200e+01	2.4556144e-44
1.8033700e+01	2.3848625e-44
1.8075300e+01	2.3183412e-44
1.8117000e+01	2.2555234e-44
1.8158800e+01	2.1960572e-44
1.8200600e+01	2.1395498e-44
1.8242600e+01	2.0857714e-44
1.8284700e+01	2.0344458e-44
1.8326800e+01	1.9853374e-44
1.8369100e+01	1.9382765e-44
1.8411500e+01	1.8931008e-44
1.8453900e+01	1.8496544e-44
1.8496500e+01	1.8078147e-44
1.8539100e+01	1.7674373e-44
1.8581900e+01	1.7284624e-44
1.8624700e+01	1.6908061e-44
1.8667700e+01	1.6543362e-44
1.8710700e+01	1.6190272e-44
1.8753900e+01	1.5847789e-44
1.8797100e+01	1.5515443e-44
1.8840500e+01	1.5192781e-44
1.8883900e+01	1.4879120e-44
1.8927500e+01	1.4574284e-44
1.8971100e+01	1.4277621e-44
1.9014900e+01	1.3988739e-44
1.9058700e+01	1.3707492e-44
1.9102700e+01	1.3433274e-44
1.9146700e+01	1.3165956e-44
1.9190900e+01	1.2905414e-44
1.9235100e+01	1.2651076e-44
1.9279500e+01	1.2402831e-44
1.9323900e+01	1.2160576e-44
1.9368500e+01	1.1923766e-44
1.9413200e+01	1.1692746e-44
1.9457900e+01	1.1466769e-44
1.9502800e+01	1.1245966e-44
1.9547800e+01	1.1030251e-44
1.9592800e+01	1.0819120e-44
1.9638000e+01	1.0612708e-44
1.9683300e+01	1.0410733e-44
1.9728700e+01	1.0213124e-44
1.9774200e+01	1.0019810e-44
1.9819800e+01	9.8307027e-45
1.9865500e+01	9.6454987e-45
1.9911300e+01	9.4641961e-45
1.9957200e+01	9.2866758e-45
2.0003200e+01	9.1128216e-45
2.0049400e+01	8.9425771e-45
2.0095600e+01	8.7758300e-45
2.0141900e+01	8.6124896e-45
2.0188400e+01	8.4524487e-45
2.0234900e+01	8.2956757e-45
2.0281600e+01	8.1420484e-45
2.0328400e+01	7.9915018e-45
2.0375300e+01	7.8439718e-45
2.0422200e+01	7.6993781e-45
2.0469300e+01	7.5576421e-45
2.0516500e+01	7.4187214e-45
2.0563800e+01	7.2825401e-45
2.0611300e+01	7.1490407e-45
2.0658800e+01	7.0181501e-45
2.0706400e+01	6.8898134e-45
2.0754200e+01	6.7639768e-45
2.0802000e+01	6.6405875e-45
2.0850000e+01	6.5195935e-45
2.0898100e+01	6.4009280e-45
2.0946300e+01	6.2845732e-45
2.0994600e+01	6.1704324e-45
2.1043000e+01	6.0585052e-45
2.1091500e+01	5.9487130e-45
2.1140200e+01	5.8410252e-45
2.1188900e+01	5.7353964e-45
2.1237800e+01	5.6317820e-45
2.1286800e+01	5.5301384e-45
2.1335800e+01	5.4304224e-45
2.1385000e+01	5.3325922e-45
2.1434400e+01	5.2366353e-45
2.1483800e+01	5.1424819e-45
2.1533300e+01	5.0500921e-45
2.1583000e+01	4.9594694e-45
2.1632700e+01	4.8705324e-45
2.1682600e+01	4.7832854e-45
2.1732600e+01	4.6976631e-45
2.1782800e+01	4.6136562e-45
2.1833000e+01	4.5312284e-45
2.1883300e+01	4.4503308e-45
2.1933800e+01	4.3709552e-45
2.1984400e+01	4.2930539e-45
2.2035100e+01	4.2166192e-45
2.2085900e+01	4.1415918e-45
2.2136800e+01	4.0679777e-45
2.2187900e+01	3.9957317e-45
2.2239000e+01	3.9248220e-45
2.2290300e+01	3.8552302e-45
2.2341700e+01	3.7869254e-45
2.2393200e+01	3.7198899e-45
2.2444900e+01	3.6541058e-45
2.2496600e+01	3.5895316e-45
2.2548500e+01	3.5261507e-45
2.2600500e+01	3.4639463e-45
2.2652600e+01	3.4028906e-45
2.2704900e+01	3.3429558e-45
2.2757200e+01	3.2841266e-45
2.2809700e+01	3.2263877e-45
2.2862300e+01	3.1697125e-45
2.2915000e+01	3.1140753e-45
2.2967900e+01	3.0594616e-45
2.3020800e+01	3.0058574e-45
2.3073900e+01	2.9532269e-45
2.3127100e+01	2.9015783e-45
2.3180400e+01	2.8508658e-45
2.3233900e+01	2.8010874e-45
2.3287500e+01	2.7522195e-45
2.3341200e+01	2.7042496e-45
2.3395000e+01	2.6571551e-45
2.3448900e+01	2.6109238e-45
2.3503000e+01	2.5655339e-45
2.3557200e+01	2.5209838e-45
2.3611500e+01	2.4772420e-45
2.3666000e+01	2.4342974e-45
2.3720600e+01	2.3921294e-45
2.3775300e+01	2.3507467e-45
2.3830100e+01	2.3101096e-45
2.3885000e+01	2.2702080e-45
2.3940100e+01	2.2310413e-45
2.3995300e+01	2.1925900e-45
2.4050700e+01	2.1548350e-45
2.4106100e+01	2.1177668e-45
2.4161700e+01	2.0813669e-45
2.4217400e+01	2.0456353e-45
2.4273300e+01	2.0105539e-45
2.4329200e+01	1.9761048e-45
2.4385400e+01	1.9422795e-45
2.4441600e+01	1.9090695e-45
2.4497900e+01	1.8764665e-45
2.4554400e+01	1.8444534e-45
2.4611100e+01	1.8130138e-45
2.4667800e+01	1.7821484e-45
2.4724700e+01	1.7518410e-45
2.4781700e+01	1.7220840e-45
2.4838900e+01	1.6928699e-45
2.4896100e+01	1.6641749e-45
2.4953600e+01	1.6360003e-45
2.5011100e+01	1.6083388e-45
2.5068800e+01	1.5811757e-45
2.5126600e+01	1.5544962e-45
2.5184500e+01	1.5283096e-45
2.5242600e+01	1.5025857e-45
2.5300800e+01	1.4773338e-45
2.5359200e+01	1.4525322e-45
2.5417600e+01	1.4281748e-45
2.5476200e+01	1.4042632e-45
2.5535000e+01	1.3807764e-45
2.5593900e+01	1.3577161e-45
2.5652900e+01	1.3350693e-45
2.5712100e+01	1.3128303e-45
2.5771300e+01	1.2909865e-45
2.5830800e+01	1.2695397e-45
2.5890300e+01	1.2484774e-45
2.5950000e+01	1.2277946e-45
2.6009900e+01	1.2074791e-45
2.6069900e+01	1.1875330e-45
2.6130000e+01	1.1679375e-45
2.6190200e+01	1.1487016e-45
2.6250600e+01	1.1298069e-45
2.6311200e+01	1.1112489e-45
2.6371800e+01	1.0930231e-45
2.6432600e+01	1.0751251e-45
2.6493600e+01	1.0575504e-45
2.6554700e+01	1.0402883e-45
2.6615900e+01	1.0233345e-45
2.6677300e+01	1.0066787e-45
2.6738800e+01	9.9032314e-46
2.6800500e+01	9.7426385e-46
2.6862300e+01	9.5848445e-46
2.6924200e+01	9.4299355e-46
2.6986300e+01	9.2777505e-46
2.7048600e+01	9.1282537e-46
2.7110900e+01	8.9814695e-46
2.7173400e+01	8.8373020e-46
2.7236100e+01	8.6956573e-46
2.7298900e+01	8.5565610e-46
2.7361900e+01	8.4199209e-46
2.7425000e+01	8.2857623e-46
2.7488200e+01	8.1539374e-46
2.7551600e+01	8.0244726e-46
2.7615100e+01	7.8972802e-46
2.7678800e+01	7.7723864e-46
2.7742600e+01	7.6496496e-46
2.7806600e+01	7.5291518e-46
2.7870700e+01	7.4107540e-46
2.7935000e+01	7.2944827e-46
2.7999400e+01	7.1802562e-46
2.8064000e+01	7.0680476e-46
2.8128700e+01	6.9578306e-46
2.8193600e+01	6.8495265e-46
2.8258600e+01	6.7431625e-46
2.8323700e+01	6.6387130e-46
2.8389100e+01	6.5360502e-46
2.8454500e+01	6.4352528e-46
2.8520100e+01	6.3361952e-46
2.8585900e+01	6.2389049e-46
2.8651800e+01	6.1433092e-46
2.8717900e+01	6.0494354e-46
2.8784100e+01	5.9571629e-46
2.8850500e+01	5.8665684e-46
2.8917000e+01	5.7775333e-46
2.8983700e+01	5.6900377e-46
2.9050600e+01	5.6041566e-46
2.9117500e+01	5.5197273e-46
2.9184700e+01	5.4367783e-46
2.9252000e+01	5.3552902e-46
2.9319400e+01	5.2752443e-46
2.9387100e+01	5.1966218e-46
2.9454800e+01	5.1193588e-46
2.9522700e+01	5.0434380e-46
2.9590800e+01	4.9688422e-46
2.9659100e+01	4.8955545e-46
2.9727500e+01	4.8235580e-46
2.9796000e+01	4.7527924e-46
2.9864700e+01	4.6832855e-46
2.9933600e+01	4.6149781e-46
3.0002600e+01	4.5478975e-46
3.0071800e+01	4.4819430e-46
3.0141100e+01	4.4171429e-46
3.0210600e+01	4.3534823e-46
3.0280300e+01	4.2909465e-46
3.0350100e+01	4.2294802e-46
3.0420100e+01	4.1690697e-46
3.0490300e+01	4.1097426e-46
3.0560600e+01	4.0514041e-46
3.0631100e+01	3.9940822e-46
3.0701700e+01	3.9378037e-46
3.0772500e+01	3.8824368e-46
3.0843500e+01	3.8280488e-46
3.0914600e+01	3.7746273e-46
3.0985900e+01	3.7221213e-46
3.1057300e+01	3.6704812e-46
3.1128900e+01	3.6197726e-46
3.1200700e+01	3.5699457e-46
3.1272700e+01	3.5209520e-46
3.1344800e+01	3.4728186e-46
3.1417100e+01	3.4254977e-46
3.1489500e+01	3.3789792e-46
3.1562100e+01	3.3332900e-46
3.1634900e+01	3.2883833e-46
3.1707900e+01	3.2442134e-46
3.1781000e+01	3.2008430e-46
3.1854300e+01	3.1581910e-46
3.1927700e+01	3.1162841e-46
3.2001400e+01	3.0750779e-46
3.2075200e+01	3.0345988e-46
3.2149100e+01	2.9948033e-46
3.2223300e+01	2.9556830e-46
3.2297600e+01	2.9172298e-46
3.2372000e+01	2.8794017e-46
3.2446700e+01	2.8422588e-46
3.2521500e+01	2.8057255e-46
3.2596500e+01	2.7698279e-46
3.2671700e+01	2.7345583e-46
3.2747000e+01	2.6998433e-46
3.2822500e+01	2.6657419e-46
3.2898200e+01	2.6322142e-46
3.2974100e+01	2.5992533e-46
3.3050100e+01	2.5668526e-46
3.3126300e+01	2.5350053e-46
3.3202700e+01	2.5036733e-46
3.3279300e+01	2.4728821e-46
3.3356000e+01	2.4426252e-46
3.3433000e+01	2.4128652e-46
3.3510000e+01	2.3835963e-46
3.3587300e+01	2.3548437e-46
3.3664800e+01	2.3265401e-46
3.3742400e+01	2.2987411e-46
3.3820200e+01	2.2713806e-46
3.3898200e+01	2.2445133e-46
3.3976400e+01	2.2180741e-46
3.4054700e+01	2.1920579e-46
3.4133300e+01	2.1664896e-46
3.4212000e+01	2.1413640e-46
3.4290900e+01	2.1166467e-46
3.4369900e+01	2.0923333e-46
3.4449200e+01	2.0684192e-46
3.4528600e+01	2.0449286e-46
3.4608300e+01	2.0217996e-46
3.4688100e+01	1.9990567e-46
3.4768100e+01	1.9767235e-46
3.4848200e+01	1.9547116e-46
3.4928600e+01	1.9331009e-46
3.5009100e+01	1.9118316e-46
3.5089900e+01	1.8909000e-46
3.5170800e+01	1.8703298e-46
3.5251900e+01	1.8500896e-46
3.5333200e+01	1.8301761e-46
3.5414700e+01	1.8106124e-46
3.5496300e+01	1.7913413e-46
3.5578200e+01	1.7723863e-46
3.5660200e+01	1.7537705e-46
3.5742500e+01	1.7354374e-46
3.5824900e+01	1.7173840e-46
3.5907500e+01	1.6996598e-46
3.5990300e+01	1.6822090e-46
3.6073300e+01	1.6650289e-46
3.6156500e+01	1.6481424e-46
3.6239800e+01	1.6315208e-46
3.6323400e+01	1.6151614e-46
3.6407200e+01	1.5990867e-46
3.6491100e+01	1.5832434e-46
3.6575300e+01	1.5676793e-46
3.6659600e+01	1.5523665e-46
3.6744200e+01	1.5372776e-46
3.6828900e+01	1.5224352e-46
3.6913800e+01	1.5078366e-46
3.6999000e+01	1.4934795e-46
3.7084300e+01	1.4793370e-46
3.7169800e+01	1.4654313e-46
3.7255500e+01	1.4517358e-46
3.7341400e+01	1.4382725e-46
3.7427500e+01	1.4250152e-46
3.7513800e+01	1.4119618e-46
3.7600300e+01	1.3991105e-46
3.7687000e+01	1.3864827e-46
3.7773900e+01	1.3740294e-46
3.7861100e+01	1.3617956e-46
3.7948400e+01	1.3497328e-46
3.8035900e+01	1.3378624e-46
3.8123600e+01	1.3261826e-46
3.8211500e+01	1.3146916e-46
3.8299600e+01	1.3033647e-46
3.8387900e+01	1.2922233e-46
3.8476500e+01	1.2812655e-46
3.8565200e+01	1.2704671e-46
3.8654100e+01	1.2598267e-46
3.8743300e+01	1.2493651e-46
3.8832600e+01	1.2390584e-46
3.8922100e+01	1.2289053e-46
3.9011900e+01	1.2189043e-46
3.9101900e+01	1.2090762e-46
3.9192000e+01	1.1993754e-46
3.9282400e+01	1.1898446e-46
3.9373000e+01	1.1804388e-46
3.9463800e+01	1.1711785e-46
3.9554800e+01	1.1620840e-46
3.9646000e+01	1.1531109e-46
3.9737400e+01	1.1442581e-46
3.9829100e+01	1.1355673e-46
3.9920900e+01	1.1269733e-46
4.0013000e+01	1.1185389e-46
4.0105200e+01	1.1102205e-46
4.0197700e+01	1.1020171e-46
4.0290400e+01	1.0939486e-46
4.0383300e+01	1.0859933e-46
4.0476400e+01	1.0781707e-46
4.0569800e+01	1.0704592e-46
4.0663300e+01	1.0628373e-46
4.0757100e+01	1.0553453e-46
4.0851100e+01	1.0479822e-46
4.0945300e+01	1.0407060e-46
4.1039700e+01	1.0335366e-46
4.1134400e+01	1.0264729e-46
4.1229200e+01	1.0195143e-46
4.1324300e+01	1.0126598e-46
4.1419600e+01	1.0059087e-46
4.1515100e+01	9.9924814e-47
4.1610800e+01	9.9268542e-47
4.1706800e+01	9.8621782e-47
4.1803000e+01	9.7984262e-47
4.1899400e+01	9.7355913e-47
4.1996000e+01	9.6736667e-47
4.2092800e+01	9.6126063e-47
4.2189900e+01	9.5524234e-47
4.2287200e+01	9.4930921e-47
4.2384700e+01	9.4346254e-47
4.2482400e+01	9.3769591e-47
4.2580400e+01	9.3201068e-47
4.2678600e+01	9.2640625e-47
4.2777000e+01	9.2088014e-47
4.2875700e+01	9.1543180e-47
4.2974500e+01	9.1005876e-47
4.3073600e+01	9.0476051e-47
4.3173000e+01	8.9953464e-47
4.3272500e+01	8.9438254e-47
4.3372300e+01	8.8929992e-47
4.3472300e+01	8.8428821e-47
4.3572600e+01	8.7934505e-47
4.3673000e+01	8.7446999e-47
4.3773700e+01	8.6966069e-47
4.3874700e+01	8.6491674e-47
4.3975900e+01	8.6023770e-47
4.4077300e+01	8.5562130e-47
4.4178900e+01	8.5106529e-47
4.4280800e+01	8.4657297e-47
4.4382900e+01	8.4214025e-47
4.4485300e+01	8.3776494e-47
4.4587800e+01	8.3345031e-47
4.4690700e+01	8.2919054e-47
4.4793700e+01	8.2498891e-47
4.4897000e+01	8.2084144e-47
4.5000500e+01	8.1674960e-47
4.5104300e+01	8.1270946e-47
4.5208300e+01	8.0872430e-47
4.5312600e+01	8.0479020e-47
4.5417100e+01	8.0090507e-47
4.5521800e+01	7.9707220e-47
4.5626800e+01	7.9328770e-47
4.5732000e+01	7.8955309e-47
4.5837400e+01	7.8586452e-47
4.5943100e+01	7.8222350e-47
4.6049100e+01	7.7862976e-47
4.6155300e+01	7.7507951e-47
4.6261700e+01	7.7157602e-47
4.6368400e+01	7.6811552e-47
4.6475300e+01	7.6469778e-47
4.6582500e+01	7.6132256e-47
4.6689900e+01	7.5798963e-47
4.6797600e+01	7.5469876e-47
4.6905500e+01	7.5144799e-47
4.7013700e+01	7.4823711e-47
4.7122100e+01	7.4506590e-47
4.7230700e+01	7.4193244e-47
4.7339700e+01	7.3883824e-47
4.7448800e+01	7.3578138e-47
4.7558200e+01	7.3275997e-47
4.7667900e+01	7.2977552e-47
4.7777800e+01	7.2682786e-47
4.7888000e+01	7.2391339e-47
4.7998400e+01	7.2103534e-47
4.8109100e+01	7.1819015e-47
4.8220100e+01	7.1537933e-47
4.8331300e+01	7.1260104e-47
4.8442700e+01	7.0985512e-47
4.8554400e+01	7.0714140e-47
4.8666400e+01	7.0445974e-47
4.8778600e+01	7.0180831e-47
4.8891100e+01	6.9918696e-47
4.9003800e+01	6.9659555e-47
4.9116800e+01	6.9403395e-47
4.9230100e+01	6.9150201e-47
4.9343600e+01	6.8899794e-47
4.9457400e+01	6.8652327e-47
4.9571500e+01	6.8407456e-47
4.9685800e+01	6.8165499e-47
4.9800400e+01	6.7926113e-47
4.9915200e+01	6.7689453e-47
5.0030300e+01	6.7455340e-47
5.0145700e+01	6.7223765e-47
5.0261300e+01	6.6994880e-47
5.0377200e+01	6.6768346e-47
5.0493400e+01	6.6544317e-47
5.0609800e+01	6.6322619e-47
5.0726500e+01	6.6103404e-47
5.0843500e+01	6.5886501e-47
5.0960700e+01	6.5671899e-47
5.1078300e+01	6.5459588e-47
5.1196000e+01	6.5249399e-47
5.1314100e+01	6.5041483e-47
5.1432400e+01	6.4835831e-47
5.1551000e+01	6.4632274e-47
5.1669900e+01	6.4430803e-47
5.1789100e+01	6.4231409e-47
5.1908500e+01	6.4034085e-47
5.2028200e+01	6.3838662e-47
5.2148200e+01	6.3645293e-47
5.2268400e+01	6.3453970e-47
5.2389000e+01	6.3264366e-47
5.2509800e+01	6.3076794e-47
5.2630900e+01	6.2891086e-47
5.2752200e+01	6.2707235e-47
5.2873900e+01	6.2525235e-47
5.2995800e+01	6.2344921e-47
5.3118000e+01	6.2166444e-47
5.3240500e+01	6.1989640e-47
5.3363300e+01	6.1814661e-47
5.3486300e+01	6.1641341e-47
5.3609700e+01	6.1469520e-47
5.3733300e+01	6.1299504e-47
5.3857200e+01	6.1130975e-47
5.3981400e+01	6.0964239e-47
5.4105900e+01	6.0798823e-47
5.4230600e+01	6.0635189e-47
5.4355700e+01	6.0472864e-47
5.4481000e+01	6.0312154e-47
5.4606700e+01	6.0152899e-47
5.4732600e+01	5.9995094e-47
5.4858800e+01	5.9838889e-47
5.4985300e+01	5.9683968e-47
5.5112100e+01	5.9530329e-47
5.5239200e+01	5.9378275e-47
5.5366600e+01	5.9227492e-47
5.5494300e+01	5.9077978e-47
5.5622200e+01	5.8929880e-47
5.5750500e+01	5.8783042e-47
5.5879100e+01	5.8637459e-47
5.6007900e+01	5.8493281e-47
5.6137100e+01	5.8350196e-47
5.6266500e+01	5.8208507e-47
5.6396300e+01	5.8067905e-47
5.6526300e+01	5.7928539e-47
5.6656700e+01	5.7790252e-47
5.6787300e+01	5.7653345e-47
5.6918300e+01	5.7517359e-47
5.7049500e+01	5.7382746e-47
5.7181100e+01	5.7249047e-47
5.7312900e+01	5.7116562e-47
5.7445100e+01	5.6985136e-47
5.7577600e+01	5.6854767e-47
5.7710400e+01	5.6725450e-47
5.7843400e+01	5.6597335e-47
5.7976800e+01	5.6470115e-47
5.8110500e+01	5.6343939e-47
5.8244500e+01	5.6218654e-47
5.8378800e+01	5.6094558e-47
5.8513500e+01	5.5971346e-47
5.8648400e+01	5.5849017e-47
5.8783600e+01	5.5727718e-47
5.8919200e+01	5.5607446e-47
5.9055100e+01	5.5488048e-47
5.9191200e+01	5.5369523e-47
5.9327700e+01	5.5251868e-47
5.9464500e+01	5.5135229e-47
5.9601700e+01	5.5019306e-47
5.9739100e+01	5.4904395e-47
5.9876900e+01	5.4790344e-47
6.0014900e+01	5.4677003e-47
6.0153300e+01	5.4564667e-47
6.0292100e+01	5.4453035e-47
6.0431100e+01	5.4342256e-47
6.0570400e+01	5.4232325e-47
6.0710100e+01	5.4123242e-47
6.0850100e+01	5.4014856e-47
6.0990400e+01	5.3907167e-47
6.1131100e+01	5.3800318e-47
6.1272100e+01	5.3694308e-47
6.1413300e+01	5.3588988e-47
6.1555000e+01	5.3484357e-47
6.1696900e+01	5.3380558e-47
6.1839200e+01	5.3277445e-47
6.1981800e+01	5.3175014e-47
6.2124700e+01	5.3073265e-47
6.2268000e+01	5.2972195e-47
6.2411600e+01	5.2871804e-47
6.2555500e+01	5.2772234e-47
6.2699700e+01	5.2673193e-47
6.2844300e+01	5.2574826e-47
6.2989200e+01	5.2477130e-47
6.3134500e+01	5.2380104e-47
6.3280100e+01	5.2283746e-47
6.3426000e+01	5.2188054e-47
6.3572300e+01	5.2092884e-47
6.3718900e+01	5.1998377e-47
6.3865800e+01	5.1904388e-47
6.4013100e+01	5.1811060e-47
6.4160700e+01	5.1718391e-47
6.4308700e+01	5.1626237e-47
6.4457000e+01	5.1534739e-47
6.4605600e+01	5.1443752e-47
6.4754600e+01	5.1353276e-47
6.4903900e+01	5.1263452e-47
6.5053600e+01	5.1174279e-47
6.5203600e+01	5.1085470e-47
6.5353900e+01	5.0997309e-47
6.5504600e+01	5.0909652e-47
6.5655700e+01	5.0822498e-47
6.5807100e+01	5.0735847e-47
6.5958900e+01	5.0649839e-47
6.6111000e+01	5.0564188e-47
6.6263400e+01	5.0479178e-47
6.6416200e+01	5.0394665e-47
6.6569400e+01	5.0310507e-47
6.6722900e+01	5.0226986e-47
6.6876700e+01	5.0143960e-47
6.7031000e+01	5.0061285e-47
6.7185500e+01	4.9979244e-47
6.7340500e+01	4.9897553e-47
6.7495800e+01	4.9816352e-47
6.7651400e+01	4.9735641e-47
6.7807400e+01	4.9655276e-47
6.7963800e+01	4.9575540e-47
6.8120500e+01	4.9496150e-47
6.8277600e+01	4.9417244e-47
6.8435000e+01	4.9338683e-47
6.8592800e+01	4.9260606e-47
6.8751000e+01	4.9183011e-47
6.8909600e+01	4.9105757e-47
6.9068500e+01	4.9028984e-47
6.9227700e+01	4.8952551e-47
6.9387400e+01	4.8876598e-47
6.9547400e+01	4.8801122e-47
6.9707800e+01	4.8725984e-47
6.9868500e+01	4.8651183e-47
7.0029600e+01	4.8576857e-47
7.0191100e+01	4.8502867e-47
7.0353000e+01	4.8429212e-47
7.0515200e+01	4.8356030e-47
7.0677800e+01	4.8283181e-47
7.0840800e+01	4.8210804e-47
7.1004200e+01	4.8138619e-47
7.1167900e+01	4.8066905e-47
7.1332000e+01	4.7995660e-47
7.1496500e+01	4.7924606e-47
7.1661400e+01	4.7854020e-47
7.1826600e+01	4.7783762e-47
7.1992300e+01	4.7713833e-47
7.2158300e+01	4.7644230e-47
7.2324700e+01	4.7575092e-47
7.2491400e+01	4.7506143e-47
7.2658600e+01	4.7437656e-47
7.2826200e+01	4.7369357e-47
7.2994100e+01	4.7301519e-47
7.3162400e+01	4.7234005e-47
7.3331100e+01	4.7166677e-47
7.3500200e+01	4.7099808e-47
7.3669700e+01	4.7033261e-47
7.3839600e+01	4.6966898e-47
7.4009900e+01	4.6900993e-47
7.4180600e+01	4.6835408e-47
7.4351600e+01	4.6770006e-47
7.4523100e+01	4.6705059e-47
7.4694900e+01	4.6640295e-47
7.4867200e+01	4.6575848e-47
7.5039800e+01	4.6511718e-47
7.5212900e+01	4.6447905e-47
7.5386300e+01	4.6384409e-47
7.5560100e+01	4.6321092e-47
7.5734400e+01	4.6258226e-47
7.5909000e+01	4.6195539e-47
7.6084100e+01	4.6133166e-47
7.6259500e+01	4.6070971e-47
7.6435400e+01	4.6009225e-47
7.6611600e+01	4.5947656e-47
7.6788300e+01	4.5886263e-47
7.6965400e+01	4.5825318e-47
7.7142900e+01	4.5764549e-47
7.7320800e+01	4.5704090e-47
7.7499100e+01	4.5643941e-47
7.7677800e+01	4.5583968e-47
7.7856900e+01	4.5524303e-47
7.8036400e+01	4.5464812e-47
7.8216400e+01	4.5405630e-47
7.8396800e+01	4.5346756e-47
7.8577500e+01	4.5288055e-47
7.8758700e+01	4.5229660e-47
7.8940400e+01	4.5171438e-47
7.9122400e+01	4.5113522e-47
7.9304900e+01	4.5055911e-47
7.9487700e+01	4.4998471e-47
7.9671000e+01	4.4941203e-47
7.9854800e+01	4.4884238e-47
8.0038900e+01	4.4827578e-47
8.0223500e+01	4.4771087e-47
8.0408500e+01	4.4714899e-47
8.0593900e+01	4.4658880e-47
8.0779700e+01	4.4603030e-47
8.0966000e+01	4.4547482e-47
8.1152700e+01	4.4492102e-47
8.1339900e+01	4.4437023e-47
8.1527400e+01	4.4382111e-47
8.1715400e+01	4.4327499e-47
8.1903900e+01	4.4273054e-47
8.2092700e+01	4.4218776e-47
8.2282000e+01	4.4164797e-47
8.2471800e+01	4.4110983e-47
8.2662000e+01	4.4057336e-47
8.2852600e+01	4.4003986e-47
8.3043700e+01	4.3950933e-47
8.3235200e+01	4.3897913e-47
8.3427100e+01	4.3845189e-47
8.3619500e+01	4.3792630e-47
8.3812300e+01	4.3740234e-47
8.4005600e+01	4.3688134e-47
8.4199300e+01	4.3636197e-47
8.4393500e+01	4.3584555e-47
8.4588100e+01	4.3532944e-47
8.4783100e+01	4.3481627e-47
8.4978600e+01	4.3430472e-47
8.5174600e+01	4.3379611e-47
8.5371000e+01	4.3328780e-47
8.5567900e+01	4.3278241e-47
8.5765200e+01	4.3227864e-47
8.5963000e+01	4.3177778e-47
8.6161200e+01	4.3127722e-47
8.6359900e+01	4.3077957e-47
8.6559000e+01	4.3028352e-47
8.6758600e+01	4.2978907e-47
8.6958700e+01	4.2929752e-47
8.7159200e+01	4.2880626e-47
8.7360200e+01	4.2831789e-47
8.7561700e+01	4.2783111e-47
8.7763600e+01	4.2734592e-47
8.7966000e+01	4.2686230e-47
8.8168800e+01	4.2638027e-47
8.8372200e+01	4.2590112e-47
8.8575900e+01	4.2542224e-47
8.8780200e+01	4.2494623e-47
8.8984900e+01	4.2447180e-47
8.9190100e+01	4.2399893e-47
8.9395800e+01	4.2352762e-47
8.9601900e+01	4.2305788e-47
8.9808600e+01	4.2258970e-47
9.0015700e+01	4.2212438e-47
9.0223200e+01	4.2165932e-47
9.0431300e+01	4.2119711e-47
9.0639800e+01	4.2073515e-47
9.0848900e+01	4.2027603e-47
9.1058300e+01	4.1981847e-47
9.1268300e+01	4.1936115e-47
9.1478800e+01	4.1890667e-47
9.1689700e+01	4.1845373e-47
9.1901200e+01	4.1800233e-47
9.2113100e+01	4.1755247e-47
9.2325500e+01	4.1710414e-47
9.2538400e+01	4.1665734e-47
9.2751800e+01	4.1621207e-47
9.2965700e+01	4.1576833e-47
9.3180100e+01	4.1532611e-47
9.3395000e+01	4.1488542e-47
9.3610300e+01	4.1444625e-47
9.3826200e+01	4.1400860e-47
9.4042600e+01	4.1357247e-47
9.4259400e+01	4.1313785e-47
9.4476800e+01	4.1270474e-47
9.4694600e+01	4.1227315e-47
9.4913000e+01	4.1184306e-47
9.5131900e+01	4.1141449e-47
9.5351300e+01	4.1098741e-47
9.5571100e+01	4.1056184e-47
9.5791500e+01	4.1013778e-47
9.6012400e+01	4.0971393e-47
9.6233800e+01	4.0929286e-47
9.6455700e+01	4.0887328e-47
9.6678200e+01	4.0845392e-47
9.6901100e+01	4.0803733e-47
9.7124600e+01	4.0762096e-47
9.7348500e+01	4.0720607e-47
9.7573000e+01	4.0679394e-47
9.7798000e+01	4.0638203e-47
9.8023600e+01	4.0597159e-47
9.8249600e+01	4.0556264e-47
9.8476200e+01	4.0515516e-47
9.8703200e+01	4.0474917e-47
9.8930900e+01	4.0434337e-47
9.9159000e+01	4.0394033e-47
9.9387700e+01	4.0353748e-47
9.9616800e+01	4.0313737e-47
9.9846600e+01	4.0273747e-47
1.0007700e+02	4.0233903e-47
1.0030800e+02	4.0194205e-47
1.0053900e+02	4.0154654e-47
1.0077100e+02	4.0115249e-47
1.0100300e+02	4.0075863e-47
1.0123600e+02	4.0036750e-47
1.0146900e+02	3.9997656e-47
1.0170300e+02	3.9958707e-47
1.0193800e+02	3.9919904e-47
1.0217300e+02	3.9881246e-47
1.0240900e+02	3.9842733e-47
1.0264500e+02	3.9804238e-47
1.0288200e+02	3.9766014e-47
1.0311900e+02	3.9727809e-47
1.0335700e+02	3.9689748e-47
1.0359500e+02	3.9651831e-47
1.0383400e+02	3.9613932e-47
1.0407300e+02	3.9576304e-47
1.0431300e+02	3.9538692e-47
1.0455400e+02	3.9501225e-47
1.0479500e+02	3.9463901e-47
1.0503700e+02	3.9426720e-47
1.0527900e+02	3.9389682e-47
1.0552200e+02	3.9352662e-47
1.0576500e+02	3.9315784e-47
1.0600900e+02	3.9279049e-47
1.0625300e+02	3.9242457e-47
1.0649800e+02	3.9205881e-47
1.0674400e+02	3.9169573e-47
1.0699000e+02	3.9133282e-47
1.0723700e+02	3.9097133e-47
1.0748400e+02	3.9061000e-47
1.0773200e+02	3.9025134e-47
1.0798000e+02	3.8989284e-47
1.0822900e+02	3.8953576e-47
1.0847900e+02	3.8918009e-47
1.0872900e+02	3.8882458e-47
1.0898000e+02	3.8847048e-47
1.0923100e+02	3.8811903e-47
1.0948300e+02	3.8776650e-47
1.0973500e+02	3.8741662e-47
1.0998800e+02	3.8706689e-47
1.1024200e+02	3.8671857e-47
1.1049600e+02	3.8637164e-47
1.1075100e+02	3.8602612e-47
1.1100700e+02	3.8568075e-47
1.1126200e+02	3.8533677e-47
1.1151900e+02	3.8499419e-47
1.1177600e+02	3.8465300e-47
1.1203400e+02	3.8431197e-47
1.1229200e+02	3.8397232e-47
1.1255100e+02	3.8363406e-47
1.1281100e+02	3.8329595e-47
1.1307100e+02	3.8295923e-47
1.1333200e+02	3.8262390e-47
1.1359300e+02	3.8228994e-47
1.1385500e+02	3.8195614e-47
1.1411800e+02	3.8162371e-47
1.1438100e+02	3.8129267e-47
1.1464400e+02	3.8096300e-47
1.1490900e+02	3.8063347e-47
1.1517400e+02	3.8030532e-47
1.1543900e+02	3.7997731e-47
1.1570600e+02	3.7965191e-47
1.1597200e+02	3.7932665e-47
1.1624000e+02	3.7900276e-47
1.1650800e+02	3.7867901e-47
1.1677700e+02	3.7835662e-47
1.1704600e+02	3.7803560e-47
1.1731600e+02	3.7771595e-47
1.1758600e+02	3.7739643e-47
1.1785700e+02	3.7707828e-47
1.1812900e+02	3.7676149e-47
1.1840200e+02	3.7644483e-47
1.1867500e+02	3.7612953e-47
1.1894800e+02	3.7581559e-47
1.1922300e+02	3.7550178e-47
1.1949800e+02	3.7518933e-47
1.1977300e+02	3.7487823e-47
1.2004900e+02	3.7456726e-47
1.2032600e+02	3.7425764e-47
1.2060400e+02	3.7394937e-47
1.2088200e+02	3.7364123e-47
1.2116100e+02	3.7333444e-47
1.2144000e+02	3.7302900e-47
1.2172000e+02	3.7272490e-47
1.2200100e+02	3.7242093e-47
1.2228200e+02	3.7211708e-47
1.2256400e+02	3.7181579e-47
1.2284700e+02	3.7151463e-47
1.2313000e+02	3.7121481e-47
1.2341400e+02	3.7091510e-47
1.2369800e+02	3.7061674e-47
1.2398400e+02	3.7031971e-47
1.2427000e+02	3.7002281e-47
1.2455600e+02	3.6972723e-47
1.2484300e+02	3.6943300e-47
1.2513100e+02	3.6913887e-47
1.2542000e+02	3.6884608e-47
1.2570900e+02	3.6855463e-47
1.2599900e+02	3.6826328e-47
1.2628900e+02	3.6797327e-47
1.2658100e+02	3.6768336e-47
1.2687300e+02	3.6739479e-47
1.2716500e+02	3.6710754e-47
1.2745800e+02	3.6682161e-47
1.2775200e+02	3.6653580e-47
1.2804700e+02	3.6625009e-47
1.2834200e+02	3.6596692e-47
1.2863800e+02	3.6568386e-47
1.2893500e+02	3.6540091e-47
1.2923200e+02	3.6512048e-47
1.2953000e+02	3.6483895e-47
1.2982900e+02	3.6455995e-47
1.3012800e+02	3.6428105e-47
1.3042800e+02	3.6400347e-47
1.3072900e+02	3.6372599e-47
1.3103100e+02	3.6344983e-47
1.3133300e+02	3.6317497e-47
1.3163600e+02	3.6290022e-47
1.3193900e+02	3.6262677e-47
1.3224300e+02	3.6235343e-47
1.3254800e+02	3.6208140e-47
1.3285400e+02	3.6181067e-47
1.3316000e+02	3.6154004e-47
1.3346700e+02	3.6127072e-47
1.3377500e+02	3.6100270e-47
1.3408400e+02	3.6073477e-47
1.3439300e+02	3.6046815e-47
1.3470300e+02	3.6020163e-47
1.3501300e+02	3.5993640e-47
1.3532500e+02	3.5967128e-47
1.3563700e+02	3.5940864e-47
1.3595000e+02	3.5914491e-47
1.3626300e+02	3.5888367e-47
1.3657700e+02	3.5862252e-47
1.3689200e+02	3.5836147e-47
1.3720800e+02	3.5810171e-47
1.3752400e+02	3.5784324e-47
1.3784100e+02	3.5758606e-47
1.3815900e+02	3.5732897e-47
1.3847800e+02	3.5707198e-47
1.3879700e+02	3.5681627e-47
1.3911700e+02	3.5656185e-47
1.3943800e+02	3.5630752e-47
1.3976000e+02	3.5605447e-47
1.4008200e+02	3.5580271e-47
1.4040500e+02	3.5555103e-47
1.4072900e+02	3.5530064e-47
1.4105300e+02	3.5505033e-47
1.4137900e+02	3.5480131e-47
1.4170500e+02	3.5455237e-47
1.4203100e+02	3.5430471e-47
1.4235900e+02	3.5405832e-47
1.4268700e+02	3.5381202e-47
1.4301600e+02	3.5356700e-47
1.4334600e+02	3.5332206e-47
1.4367700e+02	3.5307839e-47
1.4400800e+02	3.5283600e-47
1.4434000e+02	3.5259369e-47
1.4467300e+02	3.5235265e-47
1.4500600e+02	3.5211169e-47
1.4534100e+02	3.5187200e-47
1.4567600e+02	3.5163240e-47
1.4601200e+02	3.5139406e-47
1.4634900e+02	3.5115698e-47
1.4668600e+02	3.5091999e-47
1.4702400e+02	3.5068426e-47
1.4736300e+02	3.5044861e-47
1.4770300e+02	3.5021422e-47
1.4804400e+02	3.4997991e-47
1.4838500e+02	3.4974805e-47
1.4872700e+02	3.4951508e-47
1.4907000e+02	3.4928336e-47
1.4941400e+02	3.4905291e-47
1.4975900e+02	3.4882253e-47
1.5010400e+02	3.4859341e-47
1.5045000e+02	3.4836555e-47
1.5079700e+02	3.4813776e-47
1.5114500e+02	3.4791005e-47
1.5149300e+02	3.4768358e-47
1.5184300e+02	3.4745838e-47
1.5219300e+02	3.4723324e-47
1.5254400e+02	3.4700936e-47
1.5289600e+02	3.4678554e-47
1.5324800e+02	3.4656298e-47
1.5360100e+02	3.4634167e-47
1.5395600e+02	3.4612042e-47
1.5431100e+02	3.4590043e-47
1.5466700e+02	3.4568050e-47
1.5502300e+02	3.4546182e-47
1.5538100e+02	3.4524321e-47
1.5573900e+02	3.4502584e-47
1.5609800e+02	3.4480854e-47
1.5645800e+02	3.4459248e-47
1.5681900e+02	3.4437766e-47
1.5718100e+02	3.4416292e-47
1.5754300e+02	3.4394823e-47
1.5790600e+02	3.4373596e-47
1.5827000e+02	3.4352259e-47
1.5863500e+02	3.4331162e-47
1.5900100e+02	3.4310072e-47
1.5936800e+02	3.4288988e-47
1.5973500e+02	3.4268028e-47
1.6010400e+02	3.4247191e-47
1.6047300e+02	3.4226361e-47
1.6084300e+02	3.4205537e-47
1.6121400e+02	3.4184836e-47
1.6158600e+02	3.4164259e-47
1.6195800e+02	3.4143687e-47
1.6233200e+02	3.4123239e-47
1.6270600e+02	3.4102914e-47
1.6308100e+02	3.4082594e-47
1.6345700e+02	3.4062281e-47
1.6383400e+02	3.4042090e-47
1.6421200e+02	3.4022022e-47
1.6459100e+02	3.4001960e-47
1.6497000e+02	3.3981904e-47
1.6535100e+02	3.3962087e-47
1.6573200e+02	3.3942159e-47
1.6611400e+02	3.3922470e-47
1.6649700e+02	3.3902787e-47
1.6688100e+02	3.3883110e-47
1.6726600e+02	3.3863554e-47
1.6765200e+02	3.3844004e-47
1.6803800e+02	3.3824576e-47
1.6842600e+02	3.3805270e-47
1.6881400e+02	3.3785970e-47
1.6920400e+02	3.3766791e-47
1.6959400e+02	3.3747618e-47
1.6998500e+02	3.3728566e-47
1.7037700e+02	3.3709520e-47
1.7077000e+02	3.3690595e-47
1.7116300e+02	3.3671675e-47
1.7155800e+02	3.3652877e-47
1.7195400e+02	3.3634200e-47
1.7235000e+02	3.3615528e-47
1.7274800e+02	3.3596862e-47
1.7314600e+02	3.3578316e-47
1.7354500e+02	3.3559892e-47
1.7394600e+02	3.3541472e-47
1.7434700e+02	3.3523174e-47
1.7474900e+02	3.3504880e-47
1.7515200e+02	3.3486707e-47
1.7555600e+02	3.3468539e-47
1.7596000e+02	3.3450492e-47
1.7636600e+02	3.3432449e-47
1.7677300e+02	3.3414527e-47
1.7718100e+02	3.3396725e-47
1.7758900e+02	3.3378929e-47
1.7799900e+02	3.3361136e-47
1.7840900e+02	3.3343464e-47
1.7882100e+02	3.3325913e-47
1.7923300e+02	3.3308365e-47
1.7964600e+02	3.3290938e-47
1.8006100e+02	3.3273516e-47
1.8047600e+02	3.3256213e-47
1.8089200e+02	3.3238915e-47
1.8130900e+02	3.3221736e-47
1.8172700e+02	3.3204678e-47
1.8214600e+02	3.3187623e-47
1.8256600e+02	3.3170573e-47
1.8298700e+02	3.3153643e-47
1.8340900e+02	3.3136832e-47
1.8383200e+02	3.3120025e-47
1.8425600e+02	3.3103223e-47
1.8468100e+02	3.3086539e-47
1.8510700e+02	3.3069975e-47
1.8553400e+02	3.3053416e-47
1.8596200e+02	3.3036975e-47
1.8639000e+02	3.3020538e-47
1.8682000e+02	3.3004221e-47
1.8725100e+02	3.2988022e-47
1.8768300e+02	3.2971827e-47
1.8811600e+02	3.2955636e-47
1.8854900e+02	3.2939564e-47
1.8898400e+02	3.2923611e-47
1.8942000e+02	3.2907662e-47
1.8985700e+02	3.2891716e-47
1.9029500e+02	3.2875889e-47
1.9073300e+02	3.2860180e-47
1.9117300e+02	3.2844476e-47
1.9161400e+02	3.2828889e-47
1.9205600e+02	3.2813306e-47
1.9249900e+02	3.2797842e-47
1.9294300e+02	3.2782495e-47
1.9338800e+02	3.2767038e-47
1.9383400e+02	3.2751813e-47
1.9428100e+02	3.2736592e-47
1.9472900e+02	3.2721374e-47
1.9517800e+02	3.2706389e-47
1.9562800e+02	3.2691293e-47
1.9607900e+02	3.2676314e-47
1.9653100e+02	3.2661454e-47
1.9698400e+02	3.2646596e-47
1.9743800e+02	3.2631857e-47
1.9789400e+02	3.2617120e-47
1.9835000e+02	3.2602501e-47
1.9880800e+02	3.2587886e-47
1.9926600e+02	3.2573387e-47
1.9972500e+02	3.2559007e-47
2.0018600e+02	3.2544629e-47
2.0064800e+02	3.2530254e-47
2.0111000e+02	3.2515997e-47
2.0157400e+02	3.2501857e-47
2.0203900e+02	3.2487720e-47
2.0250500e+02	3.2473700e-47
2.0297200e+02	3.2459683e-47
2.0344000e+02	3.2445783e-47
2.0390900e+02	3.2431886e-47
2.0437900e+02	3.2418106e-47
2.0485100e+02	3.2404329e-47
2.0532300e+02	3.2390668e-47
2.0579600e+02	3.2377124e-47
2.0627100e+02	3.2363583e-47
2.0674700e+02	3.2350045e-47
2.0722300e+02	3.2336623e-47
2.0770100e+02	3.2323318e-47
2.0818000e+02	3.2310016e-47
2.0866000e+02	3.2296830e-47
2.0914100e+02	3.2283647e-47
2.0962400e+02	3.2270580e-47
2.1010700e+02	3.2257515e-47
2.1059200e+02	3.2244567e-47
2.1107700e+02	3.2231735e-47
2.1156400e+02	3.2218906e-47
2.1205200e+02	3.2206079e-47
2.1254100e+02	3.2193368e-47
2.1303100e+02	3.2180773e-47
2.1352200e+02	3.2168181e-47
2.1401500e+02	3.2155704e-47
2.1450800e+02	3.2143230e-47
2.1500300e+02	3.2130872e-47
2.1549900e+02	3.2118516e-47
2.1599600e+02	3.2106276e-47
2.1649400e+02	3.2094151e-47
2.1699300e+02	3.2082029e-47
2.1749300e+02	3.2069909e-47
2.1799500e+02	3.2058018e-47
2.1849800e+02	3.2046015e-47
2.1900100e+02	3.2034128e-47
2.1950600e+02	3.2022357e-47
2.2001300e+02	3.2010701e-47
2.2052000e+02	3.1998934e-47
2.2102800e+02	3.1987395e-47
2.2153800e+02	3.1975858e-47
2.2204900e+02	3.1964324e-47
2.2256100e+02	3.1953017e-47
2.2307400e+02	3.1941600e-47
2.2358900e+02	3.1930297e-47
2.2410400e+02	3.1919110e-47
2.2462100e+02	3.1907925e-47
2.2513900e+02	3.1896854e-47
2.2565800e+02	3.1885898e-47
2.2617900e+02	3.1874945e-47
2.2670000e+02	3.1863993e-47
2.2722300e+02	3.1853156e-47
2.2774700e+02	3.1842433e-47
2.2827200e+02	3.1831713e-47
2.2879800e+02	3.1821107e-47
2.2932600e+02	3.1810502e-47
2.2985500e+02	3.1800013e-47
2.3038500e+02	3.1789638e-47
2.3091600e+02	3.1779264e-47
2.3144900e+02	3.1768892e-47
2.3198200e+02	3.1758748e-47
2.3251700e+02	3.1748492e-47
2.3305400e+02	3.1738350e-47
2.3359100e+02	3.1728323e-47
2.3413000e+02	3.1718410e-47
2.3467000e+02	3.1708499e-47
2.3521100e+02	3.1698589e-47
2.3575300e+02	3.1688793e-47
2.3629700e+02	3.1679112e-47
2.3684200e+02	3.1669432e-47
2.3738800e+02	3.1659865e-47
2.3793500e+02	3.1650413e-47
2.3848400e+02	3.1640850e-47
2.3903400e+02	3.1631513e-47
2.3958500e+02	3.1622178e-47
2.4013800e+02	3.1612956e-47
2.4069100e+02	3.1603736e-47
2.4124600e+02	3.1594629e-47
2.4180300e+02	3.1585524e-47
2.4236000e+02	3.1576532e-47
2.4291900e+02	3.1567655e-47
2.4347900e+02	3.1558778e-47
2.4404100e+02	3.1550015e-47
2.4460400e+02	3.1541253e-47
2.4516800e+02	3.1532605e-47
2.4573300e+02	3.1523958e-47
2.4630000e+02	3.1515424e-47
2.4686800e+02	3.1507004e-47
2.4743700e+02	3.1498585e-47
2.4800700e+02	3.1490279e-47
2.4857900e+02	3.1481974e-47
2.4915300e+02	3.1473783e-47
2.4972700e+02	3.1465593e-47
2.5030300e+02	3.1457628e-47
2.5088000e+02	3.1449552e-47
2.5145900e+02	3.1441701e-47
2.5203900e+02	3.1433739e-47
2.5262000e+02	3.1426003e-47
2.5320200e+02	3.1418267e-47
2.5378600e+02	3.1410644e-47
2.5437200e+02	3.1403023e-47
2.5495800e+02	3.1395514e-47
2.5554600e+02	3.1388006e-47
2.5613500e+02	3.1380611e-47
2.5672600e+02	3.1373329e-47
2.5731800e+02	3.1366048e-47
2.5791100e+02	3.1358880e-47
2.5850600e+02	3.1351713e-47
2.5910200e+02	3.1344658e-47
2.5970000e+02	3.1337716e-47
2.6029900e+02	3.1330775e-47
2.6089900e+02	3.1323946e-47
2.6150000e+02	3.1317119e-47
2.6210300e+02	3.1310404e-47
2.6270800e+02	3.1303801e-47
2.6331400e+02	3.1297199e-47
2.6392100e+02	3.1290710e-47
2.6453000e+02	3.1284222e-47
2.6514000e+02	3.1277846e-47
2.6575100e+02	3.1271582e-47
2.6636400e+02	3.1265320e-47
2.6697800e+02	3.1259169e-47
2.6759400e+02	3.1253019e-47
2.6821100e+02	3.1246982e-47
2.6882900e+02	3.1241057e-47
2.6944900e+02	3.1235133e-47
2.7007100e+02	3.1229320e-47
2.7069300e+02	3.1223621e-47
2.7131800e+02	3.1217921e-47
2.7194300e+02	3.1212334e-47
2.7257000e+02	3.1206748e-47
2.7319900e+02	3.1201273e-47
2.7382900e+02	3.1195911e-47
2.7446000e+02	3.1190550e-47
2.7509300e+02	3.1185300e-47
2.7572800e+02	3.1180051e-47
2.7636300e+02	3.1175026e-47
2.7700100e+02	3.1169889e-47
2.7763900e+02	3.1164976e-47
2.7828000e+02	3.1160064e-47
2.7892100e+02	3.1155263e-47
2.7956500e+02	3.1150463e-47
2.8020900e+02	3.1145775e-47
2.8085500e+02	3.1141087e-47
2.8150300e+02	3.1136623e-47
2.8215200e+02	3.1132048e-47
2.8280300e+02	3.1127696e-47
2.8345500e+02	3.1123344e-47
2.8410900e+02	3.1119104e-47
2.8476400e+02	3.1114865e-47
2.8542100e+02	3.1110737e-47
2.8607900e+02	3.1106721e-47
2.8673800e+02	3.1102706e-47
2.8740000e+02	3.1098802e-47
2.8806200e+02	3.1095010e-47
2.8872700e+02	3.1091218e-47
2.8939200e+02	3.1087538e-47
2.9006000e+02	3.1083970e-47
2.9072900e+02	3.1080402e-47
2.9139900e+02	3.1076946e-47
2.9207100e+02	3.1073489e-47
2.9274500e+02	3.1070145e-47
2.9342000e+02	3.1066912e-47
2.9409600e+02	3.1063791e-47
2.9477400e+02	3.1060670e-47
2.9545400e+02	3.1057660e-47
2.9613600e+02	3.1054651e-47
2.9681800e+02	3.1051753e-47
2.9750300e+02	3.1048967e-47
2.9818900e+02	3.1046292e-47
2.9887700e+02	3.1043618e-47
2.9956600e+02	3.1041055e-47
3.0025700e+02	3.1038492e-47
3.0094900e+02	3.1036152e-47
3.0164300e+02	3.1033701e-47
3.0233900e+02	3.1031473e-47
3.0303600e+02	3.1029245e-47
3.0373500e+02	3.1027128e-47
3.0443500e+02	3.1025123e-47
3.0513700e+02	3.1023118e-47
3.0584100e+02	3.1021224e-47
3.0654600e+02	3.1019442e-47
3.0725300e+02	3.1017659e-47
3.0796100e+02	3.1015989e-47
3.0867100e+02	3.1014429e-47
3.0938300e+02	3.1012870e-47
3.1009700e+02	3.1011422e-47
3.1081200e+02	3.1010086e-47
3.1152900e+02	3.1008749e-47
3.1224700e+02	3.1007524e-47
3.1296700e+02	3.1006410e-47
3.1368900e+02	3.1005408e-47
3.1441200e+02	3.1004406e-47
3.1513700e+02	3.1003515e-47
3.1586400e+02	3.1002735e-47
3.1659200e+02	3.1001956e-47
3.1732200e+02	3.1001288e-47
3.1805400e+02	3.1000731e-47
3.1878700e+02	3.1000174e-47
3.1952300e+02	3.0999840e-47
3.2025900e+02	3.0999506e-47
3.2099800e+02	3.0999172e-47
3.2173800e+02	3.0999061e-47
3.2248000e+02	3.0998949e-47
3.2322400e+02	3.0998949e-47
3.2396900e+02	3.0998949e-47
3.2471600e+02	3.0999061e-47
3.2546500e+02	3.0999283e-47
3.2621500e+02	3.0999617e-47
3.2696800e+02	3.1000063e-47
3.2772200e+02	3.1000508e-47
3.2847700e+02	3.1001065e-47
3.2923500e+02	3.1001622e-47
3.2999400e+02	3.1002401e-47
3.3075500e+02	3.1003181e-47
3.3151800e+02	3.1004072e-47
3.3228200e+02	3.1004963e-47
3.3304900e+02	3.1006076e-47
3.3381700e+02	3.1007190e-47
3.3458600e+02	3.1008304e-47
3.3535800e+02	3.1009640e-47
3.3613100e+02	3.1010977e-47
3.3690600e+02	3.1012424e-47
3.3768300e+02	3.1013984e-47
3.3846200e+02	3.1015654e-47
3.3924200e+02	3.1017325e-47
3.4002500e+02	3.1019107e-47
3.4080900e+02	3.1021001e-47
3.4159500e+02	3.1023006e-47
3.4238200e+02	3.1025011e-47
3.4317200e+02	3.1027239e-47
3.4396300e+02	3.1029468e-47
3.4475700e+02	3.1031696e-47
3.4555200e+02	3.1034147e-47
3.4634800e+02	3.1036598e-47
3.4714700e+02	3.1039161e-47
3.4794800e+02	3.1041835e-47
3.4875000e+02	3.1044621e-47
3.4955400e+02	3.1047407e-47
3.5036000e+02	3.1050304e-47
3.5116800e+02	3.1053314e-47
3.5197800e+02	3.1056434e-47
3.5279000e+02	3.1059555e-47
3.5360300e+02	3.1062899e-47
3.5441900e+02	3.1066243e-47
3.5523600e+02	3.1069699e-47
3.5605500e+02	3.1073266e-47
3.5687600e+02	3.1076834e-47
3.5769900e+02	3.1080625e-47
3.5852400e+02	3.1084416e-47
3.5935100e+02	3.1088319e-47
3.6017900e+02	3.1092334e-47
3.6101000e+02	3.1096348e-47
3.6184200e+02	3.1100587e-47
3.6267700e+02	3.1104825e-47
3.6351300e+02	3.1109176e-47
3.6435100e+02	3.1113638e-47
3.6519200e+02	3.1118100e-47
3.6603400e+02	3.1122786e-47
3.6687800e+02	3.1127473e-47
3.6772400e+02	3.1132383e-47
3.6857200e+02	3.1137293e-47
3.6942200e+02	3.1142203e-47
3.7027400e+02	3.1147338e-47
3.7112800e+02	3.1152584e-47
3.7198300e+02	3.1157831e-47
3.7284100e+02	3.1163190e-47
3.7370100e+02	3.1168661e-47
3.7456300e+02	3.1174244e-47
3.7542600e+02	3.1179939e-47
3.7629200e+02	3.1185747e-47
3.7716000e+02	3.1191555e-47
3.7803000e+02	3.1197587e-47
3.7890100e+02	3.1203619e-47
3.7977500e+02	3.1209764e-47
3.8065100e+02	3.1216022e-47
3.8152900e+02	3.1222391e-47
3.8240800e+02	3.1228762e-47
3.8329000e+02	3.1235356e-47
3.8417400e+02	3.1242063e-47
3.8506000e+02	3.1248771e-47
3.8594800e+02	3.1255591e-47
3.8683800e+02	3.1262524e-47
3.8773000e+02	3.1269569e-47
3.8862400e+02	3.1276727e-47
3.8952000e+02	3.1283998e-47
3.9041900e+02	3.1291382e-47
3.9131900e+02	3.1298766e-47
3.9222100e+02	3.1306375e-47
3.9312600e+02	3.1313985e-47
3.9403200e+02	3.1321820e-47
3.9494100e+02	3.1329655e-47
3.9585200e+02	3.1337604e-47
3.9676500e+02	3.1345666e-47
3.9767900e+02	3.1353840e-47
3.9859700e+02	3.1362128e-47
3.9951600e+02	3.1370529e-47
4.0043700e+02	3.1379043e-47
4.0136000e+02	3.1387670e-47
4.0228600e+02	3.1396411e-47
4.0321400e+02	3.1405264e-47
4.0414300e+02	3.1414119e-47
4.0507500e+02	3.1423200e-47
4.0600900e+02	3.1432394e-47
4.0694600e+02	3.1441701e-47
4.0788400e+02	3.1451010e-47
4.0882500e+02	3.1460544e-47
4.0976700e+02	3.1470193e-47
4.1071200e+02	3.1479954e-47
4.1166000e+02	3.1489830e-47
4.1260900e+02	3.1499820e-47
4.1356000e+02	3.1509923e-47
4.1451400e+02	3.1520140e-47
4.1547000e+02	3.1530471e-47
4.1642800e+02	3.1541028e-47
4.1738800e+02	3.1551700e-47
4.1835100e+02	3.1562486e-47
4.1931500e+02	3.1573498e-47
4.2028200e+02	3.1584625e-47
4.2125200e+02	3.1595978e-47
4.2222300e+02	3.1607559e-47
4.2319700e+02	3.1619254e-47
4.2417300e+02	3.1631401e-47
4.2515100e+02	3.1643663e-47
4.2613100e+02	3.1656489e-47
4.2711400e+02	3.1669657e-47
4.2809900e+02	3.1683615e-47
4.2908600e+02	3.1698364e-47
4.3007500e+02	3.1714468e-47
4.3106700e+02	3.1732604e-47
4.3206100e+02	3.1754127e-47
4.3305700e+02	3.1781857e-47
4.3405600e+02	3.1822686e-47
4.3505700e+02	3.1896628e-47
4.3606000e+02	3.2084294e-47
4.3706600e+02	3.3047207e-47
4.3807400e+02	1.1189620e-44
4.3908400e+02	3.2992043e-47
4.4009600e+02	3.2114549e-47
4.4111100e+02	3.1961949e-47
4.4212900e+02	3.1917415e-47
4.4314800e+02	3.1904084e-47
4.4417000e+02	3.1903180e-47
4.4519400e+02	3.1908151e-47
4.4622100e+02	3.1916398e-47
4.4725000e+02	3.1926455e-47
4.4828100e+02	3.1937757e-47
4.4931500e+02	3.1949852e-47
4.5035100e+02	3.1962628e-47
4.5139000e+02	3.1975745e-47
4.5243000e+02	3.1989431e-47
4.5347400e+02	3.2003233e-47
4.5451900e+02	3.2017377e-47
4.5556800e+02	3.2031751e-47
4.5661800e+02	3.2046355e-47
4.5767100e+02	3.2061188e-47
4.5872700e+02	3.2076138e-47
4.5978400e+02	3.2091205e-47
4.6084500e+02	3.2106502e-47
4.6190700e+02	3.2121916e-47
4.6297200e+02	3.2137561e-47
4.6404000e+02	3.2153323e-47
4.6511000e+02	3.2169202e-47
4.6618300e+02	3.2185198e-47
4.6725800e+02	3.2201426e-47
4.6833500e+02	3.2217771e-47
4.6941500e+02	3.2234233e-47
4.7049800e+02	3.2250814e-47
4.7158300e+02	3.2267626e-47
4.7267000e+02	3.2284442e-47
4.7376000e+02	3.2301490e-47
4.7485300e+02	3.2318657e-47
4.7594800e+02	3.2335941e-47
4.7704500e+02	3.2353458e-47
4.7814500e+02	3.2370979e-47
4.7924800e+02	3.2388733e-47
4.8035300e+02	3.2406606e-47
4.8146100e+02	3.2424597e-47
4.8257100e+02	3.2442707e-47
4.8368400e+02	3.2461050e-47
4.8479900e+02	3.2479399e-47
4.8591700e+02	3.2497980e-47
4.8703800e+02	3.2516681e-47
4.8816100e+02	3.2535502e-47
4.8928600e+02	3.2554556e-47
4.9041500e+02	3.2573616e-47
4.9154600e+02	3.2592909e-47
4.9267900e+02	3.2612323e-47
4.9381500e+02	3.2631971e-47
4.9495400e+02	3.2651625e-47
4.9609500e+02	3.2671513e-47
4.9723900e+02	3.2691522e-47
4.9838600e+02	3.2711651e-47
4.9953500e+02	3.2731901e-47
5.0068700e+02	3.2752386e-47
5.0184200e+02	3.2772877e-47
5.0299900e+02	3.2793718e-47
5.0415900e+02	3.2814567e-47
5.0532200e+02	3.2835536e-47
5.0648700e+02	3.2856741e-47
5.0765500e+02	3.2878068e-47
5.0882500e+02	3.2899516e-47
5.0999900e+02	3.2921201e-47
5.1117500e+02	3.2943008e-47
5.1235400e+02	3.2964937e-47
5.1353500e+02	3.2986988e-47
5.1471900e+02	3.3009276e-47
5.1590600e+02	3.3031687e-47
5.1709600e+02	3.3054221e-47
5.1828800e+02	3.3076877e-47
5.1948400e+02	3.3099770e-47
5.2068200e+02	3.3122787e-47
5.2188200e+02	3.3145928e-47
5.2308600e+02	3.3169306e-47
5.2429200e+02	3.3192808e-47
5.2550100e+02	3.3216434e-47
5.2671300e+02	3.3240298e-47
5.2792700e+02	3.3264172e-47
5.2914500e+02	3.3288400e-47
5.3036500e+02	3.3312636e-47
5.3158800e+02	3.3337113e-47
5.3281400e+02	3.3361714e-47
5.3404300e+02	3.3386555e-47
5.3527400e+02	3.3411406e-47
5.3650800e+02	3.3436612e-47
5.3774600e+02	3.3461829e-47
5.3898600e+02	3.3487286e-47
5.4022900e+02	3.3512868e-47
5.4147400e+02	3.3538692e-47
5.4272300e+02	3.3564642e-47
5.4397400e+02	3.3590718e-47
5.4522900e+02	3.3617036e-47
5.4648600e+02	3.3643480e-47
5.4774600e+02	3.3670051e-47
5.4901000e+02	3.3696864e-47
5.5027600e+02	3.3723804e-47
5.5154400e+02	3.3750987e-47
5.5281600e+02	3.3778298e-47
5.5409100e+02	3.3805736e-47
5.5536900e+02	3.3833417e-47
5.5665000e+02	3.3861227e-47
5.5793300e+02	3.3889280e-47
5.5922000e+02	3.3917462e-47
5.6050900e+02	3.3945772e-47
5.6180200e+02	3.3974327e-47
5.6309700e+02	3.4003127e-47
5.6439600e+02	3.4031939e-47
5.6569700e+02	3.4061114e-47
5.6700200e+02	3.4090301e-47
5.6830900e+02	3.4119734e-47
5.6962000e+02	3.4149414e-47
5.7093300e+02	3.4179224e-47
5.7225000e+02	3.4209163e-47
5.7357000e+02	3.4239350e-47
5.7489200e+02	3.4269784e-47
5.7621800e+02	3.4300349e-47
5.7754700e+02	3.4331045e-47
5.7887900e+02	3.4361989e-47
5.8021400e+02	3.4393064e-47
5.8155200e+02	3.4424388e-47
5.8289300e+02	3.4455843e-47
5.8423700e+02	3.4487548e-47
5.8558400e+02	3.4519503e-47
5.8693400e+02	3.4551589e-47
5.8828800e+02	3.4583809e-47
5.8964400e+02	3.4616278e-47
5.9100400e+02	3.4648881e-47
5.9236700e+02	3.4681734e-47
5.9373300e+02	3.4714839e-47
5.9510200e+02	3.4748078e-47
5.9647400e+02	3.4781450e-47
5.9785000e+02	3.4815074e-47
5.9922900e+02	3.4848951e-47
6.0061000e+02	3.4882962e-47
6.0199500e+02	3.4917226e-47
6.0338400e+02	3.4951626e-47
6.0477500e+02	3.4986279e-47
6.0617000e+02	3.5021185e-47
6.0756700e+02	3.5056228e-47
6.0896900e+02	3.5091525e-47
6.1037300e+02	3.5126958e-47
6.1178000e+02	3.5162647e-47
6.1319100e+02	3.5198472e-47
6.1460500e+02	3.5234553e-47
6.1602200e+02	3.5270890e-47
6.1744300e+02	3.5307364e-47
6.1886700e+02	3.5344095e-47
6.2029400e+02	3.5381083e-47
6.2172400e+02	3.5418210e-47
6.2315800e+02	3.5455594e-47
6.2459500e+02	3.5493117e-47
6.2603500e+02	3.5530898e-47
6.2747900e+02	3.5568938e-47
6.2892600e+02	3.5607237e-47
6.3037600e+02	3.5645676e-47
6.3183000e+02	3.5684255e-47
6.3328700e+02	3.5723214e-47
6.3474700e+02	3.5762314e-47
6.3621100e+02	3.5801674e-47
6.3767800e+02	3.5841176e-47
6.3914900e+02	3.5880939e-47
6.4062300e+02	3.5920963e-47
6.4210000e+02	3.5961250e-47
6.4358000e+02	3.6001680e-47
6.4506500e+02	3.6042372e-47
6.4655200e+02	3.6083328e-47
6.4804300e+02	3.6124427e-47
6.4953700e+02	3.6165790e-47
6.5103500e+02	3.6207418e-47
6.5253700e+02	3.6249310e-47
6.5404100e+02	3.6291347e-47
6.5555000e+02	3.6333650e-47
6.5706100e+02	3.6376218e-47
6.5857600e+02	3.6418932e-47
6.6009500e+02	3.6462033e-47
6.6161700e+02	3.6505281e-47
6.6314300e+02	3.6548796e-47
6.6467200e+02	3.6592458e-47
6.6620500e+02	3.6636509e-47
6.6774100e+02	3.6680708e-47
6.6928100e+02	3.6725176e-47
6.7082400e+02	3.6769913e-47
6.7237100e+02	3.6814920e-47
6.7392200e+02	3.6860077e-47
6.7547600e+02	3.6905504e-47
6.7703400e+02	3.6951202e-47
6.7859500e+02	3.6997171e-47
6.8016000e+02	3.7043413e-47
6.8172800e+02	3.7089927e-47
6.8330000e+02	3.7136592e-47
6.8487600e+02	3.7183531e-47
6.8645500e+02	3.7230865e-47
6.8803800e+02	3.7278351e-47
6.8962500e+02	3.7325990e-47
6.9121500e+02	3.7374026e-47
6.9280900e+02	3.7422338e-47
6.9440700e+02	3.7470803e-47
6.9600800e+02	3.7519668e-47
6.9761300e+02	3.7568686e-47
6.9922200e+02	3.7617982e-47
7.0083400e+02	3.7667556e-47
7.0245000e+02	3.7717408e-47
7.0407000e+02	3.7767539e-47
7.0569400e+02	3.7817949e-47
7.0732100e+02	3.7868639e-47
7.0895200e+02	3.7919486e-47
7.1058700e+02	3.7970737e-47
7.1222600e+02	3.8022146e-47
7.1386800e+02	3.8073960e-47
7.1551400e+02	3.8125932e-47
7.1716400e+02	3.8178311e-47
7.1881800e+02	3.8230849e-47
7.2047500e+02	3.8283795e-47
7.2213700e+02	3.8336901e-47
7.2380200e+02	3.8390292e-47
7.2547100e+02	3.8443968e-47
7.2714400e+02	3.8498054e-47
7.2882100e+02	3.8552302e-47
7.3050200e+02	3.8606837e-47
7.3218600e+02	3.8661783e-47
7.3387500e+02	3.8716893e-47
7.3556700e+02	3.8772291e-47
7.3726300e+02	3.8828103e-47
7.3896300e+02	3.8884079e-47
7.4066700e+02	3.8940470e-47
7.4237500e+02	3.8997027e-47
7.4408700e+02	3.9054000e-47
7.4580300e+02	3.9111140e-47
7.4752300e+02	3.9168697e-47
7.4924700e+02	3.9226547e-47
7.5097500e+02	3.9284565e-47
7.5270600e+02	3.9343002e-47
7.5444200e+02	3.9401733e-47
7.5618200e+02	3.9460760e-47
7.5792600e+02	3.9520208e-47
7.5967300e+02	3.9579827e-47
7.6142500e+02	3.9639742e-47
7.6318100e+02	3.9700081e-47
7.6494100e+02	3.9760591e-47
7.6670500e+02	3.9821527e-47
7.6847300e+02	3.9882761e-47
7.7024500e+02	3.9944296e-47
7.7202100e+02	4.0006131e-47
7.7380100e+02	4.0068394e-47
7.7558600e+02	4.0130831e-47
7.7737400e+02	4.0193698e-47
7.7916700e+02	4.0256868e-47
7.8096400e+02	4.0320341e-47
7.8276500e+02	4.0384119e-47
7.8457000e+02	4.0448201e-47
7.8637900e+02	4.0512716e-47
7.8819200e+02	4.0577537e-47
7.9001000e+02	4.0642665e-47
7.9183200e+02	4.0708100e-47
7.9365800e+02	4.0773972e-47
7.9548800e+02	4.0840024e-47
7.9732200e+02	4.0906513e-47
7.9916100e+02	4.0973313e-47
8.0100400e+02	4.1040552e-47
8.0285100e+02	4.1107973e-47
8.0470200e+02	4.1175836e-47
8.0655800e+02	4.1244139e-47
8.0841800e+02	4.1312628e-47
8.1028200e+02	4.1381559e-47
8.1215100e+02	4.1450806e-47
8.1402300e+02	4.1520368e-47
8.1590100e+02	4.1590375e-47
8.1778200e+02	4.1660699e-47
8.1966800e+02	4.1731342e-47
8.2155800e+02	4.1802432e-47
8.2345200e+02	4.1873841e-47
8.2535100e+02	4.1945700e-47
8.2725500e+02	4.2017750e-47
8.2916200e+02	4.2090251e-47
8.3107400e+02	4.2163205e-47
8.3299100e+02	4.2236481e-47
8.3491200e+02	4.2310211e-47
8.3683700e+02	4.2384267e-47
8.3876700e+02	4.2458647e-47
8.4070100e+02	4.2533614e-47
8.4264000e+02	4.2608909e-47
8.4458300e+02	4.2684793e-47
8.4653000e+02	4.2761137e-47
8.4848200e+02	4.2838203e-47
8.5043900e+02	4.2916387e-47
8.5240000e+02	4.2996610e-47
8.5436600e+02	4.3082420e-47
8.5633600e+02	4.3196310e-47
8.5831100e+02	4.4636696e-47
8.6029000e+02	4.3433768e-47
8.6227400e+02	4.3404116e-47
8.6426200e+02	4.3468704e-47
8.6625500e+02	4.3543897e-47
8.6825300e+02	4.3621930e-47
8.7025500e+02	4.3701487e-47
8.7226200e+02	4.3781778e-47
8.7427300e+02	4.3862804e-47
8.7628900e+02	4.3944304e-47
8.7831000e+02	4.4026277e-47
8.8033600e+02	4.4108725e-47
8.8236600e+02	4.4191516e-47
8.8440000e+02	4.4274918e-47
8.8644000e+02	4.4358664e-47
8.8848400e+02	4.4442889e-47
8.9053300e+02	4.4527461e-47
8.9258600e+02	4.4612514e-47
8.9464500e+02	4.4697916e-47
8.9670800e+02	4.4783935e-47
8.9877500e+02	4.4870170e-47
9.0084800e+02	4.4957025e-47
9.0292500e+02	4.5044232e-47
9.0500800e+02	4.5131793e-47
9.0709500e+02	4.5219842e-47
9.0918600e+02	4.5308380e-47
9.1128300e+02	4.5397275e-47
9.1338400e+02	4.5486662e-47
9.1549100e+02	4.5576541e-47
9.1760200e+02	4.5666780e-47
9.1971800e+02	4.5757513e-47
9.2183900e+02	4.5848743e-47
9.2396400e+02	4.5940335e-47
9.2609500e+02	4.6032425e-47
9.2823100e+02	4.6125016e-47
9.3037100e+02	4.6217971e-47
9.3251700e+02	4.6311428e-47
9.3466700e+02	4.6405251e-47
9.3682200e+02	4.6499716e-47
9.3898300e+02	4.6594549e-47
9.4114800e+02	4.6689889e-47
9.4331800e+02	4.6785600e-47
9.4549400e+02	4.6881820e-47
9.4767400e+02	4.6978550e-47
9.4985900e+02	4.7075791e-47
9.5205000e+02	4.7173408e-47
9.5424500e+02	4.7271538e-47
9.5644500e+02	4.7370183e-47
9.5865100e+02	4.7469344e-47
9.6086200e+02	4.7568885e-47
9.6307700e+02	4.7669082e-47
9.6529800e+02	4.7769662e-47
9.6752400e+02	4.7870762e-47
9.6975500e+02	4.7972246e-47
9.7199200e+02	4.8074393e-47
9.7423300e+02	4.8176926e-47
9.7648000e+02	4.8279985e-47
9.7873100e+02	4.8383571e-47
9.8098800e+02	4.8487686e-47
9.8325100e+02	4.8592192e-47
9.8551800e+02	4.8697369e-47
9.8779100e+02	4.8802939e-47
9.9006800e+02	4.8909042e-47
9.9235200e+02	4.9015681e-47
9.9464000e+02	4.9122857e-47
9.9693400e+02	4.9230571e-47
9.9923300e+02	4.9338824e-47
1.0015400e+03	4.9447477e-47
1.0038500e+03	4.9556813e-47
1.0061600e+03	4.9666552e-47
1.0084800e+03	4.9776976e-47
1.0108100e+03	4.9887805e-47
1.0131400e+03	4.9999182e-47
1.0154700e+03	5.0111250e-47
1.0178200e+03	5.0223726e-47
1.0201600e+03	5.0336755e-47
1.0225200e+03	5.0450336e-47
1.0248700e+03	5.0564472e-47
1.0272400e+03	5.0679164e-47
1.0296100e+03	5.0794414e-47
1.0319800e+03	5.0910223e-47
1.0343600e+03	5.1026592e-47
1.0367400e+03	5.1143523e-47
1.0391400e+03	5.1261161e-47
1.0415300e+03	5.1379220e-47
1.0439300e+03	5.1497846e-47
1.0463400e+03	5.1617040e-47
1.0487500e+03	5.1736803e-47
1.0511700e+03	5.1857281e-47
1.0536000e+03	5.1978188e-47
1.0560300e+03	5.2099668e-47
1.0584600e+03	5.2221869e-47
1.0609000e+03	5.2344646e-47
1.0633500e+03	5.2467858e-47
1.0658000e+03	5.2591794e-47
1.0682600e+03	5.2716312e-47
1.0707200e+03	5.2841414e-47
1.0731900e+03	5.2967101e-47
1.0756700e+03	5.3093519e-47
1.0781500e+03	5.3220381e-47
1.0806300e+03	5.3347978e-47
1.0831200e+03	5.3476166e-47
1.0856200e+03	5.3604948e-47
1.0881300e+03	5.3734324e-47
1.0906300e+03	5.3864297e-47
1.0931500e+03	5.3995014e-47
1.0956700e+03	5.4126185e-47
1.0982000e+03	5.4258103e-47
1.1007300e+03	5.4390625e-47
1.1032700e+03	5.4523899e-47
1.1058100e+03	5.4657632e-47
1.1083600e+03	5.4792121e-47
1.1109200e+03	5.4927219e-47
1.1134800e+03	5.5062930e-47
1.1160500e+03	5.5199402e-47
1.1186200e+03	5.5336489e-47
1.1212000e+03	5.5474194e-47
1.1237900e+03	5.5612516e-47
1.1263800e+03	5.5751609e-47
1.1289700e+03	5.5891324e-47
1.1315800e+03	5.6031662e-47
1.1341900e+03	5.6172777e-47
1.1368000e+03	5.6314368e-47
1.1394200e+03	5.6456890e-47
1.1420500e+03	5.6599892e-47
1.1446900e+03	5.6743678e-47
1.1473300e+03	5.6888250e-47
1.1499700e+03	5.7033308e-47
1.1526200e+03	5.7179156e-47
1.1552800e+03	5.7325795e-47
1.1579400e+03	5.7472926e-47
1.1606200e+03	5.7621004e-47
1.1632900e+03	5.7769576e-47
1.1659700e+03	5.7918949e-47
1.1686600e+03	5.8068972e-47
1.1713600e+03	5.8219799e-47
1.1740600e+03	5.8371434e-47
1.1767700e+03	5.8523571e-47
1.1794800e+03	5.8676519e-47
1.1822000e+03	5.8830281e-47
1.1849300e+03	5.8984704e-47
1.1876600e+03	5.9139945e-47
1.1904000e+03	5.9295852e-47
1.1931400e+03	5.9452427e-47
1.1958900e+03	5.9609981e-47
1.1986500e+03	5.9768052e-47
1.2014200e+03	5.9926952e-47
1.2041900e+03	6.0086682e-47
1.2069600e+03	6.0247092e-47
1.2097500e+03	6.0408336e-47
1.2125400e+03	6.0570419e-47
1.2153300e+03	6.0733187e-47
1.2181300e+03	6.0896797e-47
1.2209400e+03	6.1061253e-47
1.2237600e+03	6.1226400e-47
1.2265800e+03	6.1392553e-47
1.2294100e+03	6.1559873e-47
1.2322400e+03	6.1728678e-47
1.2350900e+03	6.1900389e-47
1.2379300e+03	6.2087623e-47
1.2407900e+03	6.8213724e-47
1.2436500e+03	6.2434808e-47
1.2465200e+03	6.2581864e-47
1.2493900e+03	6.2750004e-47
1.2522700e+03	6.2921701e-47
1.2551600e+03	6.3094903e-47
1.2580600e+03	6.3269298e-47
1.2609600e+03	6.3444730e-47
1.2638600e+03	6.3620883e-47
1.2667800e+03	6.3798080e-47
1.2697000e+03	6.3976002e-47
1.2726300e+03	6.4154974e-47
1.2755600e+03	6.4334676e-47
1.2785000e+03	6.4515273e-47
1.2814500e+03	6.4696605e-47
1.2844100e+03	6.4878998e-47
1.2873700e+03	6.5062131e-47
1.2903400e+03	6.5246168e-47
1.2933100e+03	6.5431112e-47
1.2963000e+03	6.5616966e-47
1.2992900e+03	6.5803571e-47
1.3022800e+03	6.5991090e-47
1.3052800e+03	6.6179527e-47
1.3082900e+03	6.6368884e-47
1.3113100e+03	6.6559164e-47
1.3143400e+03	6.6750371e-47
1.3173700e+03	6.6942342e-47
1.3204000e+03	6.7135245e-47
1.3234500e+03	6.7329081e-47
1.3265000e+03	6.7524019e-47
1.3295600e+03	6.7719568e-47
1.3326300e+03	6.7916224e-47
1.3357000e+03	6.8113825e-47
1.3387800e+03	6.8312374e-47
1.3418700e+03	6.8511709e-47
1.3449600e+03	6.8712163e-47
1.3480600e+03	6.8913408e-47
1.3511700e+03	6.9115779e-47
1.3542900e+03	6.9318946e-47
1.3574100e+03	6.9523078e-47
1.3605400e+03	6.9728345e-47
1.3636800e+03	6.9934417e-47
1.3668200e+03	7.0141463e-47
1.3699700e+03	7.0349485e-47
1.3731300e+03	7.0558656e-47
1.3763000e+03	7.0768642e-47
1.3794700e+03	7.0979614e-47
1.3826500e+03	7.1191744e-47
1.3858400e+03	7.1404697e-47
1.3890400e+03	7.1618645e-47
1.3922400e+03	7.1833761e-47
1.3954500e+03	7.2049879e-47
1.3986700e+03	7.2266831e-47
1.4019000e+03	7.2484961e-47
1.4051300e+03	7.2704101e-47
1.4083700e+03	7.2924256e-47
1.4116200e+03	7.3145427e-47
1.4148700e+03	7.3367619e-47
1.4181300e+03	7.3591005e-47
1.4214000e+03	7.3815247e-47
1.4246800e+03	7.4040690e-47
1.4279700e+03	7.4267166e-47
1.4312600e+03	7.4494679e-47
1.4345600e+03	7.4723231e-47
1.4378700e+03	7.4952826e-47
1.4411800e+03	7.5183640e-47
1.4445100e+03	7.5415330e-47
1.4478400e+03	7.5648246e-47
1.4511800e+03	7.5882392e-47
1.4545200e+03	7.6117424e-47
1.4578800e+03	7.6353693e-47
1.4612400e+03	7.6591028e-47
1.4646100e+03	7.6829432e-47
1.4679900e+03	7.7068910e-47
1.4713700e+03	7.7309639e-47
1.4747700e+03	7.7551448e-47
1.4781700e+03	7.7794517e-47
1.4815700e+03	7.8038496e-47
1.4849900e+03	7.8283742e-47
1.4884200e+03	7.8530259e-47
1.4918500e+03	7.8777695e-47
1.4952900e+03	7.9026411e-47
1.4987400e+03	7.9276408e-47
1.5021900e+03	7.9527335e-47
1.5056600e+03	7.9779552e-47
1.5091300e+03	8.0033063e-47
1.5126100e+03	8.0287693e-47
1.5161000e+03	8.0543445e-47
1.5195900e+03	8.0800503e-47
1.5231000e+03	8.1058691e-47
1.5266100e+03	8.1318192e-47
1.5301300e+03	8.1578830e-47
1.5336600e+03	8.1840610e-47
1.5371900e+03	8.2103714e-47
1.5407400e+03	8.2368149e-47
1.5442900e+03	8.2633736e-47
1.5478500e+03	8.2900661e-47
1.5514200e+03	8.3168746e-47
1.5550000e+03	8.3438177e-47
1.5585900e+03	8.3708959e-47
1.5621800e+03	8.3981095e-47
1.5657800e+03	8.4255142e-47
1.5693900e+03	8.4531843e-47
1.5730100e+03	8.4822811e-47
1.5766400e+03	8.5755934e-47
1.5802800e+03	8.5369284e-47
1.5839200e+03	8.5641328e-47
1.5875700e+03	8.5920479e-47
1.5912300e+03	8.6202126e-47
1.5949000e+03	8.6485350e-47
1.5985800e+03	8.6770157e-47
1.6022700e+03	8.7056178e-47
1.6059600e+03	8.7343604e-47
1.6096700e+03	8.7632440e-47
1.6133800e+03	8.7922690e-47
1.6171000e+03	8.8214172e-47
1.6208300e+03	8.8507265e-47
1.6245600e+03	8.8801410e-47
1.6283100e+03	8.9097175e-47
1.6320700e+03	8.9394189e-47
1.6358300e+03	8.9692643e-47
1.6396000e+03	8.9992544e-47
1.6433800e+03	9.0293895e-47
1.6471700e+03	9.0596512e-47
1.6509700e+03	9.0900588e-47
1.6547800e+03	9.1206129e-47
1.6585900e+03	9.1513139e-47
1.6624200e+03	9.1821432e-47
1.6662500e+03	9.2131394e-47
1.6700900e+03	9.2442648e-47
1.6739500e+03	9.2755391e-47
1.6778100e+03	9.3069433e-47
1.6816700e+03	9.3385165e-47
1.6855500e+03	9.3702400e-47
1.6894400e+03	9.4020949e-47
1.6933400e+03	9.4341009e-47
1.6972400e+03	9.4662586e-47
1.7011500e+03	9.4985686e-47
1.7050800e+03	9.5310311e-47
1.7090100e+03	9.5636469e-47
1.7129500e+03	9.5964163e-47
1.7169000e+03	9.6293399e-47
1.7208600e+03	9.6624182e-47
1.7248300e+03	9.6956319e-47
1.7288000e+03	9.7290210e-47
1.7327900e+03	9.7625664e-47
1.7367900e+03	9.7962486e-47
1.7407900e+03	9.8301078e-47
1.7448100e+03	9.8641049e-47
1.7488300e+03	9.8982800e-47
1.7528600e+03	9.9326139e-47
1.7569000e+03	9.9671071e-47
1.7609600e+03	1.0001800e-46
1.7650200e+03	1.0036633e-46
1.7690900e+03	1.0071527e-46
1.7731700e+03	1.0106683e-46
1.7772600e+03	1.0141900e-46
1.7813500e+03	1.0177380e-46
1.7854600e+03	1.0213124e-46
1.7895800e+03	1.0248930e-46
1.7937100e+03	1.0284799e-46
1.7978400e+03	1.0320934e-46
1.8019900e+03	1.0357336e-46
1.8061400e+03	1.0393802e-46
1.8103100e+03	1.0430333e-46
1.8144800e+03	1.0467131e-46
1.8186700e+03	1.0504200e-46
1.8228600e+03	1.0541334e-46
1.8270600e+03	1.0578740e-46
1.8312800e+03	1.0616211e-46
1.8355000e+03	1.0653749e-46
1.8397300e+03	1.0691767e-46
1.8439800e+03	1.0729645e-46
1.8482300e+03	1.0768005e-46
1.8524900e+03	1.0806226e-46
1.8567600e+03	1.0844931e-46
1.8610400e+03	1.0883706e-46
1.8653400e+03	1.0922549e-46
1.8696400e+03	1.0961671e-46
1.8739500e+03	1.1000863e-46
1.8782700e+03	1.1040335e-46
1.8826000e+03	1.1080089e-46
1.8869400e+03	1.1119913e-46
1.8912900e+03	1.1160021e-46
1.8956500e+03	1.1201471e-46
1.9000300e+03	1.1244482e-46
1.9044100e+03	1.1281414e-46
1.9088000e+03	1.1322024e-46
1.9132000e+03	1.1362920e-46
1.9176100e+03	1.1404104e-46
1.9220300e+03	1.1445362e-46
1.9264700e+03	1.1486909e-46
1.9309100e+03	1.1528746e-46
1.9353600e+03	1.1570659e-46
1.9398300e+03	1.1612649e-46
1.9443000e+03	1.1654930e-46
1.9487800e+03	1.1697504e-46
1.9532800e+03	1.1740373e-46
1.9577800e+03	1.1783102e-46
1.9622900e+03	1.1826345e-46
1.9668200e+03	1.1869667e-46
1.9713600e+03	1.1913068e-46
1.9759000e+03	1.1956766e-46
1.9804600e+03	1.2000764e-46
1.9850200e+03	1.2044843e-46
1.9896000e+03	1.2089222e-46
1.9941900e+03	1.2133683e-46
1.9987900e+03	1.2178447e-46
2.0034000e+03	1.2223514e-46
2.0080200e+03	1.2268664e-46
2.0126500e+03	1.2313897e-46
2.0172900e+03	1.2359658e-46
2.0219400e+03	1.2405282e-46
2.0266000e+03	1.2451435e-46
2.0312800e+03	1.2497675e-46
2.0359600e+03	1.2544000e-46
2.0406600e+03	1.2590635e-46
2.0453600e+03	1.2637582e-46
2.0500800e+03	1.2684616e-46
2.0548100e+03	1.2731963e-46
2.0595400e+03	1.2779398e-46
2.0642900e+03	1.2827148e-46
2.0690500e+03	1.2875214e-46
2.0738300e+03	1.2923370e-46
2.0786100e+03	1.2971843e-46
2.0834000e+03	1.3020407e-46
2.0882100e+03	1.3069291e-46
2.0930200e+03	1.3118495e-46
2.0978500e+03	1.3167792e-46
2.1026900e+03	1.3217411e-46
2.1075300e+03	1.3267123e-46
2.1123900e+03	1.3317160e-46
2.1172700e+03	1.3367291e-46
2.1221500e+03	1.3417747e-46
2.1270400e+03	1.3468531e-46
2.1319500e+03	1.3519643e-46
2.1368600e+03	1.3570619e-46
2.1417900e+03	1.3622158e-46
2.1467300e+03	1.3673794e-46
2.1516800e+03	1.3725763e-46
2.1566400e+03	1.3777830e-46
2.1616100e+03	1.3830230e-46
2.1666000e+03	1.3882966e-46
2.1716000e+03	1.3935802e-46
2.1766000e+03	1.3988976e-46
2.1816200e+03	1.4042250e-46
2.1866500e+03	1.4095863e-46
2.1917000e+03	1.4149816e-46
2.1967500e+03	1.4203872e-46
2.2018200e+03	1.4258270e-46
2.2068900e+03	1.4312772e-46
2.2119800e+03	1.4367858e-46
2.2170800e+03	1.4422809e-46
2.2222000e+03	1.4478346e-46
2.2273200e+03	1.4533990e-46
2.2324600e+03	1.4589741e-46
2.2376000e+03	1.4646082e-46
2.2427600e+03	1.4702290e-46
2.2479400e+03	1.4759091e-46
2.2531200e+03	1.4816245e-46
2.2583200e+03	1.4877169e-46
2.2635200e+03	1.4930885e-46
2.2687400e+03	1.4988370e-46
2.2739700e+03	1.5046457e-46
2.2792200e+03	1.5104656e-46
2.2844700e+03	1.5163213e-46
2.2897400e+03	1.5222131e-46
2.2950200e+03	1.5281163e-46
2.3003100e+03	1.5340556e-46
2.3056200e+03	1.5400314e-46
2.3109400e+03	1.5460187e-46
2.3162700e+03	1.5520426e-46
2.3216100e+03	1.5580781e-46
2.3269600e+03	1.5641504e-46
2.3323300e+03	1.5702596e-46
2.3377000e+03	1.5764058e-46
2.3431000e+03	1.5825640e-46
2.3485000e+03	1.5887594e-46
2.3539100e+03	1.5949669e-46
2.3593400e+03	1.6012119e-46
2.3647800e+03	1.6074943e-46
2.3702400e+03	1.6137891e-46
2.3757000e+03	1.6201217e-46
2.3811800e+03	1.6264921e-46
2.3866700e+03	1.6329006e-46
2.3921700e+03	1.6393217e-46
2.3976900e+03	1.6457811e-46
2.4032200e+03	1.6522532e-46
2.4087600e+03	1.6587637e-46
2.4143200e+03	1.6653128e-46
2.4198800e+03	1.6718749e-46
2.4254600e+03	1.6784757e-46
2.4310600e+03	1.6851155e-46
2.4366600e+03	1.6917945e-46
2.4422800e+03	1.6984866e-46
2.4479100e+03	1.7052181e-46
2.4535600e+03	1.7119629e-46
2.4592200e+03	1.7187734e-46
2.4648900e+03	1.7255712e-46
2.4705700e+03	1.7324351e-46
2.4762700e+03	1.7393126e-46
2.4819800e+03	1.7462301e-46
2.4877000e+03	1.7531878e-46
2.4934400e+03	1.7601594e-46
2.4991900e+03	1.7671714e-46
2.5049500e+03	1.7742240e-46
2.5107300e+03	1.7813173e-46
2.5165200e+03	1.7884248e-46
2.5223200e+03	1.7955732e-46
2.5281400e+03	1.8027359e-46
2.5339700e+03	1.8099666e-46
2.5398100e+03	1.8172118e-46
2.5456700e+03	1.8244715e-46
2.5515400e+03	1.8317998e-46
2.5574200e+03	1.8391428e-46
2.5633200e+03	1.8465277e-46
2.5692300e+03	1.8539273e-46
2.5751600e+03	1.8613691e-46
2.5810900e+03	1.8688530e-46
2.5870500e+03	1.8763794e-46
2.5930100e+03	1.8839210e-46
2.5989900e+03	1.8915326e-46
2.6049900e+03	1.8991320e-46
2.6109900e+03	1.9068020e-46
2.6170100e+03	1.9144873e-46
2.6230500e+03	1.9222159e-46
2.6291000e+03	1.9299878e-46
2.6351600e+03	1.9378032e-46
2.6412400e+03	1.9456344e-46
2.6473300e+03	1.9535094e-46
2.6534300e+03	1.9614002e-46
2.6595500e+03	1.9693632e-46
2.6656800e+03	1.9773703e-46
2.6718300e+03	1.9853655e-46
2.6779900e+03	1.9934334e-46
2.6841700e+03	2.0015176e-46
2.6903600e+03	2.0096465e-46
2.6965600e+03	2.0178203e-46
2.7027800e+03	2.0260391e-46
2.7090100e+03	2.0342746e-46
2.7152600e+03	2.0425555e-46
2.7215200e+03	2.0508818e-46
2.7278000e+03	2.0592537e-46
2.7340900e+03	2.0676427e-46
2.7403900e+03	2.0760775e-46
2.7467100e+03	2.0845584e-46
2.7530400e+03	2.0930856e-46
2.7593900e+03	2.1016301e-46
2.7657600e+03	2.1102211e-46
2.7721300e+03	2.1188587e-46
2.7785300e+03	2.1275431e-46
2.7849300e+03	2.1362746e-46
2.7913600e+03	2.1450239e-46
2.7977900e+03	2.1538204e-46
2.8042400e+03	2.1626644e-46
2.8107100e+03	2.1715264e-46
2.8171900e+03	2.1804657e-46
2.8236900e+03	2.1894233e-46
2.8302000e+03	2.1984289e-46
2.8367300e+03	2.2074828e-46
2.8432700e+03	2.2165552e-46
2.8498300e+03	2.2256761e-46
2.8564000e+03	2.2348456e-46
2.8629800e+03	2.2440639e-46
2.8695900e+03	2.2533312e-46
2.8762000e+03	2.2626477e-46
2.8828400e+03	2.2719834e-46
2.8894800e+03	2.2813686e-46
2.8961500e+03	2.2908033e-46
2.9028300e+03	2.3002576e-46
2.9095200e+03	2.3097920e-46
2.9162300e+03	2.3193462e-46
2.9229500e+03	2.3289507e-46
2.9296900e+03	2.3386056e-46
2.9364500e+03	2.3483111e-46
2.9432200e+03	2.3580366e-46
2.9500100e+03	2.3678439e-46
2.9568100e+03	2.3776715e-46
2.9636300e+03	2.3875503e-46
2.9704600e+03	2.3974497e-46
2.9773100e+03	2.4074315e-46
2.9841800e+03	2.4174341e-46
2.9910600e+03	2.4275198e-46
2.9979600e+03	2.4376265e-46
3.0048700e+03	2.4477854e-46
3.0118000e+03	2.4579968e-46
3.0187500e+03	2.4682609e-46
3.0257100e+03	2.4785464e-46
3.0326800e+03	2.4888849e-46
3.0396800e+03	2.4993080e-46
3.0466900e+03	2.5097530e-46
3.0537100e+03	2.5202515e-46
3.0607600e+03	2.5307719e-46
3.0678100e+03	2.5413780e-46
3.0748900e+03	2.5520063e-46
3.0819800e+03	2.5627207e-46
3.0890900e+03	2.5734576e-46
3.0962100e+03	2.5843135e-46
3.1033500e+03	2.5950955e-46
3.1105100e+03	2.6059645e-46
3.1176800e+03	2.6169209e-46
3.1248700e+03	2.6279004e-46
3.1320700e+03	2.6389353e-46
3.1393000e+03	2.6500259e-46
3.1465400e+03	2.6611723e-46
3.1537900e+03	2.6723749e-46
3.1610600e+03	2.6836337e-46
3.1683500e+03	2.6949162e-46
3.1756600e+03	2.7062882e-46
3.1829800e+03	2.7176841e-46
3.1903200e+03	2.7291370e-46
3.1976800e+03	2.7406471e-46
3.2050500e+03	2.7522146e-46
3.2124400e+03	2.7638398e-46
3.2198500e+03	2.7754894e-46
3.2272800e+03	2.7872303e-46
3.2347200e+03	2.7989959e-46
3.2421800e+03	2.8108199e-46
3.2496600e+03	2.8227360e-46
3.2571500e+03	2.8346773e-46
3.2646600e+03	2.8466776e-46
3.2721900e+03	2.8587032e-46
3.2797300e+03	2.8708219e-46
3.2873000e+03	2.8830002e-46
3.2948800e+03	2.8952043e-46
3.3024800e+03	2.9075024e-46
3.3100900e+03	2.9198266e-46
3.3177200e+03	2.9322110e-46
3.3253700e+03	2.9446903e-46
3.3330400e+03	2.9571961e-46
3.3407300e+03	2.9697629e-46
3.3484300e+03	2.9823563e-46
3.3561500e+03	2.9950456e-46
3.3638900e+03	3.0077965e-46
3.3716500e+03	3.0205745e-46
3.3794300e+03	3.0334492e-46
3.3872200e+03	3.0463513e-46
3.3950300e+03	3.0593508e-46
3.4028600e+03	3.0723780e-46
3.4107100e+03	3.0854679e-46
3.4185700e+03	3.0986561e-46
3.4264500e+03	3.1118724e-46
3.4343600e+03	3.1251522e-46
3.4422800e+03	3.1384957e-46
3.4502100e+03	3.1519031e-46
3.4581700e+03	3.1653391e-46
3.4661400e+03	3.1788750e-46
3.4741400e+03	3.1924756e-46
3.4821500e+03	3.2061409e-46
3.4901800e+03	3.2198355e-46
3.4982300e+03	3.2336311e-46
3.5062900e+03	3.2474563e-46
3.5143800e+03	3.2613832e-46
3.5224800e+03	3.2753398e-46
3.5306100e+03	3.2893989e-46
3.5387500e+03	3.3034880e-46
3.5469100e+03	3.3176437e-46
3.5550900e+03	3.3318661e-46
3.5632900e+03	3.3461921e-46
3.5715000e+03	3.3605489e-46
3.5797400e+03	3.3749732e-46
3.5879900e+03	3.3894651e-46
3.5962700e+03	3.4040250e-46
3.6045600e+03	3.4186531e-46
3.6128700e+03	3.4333866e-46
3.6212000e+03	3.4481519e-46
3.6295500e+03	3.4629860e-46
3.6379200e+03	3.4778893e-46
3.6463100e+03	3.4928620e-46
3.6547200e+03	3.5079042e-46
3.6631500e+03	3.5230164e-46
3.6716000e+03	3.5381986e-46
3.6800600e+03	3.5534512e-46
3.6885500e+03	3.5687744e-46
3.6970600e+03	3.5841684e-46
3.7055800e+03	3.5996335e-46
3.7141300e+03	3.6151698e-46
3.7226900e+03	3.6307778e-46
3.7312800e+03	3.6464576e-46
3.7398800e+03	3.6622094e-46
3.7485000e+03	3.6780336e-46
3.7571500e+03	3.6939687e-46
3.7658100e+03	3.7099383e-46
3.7745000e+03	3.7259809e-46
3.7832000e+03	3.7421355e-46
3.7919200e+03	3.7583250e-46
3.8006700e+03	3.7746273e-46
3.8094300e+03	3.7909648e-46
3.8182200e+03	3.8074156e-46
3.8270200e+03	3.8239020e-46
3.8358500e+03	3.8405025e-46
3.8446900e+03	3.8571389e-46
3.8535600e+03	3.8738900e-46
3.8624400e+03	3.8907168e-46
3.8713500e+03	3.9075801e-46
3.8802800e+03	3.9245591e-46
3.8892300e+03	3.9416146e-46
3.8982000e+03	3.9587469e-46
3.9071800e+03	3.9759562e-46
3.9161900e+03	3.9932429e-46
3.9252300e+03	4.0106070e-46
3.9342800e+03	4.0280490e-46
3.9433500e+03	4.0455690e-46
3.9524400e+03	4.0632077e-46
3.9615600e+03	4.0808848e-46
3.9706900e+03	4.0986407e-46
3.9798500e+03	4.1167598e-46
3.9890300e+03	4.1344309e-46
3.9982300e+03	4.1524658e-46
4.0074500e+03	4.1705808e-46
4.0166900e+03	4.1887353e-46
4.0259500e+03	4.2070112e-46
4.0352300e+03	4.2253680e-46
4.0445400e+03	4.2438060e-46
4.0538700e+03	4.2623254e-46
4.0632100e+03	4.2809679e-46
4.0725800e+03	4.2996511e-46
4.0819700e+03	4.3184165e-46
4.0913900e+03	4.3373061e-46
4.1008200e+03	4.3562369e-46
4.1102800e+03	4.3752926e-46
4.1197600e+03	4.3944318e-46
4.1292600e+03	4.4136548e-46
4.1387800e+03	4.4329618e-46
4.1483200e+03	4.4523532e-46
4.1578900e+03	4.4718292e-46
4.1674800e+03	4.4914325e-46
4.1770900e+03	4.5110786e-46
4.1867200e+03	4.5308528e-46
4.1963800e+03	4.5507129e-46
4.2060500e+03	4.5706592e-46
4.2157500e+03	4.5906919e-46
4.2254700e+03	4.6108114e-46
4.2352200e+03	4.6310179e-46
4.2449800e+03	4.6513549e-46
4.2547700e+03	4.6717364e-46
4.2645800e+03	4.6922491e-46
4.2744200e+03	4.7128502e-46
4.2842700e+03	4.7335399e-46
4.2941500e+03	4.7543186e-46
4.3040600e+03	4.7752302e-46
4.3139800e+03	4.7961876e-46
4.3239300e+03	4.8172787e-46
4.3339000e+03	4.8384601e-46
4.3438900e+03	4.8597321e-46
4.3539100e+03	4.8810949e-46
4.3639500e+03	4.9025488e-46
4.3740200e+03	4.9241385e-46
4.3841000e+03	4.9457757e-46
4.3942100e+03	4.9675494e-46
4.4043400e+03	4.9894157e-46
4.4145000e+03	5.0114195e-46
4.4246800e+03	5.0334717e-46
4.4348800e+03	5.0556623e-46
4.4451100e+03	5.0779017e-46
4.4553600e+03	5.1002802e-46
4.4656400e+03	5.1227985e-46
4.4759300e+03	5.1453664e-46
4.4862600e+03	5.1680748e-46
4.4966000e+03	5.1908332e-46
4.5069700e+03	5.2137329e-46
4.5173600e+03	5.2367746e-46
4.5277800e+03	5.2598670e-46
4.5382200e+03	5.2831023e-46
4.5486900e+03	5.3064347e-46
4.5591800e+03	5.3298648e-46
4.5696900e+03	5.3533928e-46
4.5802300e+03	5.3770653e-46
4.5907900e+03	5.4007901e-46
4.6013800e+03	5.4246602e-46
4.6119900e+03	5.4486764e-46
4.6226200e+03	5.4727456e-46
4.6332800e+03	5.4969616e-46
4.6439700e+03	5.5212781e-46
4.6546700e+03	5.5456953e-46
4.6654100e+03	5.5702136e-46
4.6761700e+03	5.5948806e-46
4.6869500e+03	5.6196495e-46
4.6977600e+03	5.6445207e-46
4.7085900e+03	5.6695420e-46
4.7194500e+03	5.6946186e-46
4.7303300e+03	5.7198462e-46
4.7412400e+03	5.7452255e-46
4.7521700e+03	5.7706609e-46
4.7631300e+03	5.7962489e-46
4.7741200e+03	5.8219416e-46
4.7851300e+03	5.8477880e-46
4.7961600e+03	5.8736915e-46
4.8072200e+03	5.8997495e-46
4.8183100e+03	5.9259139e-46
4.8294200e+03	5.9522337e-46
4.8405500e+03	5.9786607e-46
4.8517200e+03	6.0051953e-46
4.8629000e+03	6.0318378e-46
4.8741200e+03	6.0586376e-46
4.8853600e+03	6.0855463e-46
4.8966200e+03	6.1125640e-46
4.9079100e+03	6.1397406e-46
4.9192300e+03	6.1670272e-46
4.9305800e+03	6.1944241e-46
4.9419500e+03	6.2219815e-46
4.9533400e+03	6.2496500e-46
4.9647600e+03	6.2774300e-46
4.9762100e+03	6.3053219e-46
4.9876900e+03	6.3333762e-46
4.9991900e+03	6.3615433e-46
5.0107200e+03	6.3898740e-46
5.0222700e+03	6.4183182e-46
5.0338500e+03	6.4468765e-46
5.0454600e+03	6.4755999e-46
5.0571000e+03	6.5044381e-46
5.0687600e+03	6.5333916e-46
5.0804500e+03	6.5625118e-46
5.0921600e+03	6.5917482e-46
5.1039100e+03	6.6211009e-46
5.1156800e+03	6.6506221e-46
5.1274700e+03	6.6802605e-46
5.1393000e+03	6.7100167e-46
5.1511500e+03	6.7399429e-46
5.1630300e+03	6.7699877e-46
5.1749300e+03	6.8002036e-46
5.1868700e+03	6.8305391e-46
5.1988300e+03	6.8609944e-46
5.2108100e+03	6.8916225e-46
5.2228300e+03	6.9223715e-46
5.2348700e+03	6.9532943e-46
5.2469500e+03	6.9843390e-46
5.2590500e+03	7.0155057e-46
5.2711700e+03	7.0468481e-46
5.2833300e+03	7.0783135e-46
5.2955100e+03	7.1099556e-46
5.3077200e+03	7.1417218e-46
5.3199600e+03	7.1736123e-46
5.3322300e+03	7.2056812e-46
5.3445300e+03	7.2378755e-46
5.3568500e+03	7.2702494e-46
5.3692000e+03	7.3027496e-46
5.3815900e+03	7.3353764e-46
5.3940000e+03	7.3681845e-46
5.4064300e+03	7.4011747e-46
5.4189000e+03	7.4342930e-46
5.4314000e+03	7.4675400e-46
5.4439200e+03	7.5009707e-46
5.4564800e+03	7.5345309e-46
5.4690600e+03	7.5682761e-46
5.4816700e+03	7.6021518e-46
5.4943100e+03	7.6361585e-46
5.5069800e+03	7.6703518e-46
5.5196800e+03	7.7047325e-46
5.5324100e+03	7.7392458e-46
5.5451700e+03	7.7738919e-46
5.5579500e+03	7.8087272e-46
5.5707700e+03	7.8437524e-46
5.5836200e+03	7.8789122e-46
5.5964900e+03	7.9142068e-46
5.6094000e+03	7.9496930e-46
5.6223300e+03	7.9853152e-46
5.6353000e+03	8.0211303e-46
5.6482900e+03	8.0571390e-46
5.6613200e+03	8.0932853e-46
5.6743700e+03	8.1295695e-46
5.6874600e+03	8.1660492e-46
5.7005700e+03	8.2026678e-46
5.7137200e+03	8.2394832e-46
5.7269000e+03	8.2764961e-46
5.7401000e+03	8.3136496e-46
5.7533400e+03	8.3509440e-46
5.7666100e+03	8.3884378e-46
5.7799000e+03	8.4261317e-46
5.7932300e+03	8.4639683e-46
5.8065900e+03	8.5020063e-46
5.8199800e+03	8.5401880e-46
5.8334000e+03	8.5785724e-46
5.8468500e+03	8.6171015e-46
5.8603400e+03	8.6558347e-46
5.8738500e+03	8.6947727e-46
5.8874000e+03	8.7338572e-46
5.9009700e+03	8.7730886e-46
5.9145800e+03	8.8125266e-46
5.9282200e+03	8.8521721e-46
5.9418900e+03	8.8919662e-46
5.9555900e+03	8.9319690e-46
5.9693300e+03	8.9721815e-46
5.9830900e+03	9.0125444e-46
5.9968900e+03	9.0530580e-46
6.0107200e+03	9.0938434e-46
6.0245800e+03	9.1347809e-46
6.0384700e+03	9.1758709e-46
6.0524000e+03	9.2171746e-46
6.0663500e+03	9.2586927e-46
6.0803400e+03	9.3003651e-46
6.0943600e+03	9.3422534e-46
6.1084200e+03	9.3842970e-46
6.1225000e+03	9.4266193e-46
6.1366200e+03	9.4690368e-46
6.1507700e+03	9.5117345e-46
6.1649600e+03	9.5545901e-46
6.1791700e+03	9.5976660e-46
6.1934200e+03	9.6409008e-46
6.2077000e+03	9.6843573e-46
6.2220200e+03	9.7279739e-46
6.2363700e+03	9.7718760e-46
6.2507500e+03	9.8159396e-46
6.2651600e+03	9.8607304e-46
6.2796100e+03	9.9046790e-46
6.2940900e+03	9.9493561e-46
6.3086000e+03	9.9941970e-46
6.3231500e+03	1.0039266e-45
6.3377300e+03	1.0084562e-45
6.3523500e+03	1.0130089e-45
6.3670000e+03	1.0175781e-45
6.3816800e+03	1.0221704e-45
6.3964000e+03	1.0267859e-45
6.4111500e+03	1.0314246e-45
6.4259300e+03	1.0360802e-45
6.4407500e+03	1.0407592e-45
6.4556000e+03	1.0454552e-45
6.4704900e+03	1.0501748e-45
6.4854100e+03	1.0549179e-45
6.5003600e+03	1.0596848e-45
6.5153500e+03	1.0644755e-45
6.5303800e+03	1.0692835e-45
6.5454400e+03	1.0741154e-45
6.5605300e+03	1.0789648e-45
6.5756600e+03	1.0838449e-45
6.5908200e+03	1.0887426e-45
6.6060200e+03	1.0936646e-45
6.6212600e+03	1.0986043e-45
6.6365200e+03	1.1035750e-45
6.6518300e+03	1.1085637e-45
6.6671700e+03	1.1135769e-45
6.6825400e+03	1.1186148e-45
6.6979500e+03	1.1236708e-45
6.7134000e+03	1.1287517e-45
6.7288800e+03	1.1338575e-45
6.7443900e+03	1.1389883e-45
6.7599500e+03	1.1441442e-45
6.7755400e+03	1.1493185e-45
6.7911600e+03	1.1545181e-45
6.8068200e+03	1.1597430e-45
6.8225200e+03	1.1649934e-45
6.8382500e+03	1.1702694e-45
6.8540200e+03	1.1755641e-45
6.8698200e+03	1.1808845e-45
6.8856700e+03	1.1862376e-45
6.9015400e+03	1.1916028e-45
6.9174600e+03	1.1970008e-45
6.9334100e+03	1.2024250e-45
6.9494000e+03	1.2078683e-45
6.9654300e+03	1.2133379e-45
6.9814900e+03	1.2188408e-45
6.9975900e+03	1.2243561e-45
7.0137200e+03	1.2299049e-45
7.0299000e+03	1.2354803e-45
7.0461100e+03	1.2410824e-45
7.0623600e+03	1.2467043e-45
7.0786400e+03	1.2523530e-45
7.0949700e+03	1.2580287e-45
7.1113300e+03	1.2637314e-45
7.1277300e+03	1.2694613e-45
7.1441600e+03	1.2752184e-45
7.1606400e+03	1.2810028e-45
7.1771500e+03	1.2868076e-45
7.1937000e+03	1.2926470e-45
7.2102900e+03	1.2985068e-45
7.2269200e+03	1.3044016e-45
7.2435800e+03	1.3103169e-45
7.2602800e+03	1.3162602e-45
7.2770300e+03	1.3222314e-45
7.2938100e+03	1.3282307e-45
7.3106300e+03	1.3342583e-45
7.3274900e+03	1.3403141e-45
7.3443800e+03	1.3463983e-45
7.3613200e+03	1.3525110e-45
7.3782900e+03	1.3586449e-45
7.3953100e+03	1.3648148e-45
7.4123600e+03	1.3710135e-45
7.4294600e+03	1.3772337e-45
7.4465900e+03	1.3834903e-45
7.4637600e+03	1.3897760e-45
7.4809700e+03	1.3960834e-45
7.4982200e+03	1.4024276e-45
7.5155100e+03	1.4087936e-45
7.5328400e+03	1.4151967e-45
7.5502200e+03	1.4216218e-45
7.5676300e+03	1.4280841e-45
7.5850800e+03	1.4345687e-45
7.6025700e+03	1.4410907e-45
7.6201000e+03	1.4476351e-45
7.6376700e+03	1.4542172e-45
7.6552800e+03	1.4608219e-45
7.6729400e+03	1.4674646e-45
7.6906300e+03	1.4741300e-45
7.7083700e+03	1.4808335e-45
7.7261400e+03	1.4875678e-45
7.7439600e+03	1.4943327e-45
7.7618200e+03	1.5011208e-45
7.7797100e+03	1.5079475e-45
7.7976500e+03	1.5148053e-45
7.8156400e+03	1.5216943e-45
7.8336600e+03	1.5286145e-45
7.8517200e+03	1.5355661e-45
7.8698300e+03	1.5425492e-45
7.8879800e+03	1.5495717e-45
7.9061700e+03	1.5566181e-45
7.9244000e+03	1.5637042e-45
7.9426700e+03	1.5708143e-45
7.9609900e+03	1.5779644e-45
7.9793500e+03	1.5851466e-45
7.9977500e+03	1.5923532e-45
8.0161900e+03	1.5996000e-45
8.0346800e+03	1.6068874e-45
8.0532000e+03	1.6142235e-45
8.0717700e+03	1.6215440e-45
8.0903900e+03	1.6289296e-45
8.1090400e+03	1.6363400e-45
8.1277400e+03	1.6437916e-45
8.1464900e+03	1.6512764e-45
8.1652700e+03	1.6587944e-45
8.1841000e+03	1.6663540e-45
8.2029700e+03	1.6739390e-45
8.2218900e+03	1.6815658e-45
8.2408500e+03	1.6892182e-45
8.2598500e+03	1.6969127e-45
8.2789000e+03	1.7046494e-45
8.2979900e+03	1.7124120e-45
8.3171300e+03	1.7202088e-45
8.3363100e+03	1.7280483e-45
8.3555300e+03	1.7359222e-45
8.3748000e+03	1.7438308e-45
8.3941100e+03	1.7517824e-45
8.4134700e+03	1.7597606e-45
8.4328700e+03	1.7677820e-45
8.4523100e+03	1.7758386e-45
8.4718100e+03	1.7839304e-45
8.4913400e+03	1.7920660e-45
8.5109200e+03	1.8002370e-45
8.5305500e+03	1.8084437e-45
8.5502200e+03	1.8166860e-45
8.5699400e+03	1.8249728e-45
8.5897000e+03	1.8332869e-45
8.6095100e+03	1.8416457e-45
8.6293600e+03	1.8500493e-45
8.6492600e+03	1.8584807e-45
8.6692100e+03	1.8669572e-45
8.6892000e+03	1.8754789e-45
8.7092300e+03	1.8840287e-45
8.7293200e+03	1.8926241e-45
8.7494500e+03	1.9012565e-45
8.7696200e+03	1.9099260e-45
8.7898500e+03	1.9186415e-45
8.8101200e+03	1.9273944e-45
8.8304300e+03	1.9361936e-45
8.8508000e+03	1.9450217e-45
8.8712100e+03	1.9539052e-45
8.8916600e+03	1.9628178e-45
8.9121700e+03	1.9717774e-45
8.9327200e+03	1.9807751e-45
8.9533200e+03	1.9898112e-45
8.9739600e+03	1.9988947e-45
8.9946600e+03	2.0080257e-45
9.0154000e+03	2.0171866e-45
9.0361900e+03	2.0263952e-45
9.0570300e+03	2.0356520e-45
9.0779100e+03	2.0449388e-45
9.0988500e+03	2.0542740e-45
9.1198300e+03	2.0636578e-45
9.1408600e+03	2.0730811e-45
9.1619400e+03	2.0825441e-45
9.1830700e+03	2.0920561e-45
9.2042400e+03	2.1016173e-45
9.2254700e+03	2.1112095e-45
9.2467400e+03	2.1208512e-45
9.2680600e+03	2.1305425e-45
9.2894400e+03	2.1402744e-45
9.3108600e+03	2.1500471e-45
9.3323300e+03	2.1598699e-45
9.3538500e+03	2.1697430e-45
9.3754200e+03	2.1796573e-45
9.3970400e+03	2.1896129e-45
9.4187100e+03	2.1996194e-45
9.4404300e+03	2.2096675e-45
9.4622000e+03	2.2197667e-45
9.4840200e+03	2.2299078e-45
9.5058900e+03	2.2401005e-45
9.5278100e+03	2.2503354e-45
9.5497800e+03	2.2606221e-45
9.5718000e+03	2.2709609e-45
9.5938700e+03	2.2813424e-45
9.6160000e+03	2.2917667e-45
9.6381700e+03	2.3022435e-45
9.6604000e+03	2.3127731e-45
9.6826700e+03	2.3233460e-45
9.7050000e+03	2.3339624e-45
9.7273800e+03	2.3446320e-45
9.7498100e+03	2.3553550e-45
9.7723000e+03	2.3661317e-45
9.7948300e+03	2.3769428e-45
9.8174200e+03	2.3878175e-45
9.8400600e+03	2.3987367e-45
9.8627500e+03	2.4097103e-45
9.8854900e+03	2.4207286e-45
9.9082900e+03	2.4318016e-45
9.9311400e+03	2.4429196e-45
9.9540400e+03	2.4541026e-45
9.9769900e+03	2.4653211e-45
1.0000000e+04	2.4766050e-45
