1.0000000e+01	1.0228675e-41
1.0023100e+01	1.0041610e-41
1.0046200e+01	9.8579673e-42
1.0069300e+01	9.6776988e-42
1.0092600e+01	9.5007582e-42
1.0115800e+01	9.3270382e-42
1.0139200e+01	9.1564944e-42
1.0162500e+01	8.9890833e-42
1.0186000e+01	8.8247614e-42
1.0209500e+01	8.6634270e-42
1.0233000e+01	8.5050390e-42
1.0256600e+01	8.3495570e-42
1.0280300e+01	8.1969408e-42
1.0304000e+01	8.0471506e-42
1.0327700e+01	7.9000907e-42
1.0351500e+01	7.7557237e-42
1.0375400e+01	7.6139572e-42
1.0399300e+01	7.4748107e-42
1.0423300e+01	7.3382476e-42
1.0447400e+01	7.2041781e-42
1.0471400e+01	7.0725147e-42
1.0495600e+01	6.9433304e-42
1.0519800e+01	6.8164855e-42
1.0544100e+01	6.6919481e-42
1.0568400e+01	6.5696867e-42
1.0592700e+01	6.4496697e-42
1.0617200e+01	6.3318663e-42
1.0641700e+01	6.2162457e-42
1.0666200e+01	6.1026785e-42
1.0690800e+01	5.9912353e-42
1.0715400e+01	5.8818376e-42
1.0740100e+01	5.7744090e-42
1.0764900e+01	5.6689705e-42
1.0789700e+01	5.5654472e-42
1.0814600e+01	5.4638128e-42
1.0839600e+01	5.3640413e-42
1.0864600e+01	5.2661070e-42
1.0889600e+01	5.1699845e-42
1.0914700e+01	5.0756035e-42
1.0939900e+01	4.9829401e-42
1.0965100e+01	4.8919708e-42
1.0990400e+01	4.8026722e-42
1.1015700e+01	4.7149780e-42
1.1041200e+01	4.6289092e-42
1.1066600e+01	4.5444433e-42
1.1092100e+01	4.4615156e-42
1.1117700e+01	4.3800630e-42
1.1143300e+01	4.3001487e-42
1.1169000e+01	4.2216688e-42
1.1194800e+01	4.1446038e-42
1.1220600e+01	4.0689748e-42
1.1246500e+01	3.9947617e-42
1.1272400e+01	3.9218653e-42
1.1298400e+01	3.8503073e-42
1.1324500e+01	3.7800303e-42
1.1350600e+01	3.7110940e-42
1.1376800e+01	3.6433647e-42
1.1403000e+01	3.5769022e-42
1.1429300e+01	3.5116511e-42
1.1455600e+01	3.4475948e-42
1.1482100e+01	3.3847169e-42
1.1508500e+01	3.3230009e-42
1.1535100e+01	3.2623946e-42
1.1561700e+01	3.2028829e-42
1.1588300e+01	3.1444865e-42
1.1615100e+01	3.0871193e-42
1.1641800e+01	3.0308373e-42
1.1668700e+01	2.9755560e-42
1.1695600e+01	2.9212963e-42
1.1722600e+01	2.8680439e-42
1.1749600e+01	2.8157511e-42
1.1776700e+01	2.7644050e-42
1.1803900e+01	2.7140256e-42
1.1831100e+01	2.6645339e-42
1.1858400e+01	2.6159504e-42
1.1885700e+01	2.5682627e-42
1.1913100e+01	2.5214582e-42
1.1940600e+01	2.4754932e-42
1.1968100e+01	2.4303875e-42
1.1995700e+01	2.3860981e-42
1.2023400e+01	2.3426139e-42
1.2051100e+01	2.2999239e-42
1.2078900e+01	2.2580171e-42
1.2106800e+01	2.2168530e-42
1.2134700e+01	2.1764806e-42
1.2162700e+01	2.1368008e-42
1.2190700e+01	2.0978915e-42
1.2218800e+01	2.0596555e-42
1.2247000e+01	2.0221409e-42
1.2275200e+01	1.9853092e-42
1.2303500e+01	1.9491511e-42
1.2331900e+01	1.9136572e-42
1.2360300e+01	1.8787911e-42
1.2388800e+01	1.8445714e-42
1.2417400e+01	1.8109892e-42
1.2446100e+01	1.7780089e-42
1.2474800e+01	1.7456223e-42
1.2503500e+01	1.7138475e-42
1.2532400e+01	1.6826500e-42
1.2561300e+01	1.6519961e-42
1.2590200e+01	1.6219296e-42
1.2619300e+01	1.5924168e-42
1.2648400e+01	1.5634251e-42
1.2677500e+01	1.5349723e-42
1.2706800e+01	1.5070263e-42
1.2736100e+01	1.4796046e-42
1.2765400e+01	1.4526758e-42
1.2794900e+01	1.4262569e-42
1.2824400e+01	1.4002936e-42
1.2853900e+01	1.3748266e-42
1.2883600e+01	1.3498257e-42
1.2913300e+01	1.3252614e-42
1.2943100e+01	1.3011509e-42
1.2972900e+01	1.2774877e-42
1.3002800e+01	1.2542656e-42
1.3032800e+01	1.2314563e-42
1.3062900e+01	1.2090542e-42
1.3093000e+01	1.1870756e-42
1.3123200e+01	1.1654930e-42
1.3153400e+01	1.1443223e-42
1.3183800e+01	1.1235152e-42
1.3214200e+01	1.1030881e-42
1.3244700e+01	1.0830565e-42
1.3275200e+01	1.0633734e-42
1.3305800e+01	1.0440548e-42
1.3336500e+01	1.0250955e-42
1.3367200e+01	1.0064704e-42
1.3398100e+01	9.8818908e-43
1.3429000e+01	9.7024470e-43
1.3459900e+01	9.5262675e-43
1.3491000e+01	9.3533270e-43
1.3522100e+01	9.1835422e-43
1.3553300e+01	9.0168698e-43
1.3584500e+01	8.8532292e-43
1.3615800e+01	8.6925974e-43
1.3647200e+01	8.5348958e-43
1.3678700e+01	8.3800842e-43
1.3710300e+01	8.2281045e-43
1.3741900e+01	8.0789177e-43
1.3773600e+01	7.9324495e-43
1.3805300e+01	7.7886626e-43
1.3837200e+01	7.6475200e-43
1.3869100e+01	7.5089504e-43
1.3901100e+01	7.3729356e-43
1.3933100e+01	7.2394062e-43
1.3965200e+01	7.1083279e-43
1.3997400e+01	6.9796501e-43
1.4029700e+01	6.8533231e-43
1.4062100e+01	6.7293311e-43
1.4094500e+01	6.6076089e-43
1.4127000e+01	6.4881253e-43
1.4159600e+01	6.3708333e-43
1.4192200e+01	6.2556868e-43
1.4225000e+01	6.1426720e-43
1.4257800e+01	6.0317435e-43
1.4290600e+01	5.9228416e-43
1.4323600e+01	5.8159689e-43
1.4356600e+01	5.7110516e-43
1.4389700e+01	5.6080628e-43
1.4422900e+01	5.5069905e-43
1.4456200e+01	5.4077786e-43
1.4489500e+01	5.3104158e-43
1.4522900e+01	5.2148474e-43
1.4556400e+01	5.1210483e-43
1.4590000e+01	5.0290081e-43
1.4623600e+01	4.9386600e-43
1.4657300e+01	4.8500082e-43
1.4691100e+01	4.7630012e-43
1.4725000e+01	4.6776298e-43
1.4759000e+01	4.5938573e-43
1.4793000e+01	4.5116611e-43
1.4827100e+01	4.4310057e-43
1.4861300e+01	4.3518694e-43
1.4895600e+01	4.2742437e-43
1.4929900e+01	4.1980810e-43
1.4964400e+01	4.1233736e-43
1.4998900e+01	4.0501005e-43
1.5033500e+01	3.9782286e-43
1.5068100e+01	3.9077501e-43
1.5102900e+01	3.8386327e-43
1.5137700e+01	3.7708811e-43
1.5172600e+01	3.7044508e-43
1.5207600e+01	3.6393469e-43
1.5242700e+01	3.5755377e-43
1.5277800e+01	3.5130277e-43
1.5313100e+01	3.4517858e-43
1.5348400e+01	3.3918161e-43
1.5383800e+01	3.3330993e-43
1.5419200e+01	3.2756277e-43
1.5454800e+01	3.2194163e-43
1.5490400e+01	3.1644338e-43
1.5526100e+01	3.1106945e-43
1.5561900e+01	3.0582006e-43
1.5597800e+01	3.0069650e-43
1.5633800e+01	2.9569886e-43
1.5669900e+01	2.9082939e-43
1.5706000e+01	2.8609020e-43
1.5742200e+01	2.8148436e-43
1.5778500e+01	2.7701590e-43
1.5814900e+01	2.7268866e-43
1.5851400e+01	2.6851051e-43
1.5887900e+01	2.6448700e-43
1.5924600e+01	2.6062965e-43
1.5961300e+01	2.5694964e-43
1.5998100e+01	2.5346190e-43
1.6035000e+01	2.5018703e-43
1.6072000e+01	2.4714719e-43
1.6109000e+01	2.4437500e-43
1.6146200e+01	2.4190954e-43
1.6183400e+01	2.3980315e-43
1.6220700e+01	2.3812448e-43
1.6258100e+01	2.3696548e-43
1.6295600e+01	2.3645171e-43
1.6333200e+01	2.3675523e-43
1.6370900e+01	2.3812155e-43
1.6408600e+01	2.4090918e-43
1.6446400e+01	2.4565504e-43
1.6484400e+01	2.5319011e-43
1.6522400e+01	2.6487080e-43
1.6560500e+01	2.8301655e-43
1.6598700e+01	3.1187645e-43
1.6636900e+01	3.5994480e-43
1.6675300e+01	4.4628279e-43
1.6713800e+01	6.2145473e-43
1.6752300e+01	1.0595820e-42
1.6790900e+01	2.7346906e-42
1.6829700e+01	2.9582177e-41
1.6868500e+01	1.4784794e-41
1.6907400e+01	2.1330895e-42
1.6946400e+01	8.8795379e-43
1.6985400e+01	5.2779934e-43
1.7024600e+01	3.7551281e-43
1.7063900e+01	2.9657718e-43
1.7103200e+01	2.4997400e-43
1.7142700e+01	2.1980251e-43
1.7182200e+01	1.9886070e-43
1.7221800e+01	1.8350257e-43
1.7261500e+01	1.7172322e-43
1.7301300e+01	1.6234694e-43
1.7341200e+01	1.5464714e-43
1.7381200e+01	1.4815571e-43
1.7421300e+01	1.4256062e-43
1.7461500e+01	1.3764545e-43
1.7501700e+01	1.3325858e-43
1.7542100e+01	1.2928987e-43
1.7582500e+01	1.2565891e-43
1.7623100e+01	1.2230338e-43
1.7663700e+01	1.1917685e-43
1.7704500e+01	1.1624417e-43
1.7745300e+01	1.1347668e-43
1.7786200e+01	1.1085104e-43
1.7827200e+01	1.0835026e-43
1.7868300e+01	1.0595871e-43
1.7909500e+01	1.0366532e-43
1.7950800e+01	1.0145945e-43
1.7992200e+01	9.9332759e-44
1.8033700e+01	9.7278491e-44
1.8075300e+01	9.5290751e-44
1.8117000e+01	9.3363858e-44
1.8158800e+01	9.1494150e-44
1.8200600e+01	8.9677489e-44
1.8242600e+01	8.7910471e-44
1.8284700e+01	8.6190391e-44
1.8326800e+01	8.4514048e-44
1.8369100e+01	8.2880076e-44
1.8411500e+01	8.1286001e-44
1.8453900e+01	7.9729428e-44
1.8496500e+01	7.8209716e-44
1.8539100e+01	7.6725122e-44
1.8581900e+01	7.5273410e-44
1.8624700e+01	7.3854041e-44
1.8667700e+01	7.2465948e-44
1.8710700e+01	7.1107556e-44
1.8753900e+01	6.9778392e-44
1.8797100e+01	6.8476946e-44
1.8840500e+01	6.7202785e-44
1.8883900e+01	6.5954971e-44
1.8927500e+01	6.4733098e-44
1.8971100e+01	6.3535756e-44
1.9014900e+01	6.2362576e-44
1.9058700e+01	6.1213193e-44
1.9102700e+01	6.0086266e-44
1.9146700e+01	5.8981951e-44
1.9190900e+01	5.7899428e-44
1.9235100e+01	5.6837898e-44
1.9279500e+01	5.5797526e-44
1.9323900e+01	5.4777062e-44
1.9368500e+01	5.3776219e-44
1.9413200e+01	5.2794712e-44
1.9457900e+01	5.1832263e-44
1.9502800e+01	5.0888141e-44
1.9547800e+01	4.9962532e-44
1.9592800e+01	4.9053833e-44
1.9638000e+01	4.8162692e-44
1.9683300e+01	4.7288852e-44
1.9728700e+01	4.6430768e-44
1.9774200e+01	4.5589509e-44
1.9819800e+01	4.4763981e-44
1.9865500e+01	4.3953542e-44
1.9911300e+01	4.3158816e-44
1.9957200e+01	4.2378751e-44
2.0003200e+01	4.1613144e-44
2.0049400e+01	4.0862197e-44
2.0095600e+01	4.0124897e-44
2.0141900e+01	3.9401456e-44
2.0188400e+01	3.8691283e-44
2.0234900e+01	3.7994586e-44
2.0281600e+01	3.7310786e-44
2.0328400e+01	3.6639319e-44
2.0375300e+01	3.5980399e-44
2.0422200e+01	3.5333849e-44
2.0469300e+01	3.4699121e-44
2.0516500e+01	3.4076052e-44
2.0563800e+01	3.3464848e-44
2.0611300e+01	3.2864614e-44
2.0658800e+01	3.2275200e-44
2.0706400e+01	3.1696817e-44
2.0754200e+01	3.1129309e-44
2.0802000e+01	3.0571823e-44
2.0850000e+01	3.0024919e-44
2.0898100e+01	2.9487758e-44
2.0946300e+01	2.8960552e-44
2.0994600e+01	2.8443160e-44
2.1043000e+01	2.7935111e-44
2.1091500e+01	2.7436278e-44
2.1140200e+01	2.6946536e-44
2.1188900e+01	2.6465758e-44
2.1237800e+01	2.5993823e-44
2.1286800e+01	2.5530607e-44
2.1335800e+01	2.5075673e-44
2.1385000e+01	2.4629222e-44
2.1434400e+01	2.4190825e-44
2.1483800e+01	2.3760373e-44
2.1533300e+01	2.3337756e-44
2.1583000e+01	2.2922868e-44
2.1632700e+01	2.2515603e-44
2.1682600e+01	2.2115556e-44
2.1732600e+01	2.1722928e-44
2.1782800e+01	2.1337321e-44
2.1833000e+01	2.0958932e-44
2.1883300e+01	2.0587371e-44
2.1933800e+01	2.0222546e-44
2.1984400e+01	1.9864084e-44
2.2035100e+01	1.9512458e-44
2.2085900e+01	1.9167018e-44
2.2136800e+01	1.8827956e-44
2.2187900e+01	1.8494912e-44
2.2239000e+01	1.8168075e-44
2.2290300e+01	1.7847090e-44
2.2341700e+01	1.7531878e-44
2.2393200e+01	1.7222363e-44
2.2444900e+01	1.6918725e-44
2.2496600e+01	1.6620366e-44
2.2548500e+01	1.6327217e-44
2.2600500e+01	1.6039716e-44
2.2652600e+01	1.5757279e-44
2.2704900e+01	1.5479839e-44
2.2757200e+01	1.5207576e-44
2.2809700e+01	1.4939928e-44
2.2862300e+01	1.4677565e-44
2.2915000e+01	1.4419687e-44
2.2967900e+01	1.4166475e-44
2.3020800e+01	1.3917865e-44
2.3073900e+01	1.3673560e-44
2.3127100e+01	1.3433969e-44
2.3180400e+01	1.3198563e-44
2.3233900e+01	1.2967288e-44
2.3287500e+01	1.2740314e-44
2.3341200e+01	1.2517582e-44
2.3395000e+01	1.2298588e-44
2.3448900e+01	1.2083725e-44
2.3503000e+01	1.1872717e-44
2.3557200e+01	1.1665296e-44
2.3611500e+01	1.1461844e-44
2.3666000e+01	1.1261879e-44
2.3720600e+01	1.1065778e-44
2.3775300e+01	1.0872859e-44
2.3830100e+01	1.0683703e-44
2.3885000e+01	1.0497847e-44
2.3940100e+01	1.0315246e-44
2.3995300e+01	1.0136060e-44
2.4050700e+01	9.9600200e-45
2.4106100e+01	9.7871449e-45
2.4161700e+01	9.6173915e-45
2.4217400e+01	9.4506979e-45
2.4273300e+01	9.2869649e-45
2.4329200e+01	9.1261911e-45
2.4385400e+01	8.9682983e-45
2.4441600e+01	8.8132479e-45
2.4497900e+01	8.6609639e-45
2.4554400e+01	8.5114279e-45
2.4611100e+01	8.3645658e-45
2.4667800e+01	8.2203236e-45
2.4724700e+01	8.0786840e-45
2.4781700e+01	7.9395763e-45
2.4838900e+01	7.8029486e-45
2.4896100e+01	7.6687851e-45
2.4953600e+01	7.5370005e-45
2.5011100e+01	7.4075973e-45
2.5068800e+01	7.2804921e-45
2.5126600e+01	7.1556711e-45
2.5184500e+01	7.0330866e-45
2.5242600e+01	6.9126919e-45
2.5300800e+01	6.7944411e-45
2.5359200e+01	6.6783055e-45
2.5417600e+01	6.5642566e-45
2.5476200e+01	6.4522341e-45
2.5535000e+01	6.3422110e-45
2.5593900e+01	6.2341605e-45
2.5652900e+01	6.1280246e-45
2.5712100e+01	6.0237933e-45
2.5771300e+01	5.9214256e-45
2.5830800e+01	5.8208812e-45
2.5890300e+01	5.7221206e-45
2.5950000e+01	5.6251350e-45
2.6009900e+01	5.5298558e-45
2.6069900e+01	5.4362899e-45
2.6130000e+01	5.3443849e-45
2.6190200e+01	5.2541187e-45
2.6250600e+01	5.1654694e-45
2.6311200e+01	5.0783867e-45
2.6371800e+01	4.9928497e-45
2.6432600e+01	4.9088380e-45
2.6493600e+01	4.8263310e-45
2.6554700e+01	4.7452810e-45
2.6615900e+01	4.6656687e-45
2.6677300e+01	4.5874748e-45
2.6738800e+01	4.5106671e-45
2.6800500e+01	4.4352270e-45
2.6862300e+01	4.3611231e-45
2.6924200e+01	4.2883376e-45
2.6986300e+01	4.2168399e-45
2.7048600e+01	4.1466130e-45
2.7110900e+01	4.0776270e-45
2.7173400e+01	4.0098657e-45
2.7236100e+01	3.9433125e-45
2.7298900e+01	3.8779265e-45
2.7361900e+01	3.8137047e-45
2.7425000e+01	3.7506193e-45
2.7488200e+01	3.6886552e-45
2.7551600e+01	3.6277734e-45
2.7615100e+01	3.5679835e-45
2.7678800e+01	3.5092473e-45
2.7742600e+01	3.4515390e-45
2.7806600e+01	3.3948568e-45
2.7870700e+01	3.3391756e-45
2.7935000e+01	3.2844819e-45
2.7999400e+01	3.2307515e-45
2.8064000e+01	3.1779715e-45
2.8128700e+01	3.1261182e-45
2.8193600e+01	3.0751794e-45
2.8258600e+01	3.0251430e-45
2.8323700e+01	2.9759753e-45
2.8389100e+01	2.9276865e-45
2.8454500e+01	2.8802435e-45
2.8520100e+01	2.8336352e-45
2.8585900e+01	2.7878506e-45
2.8651800e+01	2.7428683e-45
2.8717900e+01	2.6986778e-45
2.8784100e+01	2.6552688e-45
2.8850500e+01	2.6126206e-45
2.8917000e+01	2.5707131e-45
2.8983700e+01	2.5295468e-45
2.9050600e+01	2.4891019e-45
2.9117500e+01	2.4493690e-45
2.9184700e+01	2.4103387e-45
2.9252000e+01	2.3719822e-45
2.9319400e+01	2.3343006e-45
2.9387100e+01	2.2972753e-45
2.9454800e+01	2.2609074e-45
2.9522700e+01	2.2251693e-45
2.9590800e+01	2.1900622e-45
2.9659100e+01	2.1555685e-45
2.9727500e+01	2.1216710e-45
2.9796000e+01	2.0883712e-45
2.9864700e+01	2.0556521e-45
2.9933600e+01	2.0235063e-45
3.0002600e+01	1.9919172e-45
3.0071800e+01	1.9608778e-45
3.0141100e+01	1.9303809e-45
3.0210600e+01	1.9004194e-45
3.0280300e+01	1.8709777e-45
3.0350100e+01	1.8420491e-45
3.0420100e+01	1.8136270e-45
3.0490300e+01	1.7856963e-45
3.0560600e+01	1.7582507e-45
3.0631100e+01	1.7312839e-45
3.0701700e+01	1.7047815e-45
3.0772500e+01	1.6787458e-45
3.0843500e+01	1.6531543e-45
3.0914600e+01	1.6280095e-45
3.0985900e+01	1.6033057e-45
3.1057300e+01	1.5790212e-45
3.1128900e+01	1.5551665e-45
3.1200700e+01	1.5317204e-45
3.1272700e+01	1.5086777e-45
3.1344800e+01	1.4860408e-45
3.1417100e+01	1.4637893e-45
3.1489500e+01	1.4419259e-45
3.1562100e+01	1.4204381e-45
3.1634900e+01	1.3993211e-45
3.1707900e+01	1.3785701e-45
3.1781000e+01	1.3581731e-45
3.1854300e+01	1.3381330e-45
3.1927700e+01	1.3184306e-45
3.2001400e+01	1.2990762e-45
3.2075200e+01	1.2800510e-45
3.2149100e+01	1.2613507e-45
3.2223300e+01	1.2429785e-45
3.2297600e+01	1.2249160e-45
3.2372000e+01	1.2071664e-45
3.2446700e+01	1.1897188e-45
3.2521500e+01	1.1725694e-45
3.2596500e+01	1.1557144e-45
3.2671700e+01	1.1391503e-45
3.2747000e+01	1.1228732e-45
3.2822500e+01	1.1068663e-45
3.2898200e+01	1.0911394e-45
3.2974100e+01	1.0756826e-45
3.3050100e+01	1.0604857e-45
3.3126300e+01	1.0455458e-45
3.3202700e+01	1.0308659e-45
3.3279300e+01	1.0164364e-45
3.3356000e+01	1.0022480e-45
3.3433000e+01	9.8830383e-46
3.3510000e+01	9.7459474e-46
3.3587300e+01	9.6112400e-46
3.3664800e+01	9.4787631e-46
3.3742400e+01	9.3485509e-46
3.3820200e+01	9.2205752e-46
3.3898200e+01	9.0947481e-46
3.3976400e+01	8.9711032e-46
3.4054700e+01	8.8494945e-46
3.4133300e+01	8.7299566e-46
3.4212000e+01	8.6124054e-46
3.4290900e+01	8.4969335e-46
3.4369900e+01	8.3833412e-46
3.4449200e+01	8.2716636e-46
3.4528600e+01	8.1618776e-46
3.4608300e+01	8.0539602e-46
3.4688100e+01	7.9478323e-46
3.4768100e+01	7.8435284e-46
3.4848200e+01	7.7409707e-46
3.4928600e+01	7.6401382e-46
3.5009100e+01	7.5409554e-46
3.5089900e+01	7.4434572e-46
3.5170800e+01	7.3476234e-46
3.5251900e+01	7.2533801e-46
3.5333200e+01	7.1607084e-46
3.5414700e+01	7.0695897e-46
3.5496300e+01	6.9800055e-46
3.5578200e+01	6.8918851e-46
3.5660200e+01	6.8052635e-46
3.5742500e+01	6.7200711e-46
3.5824900e+01	6.6362912e-46
3.5907500e+01	6.5539072e-46
3.5990300e+01	6.4729028e-46
3.6073300e+01	6.3932617e-46
3.6156500e+01	6.3149177e-46
3.6239800e+01	6.2379059e-46
3.6323400e+01	6.1621608e-46
3.6407200e+01	6.0876186e-46
3.6491100e+01	6.0143639e-46
3.6575300e+01	5.9422838e-46
3.6659600e+01	5.8714621e-46
3.6744200e+01	5.8017393e-46
3.6828900e+01	5.7331992e-46
3.6913800e+01	5.6657805e-46
3.6999000e+01	5.5994703e-46
3.7084300e+01	5.5342562e-46
3.7169800e+01	5.4700790e-46
3.7255500e+01	5.4069736e-46
3.7341400e+01	5.3449278e-46
3.7427500e+01	5.2838838e-46
3.7513800e+01	5.2238302e-46
3.7600300e+01	5.1648017e-46
3.7687000e+01	5.1066960e-46
3.7773900e+01	5.0495483e-46
3.7861100e+01	4.9933031e-46
3.7948400e+01	4.9379951e-46
3.8035900e+01	4.8836138e-46
3.8123600e+01	4.8301051e-46
3.8211500e+01	4.7774156e-46
3.8299600e+01	4.7256238e-46
3.8387900e+01	4.6746764e-46
3.8476500e+01	4.6245642e-46
3.8565200e+01	4.5752354e-46
3.8654100e+01	4.5267243e-46
3.8743300e+01	4.4789796e-46
3.8832600e+01	4.4319934e-46
3.8922100e+01	4.3857993e-46
3.9011900e+01	4.3403056e-46
3.9101900e+01	4.2955464e-46
3.9192000e+01	4.2515553e-46
3.9282400e+01	4.2082420e-46
3.9373000e+01	4.1655994e-46
3.9463800e+01	4.1236613e-46
3.9554800e+01	4.0823798e-46
3.9646000e+01	4.0417886e-46
3.9737400e+01	4.0018002e-46
3.9829100e+01	3.9624884e-46
3.9920900e+01	3.9237667e-46
4.0013000e+01	3.8857083e-46
4.0105200e+01	3.8481884e-46
4.0197700e+01	3.8113191e-46
4.0290400e+01	3.7750158e-46
4.0383300e+01	3.7392730e-46
4.0476400e+01	3.7041237e-46
4.0569800e+01	3.6694850e-46
4.0663300e+01	3.6354286e-46
4.0757100e+01	3.6018726e-46
4.0851100e+01	3.5688877e-46
4.0945300e+01	3.5363931e-46
4.1039700e+01	3.5044214e-46
4.1134400e+01	3.4729304e-46
4.1229200e+01	3.4419526e-46
4.1324300e+01	3.4114459e-46
4.1419600e+01	3.3814061e-46
4.1515100e+01	3.3518653e-46
4.1610800e+01	3.3227457e-46
4.1706800e+01	3.2941161e-46
4.1803000e+01	3.2658996e-46
4.1899400e+01	3.2381283e-46
4.1996000e+01	3.2107981e-46
4.2092800e+01	3.1838692e-46
4.2189900e+01	3.1573736e-46
4.2287200e+01	3.1313072e-46
4.2384700e+01	3.1055956e-46
4.2482400e+01	3.0803058e-46
4.2580400e+01	3.0553991e-46
4.2678600e+01	3.0308721e-46
4.2777000e+01	3.0067213e-46
4.2875700e+01	2.9829435e-46
4.2974500e+01	2.9595009e-46
4.3073600e+01	2.9364592e-46
4.3173000e+01	2.9137124e-46
4.3272500e+01	2.8913602e-46
4.3372300e+01	2.8693311e-46
4.3472300e+01	2.8476225e-46
4.3572600e+01	2.8262653e-46
4.3673000e+01	2.8052230e-46
4.3773700e+01	2.7844929e-46
4.3874700e+01	2.7640725e-46
4.3975900e+01	2.7439591e-46
4.4077300e+01	2.7241502e-46
4.4178900e+01	2.7046105e-46
4.4280800e+01	2.6854032e-46
4.4382900e+01	2.6664604e-46
4.4485300e+01	2.6478124e-46
4.4587800e+01	2.6294244e-46
4.4690700e+01	2.6113267e-46
4.4793700e+01	2.5934848e-46
4.4897000e+01	2.5759287e-46
4.5000500e+01	2.5586242e-46
4.5104300e+01	2.5415693e-46
4.5208300e+01	2.5247621e-46
4.5312600e+01	2.5082007e-46
4.5417100e+01	2.4918832e-46
4.5521800e+01	2.4758078e-46
4.5626800e+01	2.4599727e-46
4.5732000e+01	2.4443446e-46
4.5837400e+01	2.4289534e-46
4.5943100e+01	2.4137972e-46
4.6049100e+01	2.3988744e-46
4.6155300e+01	2.3841522e-46
4.6261700e+01	2.3696292e-46
4.6368400e+01	2.3553348e-46
4.6475300e+01	2.3412366e-46
4.6582500e+01	2.3273333e-46
4.6689900e+01	2.3136539e-46
4.6797600e+01	2.3001666e-46
4.6905500e+01	2.2868396e-46
4.7013700e+01	2.2737323e-46
4.7122100e+01	2.2608130e-46
4.7230700e+01	2.2480804e-46
4.7339700e+01	2.2355034e-46
4.7448800e+01	2.2231108e-46
4.7558200e+01	2.2109013e-46
4.7667900e+01	2.1988738e-46
4.7777800e+01	2.1870269e-46
4.7888000e+01	2.1753005e-46
4.7998400e+01	2.1637822e-46
4.8109100e+01	2.1524118e-46
4.8220100e+01	2.1411884e-46
4.8331300e+01	2.1301403e-46
4.8442700e+01	2.1192372e-46
4.8554400e+01	2.1084782e-46
4.8666400e+01	2.0978626e-46
4.8778600e+01	2.0874181e-46
4.8891100e+01	2.0770863e-46
4.9003800e+01	2.0669238e-46
4.9116800e+01	2.0569010e-46
4.9230100e+01	2.0469883e-46
4.9343600e+01	2.0372424e-46
4.9457400e+01	2.0276051e-46
4.9571500e+01	2.0181328e-46
4.9685800e+01	2.0087676e-46
4.9800400e+01	1.9995091e-46
4.9915200e+01	1.9904131e-46
5.0030300e+01	1.9814222e-46
5.0145700e+01	1.9725360e-46
5.0261300e+01	1.9638098e-46
5.0377200e+01	1.9551590e-46
5.0493400e+01	1.9466668e-46
5.0609800e+01	1.9382487e-46
5.0726500e+01	1.9299600e-46
5.0843500e+01	1.9217722e-46
5.0960700e+01	1.9137126e-46
5.1078300e+01	1.9057526e-46
5.1196000e+01	1.8978920e-46
5.1314100e+01	1.8901300e-46
5.1432400e+01	1.8824938e-46
5.1551000e+01	1.8749277e-46
5.1669900e+01	1.8674862e-46
5.1789100e+01	1.8601141e-46
5.1908500e+01	1.8528654e-46
5.2028200e+01	1.8456853e-46
5.2148200e+01	1.8386275e-46
5.2268400e+01	1.8316374e-46
5.2389000e+01	1.8247417e-46
5.2509800e+01	1.8179399e-46
5.2630900e+01	1.8112315e-46
5.2752200e+01	1.8045892e-46
5.2873900e+01	1.7980396e-46
5.2995800e+01	1.7915822e-46
5.3118000e+01	1.7852167e-46
5.3240500e+01	1.7789157e-46
5.3363300e+01	1.7727058e-46
5.3486300e+01	1.7665600e-46
5.3609700e+01	1.7605044e-46
5.3733300e+01	1.7545122e-46
5.3857200e+01	1.7485831e-46
5.3981400e+01	1.7427696e-46
5.4105900e+01	1.7369922e-46
5.4230600e+01	1.7313033e-46
5.4355700e+01	1.7256763e-46
5.4481000e+01	1.7201372e-46
5.4606700e+01	1.7146331e-46
5.4732600e+01	1.7092163e-46
5.4858800e+01	1.7038864e-46
5.4985300e+01	1.6985909e-46
5.5112100e+01	1.6933817e-46
5.5239200e+01	1.6882065e-46
5.5366600e+01	1.6831170e-46
5.5494300e+01	1.6780871e-46
5.5622200e+01	1.6731164e-46
5.5750500e+01	1.6682047e-46
5.5879100e+01	1.6633519e-46
5.6007900e+01	1.6585576e-46
5.6137100e+01	1.6538217e-46
5.6266500e+01	1.6491440e-46
5.6396300e+01	1.6445241e-46
5.6526300e+01	1.6399620e-46
5.6656700e+01	1.6354317e-46
5.6787300e+01	1.6309844e-46
5.6918300e+01	1.6265686e-46
5.7049500e+01	1.6222098e-46
5.7181100e+01	1.6179077e-46
5.7312900e+01	1.6136367e-46
5.7445100e+01	1.6094474e-46
5.7577600e+01	1.6052890e-46
5.7710400e+01	1.6011612e-46
5.7843400e+01	1.5971146e-46
5.7976800e+01	1.5930984e-46
5.8110500e+01	1.5891124e-46
5.8244500e+01	1.5852069e-46
5.8378800e+01	1.5813062e-46
5.8513500e+01	1.5774858e-46
5.8648400e+01	1.5736950e-46
5.8783600e+01	1.5699338e-46
5.8919200e+01	1.5662272e-46
5.9055100e+01	1.5625750e-46
5.9191200e+01	1.5589520e-46
5.9327700e+01	1.5553582e-46
5.9464500e+01	1.5518183e-46
5.9601700e+01	1.5483074e-46
5.9739100e+01	1.5448501e-46
5.9876900e+01	1.5414216e-46
6.0014900e+01	1.5380216e-46
6.0153300e+01	1.5346750e-46
6.0292100e+01	1.5313568e-46
6.0431100e+01	1.5280915e-46
6.0570400e+01	1.5248545e-46
6.0710100e+01	1.5216456e-46
6.0850100e+01	1.5184647e-46
6.0990400e+01	1.5153364e-46
6.1131100e+01	1.5122113e-46
6.1272100e+01	1.5091631e-46
6.1413300e+01	1.5061180e-46
6.1555000e+01	1.5031005e-46
6.1696900e+01	1.5001350e-46
6.1839200e+01	1.4971970e-46
6.1981800e+01	1.4942862e-46
6.2124700e+01	1.4914027e-46
6.2268000e+01	1.4885464e-46
6.2411600e+01	1.4857172e-46
6.2555500e+01	1.4829394e-46
6.2699700e+01	1.4801642e-46
6.2844300e+01	1.4774403e-46
6.2989200e+01	1.4747431e-46
6.3134500e+01	1.4720726e-46
6.3280100e+01	1.4694046e-46
6.3426000e+01	1.4667874e-46
6.3572300e+01	1.4641968e-46
6.3718900e+01	1.4616326e-46
6.3865800e+01	1.4590949e-46
6.4013100e+01	1.4565593e-46
6.4160700e+01	1.4540742e-46
6.4308700e+01	1.4516153e-46
6.4457000e+01	1.4491585e-46
6.4605600e+01	1.4467519e-46
6.4754600e+01	1.4443473e-46
6.4903900e+01	1.4419927e-46
6.5053600e+01	1.4396400e-46
6.5203600e+01	1.4373133e-46
6.5353900e+01	1.4350123e-46
6.5504600e+01	1.4327372e-46
6.5655700e+01	1.4304878e-46
6.5807100e+01	1.4282640e-46
6.5958900e+01	1.4260420e-46
6.6111000e+01	1.4238694e-46
6.6263400e+01	1.4216985e-46
6.6416200e+01	1.4195531e-46
6.6569400e+01	1.4174093e-46
6.6722900e+01	1.4153147e-46
6.6876700e+01	1.4132217e-46
6.7031000e+01	1.4111539e-46
6.7185500e+01	1.4091114e-46
6.7340500e+01	1.4070942e-46
6.7495800e+01	1.4050783e-46
6.7651400e+01	1.4030876e-46
6.7807400e+01	1.4011220e-46
6.7963800e+01	1.3991814e-46
6.8120500e+01	1.3972422e-46
6.8277600e+01	1.3953279e-46
6.8435000e+01	1.3934386e-46
6.8592800e+01	1.3915505e-46
6.8751000e+01	1.3896873e-46
6.8909600e+01	1.3878489e-46
6.9068500e+01	1.3860117e-46
6.9227700e+01	1.3841993e-46
6.9387400e+01	1.3824116e-46
6.9547400e+01	1.3806250e-46
6.9707800e+01	1.3788631e-46
6.9868500e+01	1.3771257e-46
7.0029600e+01	1.3753895e-46
7.0191100e+01	1.3736778e-46
7.0353000e+01	1.3719671e-46
7.0515200e+01	1.3702809e-46
7.0677800e+01	1.3686192e-46
7.0840800e+01	1.3669585e-46
7.1004200e+01	1.3653221e-46
7.1167900e+01	1.3636868e-46
7.1332000e+01	1.3620757e-46
7.1496500e+01	1.3604890e-46
7.1661400e+01	1.3589031e-46
7.1826600e+01	1.3573182e-46
7.1992300e+01	1.3557808e-46
7.2158300e+01	1.3542210e-46
7.2324700e+01	1.3527086e-46
7.2491400e+01	1.3511738e-46
7.2658600e+01	1.3496863e-46
7.2826200e+01	1.3481764e-46
7.2994100e+01	1.3467138e-46
7.3162400e+01	1.3452520e-46
7.3331100e+01	1.3437910e-46
7.3500200e+01	1.3423540e-46
7.3669700e+01	1.3409177e-46
7.3839600e+01	1.3395053e-46
7.4009900e+01	1.3380937e-46
7.4180600e+01	1.3367059e-46
7.4351600e+01	1.3353189e-46
7.4523100e+01	1.3339557e-46
7.4694900e+01	1.3325932e-46
7.4867200e+01	1.3312544e-46
7.5039800e+01	1.3299164e-46
7.5212900e+01	1.3285790e-46
7.5386300e+01	1.3272653e-46
7.5560100e+01	1.3259753e-46
7.5734400e+01	1.3246629e-46
7.5909000e+01	1.3233972e-46
7.6084100e+01	1.3221090e-46
7.6259500e+01	1.3208445e-46
7.6435400e+01	1.3196036e-46
7.6611600e+01	1.3183632e-46
7.6788300e+01	1.3171235e-46
7.6965400e+01	1.3159072e-46
7.7142900e+01	1.3146916e-46
7.7320800e+01	1.3134764e-46
7.7499100e+01	1.3122848e-46
7.7677800e+01	1.3111166e-46
7.7856900e+01	1.3099260e-46
7.8036400e+01	1.3087589e-46
7.8216400e+01	1.3076151e-46
7.8396800e+01	1.3064490e-46
7.8577500e+01	1.3053291e-46
7.8758700e+01	1.3041868e-46
7.8940400e+01	1.3030679e-46
7.9122400e+01	1.3019495e-46
7.9304900e+01	1.3008543e-46
7.9487700e+01	1.2997596e-46
7.9671000e+01	1.2986654e-46
7.9854800e+01	1.2975944e-46
8.0038900e+01	1.2965238e-46
8.0223500e+01	1.2954537e-46
8.0408500e+01	1.2943840e-46
8.0593900e+01	1.2933376e-46
8.0779700e+01	1.2923142e-46
8.0966000e+01	1.2912686e-46
8.1152700e+01	1.2902461e-46
8.1339900e+01	1.2892240e-46
8.1527400e+01	1.2882250e-46
8.1715400e+01	1.2872264e-46
8.1903900e+01	1.2862282e-46
8.2092700e+01	1.2852530e-46
8.2282000e+01	1.2842556e-46
8.2471800e+01	1.2832812e-46
8.2662000e+01	1.2823298e-46
8.2852600e+01	1.2813561e-46
8.3043700e+01	1.2804054e-46
8.3235200e+01	1.2794777e-46
8.3427100e+01	1.2785277e-46
8.3619500e+01	1.2776007e-46
8.3812300e+01	1.2766740e-46
8.4005600e+01	1.2757477e-46
8.4199300e+01	1.2748442e-46
8.4393500e+01	1.2739411e-46
8.4588100e+01	1.2730383e-46
8.4783100e+01	1.2721584e-46
8.4978600e+01	1.2712562e-46
8.5174600e+01	1.2703770e-46
8.5371000e+01	1.2694980e-46
8.5567900e+01	1.2686418e-46
8.5765200e+01	1.2677859e-46
8.5963000e+01	1.2669303e-46
8.6161200e+01	1.2660750e-46
8.6359900e+01	1.2652200e-46
8.6559000e+01	1.2643878e-46
8.6758600e+01	1.2635558e-46
8.6958700e+01	1.2627242e-46
8.7159200e+01	1.2619152e-46
8.7360200e+01	1.2611065e-46
8.7561700e+01	1.2602981e-46
8.7763600e+01	1.2594900e-46
8.7966000e+01	1.2586820e-46
8.8168800e+01	1.2578968e-46
8.8372200e+01	1.2571119e-46
8.8575900e+01	1.2563271e-46
8.8780200e+01	1.2555427e-46
8.8984900e+01	1.2547808e-46
8.9190100e+01	1.2539968e-46
8.9395800e+01	1.2532355e-46
8.9601900e+01	1.2524743e-46
8.9808600e+01	1.2517358e-46
9.0015700e+01	1.2509751e-46
9.0223200e+01	1.2502371e-46
9.0431300e+01	1.2494992e-46
9.0639800e+01	1.2487839e-46
9.0848900e+01	1.2480465e-46
9.1058300e+01	1.2473316e-46
9.1268300e+01	1.2466169e-46
9.1478800e+01	1.2459024e-46
9.1689700e+01	1.2451882e-46
9.1901200e+01	1.2444741e-46
9.2113100e+01	1.2437826e-46
9.2325500e+01	1.2430912e-46
9.2538400e+01	1.2424000e-46
9.2751800e+01	1.2417091e-46
9.2965700e+01	1.2410183e-46
9.3180100e+01	1.2403500e-46
9.3395000e+01	1.2396818e-46
9.3610300e+01	1.2390139e-46
9.3826200e+01	1.2383461e-46
9.4042600e+01	1.2376785e-46
9.4259400e+01	1.2370333e-46
9.4476800e+01	1.2363661e-46
9.4694600e+01	1.2357213e-46
9.4913000e+01	1.2350766e-46
9.5131900e+01	1.2344543e-46
9.5351300e+01	1.2338100e-46
9.5571100e+01	1.2331880e-46
9.5791500e+01	1.2325440e-46
9.6012400e+01	1.2319224e-46
9.6233800e+01	1.2313009e-46
9.6455700e+01	1.2307018e-46
9.6678200e+01	1.2300806e-46
9.6901100e+01	1.2294818e-46
9.7124600e+01	1.2288609e-46
9.7348500e+01	1.2282624e-46
9.7573000e+01	1.2276640e-46
9.7798000e+01	1.2270658e-46
9.8023600e+01	1.2264898e-46
9.8249600e+01	1.2258918e-46
9.8476200e+01	1.2253162e-46
9.8703200e+01	1.2247406e-46
9.8930900e+01	1.2241652e-46
9.9159000e+01	1.2235899e-46
9.9387700e+01	1.2230148e-46
9.9616800e+01	1.2224619e-46
9.9846600e+01	1.2218871e-46
1.0007700e+02	1.2213344e-46
1.0030800e+02	1.2207819e-46
1.0053900e+02	1.2202295e-46
1.0077100e+02	1.2196773e-46
1.0100300e+02	1.2191472e-46
1.0123600e+02	1.2185952e-46
1.0146900e+02	1.2180654e-46
1.0170300e+02	1.2175136e-46
1.0193800e+02	1.2169840e-46
1.0217300e+02	1.2164546e-46
1.0240900e+02	1.2159252e-46
1.0264500e+02	1.2154181e-46
1.0288200e+02	1.2148889e-46
1.0311900e+02	1.2143820e-46
1.0335700e+02	1.2138531e-46
1.0359500e+02	1.2133463e-46
1.0383400e+02	1.2128397e-46
1.0407300e+02	1.2123331e-46
1.0431300e+02	1.2118487e-46
1.0455400e+02	1.2113424e-46
1.0479500e+02	1.2108361e-46
1.0503700e+02	1.2103520e-46
1.0527900e+02	1.2098680e-46
1.0552200e+02	1.2093841e-46
1.0576500e+02	1.2089002e-46
1.0600900e+02	1.2084165e-46
1.0625300e+02	1.2079329e-46
1.0649800e+02	1.2074493e-46
1.0674400e+02	1.2069879e-46
1.0699000e+02	1.2065265e-46
1.0723700e+02	1.2060432e-46
1.0748400e+02	1.2055820e-46
1.0773200e+02	1.2051209e-46
1.0798000e+02	1.2046599e-46
1.0822900e+02	1.2041990e-46
1.0847900e+02	1.2037601e-46
1.0872900e+02	1.2032993e-46
1.0898000e+02	1.2028606e-46
1.0923100e+02	1.2024000e-46
1.0948300e+02	1.2019614e-46
1.0973500e+02	1.2015229e-46
1.0998800e+02	1.2010845e-46
1.1024200e+02	1.2006461e-46
1.1049600e+02	1.2002298e-46
1.1075100e+02	1.1997916e-46
1.1100700e+02	1.1993535e-46
1.1126200e+02	1.1989374e-46
1.1151900e+02	1.1985214e-46
1.1177600e+02	1.1980835e-46
1.1203400e+02	1.1976676e-46
1.1229200e+02	1.1972518e-46
1.1255100e+02	1.1968360e-46
1.1281100e+02	1.1964422e-46
1.1307100e+02	1.1960266e-46
1.1333200e+02	1.1956110e-46
1.1359300e+02	1.1952174e-46
1.1385500e+02	1.1948239e-46
1.1411800e+02	1.1944086e-46
1.1438100e+02	1.1940151e-46
1.1464400e+02	1.1936218e-46
1.1490900e+02	1.1932285e-46
1.1517400e+02	1.1928353e-46
1.1543900e+02	1.1924422e-46
1.1570600e+02	1.1920709e-46
1.1597200e+02	1.1916779e-46
1.1624000e+02	1.1913068e-46
1.1650800e+02	1.1909139e-46
1.1677700e+02	1.1905429e-46
1.1704600e+02	1.1901719e-46
1.1731600e+02	1.1898010e-46
1.1758600e+02	1.1894302e-46
1.1785700e+02	1.1890594e-46
1.1812900e+02	1.1886887e-46
1.1840200e+02	1.1883398e-46
1.1867500e+02	1.1879692e-46
1.1894800e+02	1.1875987e-46
1.1922300e+02	1.1872500e-46
1.1949800e+02	1.1869013e-46
1.1977300e+02	1.1865309e-46
1.2004900e+02	1.1861824e-46
1.2032600e+02	1.1858339e-46
1.2060400e+02	1.1854854e-46
1.2088200e+02	1.1851370e-46
1.2116100e+02	1.1848105e-46
1.2144000e+02	1.1844622e-46
1.2172000e+02	1.1841139e-46
1.2200100e+02	1.1837875e-46
1.2228200e+02	1.1834394e-46
1.2256400e+02	1.1831130e-46
1.2284700e+02	1.1827868e-46
1.2313000e+02	1.1824605e-46
1.2341400e+02	1.1821343e-46
1.2369800e+02	1.1818082e-46
1.2398400e+02	1.1814820e-46
1.2427000e+02	1.1811560e-46
1.2455600e+02	1.1808300e-46
1.2484300e+02	1.1805040e-46
1.2513100e+02	1.1801998e-46
1.2542000e+02	1.1798739e-46
1.2570900e+02	1.1795698e-46
1.2599900e+02	1.1792657e-46
1.2628900e+02	1.1789616e-46
1.2658100e+02	1.1786359e-46
1.2687300e+02	1.1783320e-46
1.2716500e+02	1.1780280e-46
1.2745800e+02	1.1777242e-46
1.2775200e+02	1.1774420e-46
1.2804700e+02	1.1771382e-46
1.2834200e+02	1.1768344e-46
1.2863800e+02	1.1765524e-46
1.2893500e+02	1.1762487e-46
1.2923200e+02	1.1759667e-46
1.2953000e+02	1.1756631e-46
1.2982900e+02	1.1753812e-46
1.3012800e+02	1.1750994e-46
1.3042800e+02	1.1748175e-46
1.3072900e+02	1.1745357e-46
1.3103100e+02	1.1742540e-46
1.3133300e+02	1.1739723e-46
1.3163600e+02	1.1736906e-46
1.3193900e+02	1.1734089e-46
1.3224300e+02	1.1731489e-46
1.3254800e+02	1.1728673e-46
1.3285400e+02	1.1726074e-46
1.3316000e+02	1.1723259e-46
1.3346700e+02	1.1720661e-46
1.3377500e+02	1.1718063e-46
1.3408400e+02	1.1715465e-46
1.3439300e+02	1.1712651e-46
1.3470300e+02	1.1710053e-46
1.3501300e+02	1.1707456e-46
1.3532500e+02	1.1705076e-46
1.3563700e+02	1.1702480e-46
1.3595000e+02	1.1699884e-46
1.3626300e+02	1.1697288e-46
1.3657700e+02	1.1694908e-46
1.3689200e+02	1.1692313e-46
1.3720800e+02	1.1689934e-46
1.3752400e+02	1.1687340e-46
1.3784100e+02	1.1684961e-46
1.3815900e+02	1.1682583e-46
1.3847800e+02	1.1680206e-46
1.3879700e+02	1.1677828e-46
1.3911700e+02	1.1675451e-46
1.3943800e+02	1.1673074e-46
1.3976000e+02	1.1670697e-46
1.4008200e+02	1.1668320e-46
1.4040500e+02	1.1665944e-46
1.4072900e+02	1.1663784e-46
1.4105300e+02	1.1661408e-46
1.4137900e+02	1.1659033e-46
1.4170500e+02	1.1656873e-46
1.4203100e+02	1.1654714e-46
1.4235900e+02	1.1652339e-46
1.4268700e+02	1.1650180e-46
1.4301600e+02	1.1648021e-46
1.4334600e+02	1.1645863e-46
1.4367700e+02	1.1643705e-46
1.4400800e+02	1.1641547e-46
1.4434000e+02	1.1639389e-46
1.4467300e+02	1.1637231e-46
1.4500600e+02	1.1635074e-46
1.4534100e+02	1.1632917e-46
1.4567600e+02	1.1630975e-46
1.4601200e+02	1.1628819e-46
1.4634900e+02	1.1626878e-46
1.4668600e+02	1.1624721e-46
1.4702400e+02	1.1622780e-46
1.4736300e+02	1.1620840e-46
1.4770300e+02	1.1618684e-46
1.4804400e+02	1.1616744e-46
1.4838500e+02	1.1614804e-46
1.4872700e+02	1.1612864e-46
1.4907000e+02	1.1610925e-46
1.4941400e+02	1.1608985e-46
1.4975900e+02	1.1607046e-46
1.5010400e+02	1.1605322e-46
1.5045000e+02	1.1603383e-46
1.5079700e+02	1.1601444e-46
1.5114500e+02	1.1599721e-46
1.5149300e+02	1.1597782e-46
1.5184300e+02	1.1596059e-46
1.5219300e+02	1.1594336e-46
1.5254400e+02	1.1592398e-46
1.5289600e+02	1.1590676e-46
1.5324800e+02	1.1588953e-46
1.5360100e+02	1.1587231e-46
1.5395600e+02	1.1585508e-46
1.5431100e+02	1.1583786e-46
1.5466700e+02	1.1582064e-46
1.5502300e+02	1.1580343e-46
1.5538100e+02	1.1578621e-46
1.5573900e+02	1.1576899e-46
1.5609800e+02	1.1575393e-46
1.5645800e+02	1.1573672e-46
1.5681900e+02	1.1572165e-46
1.5718100e+02	1.1570444e-46
1.5754300e+02	1.1568938e-46
1.5790600e+02	1.1567218e-46
1.5827000e+02	1.1565712e-46
1.5863500e+02	1.1564206e-46
1.5900100e+02	1.1562701e-46
1.5936800e+02	1.1561196e-46
1.5973500e+02	1.1559690e-46
1.6010400e+02	1.1558185e-46
1.6047300e+02	1.1556680e-46
1.6084300e+02	1.1555175e-46
1.6121400e+02	1.1553670e-46
1.6158600e+02	1.1552165e-46
1.6195800e+02	1.1550876e-46
1.6233200e+02	1.1549371e-46
1.6270600e+02	1.1548081e-46
1.6308100e+02	1.1546577e-46
1.6345700e+02	1.1545288e-46
1.6383400e+02	1.1543998e-46
1.6421200e+02	1.1542494e-46
1.6459100e+02	1.1541205e-46
1.6497000e+02	1.1539916e-46
1.6535100e+02	1.1538627e-46
1.6573200e+02	1.1537338e-46
1.6611400e+02	1.1536049e-46
1.6649700e+02	1.1534760e-46
1.6688100e+02	1.1533471e-46
1.6726600e+02	1.1532183e-46
1.6765200e+02	1.1531109e-46
1.6803800e+02	1.1529820e-46
1.6842600e+02	1.1528532e-46
1.6881400e+02	1.1527458e-46
1.6920400e+02	1.1526170e-46
1.6959400e+02	1.1525096e-46
1.6998500e+02	1.1524023e-46
1.7037700e+02	1.1522734e-46
1.7077000e+02	1.1521661e-46
1.7116300e+02	1.1520588e-46
1.7155800e+02	1.1519514e-46
1.7195400e+02	1.1518441e-46
1.7235000e+02	1.1517368e-46
1.7274800e+02	1.1516295e-46
1.7314600e+02	1.1515221e-46
1.7354500e+02	1.1514148e-46
1.7394600e+02	1.1513290e-46
1.7434700e+02	1.1512217e-46
1.7474900e+02	1.1511359e-46
1.7515200e+02	1.1510286e-46
1.7555600e+02	1.1509428e-46
1.7596000e+02	1.1508355e-46
1.7636600e+02	1.1507497e-46
1.7677300e+02	1.1506424e-46
1.7718100e+02	1.1505566e-46
1.7758900e+02	1.1504708e-46
1.7799900e+02	1.1503850e-46
1.7840900e+02	1.1502992e-46
1.7882100e+02	1.1502134e-46
1.7923300e+02	1.1501276e-46
1.7964600e+02	1.1500418e-46
1.8006100e+02	1.1499560e-46
1.8047600e+02	1.1498916e-46
1.8089200e+02	1.1498058e-46
1.8130900e+02	1.1497201e-46
1.8172700e+02	1.1496557e-46
1.8214600e+02	1.1495700e-46
1.8256600e+02	1.1495056e-46
1.8298700e+02	1.1494413e-46
1.8340900e+02	1.1493555e-46
1.8383200e+02	1.1492912e-46
1.8425600e+02	1.1492269e-46
1.8468100e+02	1.1491626e-46
1.8510700e+02	1.1490982e-46
1.8553400e+02	1.1490339e-46
1.8596200e+02	1.1489696e-46
1.8639000e+02	1.1489053e-46
1.8682000e+02	1.1488410e-46
1.8725100e+02	1.1487981e-46
1.8768300e+02	1.1487338e-46
1.8811600e+02	1.1486695e-46
1.8854900e+02	1.1486266e-46
1.8898400e+02	1.1485623e-46
1.8942000e+02	1.1485195e-46
1.8985700e+02	1.1484766e-46
1.9029500e+02	1.1484123e-46
1.9073300e+02	1.1483694e-46
1.9117300e+02	1.1483266e-46
1.9161400e+02	1.1482837e-46
1.9205600e+02	1.1482408e-46
1.9249900e+02	1.1481980e-46
1.9294300e+02	1.1481551e-46
1.9338800e+02	1.1481122e-46
1.9383400e+02	1.1480694e-46
1.9428100e+02	1.1480480e-46
1.9472900e+02	1.1480051e-46
1.9517800e+02	1.1479622e-46
1.9562800e+02	1.1479408e-46
1.9607900e+02	1.1478980e-46
1.9653100e+02	1.1478765e-46
1.9698400e+02	1.1478551e-46
1.9743800e+02	1.1478122e-46
1.9789400e+02	1.1477908e-46
1.9835000e+02	1.1477694e-46
1.9880800e+02	1.1477480e-46
1.9926600e+02	1.1477265e-46
1.9972500e+02	1.1477051e-46
2.0018600e+02	1.1476837e-46
2.0064800e+02	1.1476623e-46
2.0111000e+02	1.1476408e-46
2.0157400e+02	1.1476408e-46
2.0203900e+02	1.1476194e-46
2.0250500e+02	1.1475980e-46
2.0297200e+02	1.1475980e-46
2.0344000e+02	1.1475980e-46
2.0390900e+02	1.1475766e-46
2.0437900e+02	1.1475766e-46
2.0485100e+02	1.1475766e-46
2.0532300e+02	1.1475551e-46
2.0579600e+02	1.1475551e-46
2.0627100e+02	1.1475551e-46
2.0674700e+02	1.1475551e-46
2.0722300e+02	1.1475551e-46
2.0770100e+02	1.1475551e-46
2.0818000e+02	1.1475766e-46
2.0866000e+02	1.1475766e-46
2.0914100e+02	1.1475766e-46
2.0962400e+02	1.1475980e-46
2.1010700e+02	1.1475980e-46
2.1059200e+02	1.1476194e-46
2.1107700e+02	1.1476194e-46
2.1156400e+02	1.1476408e-46
2.1205200e+02	1.1476623e-46
2.1254100e+02	1.1476837e-46
2.1303100e+02	1.1477051e-46
2.1352200e+02	1.1477051e-46
2.1401500e+02	1.1477265e-46
2.1450800e+02	1.1477694e-46
2.1500300e+02	1.1477908e-46
2.1549900e+02	1.1478122e-46
2.1599600e+02	1.1478337e-46
2.1649400e+02	1.1478765e-46
2.1699300e+02	1.1478980e-46
2.1749300e+02	1.1479194e-46
2.1799500e+02	1.1479622e-46
2.1849800e+02	1.1480051e-46
2.1900100e+02	1.1480265e-46
2.1950600e+02	1.1480694e-46
2.2001300e+02	1.1481122e-46
2.2052000e+02	1.1481551e-46
2.2102800e+02	1.1481980e-46
2.2153800e+02	1.1482408e-46
2.2204900e+02	1.1482837e-46
2.2256100e+02	1.1483266e-46
2.2307400e+02	1.1483694e-46
2.2358900e+02	1.1484337e-46
2.2410400e+02	1.1484766e-46
2.2462100e+02	1.1485409e-46
2.2513900e+02	1.1485838e-46
2.2565800e+02	1.1486481e-46
2.2617900e+02	1.1486909e-46
2.2670000e+02	1.1487552e-46
2.2722300e+02	1.1488195e-46
2.2774700e+02	1.1488839e-46
2.2827200e+02	1.1489482e-46
2.2879800e+02	1.1490125e-46
2.2932600e+02	1.1490768e-46
2.2985500e+02	1.1491411e-46
2.3038500e+02	1.1492054e-46
2.3091600e+02	1.1492698e-46
2.3144900e+02	1.1493555e-46
2.3198200e+02	1.1494199e-46
2.3251700e+02	1.1495056e-46
2.3305400e+02	1.1495700e-46
2.3359100e+02	1.1496557e-46
2.3413000e+02	1.1497415e-46
2.3467000e+02	1.1498273e-46
2.3521100e+02	1.1499131e-46
2.3575300e+02	1.1499774e-46
2.3629700e+02	1.1500632e-46
2.3684200e+02	1.1501705e-46
2.3738800e+02	1.1502563e-46
2.3793500e+02	1.1503421e-46
2.3848400e+02	1.1504279e-46
2.3903400e+02	1.1505351e-46
2.3958500e+02	1.1506209e-46
2.4013800e+02	1.1507282e-46
2.4069100e+02	1.1508140e-46
2.4124600e+02	1.1509213e-46
2.4180300e+02	1.1510286e-46
2.4236000e+02	1.1511359e-46
2.4291900e+02	1.1512432e-46
2.4347900e+02	1.1513505e-46
2.4404100e+02	1.1514578e-46
2.4460400e+02	1.1515651e-46
2.4516800e+02	1.1516724e-46
2.4573300e+02	1.1517797e-46
2.4630000e+02	1.1519085e-46
2.4686800e+02	1.1520158e-46
2.4743700e+02	1.1521446e-46
2.4800700e+02	1.1522520e-46
2.4857900e+02	1.1523808e-46
2.4915300e+02	1.1525096e-46
2.4972700e+02	1.1526384e-46
2.5030300e+02	1.1527673e-46
2.5088000e+02	1.1528961e-46
2.5145900e+02	1.1530250e-46
2.5203900e+02	1.1531538e-46
2.5262000e+02	1.1532827e-46
2.5320200e+02	1.1534330e-46
2.5378600e+02	1.1535619e-46
2.5437200e+02	1.1536908e-46
2.5495800e+02	1.1538412e-46
2.5554600e+02	1.1539916e-46
2.5613500e+02	1.1541205e-46
2.5672600e+02	1.1542709e-46
2.5731800e+02	1.1544213e-46
2.5791100e+02	1.1545717e-46
2.5850600e+02	1.1547222e-46
2.5910200e+02	1.1548726e-46
2.5970000e+02	1.1550231e-46
2.6029900e+02	1.1551950e-46
2.6089900e+02	1.1553455e-46
2.6150000e+02	1.1555175e-46
2.6210300e+02	1.1556680e-46
2.6270800e+02	1.1558400e-46
2.6331400e+02	1.1559905e-46
2.6392100e+02	1.1561626e-46
2.6453000e+02	1.1563346e-46
2.6514000e+02	1.1565067e-46
2.6575100e+02	1.1566787e-46
2.6636400e+02	1.1568508e-46
2.6697800e+02	1.1570229e-46
2.6759400e+02	1.1572165e-46
2.6821100e+02	1.1573887e-46
2.6882900e+02	1.1575823e-46
2.6944900e+02	1.1577545e-46
2.7007100e+02	1.1579482e-46
2.7069300e+02	1.1581203e-46
2.7131800e+02	1.1583141e-46
2.7194300e+02	1.1585078e-46
2.7257000e+02	1.1587015e-46
2.7319900e+02	1.1588953e-46
2.7382900e+02	1.1590891e-46
2.7446000e+02	1.1593044e-46
2.7509300e+02	1.1594982e-46
2.7572800e+02	1.1596921e-46
2.7636300e+02	1.1599075e-46
2.7700100e+02	1.1601013e-46
2.7763900e+02	1.1603168e-46
2.7828000e+02	1.1605322e-46
2.7892100e+02	1.1607477e-46
2.7956500e+02	1.1609632e-46
2.8020900e+02	1.1611787e-46
2.8085500e+02	1.1613942e-46
2.8150300e+02	1.1616097e-46
2.8215200e+02	1.1618253e-46
2.8280300e+02	1.1620624e-46
2.8345500e+02	1.1622780e-46
2.8410900e+02	1.1625152e-46
2.8476400e+02	1.1627525e-46
2.8542100e+02	1.1629681e-46
2.8607900e+02	1.1632054e-46
2.8673800e+02	1.1634427e-46
2.8740000e+02	1.1636800e-46
2.8806200e+02	1.1639173e-46
2.8872700e+02	1.1641763e-46
2.8939200e+02	1.1644136e-46
2.9006000e+02	1.1646511e-46
2.9072900e+02	1.1649101e-46
2.9139900e+02	1.1651691e-46
2.9207100e+02	1.1654066e-46
2.9274500e+02	1.1656657e-46
2.9342000e+02	1.1659248e-46
2.9409600e+02	1.1661840e-46
2.9477400e+02	1.1664432e-46
2.9545400e+02	1.1667024e-46
2.9613600e+02	1.1669833e-46
2.9681800e+02	1.1672426e-46
2.9750300e+02	1.1675235e-46
2.9818900e+02	1.1677828e-46
2.9887700e+02	1.1680638e-46
2.9956600e+02	1.1683448e-46
3.0025700e+02	1.1686042e-46
3.0094900e+02	1.1688853e-46
3.0164300e+02	1.1691881e-46
3.0233900e+02	1.1694692e-46
3.0303600e+02	1.1697504e-46
3.0373500e+02	1.1700316e-46
3.0443500e+02	1.1703345e-46
3.0513700e+02	1.1706158e-46
3.0584100e+02	1.1709188e-46
3.0654600e+02	1.1712218e-46
3.0725300e+02	1.1715248e-46
3.0796100e+02	1.1718279e-46
3.0867100e+02	1.1721310e-46
3.0938300e+02	1.1724342e-46
3.1009700e+02	1.1727374e-46
3.1081200e+02	1.1730623e-46
3.1152900e+02	1.1733656e-46
3.1224700e+02	1.1736906e-46
3.1296700e+02	1.1740156e-46
3.1368900e+02	1.1743407e-46
3.1441200e+02	1.1746441e-46
3.1513700e+02	1.1749910e-46
3.1586400e+02	1.1753162e-46
3.1659200e+02	1.1756414e-46
3.1732200e+02	1.1759667e-46
3.1805400e+02	1.1763138e-46
3.1878700e+02	1.1766392e-46
3.1952300e+02	1.1769863e-46
3.2025900e+02	1.1773335e-46
3.2099800e+02	1.1776807e-46
3.2173800e+02	1.1780280e-46
3.2248000e+02	1.1783754e-46
3.2322400e+02	1.1787228e-46
3.2396900e+02	1.1790702e-46
3.2471600e+02	1.1794394e-46
3.2546500e+02	1.1798087e-46
3.2621500e+02	1.1801563e-46
3.2696800e+02	1.1805257e-46
3.2772200e+02	1.1808952e-46
3.2847700e+02	1.1812647e-46
3.2923500e+02	1.1816342e-46
3.2999400e+02	1.1820038e-46
3.3075500e+02	1.1823953e-46
3.3151800e+02	1.1827650e-46
3.3228200e+02	1.1831566e-46
3.3304900e+02	1.1835264e-46
3.3381700e+02	1.1839181e-46
3.3458600e+02	1.1843098e-46
3.3535800e+02	1.1847016e-46
3.3613100e+02	1.1850935e-46
3.3690600e+02	1.1855072e-46
3.3768300e+02	1.1858992e-46
3.3846200e+02	1.1863131e-46
3.3924200e+02	1.1867052e-46
3.4002500e+02	1.1871192e-46
3.4080900e+02	1.1875333e-46
3.4159500e+02	1.1879474e-46
3.4238200e+02	1.1883616e-46
3.4317200e+02	1.1887759e-46
3.4396300e+02	1.1892121e-46
3.4475700e+02	1.1896265e-46
3.4555200e+02	1.1900628e-46
3.4634800e+02	1.1904774e-46
3.4714700e+02	1.1909139e-46
3.4794800e+02	1.1913504e-46
3.4875000e+02	1.1917871e-46
3.4955400e+02	1.1922456e-46
3.5036000e+02	1.1926824e-46
3.5116800e+02	1.1931193e-46
3.5197800e+02	1.1935781e-46
3.5279000e+02	1.1940370e-46
3.5360300e+02	1.1944960e-46
3.5441900e+02	1.1949551e-46
3.5523600e+02	1.1954142e-46
3.5605500e+02	1.1958735e-46
3.5687600e+02	1.1963328e-46
3.5769900e+02	1.1968141e-46
3.5852400e+02	1.1972736e-46
3.5935100e+02	1.1977551e-46
3.6017900e+02	1.1982367e-46
3.6101000e+02	1.1987184e-46
3.6184200e+02	1.1992002e-46
3.6267700e+02	1.1996821e-46
3.6351300e+02	1.2001860e-46
3.6435100e+02	1.2006681e-46
3.6519200e+02	1.2011722e-46
3.6603400e+02	1.2016764e-46
3.6687800e+02	1.2021807e-46
3.6772400e+02	1.2026851e-46
3.6857200e+02	1.2031896e-46
3.6942200e+02	1.2036942e-46
3.7027400e+02	1.2042209e-46
3.7112800e+02	1.2047258e-46
3.7198300e+02	1.2052527e-46
3.7284100e+02	1.2057797e-46
3.7370100e+02	1.2063068e-46
3.7456300e+02	1.2068341e-46
3.7542600e+02	1.2073614e-46
3.7629200e+02	1.2079109e-46
3.7716000e+02	1.2084385e-46
3.7803000e+02	1.2089882e-46
3.7890100e+02	1.2095380e-46
3.7977500e+02	1.2100880e-46
3.8065100e+02	1.2106381e-46
3.8152900e+02	1.2111883e-46
3.8240800e+02	1.2117606e-46
3.8329000e+02	1.2123111e-46
3.8417400e+02	1.2128837e-46
3.8506000e+02	1.2134565e-46
3.8594800e+02	1.2140293e-46
3.8683800e+02	1.2146024e-46
3.8773000e+02	1.2151755e-46
3.8862400e+02	1.2157709e-46
3.8952000e+02	1.2163443e-46
3.9041900e+02	1.2169399e-46
3.9131900e+02	1.2175357e-46
3.9222100e+02	1.2181316e-46
3.9312600e+02	1.2187277e-46
3.9403200e+02	1.2193460e-46
3.9494100e+02	1.2199423e-46
3.9585200e+02	1.2205609e-46
3.9676500e+02	1.2211797e-46
3.9767900e+02	1.2217765e-46
3.9859700e+02	1.2224177e-46
3.9951600e+02	1.2230369e-46
4.0043700e+02	1.2236563e-46
4.0136000e+02	1.2242980e-46
4.0228600e+02	1.2249177e-46
4.0321400e+02	1.2255597e-46
4.0414300e+02	1.2262019e-46
4.0507500e+02	1.2268442e-46
4.0600900e+02	1.2275089e-46
4.0694600e+02	1.2281516e-46
4.0788400e+02	1.2288166e-46
4.0882500e+02	1.2294818e-46
4.0976700e+02	1.2301472e-46
4.1071200e+02	1.2308127e-46
4.1166000e+02	1.2314785e-46
4.1260900e+02	1.2321666e-46
4.1356000e+02	1.2328327e-46
4.1451400e+02	1.2335212e-46
4.1547000e+02	1.2342099e-46
4.1642800e+02	1.2348988e-46
4.1738800e+02	1.2356101e-46
4.1835100e+02	1.2362994e-46
4.1931500e+02	1.2370111e-46
4.2028200e+02	1.2377230e-46
4.2125200e+02	1.2384351e-46
4.2222300e+02	1.2391474e-46
4.2319700e+02	1.2398823e-46
4.2417300e+02	1.2406173e-46
4.2515100e+02	1.2413525e-46
4.2613100e+02	1.2420880e-46
4.2711400e+02	1.2428459e-46
4.2809900e+02	1.2436041e-46
4.2908600e+02	1.2443626e-46
4.3007500e+02	1.2451659e-46
4.3106700e+02	1.2459694e-46
4.3206100e+02	1.2468179e-46
4.3305700e+02	1.2477337e-46
4.3405600e+02	1.2487839e-46
4.3505700e+02	1.2501476e-46
4.3606000e+02	1.2526758e-46
4.3706600e+02	1.2629489e-46
4.3807400e+02	1.1282901e-44
4.3908400e+02	1.2637132e-46
4.4009600e+02	1.2555875e-46
4.4111100e+02	1.2547136e-46
4.4212900e+02	1.2549377e-46
4.4314800e+02	1.2554754e-46
4.4417000e+02	1.2561254e-46
4.4519400e+02	1.2568428e-46
4.4622100e+02	1.2576052e-46
4.4725000e+02	1.2583904e-46
4.4828100e+02	1.2591757e-46
4.4931500e+02	1.2599838e-46
4.5035100e+02	1.2607921e-46
4.5139000e+02	1.2616232e-46
4.5243000e+02	1.2624545e-46
4.5347400e+02	1.2632861e-46
4.5451900e+02	1.2641179e-46
4.5556800e+02	1.2649726e-46
4.5661800e+02	1.2658275e-46
4.5767100e+02	1.2666827e-46
4.5872700e+02	1.2675382e-46
4.5978400e+02	1.2684165e-46
4.6084500e+02	1.2692952e-46
4.6190700e+02	1.2701741e-46
4.6297200e+02	1.2710533e-46
4.6404000e+02	1.2719328e-46
4.6511000e+02	1.2728352e-46
4.6618300e+02	1.2737154e-46
4.6725800e+02	1.2746184e-46
4.6833500e+02	1.2755218e-46
4.6941500e+02	1.2764480e-46
4.7049800e+02	1.2773520e-46
4.7158300e+02	1.2782790e-46
4.7267000e+02	1.2792062e-46
4.7376000e+02	1.2801338e-46
4.7485300e+02	1.2810844e-46
4.7594800e+02	1.2820127e-46
4.7704500e+02	1.2829640e-46
4.7814500e+02	1.2839156e-46
4.7924800e+02	1.2848676e-46
4.8035300e+02	1.2858199e-46
4.8146100e+02	1.2867953e-46
4.8257100e+02	1.2877710e-46
4.8368400e+02	1.2887472e-46
4.8479900e+02	1.2897236e-46
4.8591700e+02	1.2907005e-46
4.8703800e+02	1.2917004e-46
4.8816100e+02	1.2927008e-46
4.8928600e+02	1.2937015e-46
4.9041500e+02	1.2947026e-46
4.9154600e+02	1.2957041e-46
4.9267900e+02	1.2967288e-46
4.9381500e+02	1.2977539e-46
4.9495400e+02	1.2987793e-46
4.9609500e+02	1.2998052e-46
4.9723900e+02	1.3008543e-46
4.9838600e+02	1.3019038e-46
4.9953500e+02	1.3029309e-46
5.0068700e+02	1.3040041e-46
5.0184200e+02	1.3050549e-46
5.0299900e+02	1.3061290e-46
5.0415900e+02	1.3071806e-46
5.0532200e+02	1.3082556e-46
5.0648700e+02	1.3093538e-46
5.0765500e+02	1.3104297e-46
5.0882500e+02	1.3115288e-46
5.0999900e+02	1.3126285e-46
5.1117500e+02	1.3137286e-46
5.1235400e+02	1.3148292e-46
5.1353500e+02	1.3159531e-46
5.1471900e+02	1.3170776e-46
5.1590600e+02	1.3182025e-46
5.1709600e+02	1.3193279e-46
5.1828800e+02	1.3204768e-46
5.1948400e+02	1.3216032e-46
5.2068200e+02	1.3227530e-46
5.2188200e+02	1.3239034e-46
5.2308600e+02	1.3250773e-46
5.2429200e+02	1.3262517e-46
5.2550100e+02	1.3274035e-46
5.2671300e+02	1.3286020e-46
5.2792700e+02	1.3297780e-46
5.2914500e+02	1.3309545e-46
5.3036500e+02	1.3321546e-46
5.3158800e+02	1.3333552e-46
5.3281400e+02	1.3345795e-46
5.3404300e+02	1.3357812e-46
5.3527400e+02	1.3370066e-46
5.3650800e+02	1.3382325e-46
5.3774600e+02	1.3394590e-46
5.3898600e+02	1.3407093e-46
5.4022900e+02	1.3419601e-46
5.4147400e+02	1.3432115e-46
5.4272300e+02	1.3444634e-46
5.4397400e+02	1.3457160e-46
5.4522900e+02	1.3469924e-46
5.4648600e+02	1.3482693e-46
5.4774600e+02	1.3495469e-46
5.4901000e+02	1.3508483e-46
5.5027600e+02	1.3521504e-46
5.5154400e+02	1.3534530e-46
5.5281600e+02	1.3547563e-46
5.5409100e+02	1.3560603e-46
5.5536900e+02	1.3573881e-46
5.5665000e+02	1.3587166e-46
5.5793300e+02	1.3600458e-46
5.5922000e+02	1.3613989e-46
5.6050900e+02	1.3627527e-46
5.6180200e+02	1.3641072e-46
5.6309700e+02	1.3654624e-46
5.6439600e+02	1.3668182e-46
5.6569700e+02	1.3681981e-46
5.6700200e+02	1.3695787e-46
5.6830900e+02	1.3709834e-46
5.6962000e+02	1.3723654e-46
5.7093300e+02	1.3737715e-46
5.7225000e+02	1.3751784e-46
5.7357000e+02	1.3766094e-46
5.7489200e+02	1.3780177e-46
5.7621800e+02	1.3794503e-46
5.7754700e+02	1.3808835e-46
5.7887900e+02	1.3823410e-46
5.8021400e+02	1.3837758e-46
5.8155200e+02	1.3852584e-46
5.8289300e+02	1.3867182e-46
5.8423700e+02	1.3881788e-46
5.8558400e+02	1.3896637e-46
5.8693400e+02	1.3911495e-46
5.8828800e+02	1.3926596e-46
5.8964400e+02	1.3941469e-46
5.9100400e+02	1.3956587e-46
5.9236700e+02	1.3971713e-46
5.9373300e+02	1.3987083e-46
5.9510200e+02	1.4002462e-46
5.9647400e+02	1.4017850e-46
5.9785000e+02	1.4033245e-46
5.9922900e+02	1.4048887e-46
6.0061000e+02	1.4064537e-46
6.0199500e+02	1.4080196e-46
6.0338400e+02	1.4095863e-46
6.0477500e+02	1.4111777e-46
6.0617000e+02	1.4127700e-46
6.0756700e+02	1.4143631e-46
6.0896900e+02	1.4159810e-46
6.1037300e+02	1.4175998e-46
6.1178000e+02	1.4192195e-46
6.1319100e+02	1.4208640e-46
6.1460500e+02	1.4225094e-46
6.1602200e+02	1.4241558e-46
6.1744300e+02	1.4258032e-46
6.1886700e+02	1.4274754e-46
6.2029400e+02	1.4291485e-46
6.2172400e+02	1.4308227e-46
6.2315800e+02	1.4325217e-46
6.2459500e+02	1.4342218e-46
6.2603500e+02	1.4359229e-46
6.2747900e+02	1.4376250e-46
6.2892600e+02	1.4393521e-46
6.3037600e+02	1.4410802e-46
6.3183000e+02	1.4428334e-46
6.3328700e+02	1.4445636e-46
6.3474700e+02	1.4463189e-46
6.3621100e+02	1.4480994e-46
6.3767800e+02	1.4498568e-46
6.3914900e+02	1.4516394e-46
6.4062300e+02	1.4534472e-46
6.4210000e+02	1.4552321e-46
6.4358000e+02	1.4570421e-46
6.4506500e+02	1.4588775e-46
6.4655200e+02	1.4606898e-46
6.4804300e+02	1.4625274e-46
6.4953700e+02	1.4643662e-46
6.5103500e+02	1.4662304e-46
6.5253700e+02	1.4680715e-46
6.5404100e+02	1.4699623e-46
6.5555000e+02	1.4718300e-46
6.5706100e+02	1.4737232e-46
6.5857600e+02	1.4756176e-46
6.6009500e+02	1.4775132e-46
6.6161700e+02	1.4794343e-46
6.6314300e+02	1.4813568e-46
6.6467200e+02	1.4833048e-46
6.6620500e+02	1.4852541e-46
6.6774100e+02	1.4872046e-46
6.6928100e+02	1.4891565e-46
6.7082400e+02	1.4911341e-46
6.7237100e+02	1.4931129e-46
6.7392200e+02	1.4950931e-46
6.7547600e+02	1.4970991e-46
6.7703400e+02	1.4991064e-46
6.7859500e+02	1.5011395e-46
6.8016000e+02	1.5031741e-46
6.8172800e+02	1.5052100e-46
6.8330000e+02	1.5072473e-46
6.8487600e+02	1.5093105e-46
6.8645500e+02	1.5113752e-46
6.8803800e+02	1.5134659e-46
6.8962500e+02	1.5155580e-46
6.9121500e+02	1.5176515e-46
6.9280900e+02	1.5197465e-46
6.9440700e+02	1.5218676e-46
6.9600800e+02	1.5240149e-46
6.9761300e+02	1.5261390e-46
6.9922200e+02	1.5282893e-46
7.0083400e+02	1.5304412e-46
7.0245000e+02	1.5326192e-46
7.0407000e+02	1.5347989e-46
7.0569400e+02	1.5370049e-46
7.0732100e+02	1.5391876e-46
7.0895200e+02	1.5413967e-46
7.1058700e+02	1.5436323e-46
7.1222600e+02	1.5458695e-46
7.1386800e+02	1.5481083e-46
7.1551400e+02	1.5503736e-46
7.1716400e+02	1.5526157e-46
7.1881800e+02	1.5549092e-46
7.2047500e+02	1.5571795e-46
7.2213700e+02	1.5595014e-46
7.2380200e+02	1.5618001e-46
7.2547100e+02	1.5641254e-46
7.2714400e+02	1.5664525e-46
7.2882100e+02	1.5687813e-46
7.3050200e+02	1.5711369e-46
7.3218600e+02	1.5735194e-46
7.3387500e+02	1.5758785e-46
7.3556700e+02	1.5782646e-46
7.3726300e+02	1.5806776e-46
7.3896300e+02	1.5830924e-46
7.4066700e+02	1.5855091e-46
7.4237500e+02	1.5879276e-46
7.4408700e+02	1.5903732e-46
7.4580300e+02	1.5928459e-46
7.4752300e+02	1.5952953e-46
7.4924700e+02	1.5977971e-46
7.5097500e+02	1.6002756e-46
7.5270600e+02	1.6027813e-46
7.5444200e+02	1.6052890e-46
7.5618200e+02	1.6078240e-46
7.5792600e+02	1.6103610e-46
7.5967300e+02	1.6129254e-46
7.6142500e+02	1.6154918e-46
7.6318100e+02	1.6180603e-46
7.6494100e+02	1.6206563e-46
7.6670500e+02	1.6232544e-46
7.6847300e+02	1.6258545e-46
7.7024500e+02	1.6284823e-46
7.7202100e+02	1.6311121e-46
7.7380100e+02	1.6337697e-46
7.7558600e+02	1.6364294e-46
7.7737400e+02	1.6391169e-46
7.7916700e+02	1.6418066e-46
7.8096400e+02	1.6444985e-46
7.8276500e+02	1.6472182e-46
7.8457000e+02	1.6499402e-46
7.8637900e+02	1.6526645e-46
7.8819200e+02	1.6554168e-46
7.9001000e+02	1.6581970e-46
7.9183200e+02	1.6609797e-46
7.9365800e+02	1.6637646e-46
7.9548800e+02	1.6665777e-46
7.9732200e+02	1.6693932e-46
7.9916100e+02	1.6722111e-46
8.0100400e+02	1.6750572e-46
8.0285100e+02	1.6779316e-46
8.0470200e+02	1.6807826e-46
8.0655800e+02	1.6836879e-46
8.0841800e+02	1.6865697e-46
8.1028200e+02	1.6894800e-46
8.1215100e+02	1.6924189e-46
8.1402300e+02	1.6953602e-46
8.1590100e+02	1.6983042e-46
8.1778200e+02	1.7012767e-46
8.1966800e+02	1.7042519e-46
8.2155800e+02	1.7072558e-46
8.2345200e+02	1.7102624e-46
8.2535100e+02	1.7132977e-46
8.2725500e+02	1.7163358e-46
8.2916200e+02	1.7193766e-46
8.3107400e+02	1.7224463e-46
8.3299100e+02	1.7255450e-46
8.3491200e+02	1.7286464e-46
8.3683700e+02	1.7317507e-46
8.3876700e+02	1.7348841e-46
8.4070100e+02	1.7380204e-46
8.4264000e+02	1.7411858e-46
8.4458300e+02	1.7443541e-46
8.4653000e+02	1.7475518e-46
8.4848200e+02	1.7507524e-46
8.5043900e+02	1.7539824e-46
8.5240000e+02	1.7572419e-46
8.5436600e+02	1.7605840e-46
8.5633600e+02	1.7641949e-46
8.5831100e+02	1.7811038e-46
8.6029000e+02	1.7715876e-46
8.6227400e+02	1.7737978e-46
8.6426200e+02	1.7769690e-46
8.6625500e+02	1.7802764e-46
8.6825300e+02	1.7836137e-46
8.7025500e+02	1.7869540e-46
8.7226200e+02	1.7903510e-46
8.7427300e+02	1.7937513e-46
8.7628900e+02	1.7971547e-46
8.7831000e+02	1.8005883e-46
8.8033600e+02	1.8040251e-46
8.8236600e+02	1.8074920e-46
8.8440000e+02	1.8109892e-46
8.8644000e+02	1.8144898e-46
8.8848400e+02	1.8179938e-46
8.9053300e+02	1.8215281e-46
8.9258600e+02	1.8250929e-46
8.9464500e+02	1.8286342e-46
8.9670800e+02	1.8322330e-46
8.9877500e+02	1.8358353e-46
9.0084800e+02	1.8394412e-46
9.0292500e+02	1.8430778e-46
9.0500800e+02	1.8467179e-46
9.0709500e+02	1.8503889e-46
9.0918600e+02	1.8540907e-46
9.1128300e+02	1.8577690e-46
9.1338400e+02	1.8615055e-46
9.1549100e+02	1.8652457e-46
9.1760200e+02	1.8689898e-46
9.1971800e+02	1.8727649e-46
9.2183900e+02	1.8765438e-46
9.2396400e+02	1.8803540e-46
9.2609500e+02	1.8841955e-46
9.2823100e+02	1.8880134e-46
9.3037100e+02	1.8918902e-46
9.3251700e+02	1.8957710e-46
9.3466700e+02	1.8996558e-46
9.3682200e+02	1.9035721e-46
9.3898300e+02	1.9075201e-46
9.4114800e+02	1.9114722e-46
9.4331800e+02	1.9154283e-46
9.4549400e+02	1.9194163e-46
9.4767400e+02	1.9234361e-46
9.4985900e+02	1.9274602e-46
9.5205000e+02	1.9315162e-46
9.5424500e+02	1.9355766e-46
9.5644500e+02	1.9396690e-46
9.5865100e+02	1.9437658e-46
9.6086200e+02	1.9478947e-46
9.6307700e+02	1.9520281e-46
9.6529800e+02	1.9561938e-46
9.6752400e+02	1.9603640e-46
9.6975500e+02	1.9645667e-46
9.7199200e+02	1.9687738e-46
9.7423300e+02	1.9730135e-46
9.7648000e+02	1.9772859e-46
9.7873100e+02	1.9815630e-46
9.8098800e+02	1.9858728e-46
9.8325100e+02	1.9901873e-46
9.8551800e+02	1.9945348e-46
9.8779100e+02	1.9988870e-46
9.9006800e+02	2.0032722e-46
9.9235200e+02	2.0076623e-46
9.9464000e+02	2.0120855e-46
9.9693400e+02	2.0165420e-46
9.9923300e+02	2.0210034e-46
1.0015400e+03	2.0254698e-46
1.0038500e+03	2.0299696e-46
1.0061600e+03	2.0345028e-46
1.0084800e+03	2.0390412e-46
1.0108100e+03	2.0436132e-46
1.0131400e+03	2.0482189e-46
1.0154700e+03	2.0528299e-46
1.0178200e+03	2.0574460e-46
1.0201600e+03	2.0620960e-46
1.0225200e+03	2.0667800e-46
1.0248700e+03	2.0714693e-46
1.0272400e+03	2.0761928e-46
1.0296100e+03	2.0809505e-46
1.0319800e+03	2.0857136e-46
1.0343600e+03	2.0904822e-46
1.0367400e+03	2.0953142e-46
1.0391400e+03	2.1001227e-46
1.0415300e+03	2.1049947e-46
1.0439300e+03	2.1098725e-46
1.0463400e+03	2.1147558e-46
1.0487500e+03	2.1196739e-46
1.0511700e+03	2.1246269e-46
1.0536000e+03	2.1295857e-46
1.0560300e+03	2.1345794e-46
1.0584600e+03	2.1396083e-46
1.0609000e+03	2.1446431e-46
1.0633500e+03	2.1497131e-46
1.0658000e+03	2.1547891e-46
1.0682600e+03	2.1599005e-46
1.0707200e+03	2.1650180e-46
1.0731900e+03	2.1702004e-46
1.0756700e+03	2.1753595e-46
1.0781500e+03	2.1805838e-46
1.0806300e+03	2.1858144e-46
1.0831200e+03	2.1910512e-46
1.0856200e+03	2.1963240e-46
1.0881300e+03	2.2016328e-46
1.0906300e+03	2.2069776e-46
1.0931500e+03	2.2123290e-46
1.0956700e+03	2.2176869e-46
1.0982000e+03	2.2230810e-46
1.1007300e+03	2.2285116e-46
1.1032700e+03	2.2339786e-46
1.1058100e+03	2.2394524e-46
1.1083600e+03	2.2449628e-46
1.1109200e+03	2.2504800e-46
1.1134800e+03	2.2560340e-46
1.1160500e+03	2.2616250e-46
1.1186200e+03	2.2672228e-46
1.1212000e+03	2.2728578e-46
1.1237900e+03	2.2785299e-46
1.1263800e+03	2.2842090e-46
1.1289700e+03	2.2899256e-46
1.1315800e+03	2.2956492e-46
1.1341900e+03	2.3014104e-46
1.1368000e+03	2.3072091e-46
1.1394200e+03	2.3130456e-46
1.1420500e+03	2.3188894e-46
1.1446900e+03	2.3247406e-46
1.1473300e+03	2.3306602e-46
1.1499700e+03	2.3365874e-46
1.1526200e+03	2.3425527e-46
1.1552800e+03	2.3485256e-46
1.1579400e+03	2.3545368e-46
1.1606200e+03	2.3605864e-46
1.1632900e+03	2.3666438e-46
1.1659700e+03	2.3727397e-46
1.1686600e+03	2.3788744e-46
1.1713600e+03	2.3850169e-46
1.1740600e+03	2.3911983e-46
1.1767700e+03	2.3974187e-46
1.1794800e+03	2.4036471e-46
1.1822000e+03	2.4099147e-46
1.1849300e+03	2.4162215e-46
1.1876600e+03	2.4225366e-46
1.1904000e+03	2.4288911e-46
1.1931400e+03	2.4352851e-46
1.1958900e+03	2.4416875e-46
1.1986500e+03	2.4481296e-46
1.2014200e+03	2.4546116e-46
1.2041900e+03	2.4611334e-46
1.2069600e+03	2.4676640e-46
1.2097500e+03	2.4742346e-46
1.2125400e+03	2.4808140e-46
1.2153300e+03	2.4874652e-46
1.2181300e+03	2.4941253e-46
1.2209400e+03	2.5007943e-46
1.2237600e+03	2.5075356e-46
1.2265800e+03	2.5142859e-46
1.2294100e+03	2.5210771e-46
1.2322400e+03	2.5279092e-46
1.2350900e+03	2.5347824e-46
1.2379300e+03	2.5418244e-46
1.2407900e+03	2.6083219e-46
1.2436500e+03	2.5557458e-46
1.2465200e+03	2.5624966e-46
1.2493900e+03	2.5694487e-46
1.2522700e+03	2.5764744e-46
1.2551600e+03	2.5835419e-46
1.2580600e+03	2.5906512e-46
1.2609600e+03	2.5977703e-46
1.2638600e+03	2.6049314e-46
1.2667800e+03	2.6121348e-46
1.2697000e+03	2.6193804e-46
1.2726300e+03	2.6266685e-46
1.2755600e+03	2.6339667e-46
1.2785000e+03	2.6413075e-46
1.2814500e+03	2.6486586e-46
1.2844100e+03	2.6560851e-46
1.2873700e+03	2.6635219e-46
1.2903400e+03	2.6710019e-46
1.2933100e+03	2.6785250e-46
1.2963000e+03	2.6860588e-46
1.2992900e+03	2.6936359e-46
1.3022800e+03	2.7012566e-46
1.3052800e+03	2.7089210e-46
1.3082900e+03	2.7165962e-46
1.3113100e+03	2.7243153e-46
1.3143400e+03	2.7320784e-46
1.3173700e+03	2.7398526e-46
1.3204000e+03	2.7477041e-46
1.3234500e+03	2.7555668e-46
1.3265000e+03	2.7634740e-46
1.3295600e+03	2.7714259e-46
1.3326300e+03	2.7793891e-46
1.3357000e+03	2.7873972e-46
1.3387800e+03	2.7954502e-46
1.3418700e+03	2.8035484e-46
1.3449600e+03	2.8116582e-46
1.3480600e+03	2.8198470e-46
1.3511700e+03	2.8280476e-46
1.3542900e+03	2.8362602e-46
1.3574100e+03	2.8445521e-46
1.3605400e+03	2.8528561e-46
1.3636800e+03	2.8612399e-46
1.3668200e+03	2.8696360e-46
1.3699700e+03	2.8780444e-46
1.3731300e+03	2.8865330e-46
1.3763000e+03	2.8950342e-46
1.3794700e+03	2.9035819e-46
1.3826500e+03	2.9121764e-46
1.3858400e+03	2.9208177e-46
1.3890400e+03	2.9294719e-46
1.3922400e+03	2.9382074e-46
1.3954500e+03	2.9469559e-46
1.3986700e+03	2.9557518e-46
1.4019000e+03	2.9645608e-46
1.4051300e+03	2.9734519e-46
1.4083700e+03	2.9823563e-46
1.4116200e+03	2.9913086e-46
1.4148700e+03	3.0003090e-46
1.4181300e+03	3.0093576e-46
1.4214000e+03	3.0184198e-46
1.4246800e+03	3.0275652e-46
1.4279700e+03	3.0367245e-46
1.4312600e+03	3.0459325e-46
1.4345600e+03	3.0551894e-46
1.4378700e+03	3.0644603e-46
1.4411800e+03	3.0738154e-46
1.4445100e+03	3.0831848e-46
1.4478400e+03	3.0926036e-46
1.4511800e+03	3.1020720e-46
1.4545200e+03	3.1115902e-46
1.4578800e+03	3.1211582e-46
1.4612400e+03	3.1307410e-46
1.4646100e+03	3.1404093e-46
1.4679900e+03	3.1500925e-46
1.4713700e+03	3.1598262e-46
1.4747700e+03	3.1696105e-46
1.4781700e+03	3.1794099e-46
1.4815700e+03	3.1892959e-46
1.4849900e+03	3.1991973e-46
1.4884200e+03	3.2091856e-46
1.4918500e+03	3.2191895e-46
1.4952900e+03	3.2292449e-46
1.4987400e+03	3.2393520e-46
1.5021900e+03	3.2494749e-46
1.5056600e+03	3.2596858e-46
1.5091300e+03	3.2699127e-46
1.5126100e+03	3.2802281e-46
1.5161000e+03	3.2905597e-46
1.5195900e+03	3.3009439e-46
1.5231000e+03	3.3113809e-46
1.5266100e+03	3.3218343e-46
1.5301300e+03	3.3323772e-46
1.5336600e+03	3.3429734e-46
1.5371900e+03	3.3535864e-46
1.5407400e+03	3.3642530e-46
1.5442900e+03	3.3750099e-46
1.5478500e+03	3.3857840e-46
1.5514200e+03	3.3966121e-46
1.5550000e+03	3.4074576e-46
1.5585900e+03	3.4183942e-46
1.5621800e+03	3.4293855e-46
1.5657800e+03	3.4404314e-46
1.5693900e+03	3.4515323e-46
1.5730100e+03	3.4627999e-46
1.5766400e+03	3.4805380e-46
1.5802800e+03	3.4851289e-46
1.5839200e+03	3.4963390e-46
1.5875700e+03	3.5076795e-46
1.5912300e+03	3.5190383e-46
1.5949000e+03	3.5304907e-46
1.5985800e+03	3.5419993e-46
1.6022700e+03	3.5535266e-46
1.6059600e+03	3.5651482e-46
1.6096700e+03	3.5767887e-46
1.6133800e+03	3.5885240e-46
1.6171000e+03	3.6002786e-46
1.6208300e+03	3.6120903e-46
1.6245600e+03	3.6239595e-46
1.6283100e+03	3.6358862e-46
1.6320700e+03	3.6478708e-46
1.6358300e+03	3.6599133e-46
1.6396000e+03	3.6720141e-46
1.6433800e+03	3.6841731e-46
1.6471700e+03	3.6963908e-46
1.6509700e+03	3.7086671e-46
1.6547800e+03	3.7209638e-46
1.6585900e+03	3.7333582e-46
1.6624200e+03	3.7457732e-46
1.6662500e+03	3.7582863e-46
1.6700900e+03	3.7708203e-46
1.6739500e+03	3.7834529e-46
1.6778100e+03	3.7961067e-46
1.6816700e+03	3.8088597e-46
1.6855500e+03	3.8216340e-46
1.6894400e+03	3.8344689e-46
1.6933400e+03	3.8473646e-46
1.6972400e+03	3.8603604e-46
1.7011500e+03	3.8733782e-46
1.7050800e+03	3.8864574e-46
1.7090100e+03	3.8995981e-46
1.7129500e+03	3.9128005e-46
1.7169000e+03	3.9260648e-46
1.7208600e+03	3.9393913e-46
1.7248300e+03	3.9527802e-46
1.7288000e+03	3.9662316e-46
1.7327900e+03	3.9797457e-46
1.7367900e+03	3.9933228e-46
1.7407900e+03	4.0069630e-46
1.7448100e+03	4.0206666e-46
1.7488300e+03	4.0344338e-46
1.7528600e+03	4.0482647e-46
1.7569000e+03	4.0621596e-46
1.7609600e+03	4.0761187e-46
1.7650200e+03	4.0901422e-46
1.7690900e+03	4.1042303e-46
1.7731700e+03	4.1183832e-46
1.7772600e+03	4.1326011e-46
1.7813500e+03	4.1469250e-46
1.7854600e+03	4.1612736e-46
1.7895800e+03	4.1756879e-46
1.7937100e+03	4.1901681e-46
1.7978400e+03	4.2047143e-46
1.8019900e+03	4.2193268e-46
1.8061400e+03	4.2340058e-46
1.8103100e+03	4.2487516e-46
1.8144800e+03	4.2636055e-46
1.8186700e+03	4.2784854e-46
1.8228600e+03	4.2934326e-46
1.8270600e+03	4.3084890e-46
1.8312800e+03	4.3235717e-46
1.8355000e+03	4.3387224e-46
1.8397300e+03	4.3539830e-46
1.8439800e+03	4.3692705e-46
1.8482300e+03	4.3846685e-46
1.8524900e+03	4.4001355e-46
1.8567600e+03	4.4156298e-46
1.8610400e+03	4.4312355e-46
1.8653400e+03	4.4469109e-46
1.8696400e+03	4.4626563e-46
1.8739500e+03	4.4784717e-46
1.8782700e+03	4.4943576e-46
1.8826000e+03	4.5103141e-46
1.8869400e+03	4.5263414e-46
1.8912900e+03	4.5424823e-46
1.8956500e+03	4.5587374e-46
1.9000300e+03	4.5752782e-46
1.9044100e+03	4.5912490e-46
1.9088000e+03	4.6076340e-46
1.9132000e+03	4.6240911e-46
1.9176100e+03	4.6406638e-46
1.9220300e+03	4.6573093e-46
1.9264700e+03	4.6740278e-46
1.9309100e+03	4.6908196e-46
1.9353600e+03	4.7076849e-46
1.9398300e+03	4.7246239e-46
1.9443000e+03	4.7416369e-46
1.9487800e+03	4.7587241e-46
1.9532800e+03	4.7759295e-46
1.9577800e+03	4.7932096e-46
1.9622900e+03	4.8105210e-46
1.9668200e+03	4.8279515e-46
1.9713600e+03	4.8454575e-46
1.9759000e+03	4.8630394e-46
1.9804600e+03	4.8806972e-46
1.9850200e+03	4.8984313e-46
1.9896000e+03	4.9162863e-46
1.9941900e+03	4.9341737e-46
1.9987900e+03	4.9521826e-46
2.0034000e+03	4.9702689e-46
2.0080200e+03	4.9884329e-46
2.0126500e+03	5.0066748e-46
2.0172900e+03	5.0249947e-46
2.0219400e+03	5.0433931e-46
2.0266000e+03	5.0619150e-46
2.0312800e+03	5.0805160e-46
2.0359600e+03	5.0991511e-46
2.0406600e+03	5.1179108e-46
2.0453600e+03	5.1367503e-46
2.0500800e+03	5.1557152e-46
2.0548100e+03	5.1747150e-46
2.0595400e+03	5.1938410e-46
2.0642900e+03	5.2130022e-46
2.0690500e+03	5.2322903e-46
2.0738300e+03	5.2516597e-46
2.0786100e+03	5.2711568e-46
2.0834000e+03	5.2906900e-46
2.0882100e+03	5.3103515e-46
2.0930200e+03	5.3300495e-46
2.0978500e+03	5.3498765e-46
2.1026900e+03	5.3697866e-46
2.1075300e+03	5.3898266e-46
2.1123900e+03	5.4099038e-46
2.1172700e+03	5.4301117e-46
2.1221500e+03	5.4504039e-46
2.1270400e+03	5.4707807e-46
2.1319500e+03	5.4912424e-46
2.1368600e+03	5.5118362e-46
2.1417900e+03	5.5324685e-46
2.1467300e+03	5.5532336e-46
2.1516800e+03	5.5740849e-46
2.1566400e+03	5.5950699e-46
2.1616100e+03	5.6160942e-46
2.1666000e+03	5.6372530e-46
2.1716000e+03	5.6584991e-46
2.1766000e+03	5.6798329e-46
2.1816200e+03	5.7013023e-46
2.1866500e+03	5.7228122e-46
2.1917000e+03	5.7444585e-46
2.1967500e+03	5.7661937e-46
2.2018200e+03	5.7880661e-46
2.2068900e+03	5.8099800e-46
2.2119800e+03	5.8320318e-46
2.2170800e+03	5.8541738e-46
2.2222000e+03	5.8764547e-46
2.2273200e+03	5.8987780e-46
2.2324600e+03	5.9212409e-46
2.2376000e+03	5.9437952e-46
2.2427600e+03	5.9664902e-46
2.2479400e+03	5.9892283e-46
2.2531200e+03	6.0121078e-46
2.2583200e+03	6.0354732e-46
2.2635200e+03	6.0581946e-46
2.2687400e+03	6.0813533e-46
2.2739700e+03	6.1046550e-46
2.2792200e+03	6.1280507e-46
2.2844700e+03	6.1515905e-46
2.2897400e+03	6.1752250e-46
2.2950200e+03	6.1989547e-46
2.3003100e+03	6.2227797e-46
2.3056200e+03	6.2467504e-46
2.3109400e+03	6.2708173e-46
2.3162700e+03	6.2949806e-46
2.3216100e+03	6.3192407e-46
2.3269600e+03	6.3436482e-46
2.3323300e+03	6.3681532e-46
2.3377000e+03	6.3928066e-46
2.3431000e+03	6.4175076e-46
2.3485000e+03	6.4424085e-46
2.3539100e+03	6.4673576e-46
2.3593400e+03	6.4924569e-46
2.3647800e+03	6.5176558e-46
2.3702400e+03	6.5429547e-46
2.3757000e+03	6.5684052e-46
2.3811800e+03	6.5939563e-46
2.3866700e+03	6.6196086e-46
2.3921700e+03	6.6454137e-46
2.3976900e+03	6.6713208e-46
2.4032200e+03	6.6973299e-46
2.4087600e+03	6.7234934e-46
2.4143200e+03	6.7497599e-46
2.4198800e+03	6.7761296e-46
2.4254600e+03	6.8026551e-46
2.4310600e+03	6.8292846e-46
2.4366600e+03	6.8560186e-46
2.4422800e+03	6.8829097e-46
2.4479100e+03	6.9099060e-46
2.4535600e+03	6.9370605e-46
2.4592200e+03	6.9642682e-46
2.4648900e+03	6.9916879e-46
2.4705700e+03	7.0191614e-46
2.4762700e+03	7.0467950e-46
2.4819800e+03	7.0745892e-46
2.4877000e+03	7.1024915e-46
2.4934400e+03	7.1305021e-46
2.4991900e+03	7.1586213e-46
2.5049500e+03	7.1869031e-46
2.5107300e+03	7.2152944e-46
2.5165200e+03	7.2438493e-46
2.5223200e+03	7.2725145e-46
2.5281400e+03	7.3013444e-46
2.5339700e+03	7.3302855e-46
2.5398100e+03	7.3593381e-46
2.5456700e+03	7.3885569e-46
2.5515400e+03	7.4178880e-46
2.5574200e+03	7.4473864e-46
2.5633200e+03	7.4769980e-46
2.5692300e+03	7.5067232e-46
2.5751600e+03	7.5366172e-46
2.5810900e+03	7.5666256e-46
2.5870500e+03	7.5968038e-46
2.5930100e+03	7.6270974e-46
2.5989900e+03	7.6575619e-46
2.6049900e+03	7.6881426e-46
2.6109900e+03	7.7188953e-46
2.6170100e+03	7.7497651e-46
2.6230500e+03	7.7807524e-46
2.6291000e+03	7.8119132e-46
2.6351600e+03	7.8431923e-46
2.6412400e+03	7.8746462e-46
2.6473300e+03	7.9062192e-46
2.6534300e+03	7.9379682e-46
2.6595500e+03	7.9698371e-46
2.6656800e+03	8.0018831e-46
2.6718300e+03	8.0340501e-46
2.6779900e+03	8.0663952e-46
2.6841700e+03	8.0988622e-46
2.6903600e+03	8.1314515e-46
2.6965600e+03	8.1642776e-46
2.7027800e+03	8.1971698e-46
2.7090100e+03	8.2302429e-46
2.7152600e+03	8.2634976e-46
2.7215200e+03	8.2968770e-46
2.7278000e+03	8.3303813e-46
2.7340900e+03	8.3641267e-46
2.7403900e+03	8.3979403e-46
2.7467100e+03	8.4319383e-46
2.7530400e+03	8.4661213e-46
2.7593900e+03	8.5004318e-46
2.7657600e+03	8.5349285e-46
2.7721300e+03	8.5695537e-46
2.7785300e+03	8.6043662e-46
2.7849300e+03	8.6393081e-46
2.7913600e+03	8.6744387e-46
2.7977900e+03	8.7096995e-46
2.8042400e+03	8.7451501e-46
2.8107100e+03	8.7807913e-46
2.8171900e+03	8.8165643e-46
2.8236900e+03	8.8525291e-46
2.8302000e+03	8.8886267e-46
2.8367300e+03	8.9248575e-46
2.8432700e+03	8.9613416e-46
2.8498300e+03	8.9979601e-46
2.8564000e+03	9.0347134e-46
2.8629800e+03	9.0716621e-46
2.8695900e+03	9.1088069e-46
2.8762000e+03	9.1460881e-46
2.8828400e+03	9.1835666e-46
2.8894800e+03	9.2211825e-46
2.8961500e+03	9.2589970e-46
2.9028300e+03	9.2970108e-46
2.9095200e+03	9.3351636e-46
2.9162300e+03	9.3734558e-46
2.9229500e+03	9.4120104e-46
2.9296900e+03	9.4507056e-46
2.9364500e+03	9.4895419e-46
2.9432200e+03	9.5286429e-46
2.9500100e+03	9.5678244e-46
2.9568100e+03	9.6072722e-46
2.9636300e+03	9.6468633e-46
2.9704600e+03	9.6866603e-46
2.9773100e+03	9.7266016e-46
2.9841800e+03	9.7667500e-46
2.9910600e+03	9.8071065e-46
2.9979600e+03	9.8476088e-46
3.0048700e+03	9.8883205e-46
3.0118000e+03	9.9292421e-46
3.0187500e+03	9.9703115e-46
3.0257100e+03	1.0011592e-45
3.0326800e+03	1.0053085e-45
3.0396800e+03	1.0094727e-45
3.0466900e+03	1.0136582e-45
3.0537100e+03	1.0178652e-45
3.0607600e+03	1.0220873e-45
3.0678100e+03	1.0263309e-45
3.0748900e+03	1.0305962e-45
3.0819800e+03	1.0348767e-45
3.0890900e+03	1.0391790e-45
3.0962100e+03	1.0435097e-45
3.1033500e+03	1.0478428e-45
3.1105100e+03	1.0522109e-45
3.1176800e+03	1.0565945e-45
3.1248700e+03	1.0609938e-45
3.1320700e+03	1.0654153e-45
3.1393000e+03	1.0698591e-45
3.1465400e+03	1.0743252e-45
3.1537900e+03	1.0788137e-45
3.1610600e+03	1.0833182e-45
3.1683500e+03	1.0878453e-45
3.1756600e+03	1.0923884e-45
3.1829800e+03	1.0969609e-45
3.1903200e+03	1.1015495e-45
3.1976800e+03	1.1061611e-45
3.2050500e+03	1.1107956e-45
3.2124400e+03	1.1154464e-45
3.2198500e+03	1.1201204e-45
3.2272800e+03	1.1248176e-45
3.2347200e+03	1.1295380e-45
3.2421800e+03	1.1342750e-45
3.2496600e+03	1.1390355e-45
3.2571500e+03	1.1438195e-45
3.2646600e+03	1.1486270e-45
3.2721900e+03	1.1534582e-45
3.2797300e+03	1.1583063e-45
3.2873000e+03	1.1631783e-45
3.2948800e+03	1.1680742e-45
3.3024800e+03	1.1729940e-45
3.3100900e+03	1.1779379e-45
3.3177200e+03	1.1828991e-45
3.3253700e+03	1.1878845e-45
3.3330400e+03	1.1928942e-45
3.3407300e+03	1.1979282e-45
3.3484300e+03	1.2029868e-45
3.3561500e+03	1.2080630e-45
3.3638900e+03	1.2131637e-45
3.3716500e+03	1.2182962e-45
3.3794300e+03	1.2234465e-45
3.3872200e+03	1.2286147e-45
3.3950300e+03	1.2338148e-45
3.4028600e+03	1.2390400e-45
3.4107100e+03	1.2442833e-45
3.4185700e+03	1.2495518e-45
3.4264500e+03	1.2548456e-45
3.4343600e+03	1.2601648e-45
3.4422800e+03	1.2655095e-45
3.4502100e+03	1.2708797e-45
3.4581700e+03	1.2762685e-45
3.4661400e+03	1.2816901e-45
3.4741400e+03	1.2871304e-45
3.4821500e+03	1.2926038e-45
3.4901800e+03	1.2980960e-45
3.4982300e+03	1.3036144e-45
3.5062900e+03	1.3091588e-45
3.5143800e+03	1.3147296e-45
3.5224800e+03	1.3203194e-45
3.5306100e+03	1.3259430e-45
3.5387500e+03	1.3315931e-45
3.5469100e+03	1.3372625e-45
3.5550900e+03	1.3429660e-45
3.5632900e+03	1.3486889e-45
3.5715000e+03	1.3544461e-45
3.5797400e+03	1.3602229e-45
3.5879900e+03	1.3660268e-45
3.5962700e+03	1.3718579e-45
3.6045600e+03	1.3777162e-45
3.6128700e+03	1.3836094e-45
3.6212000e+03	1.3895225e-45
3.6295500e+03	1.3954633e-45
3.6379200e+03	1.4014316e-45
3.6463100e+03	1.4074277e-45
3.6547200e+03	1.4134517e-45
3.6631500e+03	1.4195036e-45
3.6716000e+03	1.4255835e-45
3.6800600e+03	1.4316840e-45
3.6885500e+03	1.4378202e-45
3.6970600e+03	1.4439848e-45
3.7055800e+03	1.4501778e-45
3.7141300e+03	1.4563993e-45
3.7226900e+03	1.4626494e-45
3.7312800e+03	1.4689283e-45
3.7398800e+03	1.4752359e-45
3.7485000e+03	1.4815802e-45
3.7571500e+03	1.4879458e-45
3.7658100e+03	1.4943405e-45
3.7745000e+03	1.5007644e-45
3.7832000e+03	1.5072253e-45
3.7919200e+03	1.5137080e-45
3.8006700e+03	1.5202279e-45
3.8094300e+03	1.5267697e-45
3.8182200e+03	1.5333490e-45
3.8270200e+03	1.5399503e-45
3.8358500e+03	1.5465893e-45
3.8446900e+03	1.5532584e-45
3.8535600e+03	1.5599577e-45
3.8624400e+03	1.5666872e-45
3.8713500e+03	1.5734471e-45
3.8802800e+03	1.5802374e-45
3.8892300e+03	1.5870583e-45
3.8982000e+03	1.5939178e-45
3.9071800e+03	1.6008001e-45
3.9161900e+03	1.6077213e-45
3.9252300e+03	1.6146655e-45
3.9342800e+03	1.6216487e-45
3.9433500e+03	1.6286632e-45
3.9524400e+03	1.6357090e-45
3.9615600e+03	1.6427944e-45
3.9706900e+03	1.6499032e-45
3.9798500e+03	1.6570761e-45
3.9890300e+03	1.6642239e-45
3.9982300e+03	1.6714360e-45
4.0074500e+03	1.6786802e-45
4.0166900e+03	1.6859564e-45
4.0259500e+03	1.6932731e-45
4.0352300e+03	1.7006139e-45
4.0445400e+03	1.7079953e-45
4.0538700e+03	1.7154093e-45
4.0632100e+03	1.7228560e-45
4.0725800e+03	1.7303354e-45
4.0819700e+03	1.7378477e-45
4.0913900e+03	1.7454013e-45
4.1008200e+03	1.7529880e-45
4.1102800e+03	1.7606080e-45
4.1197600e+03	1.7682614e-45
4.1292600e+03	1.7759566e-45
4.1387800e+03	1.7836854e-45
4.1483200e+03	1.7914480e-45
4.1578900e+03	1.7992443e-45
4.1674800e+03	1.8070746e-45
4.1770900e+03	1.8149474e-45
4.1867200e+03	1.8228545e-45
4.1963800e+03	1.8307958e-45
4.2060500e+03	1.8387802e-45
4.2157500e+03	1.8467991e-45
4.2254700e+03	1.8548526e-45
4.2352200e+03	1.8629410e-45
4.2449800e+03	1.8710729e-45
4.2547700e+03	1.8792398e-45
4.2645800e+03	1.8874420e-45
4.2744200e+03	1.8956794e-45
4.2842700e+03	1.9039609e-45
4.2941500e+03	1.9122779e-45
4.3040600e+03	1.9206394e-45
4.3139800e+03	1.9290279e-45
4.3239300e+03	1.9374611e-45
4.3339000e+03	1.9459391e-45
4.3438900e+03	1.9544534e-45
4.3539100e+03	1.9630039e-45
4.3639500e+03	1.9715909e-45
4.3740200e+03	1.9802233e-45
4.3841000e+03	1.9888924e-45
4.3942100e+03	1.9975983e-45
4.4043400e+03	2.0063501e-45
4.4145000e+03	2.0151390e-45
4.4246800e+03	2.0239741e-45
4.4348800e+03	2.0328466e-45
4.4451100e+03	2.0417565e-45
4.4553600e+03	2.0507131e-45
4.4656400e+03	2.0597075e-45
4.4759300e+03	2.0687488e-45
4.4862600e+03	2.0778281e-45
4.4966000e+03	2.0869456e-45
4.5069700e+03	2.0961106e-45
4.5173600e+03	2.1053139e-45
4.5277800e+03	2.1145650e-45
4.5382200e+03	2.1238549e-45
4.5486900e+03	2.1331835e-45
4.5591800e+03	2.1425604e-45
4.5696900e+03	2.1519857e-45
4.5802300e+03	2.1614503e-45
4.5907900e+03	2.1709542e-45
4.6013800e+03	2.1805071e-45
4.6119900e+03	2.1900996e-45
4.6226200e+03	2.1997413e-45
4.6332800e+03	2.2094230e-45
4.6439700e+03	2.2191542e-45
4.6546700e+03	2.2289257e-45
4.6654100e+03	2.2387471e-45
4.6761700e+03	2.2486090e-45
4.6869500e+03	2.2585211e-45
4.6977600e+03	2.2684740e-45
4.7085900e+03	2.2784775e-45
4.7194500e+03	2.2885221e-45
4.7303300e+03	2.2986175e-45
4.7412400e+03	2.3087545e-45
4.7521700e+03	2.3189425e-45
4.7631300e+03	2.3291820e-45
4.7741200e+03	2.3394634e-45
4.7851300e+03	2.3497965e-45
4.7961600e+03	2.3601621e-45
4.8072200e+03	2.3705895e-45
4.8183100e+03	2.3810594e-45
4.8294200e+03	2.3915817e-45
4.8405500e+03	2.4021565e-45
4.8517200e+03	2.4127744e-45
4.8629000e+03	2.4234452e-45
4.8741200e+03	2.4341593e-45
4.8853600e+03	2.4449267e-45
4.8966200e+03	2.4557377e-45
4.9079100e+03	2.4666023e-45
4.9192300e+03	2.4775208e-45
4.9305800e+03	2.4884933e-45
4.9419500e+03	2.4995100e-45
4.9533400e+03	2.5105712e-45
4.9647600e+03	2.5216969e-45
4.9762100e+03	2.5328673e-45
4.9876900e+03	2.5440927e-45
4.9991900e+03	2.5553632e-45
5.0107200e+03	2.5666889e-45
5.0222700e+03	2.5780702e-45
5.0338500e+03	2.5894969e-45
5.0454600e+03	2.6009796e-45
5.0571000e+03	2.6125183e-45
5.0687600e+03	2.6241031e-45
5.0804500e+03	2.6357545e-45
5.0921600e+03	2.6474524e-45
5.1039100e+03	2.6591967e-45
5.1156800e+03	2.6710085e-45
5.1274700e+03	2.6828671e-45
5.1393000e+03	2.6947831e-45
5.1511500e+03	2.7067463e-45
5.1630300e+03	2.7187777e-45
5.1749300e+03	2.7308568e-45
5.1868700e+03	2.7429940e-45
5.1988300e+03	2.7551896e-45
5.2108100e+03	2.7674333e-45
5.2228300e+03	2.7797358e-45
5.2348700e+03	2.7920973e-45
5.2469500e+03	2.8045180e-45
5.2590500e+03	2.8169981e-45
5.2711700e+03	2.8295378e-45
5.2833300e+03	2.8421267e-45
5.2955100e+03	2.8547756e-45
5.3077200e+03	2.8674847e-45
5.3199600e+03	2.8802542e-45
5.3322300e+03	2.8930736e-45
5.3445300e+03	2.9059646e-45
5.3568500e+03	2.9189059e-45
5.3692000e+03	2.9319084e-45
5.3815900e+03	2.9449833e-45
5.3940000e+03	2.9581089e-45
5.4064300e+03	2.9712856e-45
5.4189000e+03	2.9845352e-45
5.4314000e+03	2.9978472e-45
5.4439200e+03	3.0112108e-45
5.4564800e+03	3.0246480e-45
5.4690600e+03	3.0381372e-45
5.4816700e+03	3.0516896e-45
5.4943100e+03	3.0653164e-45
5.5069800e+03	3.0789958e-45
5.5196800e+03	3.0927390e-45
5.5324100e+03	3.1065463e-45
5.5451700e+03	3.1204178e-45
5.5579500e+03	3.1343538e-45
5.5707700e+03	3.1483545e-45
5.5836200e+03	3.1624202e-45
5.5964900e+03	3.1765398e-45
5.6094000e+03	3.1907360e-45
5.6223300e+03	3.2049978e-45
5.6353000e+03	3.2193255e-45
5.6482900e+03	3.2337192e-45
5.6613200e+03	3.2481793e-45
5.6743700e+03	3.2627058e-45
5.6874600e+03	3.2772992e-45
5.7005700e+03	3.2919480e-45
5.7137200e+03	3.3066755e-45
5.7269000e+03	3.3214820e-45
5.7401000e+03	3.3363447e-45
5.7533400e+03	3.3512753e-45
5.7666100e+03	3.3662740e-45
5.7799000e+03	3.3813411e-45
5.7932300e+03	3.3964885e-45
5.8065900e+03	3.4116931e-45
5.8199800e+03	3.4269784e-45
5.8334000e+03	3.4423214e-45
5.8468500e+03	3.4577458e-45
5.8603400e+03	3.4732399e-45
5.8738500e+03	3.4888042e-45
5.8874000e+03	3.5044387e-45
5.9009700e+03	3.5201557e-45
5.9145800e+03	3.5359316e-45
5.9282200e+03	3.5517905e-45
5.9418900e+03	3.5677087e-45
5.9555900e+03	3.5837105e-45
5.9693300e+03	3.5997840e-45
5.9830900e+03	3.6159416e-45
5.9968900e+03	3.6321595e-45
6.0107200e+03	3.6484620e-45
6.0245800e+03	3.6648373e-45
6.0384700e+03	3.6812857e-45
6.0524000e+03	3.6978075e-45
6.0663500e+03	3.7144149e-45
6.0803400e+03	3.7310840e-45
6.0943600e+03	3.7478394e-45
6.1084200e+03	3.7646814e-45
6.1225000e+03	3.7815858e-45
6.1366200e+03	3.7985774e-45
6.1507700e+03	3.8156441e-45
6.1649600e+03	3.8327862e-45
6.1791700e+03	3.8500164e-45
6.1934200e+03	3.8673225e-45
6.2077000e+03	3.8847048e-45
6.2220200e+03	3.9021636e-45
6.2363700e+03	3.9197116e-45
6.2507500e+03	3.9373366e-45
6.2651600e+03	3.9551018e-45
6.2796100e+03	3.9728313e-45
6.2940900e+03	3.9907016e-45
6.3086000e+03	4.0086626e-45
6.3231500e+03	4.0267020e-45
6.3377300e+03	4.0448201e-45
6.3523500e+03	4.0630171e-45
6.3670000e+03	4.0813060e-45
6.3816800e+03	4.0996872e-45
6.3964000e+03	4.1181354e-45
6.4111500e+03	4.1366765e-45
6.4259300e+03	4.1553108e-45
6.4407500e+03	4.1740257e-45
6.4556000e+03	4.1928215e-45
6.4704900e+03	4.2117115e-45
6.4854100e+03	4.2306829e-45
6.5003600e+03	4.2497491e-45
6.5153500e+03	4.2688974e-45
6.5303800e+03	4.2881412e-45
6.5454400e+03	4.3074675e-45
6.5605300e+03	4.3268768e-45
6.5756600e+03	4.3463825e-45
6.5908200e+03	4.3659849e-45
6.6060200e+03	4.3856712e-45
6.6212600e+03	4.4054548e-45
6.6365200e+03	4.4253228e-45
6.6518300e+03	4.4452756e-45
6.6671700e+03	4.4653401e-45
6.6825400e+03	4.4854765e-45
6.6979500e+03	4.5057119e-45
6.7134000e+03	4.5260467e-45
6.7288800e+03	4.5464812e-45
6.7443900e+03	4.5670023e-45
6.7599500e+03	4.5876103e-45
6.7755400e+03	4.6083189e-45
6.7911600e+03	4.6291286e-45
6.8068200e+03	4.6500261e-45
6.8225200e+03	4.6710254e-45
6.8382500e+03	4.6921267e-45
6.8540200e+03	4.7133168e-45
6.8698200e+03	4.7346097e-45
6.8856700e+03	4.7559919e-45
6.9015400e+03	4.7774915e-45
6.9174600e+03	4.7990672e-45
6.9334100e+03	4.8207610e-45
6.9494000e+03	4.8425454e-45
6.9654300e+03	4.8644348e-45
6.9814900e+03	4.8864154e-45
6.9975900e+03	4.9085157e-45
7.0137200e+03	4.9307080e-45
7.0299000e+03	4.9529925e-45
7.0461100e+03	4.9753978e-45
7.0623600e+03	4.9978961e-45
7.0786400e+03	5.0205019e-45
7.0949700e+03	5.0432154e-45
7.1113300e+03	5.0660230e-45
7.1277300e+03	5.0889390e-45
7.1441600e+03	5.1119640e-45
7.1606400e+03	5.1350983e-45
7.1771500e+03	5.1583422e-45
7.1937000e+03	5.1816819e-45
7.2102900e+03	5.2051319e-45
7.2269200e+03	5.2287072e-45
7.2435800e+03	5.2523647e-45
7.2602800e+03	5.2761483e-45
7.2770300e+03	5.3000438e-45
7.2938100e+03	5.3240372e-45
7.3106300e+03	5.3481578e-45
7.3274900e+03	5.3723769e-45
7.3443800e+03	5.3967095e-45
7.3613200e+03	5.4211560e-45
7.3782900e+03	5.4457168e-45
7.3953100e+03	5.4703922e-45
7.4123600e+03	5.4951679e-45
7.4294600e+03	5.5200739e-45
7.4465900e+03	5.5450958e-45
7.4637600e+03	5.5702190e-45
7.4809700e+03	5.5954738e-45
7.4982200e+03	5.6208308e-45
7.5155100e+03	5.6463202e-45
7.5328400e+03	5.6719124e-45
7.5502200e+03	5.6976229e-45
7.5676300e+03	5.7234672e-45
7.5850800e+03	5.7494155e-45
7.6025700e+03	5.7754984e-45
7.6201000e+03	5.8016861e-45
7.6376700e+03	5.8280094e-45
7.6552800e+03	5.8544381e-45
7.6729400e+03	5.8810033e-45
7.6906300e+03	5.9076902e-45
7.7083700e+03	5.9344991e-45
7.7261400e+03	5.9614150e-45
7.7439600e+03	5.9884692e-45
7.7618200e+03	6.0156622e-45
7.7797100e+03	6.0429634e-45
7.7976500e+03	6.0703888e-45
7.8156400e+03	6.0979544e-45
7.8336600e+03	6.1256294e-45
7.8517200e+03	6.1534454e-45
7.8698300e+03	6.1813874e-45
7.8879800e+03	6.2094558e-45
7.9061700e+03	6.2376508e-45
7.9244000e+03	6.2659890e-45
7.9426700e+03	6.2944389e-45
7.9609900e+03	6.3230328e-45
7.9793500e+03	6.3517553e-45
7.9977500e+03	6.3806067e-45
8.0161900e+03	6.4096036e-45
8.0346800e+03	6.4387304e-45
8.0532000e+03	6.4680037e-45
8.0717700e+03	6.4973756e-45
8.0903900e+03	6.5269110e-45
8.1090400e+03	6.5565781e-45
8.1277400e+03	6.5863775e-45
8.1464900e+03	6.6163095e-45
8.1652700e+03	6.6463908e-45
8.1841000e+03	6.6766058e-45
8.2029700e+03	6.7069712e-45
8.2218900e+03	6.7374547e-45
8.2408500e+03	6.7680896e-45
8.2598500e+03	6.7988765e-45
8.2789000e+03	6.8297993e-45
8.2979900e+03	6.8608586e-45
8.3171300e+03	6.8920713e-45
8.3363100e+03	6.9234215e-45
8.3555300e+03	6.9549095e-45
8.3748000e+03	6.9865525e-45
8.3941100e+03	7.0183344e-45
8.4134700e+03	7.0502724e-45
8.4328700e+03	7.0823502e-45
8.4523100e+03	7.1145851e-45
8.4718100e+03	7.1469609e-45
8.4913400e+03	7.1794949e-45
8.5109200e+03	7.2121707e-45
8.5305500e+03	7.2450058e-45
8.5502200e+03	7.2779838e-45
8.5699400e+03	7.3111221e-45
8.5897000e+03	7.3444043e-45
8.6095100e+03	7.3778480e-45
8.6293600e+03	7.4114364e-45
8.6492600e+03	7.4451875e-45
8.6692100e+03	7.4790844e-45
8.6892000e+03	7.5131450e-45
8.7092300e+03	7.5473699e-45
8.7293200e+03	7.5817422e-45
8.7494500e+03	7.6162798e-45
8.7696200e+03	7.6509834e-45
8.7898500e+03	7.6858360e-45
8.8101200e+03	7.7208557e-45
8.8304300e+03	7.7560255e-45
8.8508000e+03	7.7913634e-45
8.8712100e+03	7.8268701e-45
8.8916600e+03	7.8625462e-45
8.9121700e+03	7.8983746e-45
8.9327200e+03	7.9343734e-45
8.9533200e+03	7.9705256e-45
8.9739600e+03	8.0068673e-45
8.9946600e+03	8.0433634e-45
9.0154000e+03	8.0800323e-45
9.0361900e+03	8.1168748e-45
9.0570300e+03	8.1538733e-45
9.0779100e+03	8.1910464e-45
9.0988500e+03	8.2283948e-45
9.1198300e+03	8.2659191e-45
9.1408600e+03	8.3036198e-45
9.1619400e+03	8.3414794e-45
9.1830700e+03	8.3795350e-45
9.2042400e+03	8.4177506e-45
9.2254700e+03	8.4561450e-45
9.2467400e+03	8.4947190e-45
9.2680600e+03	8.5334732e-45
9.2894400e+03	8.5723896e-45
9.3108600e+03	8.6115059e-45
9.3323300e+03	8.6508043e-45
9.3538500e+03	8.6902667e-45
9.3754200e+03	8.7299310e-45
9.3970400e+03	8.7697606e-45
9.4187100e+03	8.8097747e-45
9.4404300e+03	8.8499927e-45
9.4622000e+03	8.8903778e-45
9.4840200e+03	8.9309682e-45
9.5058900e+03	8.9717268e-45
9.5278100e+03	9.0126732e-45
9.5497800e+03	9.0538270e-45
9.5718000e+03	9.0951508e-45
9.5938700e+03	9.1366834e-45
9.6160000e+03	9.1783873e-45
9.6381700e+03	9.2203013e-45
9.6604000e+03	9.2624071e-45
9.6826700e+03	9.3047052e-45
9.7050000e+03	9.3471964e-45
9.7273800e+03	9.3898813e-45
9.7498100e+03	9.4327606e-45
9.7723000e+03	9.4758349e-45
9.7948300e+03	9.5191244e-45
9.8174200e+03	9.5626103e-45
9.8400600e+03	9.6062933e-45
9.8627500e+03	9.6501742e-45
9.8854900e+03	9.6942534e-45
9.9082900e+03	9.7385516e-45
9.9311400e+03	9.7830496e-45
9.9540400e+03	9.8277482e-45
9.9769900e+03	9.8726481e-45
1.0000000e+04	9.9177697e-45
