9.0000000e+00	3.0455712e-42
9.0203998e+00	4.7437289e-42
9.0408458e+00	8.5346113e-42
9.0613382e+00	2.0167092e-41
9.0818770e+00	9.9102144e-41
9.1024624e+00	1.7108981e-39
9.1230944e+00	4.3866822e-41
9.1437733e+00	1.2779006e-41
9.1644989e+00	5.9433915e-42
9.1852716e+00	3.4031627e-42
9.2060913e+00	2.1939537e-42
9.2269583e+00	1.5276401e-42
9.2478725e+00	1.1230156e-42
9.2688341e+00	8.5964938e-43
9.2898433e+00	6.7905590e-43
9.3109000e+00	5.5008652e-43
9.3320045e+00	4.5493341e-43
9.3531568e+00	3.8282720e-43
9.3743571e+00	3.2695031e-43
9.3956054e+00	2.8281996e-43
9.4169019e+00	2.4739266e-43
9.4382467e+00	2.1854471e-43
9.4596398e+00	1.9475874e-43
9.4810815e+00	1.7492786e-43
9.5025717e+00	1.5822980e-43
9.5241107e+00	1.4404367e-43
9.5456984e+00	1.3189382e-43
9.5673351e+00	1.2141111e-43
9.5890209e+00	1.1230562e-43
9.6107557e+00	1.0434720e-43
9.6325399e+00	9.7351382e-44
9.6543734e+00	9.1168929e-44
9.6762565e+00	8.5678143e-44
9.6981891e+00	8.0779002e-44
9.7201714e+00	7.6388740e-44
9.7422036e+00	7.2438417e-44
9.7642857e+00	6.8870229e-44
9.7864179e+00	6.5635458e-44
9.8086002e+00	6.2692813e-44
9.8308328e+00	6.0007141e-44
9.8531158e+00	5.7548359e-44
9.8754493e+00	5.5290603e-44
9.8978334e+00	5.3211560e-44
9.9202683e+00	5.1291895e-44
9.9427540e+00	4.9514781e-44
9.9652907e+00	4.7865537e-44
9.9878784e+00	4.6331318e-44
1.0010517e+01	4.4900839e-44
1.0033208e+01	4.3564147e-44
1.0055949e+01	4.2312465e-44
1.0078743e+01	4.1137997e-44
1.0101588e+01	4.0033811e-44
1.0124484e+01	3.8993745e-44
1.0147433e+01	3.8012291e-44
1.0170433e+01	3.7084522e-44
1.0193486e+01	3.6206014e-44
1.0216591e+01	3.5372804e-44
1.0239749e+01	3.4581304e-44
1.0262958e+01	3.3828292e-44
1.0286221e+01	3.3110846e-44
1.0309536e+01	3.2426321e-44
1.0332904e+01	3.1772317e-44
1.0356325e+01	3.1146655e-44
1.0379799e+01	3.0547349e-44
1.0403327e+01	2.9972591e-44
1.0426907e+01	2.9420726e-44
1.0450541e+01	2.8890243e-44
1.0474229e+01	2.8379755e-44
1.0497970e+01	2.7887995e-44
1.0521765e+01	2.7413792e-44
1.0545615e+01	2.6956077e-44
1.0569518e+01	2.6513863e-44
1.0593475e+01	2.6086233e-44
1.0617487e+01	2.5672352e-44
1.0641553e+01	2.5271442e-44
1.0665673e+01	2.4882785e-44
1.0689849e+01	2.4505711e-44
1.0714079e+01	2.4139604e-44
1.0738364e+01	2.3783892e-44
1.0762704e+01	2.3438042e-44
1.0787099e+01	2.3101559e-44
1.0811549e+01	2.2773976e-44
1.0836055e+01	2.2454870e-44
1.0860617e+01	2.2143836e-44
1.0885234e+01	2.1840501e-44
1.0909907e+01	2.1544509e-44
1.0934636e+01	2.1255541e-44
1.0959421e+01	2.0973281e-44
1.0984262e+01	2.0697446e-44
1.1009159e+01	2.0427764e-44
1.1034113e+01	2.0163980e-44
1.1059124e+01	1.9905860e-44
1.1084191e+01	1.9653177e-44
1.1109315e+01	1.9405719e-44
1.1134495e+01	1.9163286e-44
1.1159733e+01	1.8925695e-44
1.1185028e+01	1.8692763e-44
1.1210381e+01	1.8464328e-44
1.1235791e+01	1.8240228e-44
1.1261258e+01	1.8020316e-44
1.1286784e+01	1.7804446e-44
1.1312367e+01	1.7592489e-44
1.1338008e+01	1.7384314e-44
1.1363707e+01	1.7179801e-44
1.1389465e+01	1.6978838e-44
1.1415280e+01	1.6781311e-44
1.1441155e+01	1.6587119e-44
1.1467088e+01	1.6396165e-44
1.1493080e+01	1.6208350e-44
1.1519130e+01	1.6023588e-44
1.1545240e+01	1.5841794e-44
1.1571409e+01	1.5662883e-44
1.1597637e+01	1.5486780e-44
1.1623925e+01	1.5313407e-44
1.1650272e+01	1.5142698e-44
1.1676679e+01	1.4974578e-44
1.1703146e+01	1.4808987e-44
1.1729673e+01	1.4645860e-44
1.1756260e+01	1.4485136e-44
1.1782907e+01	1.4326759e-44
1.1809615e+01	1.4170672e-44
1.1836383e+01	1.4016822e-44
1.1863212e+01	1.3865159e-44
1.1890102e+01	1.3715633e-44
1.1917052e+01	1.3568196e-44
1.1944064e+01	1.3422800e-44
1.1971137e+01	1.3279407e-44
1.1998271e+01	1.3137969e-44
1.2025467e+01	1.2998447e-44
1.2052725e+01	1.2860798e-44
1.2080044e+01	1.2724991e-44
1.2107425e+01	1.2590981e-44
1.2134868e+01	1.2458736e-44
1.2162374e+01	1.2328223e-44
1.2189941e+01	1.2199406e-44
1.2217572e+01	1.2072252e-44
1.2245264e+01	1.1946730e-44
1.2273020e+01	1.1822809e-44
1.2300839e+01	1.1700461e-44
1.2328720e+01	1.1579658e-44
1.2356665e+01	1.1460368e-44
1.2384673e+01	1.1342567e-44
1.2412745e+01	1.1226229e-44
1.2440880e+01	1.1111325e-44
1.2469079e+01	1.0997834e-44
1.2497342e+01	1.0885730e-44
1.2525669e+01	1.0774988e-44
1.2554060e+01	1.0665587e-44
1.2582516e+01	1.0557505e-44
1.2611036e+01	1.0450717e-44
1.2639621e+01	1.0345207e-44
1.2668270e+01	1.0240948e-44
1.2696985e+01	1.0137924e-44
1.2725764e+01	1.0036117e-44
1.2754609e+01	9.9355017e-45
1.2783519e+01	9.8360638e-45
1.2812495e+01	9.7377838e-45
1.2841536e+01	9.6406438e-45
1.2870644e+01	9.5446262e-45
1.2899817e+01	9.4497139e-45
1.2929056e+01	9.3558903e-45
1.2958362e+01	9.2631387e-45
1.2987734e+01	9.1714436e-45
1.3017172e+01	9.0807890e-45
1.3046677e+01	8.9911597e-45
1.3076250e+01	8.9025407e-45
1.3105889e+01	8.8149173e-45
1.3135595e+01	8.7282753e-45
1.3165369e+01	8.6426004e-45
1.3195210e+01	8.5578790e-45
1.3225119e+01	8.4740974e-45
1.3255096e+01	8.3912426e-45
1.3285140e+01	8.3093015e-45
1.3315253e+01	8.2282615e-45
1.3345434e+01	8.1481100e-45
1.3375683e+01	8.0688348e-45
1.3406001e+01	7.9904241e-45
1.3436388e+01	7.9128659e-45
1.3466843e+01	7.8361489e-45
1.3497368e+01	7.7602616e-45
1.3527961e+01	7.6851929e-45
1.3558624e+01	7.6109321e-45
1.3589357e+01	7.5374684e-45
1.3620159e+01	7.4647912e-45
1.3651031e+01	7.3928904e-45
1.3681973e+01	7.3217556e-45
1.3712985e+01	7.2513769e-45
1.3744068e+01	7.1817449e-45
1.3775221e+01	7.1128495e-45
1.3806444e+01	7.0446815e-45
1.3837739e+01	6.9772317e-45
1.3869104e+01	6.9104907e-45
1.3900540e+01	6.8444500e-45
1.3932048e+01	6.7791003e-45
1.3963627e+01	6.7144333e-45
1.3995277e+01	6.6504403e-45
1.4027000e+01	6.5871131e-45
1.4058794e+01	6.5244433e-45
1.4090660e+01	6.4624228e-45
1.4122599e+01	6.4010439e-45
1.4154610e+01	6.3402984e-45
1.4186693e+01	6.2801788e-45
1.4218849e+01	6.2206775e-45
1.4251078e+01	6.1617870e-45
1.4283380e+01	6.1035000e-45
1.4315756e+01	6.0458092e-45
1.4348204e+01	5.9887077e-45
1.4380727e+01	5.9321881e-45
1.4413323e+01	5.8762437e-45
1.4445993e+01	5.8208678e-45
1.4478736e+01	5.7660536e-45
1.4511555e+01	5.7117947e-45
1.4544447e+01	5.6580842e-45
1.4577414e+01	5.6049160e-45
1.4610456e+01	5.5522839e-45
1.4643573e+01	5.5001816e-45
1.4676764e+01	5.4486028e-45
1.4710031e+01	5.3975417e-45
1.4743374e+01	5.3469923e-45
1.4776792e+01	5.2969488e-45
1.4810286e+01	5.2474054e-45
1.4843855e+01	5.1983564e-45
1.4877501e+01	5.1497963e-45
1.4911223e+01	5.1017193e-45
1.4945021e+01	5.0541204e-45
1.4978896e+01	5.0069940e-45
1.5012848e+01	4.9603348e-45
1.5046877e+01	4.9141374e-45
1.5080983e+01	4.8683971e-45
1.5115166e+01	4.8231086e-45
1.5149427e+01	4.7782669e-45
1.5183765e+01	4.7338670e-45
1.5218181e+01	4.6899042e-45
1.5252676e+01	4.6463736e-45
1.5287248e+01	4.6032704e-45
1.5321899e+01	4.5605901e-45
1.5356628e+01	4.5183280e-45
1.5391436e+01	4.4764796e-45
1.5426323e+01	4.4350403e-45
1.5461289e+01	4.3940059e-45
1.5496334e+01	4.3533717e-45
1.5531459e+01	4.3131336e-45
1.5566663e+01	4.2732875e-45
1.5601947e+01	4.2338290e-45
1.5637311e+01	4.1947539e-45
1.5672755e+01	4.1560583e-45
1.5708280e+01	4.1177379e-45
1.5743885e+01	4.0797890e-45
1.5779571e+01	4.0422076e-45
1.5815337e+01	4.0049897e-45
1.5851185e+01	3.9681314e-45
1.5887114e+01	3.9316292e-45
1.5923125e+01	3.8954791e-45
1.5959217e+01	3.8596775e-45
1.5995390e+01	3.8242208e-45
1.6031646e+01	3.7891053e-45
1.6067984e+01	3.7543275e-45
1.6104405e+01	3.7198839e-45
1.6140908e+01	3.6857709e-45
1.6177493e+01	3.6519853e-45
1.6214162e+01	3.6185234e-45
1.6250914e+01	3.5853822e-45
1.6287749e+01	3.5525581e-45
1.6324667e+01	3.5200481e-45
1.6361670e+01	3.4878488e-45
1.6398756e+01	3.4559570e-45
1.6435926e+01	3.4243695e-45
1.6473180e+01	3.3930835e-45
1.6510519e+01	3.3620955e-45
1.6547942e+01	3.3314027e-45
1.6585451e+01	3.3010021e-45
1.6623044e+01	3.2708907e-45
1.6660723e+01	3.2410655e-45
1.6698486e+01	3.2115237e-45
1.6736336e+01	3.1822623e-45
1.6774271e+01	3.1532786e-45
1.6812293e+01	3.1245696e-45
1.6850400e+01	3.0961329e-45
1.6888594e+01	3.0679654e-45
1.6926874e+01	3.0400645e-45
1.6965242e+01	3.0124276e-45
1.7003696e+01	2.9850520e-45
1.7042237e+01	2.9579350e-45
1.7080866e+01	2.9310741e-45
1.7119582e+01	2.9044669e-45
1.7158386e+01	2.8781106e-45
1.7197278e+01	2.8520028e-45
1.7236258e+01	2.8261410e-45
1.7275326e+01	2.8005229e-45
1.7314483e+01	2.7751459e-45
1.7353729e+01	2.7500077e-45
1.7393064e+01	2.7251059e-45
1.7432488e+01	2.7004382e-45
1.7472001e+01	2.6760023e-45
1.7511604e+01	2.6517959e-45
1.7551296e+01	2.6278167e-45
1.7591079e+01	2.6040624e-45
1.7630952e+01	2.5805310e-45
1.7670915e+01	2.5572201e-45
1.7710968e+01	2.5341276e-45
1.7751113e+01	2.5112513e-45
1.7791348e+01	2.4885893e-45
1.7831675e+01	2.4661392e-45
1.7872093e+01	2.4438992e-45
1.7912603e+01	2.4218671e-45
1.7953204e+01	2.4000409e-45
1.7993898e+01	2.3784186e-45
1.8034683e+01	2.3569981e-45
1.8075562e+01	2.3357776e-45
1.8116532e+01	2.3147551e-45
1.8157596e+01	2.2939287e-45
1.8198753e+01	2.2732964e-45
1.8240003e+01	2.2528565e-45
1.8281347e+01	2.2326068e-45
1.8322784e+01	2.2125458e-45
1.8364315e+01	2.1926716e-45
1.8405941e+01	2.1729822e-45
1.8447660e+01	2.1534761e-45
1.8489475e+01	2.1341513e-45
1.8531384e+01	2.1150061e-45
1.8573388e+01	2.0960389e-45
1.8615487e+01	2.0772478e-45
1.8657682e+01	2.0586312e-45
1.8699972e+01	2.0401874e-45
1.8742358e+01	2.0219148e-45
1.8784840e+01	2.0038118e-45
1.8827419e+01	1.9858765e-45
1.8870094e+01	1.9681075e-45
1.8912866e+01	1.9505032e-45
1.8955734e+01	1.9330621e-45
1.8998700e+01	1.9157824e-45
1.9041764e+01	1.8986628e-45
1.9084925e+01	1.8817016e-45
1.9128183e+01	1.8648974e-45
1.9171540e+01	1.8482486e-45
1.9214995e+01	1.8317537e-45
1.9258549e+01	1.8154114e-45
1.9302201e+01	1.7992201e-45
1.9345952e+01	1.7831785e-45
1.9389802e+01	1.7672850e-45
1.9433752e+01	1.7515383e-45
1.9477802e+01	1.7359369e-45
1.9521951e+01	1.7204795e-45
1.9566200e+01	1.7051648e-45
1.9610550e+01	1.6899913e-45
1.9655000e+01	1.6749578e-45
1.9699551e+01	1.6600629e-45
1.9744203e+01	1.6453052e-45
1.9788956e+01	1.6306836e-45
1.9833810e+01	1.6161966e-45
1.9878766e+01	1.6018431e-45
1.9923825e+01	1.5876217e-45
1.9968985e+01	1.5735313e-45
2.0014247e+01	1.5595705e-45
2.0059612e+01	1.5457382e-45
2.0105080e+01	1.5320331e-45
2.0150652e+01	1.5184541e-45
2.0196326e+01	1.5049999e-45
2.0242104e+01	1.4916694e-45
2.0287985e+01	1.4784614e-45
2.0333971e+01	1.4653748e-45
2.0380061e+01	1.4524083e-45
2.0426255e+01	1.4395610e-45
2.0472554e+01	1.4268316e-45
2.0518958e+01	1.4142191e-45
2.0565467e+01	1.4017223e-45
2.0612082e+01	1.3893401e-45
2.0658802e+01	1.3770716e-45
2.0705628e+01	1.3649156e-45
2.0752561e+01	1.3528711e-45
2.0799599e+01	1.3409370e-45
2.0846745e+01	1.3291122e-45
2.0893997e+01	1.3173958e-45
2.0941356e+01	1.3057868e-45
2.0988823e+01	1.2942841e-45
2.1036397e+01	1.2828868e-45
2.1084079e+01	1.2715938e-45
2.1131869e+01	1.2604042e-45
2.1179767e+01	1.2493170e-45
2.1227774e+01	1.2383313e-45
2.1275890e+01	1.2274460e-45
2.1324115e+01	1.2166604e-45
2.1372449e+01	1.2059734e-45
2.1420893e+01	1.1953842e-45
2.1469446e+01	1.1848917e-45
2.1518110e+01	1.1744951e-45
2.1566884e+01	1.1641936e-45
2.1615768e+01	1.1539862e-45
2.1664764e+01	1.1438720e-45
2.1713870e+01	1.1338502e-45
2.1763087e+01	1.1239199e-45
2.1812417e+01	1.1140803e-45
2.1861858e+01	1.1043305e-45
2.1911411e+01	1.0946698e-45
2.1961076e+01	1.0850972e-45
2.2010854e+01	1.0756119e-45
2.2060745e+01	1.0662131e-45
2.2110749e+01	1.0569001e-45
2.2160866e+01	1.0476720e-45
2.2211097e+01	1.0385280e-45
2.2261441e+01	1.0294674e-45
2.2311900e+01	1.0204894e-45
2.2362473e+01	1.0115932e-45
2.2413161e+01	1.0027781e-45
2.2463963e+01	9.9404322e-46
2.2514881e+01	9.8538797e-46
2.2565914e+01	9.7681152e-46
2.2617063e+01	9.6831318e-46
2.2668328e+01	9.5989226e-46
2.2719709e+01	9.5154790e-46
2.2771207e+01	9.4327959e-46
2.2822821e+01	9.3508643e-46
2.2874552e+01	9.2696787e-46
2.2926401e+01	9.1892314e-46
2.2978367e+01	9.1095161e-46
2.3030450e+01	9.0305256e-46
2.3082652e+01	8.9522531e-46
2.3134972e+01	8.8746930e-46
2.3187411e+01	8.7978370e-46
2.3239969e+01	8.7216802e-46
2.3292645e+01	8.6462156e-46
2.3345442e+01	8.5714361e-46
2.3398357e+01	8.4973364e-46
2.3451393e+01	8.4239095e-46
2.3504549e+01	8.3511498e-46
2.3557825e+01	8.2790509e-46
2.3611223e+01	8.2076062e-46
2.3664741e+01	8.1368104e-46
2.3718380e+01	8.0666571e-46
2.3772142e+01	7.9971406e-46
2.3826025e+01	7.9282549e-46
2.3880030e+01	7.8599941e-46
2.3934157e+01	7.7923528e-46
2.3988407e+01	7.7253245e-46
2.4042781e+01	7.6589046e-46
2.4097277e+01	7.5930872e-46
2.4151897e+01	7.5278661e-46
2.4206641e+01	7.4632366e-46
2.4261508e+01	7.3991926e-46
2.4316501e+01	7.3357296e-46
2.4371617e+01	7.2728413e-46
2.4426859e+01	7.2105230e-46
2.4482226e+01	7.1487690e-46
2.4537719e+01	7.0875745e-46
2.4593337e+01	7.0269341e-46
2.4649081e+01	6.9668436e-46
2.4704952e+01	6.9072965e-46
2.4760949e+01	6.8482886e-46
2.4817074e+01	6.7898148e-46
2.4873325e+01	6.7318708e-46
2.4929704e+01	6.6744505e-46
2.4986211e+01	6.6175505e-46
2.5042846e+01	6.5611649e-46
2.5099609e+01	6.5052895e-46
2.5156501e+01	6.4499191e-46
2.5213522e+01	6.3950500e-46
2.5270672e+01	6.3406770e-46
2.5327951e+01	6.2867955e-46
2.5385361e+01	6.2334010e-46
2.5442900e+01	6.1804894e-46
2.5500570e+01	6.1280562e-46
2.5558371e+01	6.0760968e-46
2.5616303e+01	6.0246066e-46
2.5674366e+01	5.9735818e-46
2.5732560e+01	5.9230183e-46
2.5790887e+01	5.8729112e-46
2.5849346e+01	5.8232567e-46
2.5907937e+01	5.7740505e-46
2.5966661e+01	5.7252889e-46
2.6025518e+01	5.6769672e-46
2.6084509e+01	5.6290818e-46
2.6143633e+01	5.5816288e-46
2.6202891e+01	5.5346040e-46
2.6262284e+01	5.4880039e-46
2.6321811e+01	5.4418238e-46
2.6381473e+01	5.3960605e-46
2.6441271e+01	5.3507101e-46
2.6501204e+01	5.3057686e-46
2.6561272e+01	5.2612322e-46
2.6621477e+01	5.2170977e-46
2.6681819e+01	5.1733612e-46
2.6742297e+01	5.1300189e-46
2.6802912e+01	5.0870673e-46
2.6863665e+01	5.0445030e-46
2.6924555e+01	5.0023223e-46
2.6985584e+01	4.9605214e-46
2.7046750e+01	4.9190973e-46
2.7108056e+01	4.8780465e-46
2.7169500e+01	4.8373652e-46
2.7231084e+01	4.7970505e-46
2.7292807e+01	4.7570991e-46
2.7354670e+01	4.7175071e-46
2.7416673e+01	4.6782714e-46
2.7478817e+01	4.6393895e-46
2.7541102e+01	4.6008573e-46
2.7603527e+01	4.5626716e-46
2.7666095e+01	4.5248301e-46
2.7728804e+01	4.4873288e-46
2.7791655e+01	4.4501649e-46
2.7854649e+01	4.4133354e-46
2.7917786e+01	4.3768372e-46
2.7981065e+01	4.3406672e-46
2.8044488e+01	4.3048228e-46
2.8108055e+01	4.2693006e-46
2.8171766e+01	4.2340976e-46
2.8235622e+01	4.1992112e-46
2.8299622e+01	4.1646381e-46
2.8363767e+01	4.1303762e-46
2.8428057e+01	4.0964218e-46
2.8492494e+01	4.0627728e-46
2.8557076e+01	4.0294259e-46
2.8621805e+01	3.9963788e-46
2.8686680e+01	3.9636283e-46
2.8751703e+01	3.9311723e-46
2.8816873e+01	3.8990072e-46
2.8882190e+01	3.8671313e-46
2.8947656e+01	3.8355417e-46
2.9013270e+01	3.8042357e-46
2.9079033e+01	3.7732103e-46
2.9144944e+01	3.7424636e-46
2.9211006e+01	3.7119929e-46
2.9277216e+01	3.6817957e-46
2.9343577e+01	3.6518690e-46
2.9410089e+01	3.6222113e-46
2.9476751e+01	3.5928194e-46
2.9543564e+01	3.5636911e-46
2.9610529e+01	3.5348241e-46
2.9677646e+01	3.5062158e-46
2.9744914e+01	3.4778639e-46
2.9812335e+01	3.4497665e-46
2.9879909e+01	3.4219206e-46
2.9947636e+01	3.3943246e-46
3.0015517e+01	3.3669754e-46
3.0083552e+01	3.3398717e-46
3.0151740e+01	3.3130108e-46
3.0220084e+01	3.2863903e-46
3.0288582e+01	3.2600086e-46
3.0357235e+01	3.2338627e-46
3.0426044e+01	3.2079514e-46
3.0495009e+01	3.1822717e-46
3.0564130e+01	3.1568221e-46
3.0633408e+01	3.1316002e-46
3.0702844e+01	3.1066044e-46
3.0772436e+01	3.0818319e-46
3.0842186e+01	3.0572813e-46
3.0912094e+01	3.0329504e-46
3.0982161e+01	3.0088368e-46
3.1052387e+01	2.9849393e-46
3.1122771e+01	2.9612552e-46
3.1193315e+01	2.9377833e-46
3.1264020e+01	2.9145209e-46
3.1334884e+01	2.8914669e-46
3.1405909e+01	2.8686187e-46
3.1477095e+01	2.8459747e-46
3.1548442e+01	2.8235331e-46
3.1619951e+01	2.8012921e-46
3.1691623e+01	2.7792498e-46
3.1763456e+01	2.7574044e-46
3.1835453e+01	2.7357544e-46
3.1907612e+01	2.7142974e-46
3.1979936e+01	2.6930323e-46
3.2052423e+01	2.6719567e-46
3.2125074e+01	2.6510698e-46
3.2197890e+01	2.6303689e-46
3.2270871e+01	2.6098532e-46
3.2344018e+01	2.5895201e-46
3.2417330e+01	2.5693689e-46
3.2490809e+01	2.5493972e-46
3.2564454e+01	2.5296037e-46
3.2638266e+01	2.5099868e-46
3.2712245e+01	2.4905451e-46
3.2786392e+01	2.4712764e-46
3.2860707e+01	2.4521797e-46
3.2935191e+01	2.4332534e-46
3.3009843e+01	2.4144955e-46
3.3084665e+01	2.3959049e-46
3.3159656e+01	2.3774803e-46
3.3234817e+01	2.3592195e-46
3.3310148e+01	2.3411215e-46
3.3385651e+01	2.3231847e-46
3.3461324e+01	2.3054077e-46
3.3537169e+01	2.2877890e-46
3.3613186e+01	2.2703272e-46
3.3689375e+01	2.2530211e-46
3.3765737e+01	2.2358689e-46
3.3842272e+01	2.2188691e-46
3.3918980e+01	2.2020209e-46
3.3995862e+01	2.1853224e-46
3.4072919e+01	2.1687728e-46
3.4150150e+01	2.1523701e-46
3.4227556e+01	2.1361135e-46
3.4305138e+01	2.1200015e-46
3.4382895e+01	2.1040326e-46
3.4460829e+01	2.0882059e-46
3.4538940e+01	2.0725196e-46
3.4617227e+01	2.0569730e-46
3.4695692e+01	2.0415643e-46
3.4774335e+01	2.0262927e-46
3.4853156e+01	2.0111568e-46
3.4932155e+01	1.9961556e-46
3.5011334e+01	1.9812871e-46
3.5090692e+01	1.9665510e-46
3.5170230e+01	1.9519457e-46
3.5249949e+01	1.9374700e-46
3.5329848e+01	1.9231230e-46
3.5409928e+01	1.9089031e-46
3.5490190e+01	1.8948095e-46
3.5570633e+01	1.8808408e-46
3.5651259e+01	1.8669962e-46
3.5732068e+01	1.8532744e-46
3.5813060e+01	1.8396742e-46
3.5894235e+01	1.8261947e-46
3.5975595e+01	1.8128347e-46
3.6057139e+01	1.7995930e-46
3.6138867e+01	1.7864688e-46
3.6220781e+01	1.7734608e-46
3.6302881e+01	1.7605681e-46
3.6385167e+01	1.7477898e-46
3.6467639e+01	1.7351244e-46
3.6550298e+01	1.7225715e-46
3.6633144e+01	1.7101295e-46
3.6716179e+01	1.6977978e-46
3.6799401e+01	1.6855751e-46
3.6882812e+01	1.6734607e-46
3.6966413e+01	1.6614535e-46
3.7050202e+01	1.6495526e-46
3.7134182e+01	1.6377567e-46
3.7218352e+01	1.6260654e-46
3.7302713e+01	1.6144775e-46
3.7387265e+01	1.6029920e-46
3.7472008e+01	1.5916081e-46
3.7556944e+01	1.5803245e-46
3.7642072e+01	1.5691410e-46
3.7727393e+01	1.5580562e-46
3.7812908e+01	1.5470693e-46
3.7898616e+01	1.5361795e-46
3.7984519e+01	1.5253860e-46
3.8070616e+01	1.5146877e-46
3.8156909e+01	1.5040837e-46
3.8243397e+01	1.4935734e-46
3.8330081e+01	1.4831559e-46
3.8416962e+01	1.4728303e-46
3.8504039e+01	1.4625959e-46
3.8591314e+01	1.4524516e-46
3.8678787e+01	1.4423969e-46
3.8766458e+01	1.4324308e-46
3.8854328e+01	1.4225526e-46
3.8942397e+01	1.4127614e-46
3.9030665e+01	1.4030566e-46
3.9119134e+01	1.3934374e-46
3.9207803e+01	1.3839026e-46
3.9296673e+01	1.3744521e-46
3.9385745e+01	1.3650847e-46
3.9475018e+01	1.3557999e-46
3.9564494e+01	1.3465966e-46
3.9654172e+01	1.3374744e-46
3.9744054e+01	1.3284326e-46
3.9834140e+01	1.3194703e-46
3.9924430e+01	1.3105870e-46
4.0014924e+01	1.3017815e-46
4.0105624e+01	1.2930535e-46
4.0196529e+01	1.2844024e-46
4.0287640e+01	1.2758272e-46
4.0378958e+01	1.2673275e-46
4.0470483e+01	1.2589024e-46
4.0562215e+01	1.2505513e-46
4.0654155e+01	1.2422736e-46
4.0746303e+01	1.2340686e-46
4.0838661e+01	1.2259355e-46
4.0931227e+01	1.2178738e-46
4.1024004e+01	1.2098830e-46
4.1116991e+01	1.2019623e-46
4.1210188e+01	1.1941111e-46
4.1303597e+01	1.1863285e-46
4.1397218e+01	1.1786144e-46
4.1491050e+01	1.1709679e-46
4.1585096e+01	1.1633885e-46
4.1679354e+01	1.1558755e-46
4.1773827e+01	1.1484281e-46
4.1868513e+01	1.1410461e-46
4.1963414e+01	1.1337288e-46
4.2058530e+01	1.1264755e-46
4.2153862e+01	1.1192857e-46
4.2249410e+01	1.1121588e-46
4.2345174e+01	1.1050944e-46
4.2441155e+01	1.0980917e-46
4.2537354e+01	1.0911503e-46
4.2633771e+01	1.0842695e-46
4.2730407e+01	1.0774490e-46
4.2827262e+01	1.0706879e-46
4.2924336e+01	1.0639861e-46
4.3021630e+01	1.0573429e-46
4.3119145e+01	1.0507574e-46
4.3216880e+01	1.0442297e-46
4.3314838e+01	1.0377591e-46
4.3413017e+01	1.0313446e-46
4.3511419e+01	1.0249864e-46
4.3610044e+01	1.0186835e-46
4.3708892e+01	1.0124356e-46
4.3807965e+01	1.0062423e-46
4.3907262e+01	1.0001030e-46
4.4006784e+01	9.9401714e-47
4.4106531e+01	9.8798433e-47
4.4206505e+01	9.8200410e-47
4.4306706e+01	9.7607597e-47
4.4407133e+01	9.7019945e-47
4.4507788e+01	9.6437410e-47
4.4608672e+01	9.5859947e-47
4.4709784e+01	9.5287507e-47
4.4811125e+01	9.4720050e-47
4.4912696e+01	9.4157528e-47
4.5014497e+01	9.3599897e-47
4.5116528e+01	9.3047116e-47
4.5218792e+01	9.2499140e-47
4.5321286e+01	9.1955925e-47
4.5424014e+01	9.1417429e-47
4.5526974e+01	9.0883611e-47
4.5630167e+01	9.0354428e-47
4.5733594e+01	8.9829838e-47
4.5837256e+01	8.9309801e-47
4.5941153e+01	8.8794276e-47
4.6045285e+01	8.8283224e-47
4.6149653e+01	8.7776604e-47
4.6254258e+01	8.7274377e-47
4.6359100e+01	8.6776500e-47
4.6464180e+01	8.6282941e-47
4.6569498e+01	8.5793656e-47
4.6675054e+01	8.5308610e-47
4.6780850e+01	8.4827762e-47
4.6886885e+01	8.4351076e-47
4.6993161e+01	8.3878518e-47
4.7099678e+01	8.3410047e-47
4.7206436e+01	8.2945627e-47
4.7313436e+01	8.2485223e-47
4.7420679e+01	8.2028800e-47
4.7528165e+01	8.1576321e-47
4.7635894e+01	8.1127751e-47
4.7743868e+01	8.0683057e-47
4.7852086e+01	8.0242201e-47
4.7960550e+01	7.9805151e-47
4.8069259e+01	7.9371874e-47
4.8178215e+01	7.8942335e-47
4.8287418e+01	7.8516500e-47
4.8396868e+01	7.8094338e-47
4.8506567e+01	7.7675815e-47
4.8616514e+01	7.7260899e-47
4.8726710e+01	7.6849557e-47
4.8837156e+01	7.6441757e-47
4.8947853e+01	7.6037470e-47
4.9058800e+01	7.5636663e-47
4.9169999e+01	7.5239305e-47
4.9281450e+01	7.4845364e-47
4.9393153e+01	7.4454812e-47
4.9505110e+01	7.4067618e-47
4.9617320e+01	7.3683753e-47
4.9729785e+01	7.3303185e-47
4.9842505e+01	7.2925887e-47
4.9955480e+01	7.2551828e-47
5.0068711e+01	7.2180981e-47
5.0182199e+01	7.1813316e-47
5.0295944e+01	7.1448807e-47
5.0409947e+01	7.1087423e-47
5.0524209e+01	7.0729138e-47
5.0638729e+01	7.0373925e-47
5.0753509e+01	7.0021755e-47
5.0868549e+01	6.9672601e-47
5.0983850e+01	6.9326439e-47
5.1099412e+01	6.8983239e-47
5.1215237e+01	6.8642976e-47
5.1331323e+01	6.8305625e-47
5.1447673e+01	6.7971159e-47
5.1564287e+01	6.7639553e-47
5.1681164e+01	6.7310781e-47
5.1798307e+01	6.6984819e-47
5.1915716e+01	6.6661640e-47
5.2033390e+01	6.6341222e-47
5.2151331e+01	6.6023537e-47
5.2269540e+01	6.5708565e-47
5.2388016e+01	6.5396279e-47
5.2506761e+01	6.5086657e-47
5.2625775e+01	6.4779674e-47
5.2745059e+01	6.4475308e-47
5.2864613e+01	6.4173533e-47
5.2984439e+01	6.3874331e-47
5.3104535e+01	6.3577673e-47
5.3224904e+01	6.3283543e-47
5.3345546e+01	6.2991913e-47
5.3466462e+01	6.2702764e-47
5.3587651e+01	6.2416074e-47
5.3709115e+01	6.2131820e-47
5.3830855e+01	6.1849981e-47
5.3952870e+01	6.1570536e-47
5.4075162e+01	6.1293463e-47
5.4197731e+01	6.1018743e-47
5.4320578e+01	6.0746353e-47
5.4443703e+01	6.0476274e-47
5.4567108e+01	6.0208484e-47
5.4690792e+01	5.9942965e-47
5.4814757e+01	5.9679693e-47
5.4939002e+01	5.9418654e-47
5.5063529e+01	5.9159823e-47
5.5188339e+01	5.8903183e-47
5.5313431e+01	5.8648715e-47
5.5438807e+01	5.8396398e-47
5.5564467e+01	5.8146216e-47
5.5690412e+01	5.7898147e-47
5.5816642e+01	5.7652174e-47
5.5943158e+01	5.7408279e-47
5.6069962e+01	5.7166442e-47
5.6197052e+01	5.6926646e-47
5.6324431e+01	5.6688874e-47
5.6452098e+01	5.6453106e-47
5.6580055e+01	5.6219326e-47
5.6708302e+01	5.5987516e-47
5.6836840e+01	5.5757659e-47
5.6965668e+01	5.5529738e-47
5.7094789e+01	5.5303735e-47
5.7224203e+01	5.5079633e-47
5.7353910e+01	5.4857417e-47
5.7483911e+01	5.4637068e-47
5.7614206e+01	5.4418572e-47
5.7744797e+01	5.4201911e-47
5.7875684e+01	5.3987070e-47
5.8006867e+01	5.3774033e-47
5.8138348e+01	5.3562784e-47
5.8270127e+01	5.3353307e-47
5.8402205e+01	5.3145586e-47
5.8534582e+01	5.2939607e-47
5.8667259e+01	5.2735354e-47
5.8800237e+01	5.2532811e-47
5.8933516e+01	5.2331964e-47
5.9067097e+01	5.2132799e-47
5.9200981e+01	5.1935300e-47
5.9335169e+01	5.1739452e-47
5.9469660e+01	5.1545242e-47
5.9604457e+01	5.1352655e-47
5.9739559e+01	5.1161677e-47
5.9874967e+01	5.0972292e-47
6.0010683e+01	5.0784489e-47
6.0146705e+01	5.0598253e-47
6.0283037e+01	5.0413571e-47
6.0419677e+01	5.0230428e-47
6.0556627e+01	5.0048811e-47
6.0693887e+01	4.9868707e-47
6.0831458e+01	4.9690104e-47
6.0969342e+01	4.9512987e-47
6.1107537e+01	4.9337343e-47
6.1246046e+01	4.9163160e-47
6.1384869e+01	4.8990426e-47
6.1524007e+01	4.8819128e-47
6.1663460e+01	4.8649252e-47
6.1803229e+01	4.8480787e-47
6.1943315e+01	4.8313721e-47
6.2083718e+01	4.8148042e-47
6.2224440e+01	4.7983735e-47
6.2365481e+01	4.7820792e-47
6.2506841e+01	4.7659199e-47
6.2648522e+01	4.7498944e-47
6.2790524e+01	4.7340017e-47
6.2932847e+01	4.7182405e-47
6.3075494e+01	4.7026099e-47
6.3218463e+01	4.6871084e-47
6.3361757e+01	4.6717351e-47
6.3505376e+01	4.6564889e-47
6.3649320e+01	4.6413687e-47
6.3793590e+01	4.6263732e-47
6.3938187e+01	4.6115016e-47
6.4083113e+01	4.5967528e-47
6.4228366e+01	4.5821255e-47
6.4373949e+01	4.5676190e-47
6.4519862e+01	4.5532319e-47
6.4666105e+01	4.5389633e-47
6.4812680e+01	4.5248123e-47
6.4959588e+01	4.5107778e-47
6.5106828e+01	4.4968588e-47
6.5254402e+01	4.4830542e-47
6.5402310e+01	4.4693632e-47
6.5550554e+01	4.4557846e-47
6.5699134e+01	4.4423178e-47
6.5848050e+01	4.4289615e-47
6.5997304e+01	4.4157147e-47
6.6146897e+01	4.4025768e-47
6.6296828e+01	4.3895465e-47
6.6447099e+01	4.3766232e-47
6.6597711e+01	4.3638057e-47
6.6748665e+01	4.3510934e-47
6.6899960e+01	4.3384850e-47
6.7051599e+01	4.3259799e-47
6.7203581e+01	4.3135772e-47
6.7355907e+01	4.3012759e-47
6.7508579e+01	4.2890753e-47
6.7661597e+01	4.2769744e-47
6.7814962e+01	4.2649722e-47
6.7968674e+01	4.2530682e-47
6.8122735e+01	4.2412615e-47
6.8277145e+01	4.2295511e-47
6.8431905e+01	4.2179362e-47
6.8587015e+01	4.2064159e-47
6.8742478e+01	4.1949898e-47
6.8898292e+01	4.1836566e-47
6.9054460e+01	4.1724158e-47
6.9210982e+01	4.1612667e-47
6.9367859e+01	4.1502081e-47
6.9525091e+01	4.1392398e-47
6.9682680e+01	4.1283605e-47
6.9840626e+01	4.1175697e-47
6.9998929e+01	4.1068667e-47
7.0157592e+01	4.0962506e-47
7.0316614e+01	4.0857209e-47
7.0475997e+01	4.0752766e-47
7.0635741e+01	4.0649170e-47
7.0795847e+01	4.0546416e-47
7.0956316e+01	4.0444494e-47
7.1117149e+01	4.0343401e-47
7.1278346e+01	4.0243126e-47
7.1439908e+01	4.0143663e-47
7.1601837e+01	4.0045008e-47
7.1764133e+01	3.9947150e-47
7.1926797e+01	3.9850085e-47
7.2089829e+01	3.9753806e-47
7.2253231e+01	3.9658305e-47
7.2417004e+01	3.9563577e-47
7.2581147e+01	3.9469615e-47
7.2745663e+01	3.9376412e-47
7.2910551e+01	3.9283963e-47
7.3075813e+01	3.9192260e-47
7.3241450e+01	3.9101298e-47
7.3407463e+01	3.9011071e-47
7.3573851e+01	3.8921571e-47
7.3740617e+01	3.8832795e-47
7.3907761e+01	3.8744734e-47
7.4075283e+01	3.8657382e-47
7.4243185e+01	3.8570736e-47
7.4411468e+01	3.8484788e-47
7.4580133e+01	3.8399532e-47
7.4749179e+01	3.8314962e-47
7.4918609e+01	3.8231076e-47
7.5088423e+01	3.8147863e-47
7.5258621e+01	3.8065320e-47
7.5429206e+01	3.7983442e-47
7.5600177e+01	3.7902221e-47
7.5771536e+01	3.7821655e-47
7.5943283e+01	3.7741737e-47
7.6115419e+01	3.7662461e-47
7.6287946e+01	3.7583822e-47
7.6460863e+01	3.7505816e-47
7.6634173e+01	3.7428436e-47
7.6807875e+01	3.7351678e-47
7.6981971e+01	3.7275536e-47
7.7156462e+01	3.7200005e-47
7.7331348e+01	3.7125080e-47
7.7506631e+01	3.7050758e-47
7.7682311e+01	3.6977032e-47
7.7858389e+01	3.6903897e-47
7.8034866e+01	3.6831349e-47
7.8211743e+01	3.6759385e-47
7.8389021e+01	3.6687995e-47
7.8566701e+01	3.6617180e-47
7.8744784e+01	3.6546931e-47
7.8923271e+01	3.6477246e-47
7.9102161e+01	3.6408121e-47
7.9281458e+01	3.6339547e-47
7.9461161e+01	3.6271525e-47
7.9641271e+01	3.6204047e-47
7.9821789e+01	3.6137112e-47
8.0002717e+01	3.6070711e-47
8.0184054e+01	3.6004842e-47
8.0365803e+01	3.5939501e-47
8.0547964e+01	3.5874684e-47
8.0730537e+01	3.5810386e-47
8.0913525e+01	3.5746603e-47
8.1096927e+01	3.5683332e-47
8.1280745e+01	3.5620567e-47
8.1464979e+01	3.5558304e-47
8.1649631e+01	3.5496541e-47
8.1834702e+01	3.5435272e-47
8.2020192e+01	3.5374494e-47
8.2206103e+01	3.5314204e-47
8.2392434e+01	3.5254396e-47
8.2579189e+01	3.5195066e-47
8.2766366e+01	3.5136213e-47
8.2953968e+01	3.5077830e-47
8.3141995e+01	3.5019917e-47
8.3330449e+01	3.4962467e-47
8.3519329e+01	3.4905477e-47
8.3708638e+01	3.4848945e-47
8.3898375e+01	3.4792865e-47
8.4088543e+01	3.4737236e-47
8.4279142e+01	3.4682051e-47
8.4470173e+01	3.4627311e-47
8.4661636e+01	3.4573009e-47
8.4853534e+01	3.4519143e-47
8.5045867e+01	3.4465709e-47
8.5238636e+01	3.4412704e-47
8.5431841e+01	3.4360125e-47
8.5625485e+01	3.4307968e-47
8.5819567e+01	3.4256230e-47
8.6014090e+01	3.4204908e-47
8.6209053e+01	3.4153998e-47
8.6404458e+01	3.4103498e-47
8.6600306e+01	3.4053403e-47
8.6796598e+01	3.4003712e-47
8.6993335e+01	3.3954421e-47
8.7190518e+01	3.3905526e-47
8.7388148e+01	3.3857025e-47
8.7586226e+01	3.3808915e-47
8.7784753e+01	3.3761193e-47
8.7983729e+01	3.3713856e-47
8.8183157e+01	3.3666900e-47
8.8383037e+01	3.3620323e-47
8.8583370e+01	3.3574123e-47
8.8784157e+01	3.3528297e-47
8.8985399e+01	3.3482840e-47
8.9187097e+01	3.3437752e-47
8.9389252e+01	3.3393027e-47
8.9591866e+01	3.3348665e-47
8.9794939e+01	3.3304663e-47
8.9998472e+01	3.3261017e-47
9.0202466e+01	3.3217725e-47
9.0406923e+01	3.3174785e-47
9.0611843e+01	3.3132192e-47
9.0817228e+01	3.3089947e-47
9.1023079e+01	3.3048045e-47
9.1229395e+01	3.3006484e-47
9.1436180e+01	3.2965262e-47
9.1643433e+01	3.2924375e-47
9.1851156e+01	3.2883823e-47
9.2059350e+01	3.2843601e-47
9.2268016e+01	3.2803708e-47
9.2477155e+01	3.2764141e-47
9.2686767e+01	3.2724898e-47
9.2896855e+01	3.2685977e-47
9.3107419e+01	3.2647374e-47
9.3318461e+01	3.2609088e-47
9.3529980e+01	3.2571117e-47
9.3741979e+01	3.2533459e-47
9.3954459e+01	3.2496111e-47
9.4167420e+01	3.2459070e-47
9.4380864e+01	3.2422334e-47
9.4594792e+01	3.2385902e-47
9.4809205e+01	3.2349772e-47
9.5024104e+01	3.2313940e-47
9.5239489e+01	3.2278407e-47
9.5455363e+01	3.2243167e-47
9.5671727e+01	3.2208221e-47
9.5888580e+01	3.2173565e-47
9.6105926e+01	3.2139197e-47
9.6323764e+01	3.2105116e-47
9.6542095e+01	3.2071320e-47
9.6760922e+01	3.2037806e-47
9.6980244e+01	3.2004574e-47
9.7200064e+01	3.1971620e-47
9.7420382e+01	3.1938942e-47
9.7641199e+01	3.1906541e-47
9.7862517e+01	3.1874412e-47
9.8084336e+01	3.1842553e-47
9.8306659e+01	3.1810964e-47
9.8529485e+01	3.1779643e-47
9.8752816e+01	3.1748588e-47
9.8976653e+01	3.1717795e-47
9.9200998e+01	3.1687266e-47
9.9425852e+01	3.1656996e-47
9.9651215e+01	3.1626985e-47
9.9877088e+01	3.1597231e-47
1.0010347e+02	3.1567731e-47
1.0033037e+02	3.1538484e-47
1.0055779e+02	3.1509491e-47
1.0078571e+02	3.1480747e-47
1.0101416e+02	3.1452250e-47
1.0124312e+02	3.1424001e-47
1.0147261e+02	3.1395998e-47
1.0170261e+02	3.1368237e-47
1.0193313e+02	3.1340719e-47
1.0216418e+02	3.1313441e-47
1.0239575e+02	3.1286402e-47
1.0262784e+02	3.1259600e-47
1.0286046e+02	3.1233033e-47
1.0309361e+02	3.1206702e-47
1.0332729e+02	3.1180603e-47
1.0356149e+02	3.1154734e-47
1.0379623e+02	3.1129096e-47
1.0403150e+02	3.1103686e-47
1.0426730e+02	3.1078504e-47
1.0450364e+02	3.1053546e-47
1.0474051e+02	3.1028814e-47
1.0497792e+02	3.1004303e-47
1.0521587e+02	3.0980014e-47
1.0545435e+02	3.0955945e-47
1.0569338e+02	3.0932094e-47
1.0593295e+02	3.0908462e-47
1.0617306e+02	3.0885044e-47
1.0641372e+02	3.0861841e-47
1.0665492e+02	3.0838852e-47
1.0689667e+02	3.0816076e-47
1.0713897e+02	3.0793509e-47
1.0738181e+02	3.0771153e-47
1.0762521e+02	3.0749005e-47
1.0786916e+02	3.0727063e-47
1.0811366e+02	3.0705327e-47
1.0835871e+02	3.0683797e-47
1.0860432e+02	3.0662470e-47
1.0885049e+02	3.0641345e-47
1.0909722e+02	3.0620421e-47
1.0934450e+02	3.0599698e-47
1.0959235e+02	3.0579174e-47
1.0984075e+02	3.0558846e-47
1.1008972e+02	3.0538715e-47
1.1033926e+02	3.0518781e-47
1.1058936e+02	3.0499040e-47
1.1084002e+02	3.0479493e-47
1.1109126e+02	3.0460138e-47
1.1134306e+02	3.0440974e-47
1.1159544e+02	3.0422001e-47
1.1184839e+02	3.0403216e-47
1.1210191e+02	3.0384620e-47
1.1235600e+02	3.0366210e-47
1.1261067e+02	3.0347987e-47
1.1286592e+02	3.0329949e-47
1.1312175e+02	3.0312095e-47
1.1337815e+02	3.0294423e-47
1.1363514e+02	3.0276935e-47
1.1389271e+02	3.0259627e-47
1.1415087e+02	3.0242500e-47
1.1440961e+02	3.0225552e-47
1.1466893e+02	3.0208783e-47
1.1492885e+02	3.0192191e-47
1.1518935e+02	3.0175775e-47
1.1545044e+02	3.0159536e-47
1.1571213e+02	3.0143470e-47
1.1597440e+02	3.0127580e-47
1.1623728e+02	3.0111862e-47
1.1650075e+02	3.0096317e-47
1.1676481e+02	3.0080942e-47
1.1702948e+02	3.0065739e-47
1.1729474e+02	3.0050705e-47
1.1756060e+02	3.0035841e-47
1.1782707e+02	3.0021144e-47
1.1809414e+02	3.0006615e-47
1.1836182e+02	2.9992253e-47
1.1863011e+02	2.9978056e-47
1.1889900e+02	2.9964025e-47
1.1916850e+02	2.9950157e-47
1.1943861e+02	2.9936453e-47
1.1970934e+02	2.9922912e-47
1.1998068e+02	2.9909533e-47
1.2025263e+02	2.9896316e-47
1.2052520e+02	2.9883260e-47
1.2079839e+02	2.9870362e-47
1.2107219e+02	2.9857625e-47
1.2134662e+02	2.9845046e-47
1.2162167e+02	2.9832625e-47
1.2189734e+02	2.9820362e-47
1.2217364e+02	2.9808254e-47
1.2245057e+02	2.9796303e-47
1.2272812e+02	2.9784507e-47
1.2300630e+02	2.9772866e-47
1.2328511e+02	2.9761378e-47
1.2356455e+02	2.9750044e-47
1.2384463e+02	2.9738864e-47
1.2412534e+02	2.9727835e-47
1.2440669e+02	2.9716957e-47
1.2468868e+02	2.9706231e-47
1.2497130e+02	2.9695655e-47
1.2525457e+02	2.9685229e-47
1.2553847e+02	2.9674952e-47
1.2582302e+02	2.9664824e-47
1.2610822e+02	2.9654845e-47
1.2639406e+02	2.9645012e-47
1.2668055e+02	2.9635326e-47
1.2696769e+02	2.9625789e-47
1.2725548e+02	2.9616396e-47
1.2754393e+02	2.9607149e-47
1.2783302e+02	2.9598047e-47
1.2812277e+02	2.9589089e-47
1.2841318e+02	2.9580276e-47
1.2870425e+02	2.9571606e-47
1.2899598e+02	2.9563080e-47
1.2928836e+02	2.9554695e-47
1.2958142e+02	2.9546453e-47
1.2987513e+02	2.9538353e-47
1.3016951e+02	2.9530394e-47
1.3046456e+02	2.9522576e-47
1.3076028e+02	2.9514898e-47
1.3105666e+02	2.9507359e-47
1.3135372e+02	2.9499960e-47
1.3165145e+02	2.9492701e-47
1.3194986e+02	2.9485580e-47
1.3224894e+02	2.9478598e-47
1.3254870e+02	2.9471753e-47
1.3284915e+02	2.9465046e-47
1.3315027e+02	2.9458476e-47
1.3345207e+02	2.9452042e-47
1.3375456e+02	2.9445744e-47
1.3405773e+02	2.9439583e-47
1.3436159e+02	2.9433558e-47
1.3466614e+02	2.9427667e-47
1.3497138e+02	2.9421912e-47
1.3527732e+02	2.9416291e-47
1.3558394e+02	2.9410804e-47
1.3589126e+02	2.9405452e-47
1.3619928e+02	2.9400232e-47
1.3650800e+02	2.9395146e-47
1.3681741e+02	2.9390193e-47
1.3712753e+02	2.9385372e-47
1.3743835e+02	2.9380684e-47
1.3774987e+02	2.9376128e-47
1.3806210e+02	2.9371703e-47
1.3837504e+02	2.9367410e-47
1.3868868e+02	2.9363248e-47
1.3900304e+02	2.9359218e-47
1.3931811e+02	2.9355318e-47
1.3963390e+02	2.9351547e-47
1.3995040e+02	2.9347907e-47
1.4026761e+02	2.9344397e-47
1.4058555e+02	2.9341017e-47
1.4090421e+02	2.9337766e-47
1.4122359e+02	2.9334644e-47
1.4154369e+02	2.9331651e-47
1.4186452e+02	2.9328787e-47
1.4218608e+02	2.9326051e-47
1.4250836e+02	2.9323443e-47
1.4283138e+02	2.9320963e-47
1.4315513e+02	2.9318612e-47
1.4347961e+02	2.9316388e-47
1.4380482e+02	2.9314291e-47
1.4413078e+02	2.9312322e-47
1.4445747e+02	2.9310479e-47
1.4478491e+02	2.9308764e-47
1.4511308e+02	2.9307175e-47
1.4544200e+02	2.9305713e-47
1.4577167e+02	2.9304377e-47
1.4610208e+02	2.9303167e-47
1.4643324e+02	2.9302084e-47
1.4676515e+02	2.9301127e-47
1.4709782e+02	2.9300294e-47
1.4743123e+02	2.9299588e-47
1.4776541e+02	2.9299008e-47
1.4810034e+02	2.9298552e-47
1.4843603e+02	2.9298222e-47
1.4877248e+02	2.9298017e-47
1.4910970e+02	2.9297937e-47
1.4944768e+02	2.9297982e-47
1.4978642e+02	2.9298152e-47
1.5012593e+02	2.9298446e-47
1.5046621e+02	2.9298865e-47
1.5080727e+02	2.9299408e-47
1.5114909e+02	2.9300078e-47
1.5149170e+02	2.9300869e-47
1.5183507e+02	2.9301786e-47
1.5217923e+02	2.9302826e-47
1.5252417e+02	2.9303991e-47
1.5286988e+02	2.9305281e-47
1.5321638e+02	2.9306694e-47
1.5356367e+02	2.9308230e-47
1.5391175e+02	2.9309891e-47
1.5426061e+02	2.9311675e-47
1.5461026e+02	2.9313583e-47
1.5496071e+02	2.9315616e-47
1.5531195e+02	2.9317772e-47
1.5566399e+02	2.9320051e-47
1.5601682e+02	2.9322455e-47
1.5637046e+02	2.9324981e-47
1.5672489e+02	2.9327632e-47
1.5708013e+02	2.9330405e-47
1.5743618e+02	2.9333303e-47
1.5779303e+02	2.9336324e-47
1.5815069e+02	2.9339469e-47
1.5850916e+02	2.9342736e-47
1.5886844e+02	2.9346128e-47
1.5922854e+02	2.9349644e-47
1.5958946e+02	2.9353283e-47
1.5995119e+02	2.9357046e-47
1.6031374e+02	2.9360932e-47
1.6067712e+02	2.9364942e-47
1.6104131e+02	2.9369076e-47
1.6140634e+02	2.9373333e-47
1.6177219e+02	2.9377715e-47
1.6213887e+02	2.9382220e-47
1.6250638e+02	2.9386850e-47
1.6287472e+02	2.9391602e-47
1.6324390e+02	2.9396479e-47
1.6361392e+02	2.9401480e-47
1.6398477e+02	2.9406606e-47
1.6435647e+02	2.9411854e-47
1.6472900e+02	2.9417228e-47
1.6510239e+02	2.9422726e-47
1.6547661e+02	2.9428349e-47
1.6585169e+02	2.9434095e-47
1.6622762e+02	2.9439967e-47
1.6660440e+02	2.9445962e-47
1.6698203e+02	2.9452084e-47
1.6736052e+02	2.9458329e-47
1.6773986e+02	2.9464700e-47
1.6812007e+02	2.9471195e-47
1.6850114e+02	2.9477815e-47
1.6888307e+02	2.9484562e-47
1.6926587e+02	2.9491434e-47
1.6964953e+02	2.9498430e-47
1.7003407e+02	2.9505553e-47
1.7041948e+02	2.9512802e-47
1.7080576e+02	2.9520175e-47
1.7119291e+02	2.9527676e-47
1.7158095e+02	2.9535302e-47
1.7196986e+02	2.9543055e-47
1.7235965e+02	2.9550934e-47
1.7275033e+02	2.9558940e-47
1.7314189e+02	2.9567073e-47
1.7353435e+02	2.9575332e-47
1.7392769e+02	2.9583719e-47
1.7432192e+02	2.9592232e-47
1.7471704e+02	2.9600874e-47
1.7511306e+02	2.9609643e-47
1.7550998e+02	2.9618539e-47
1.7590780e+02	2.9627564e-47
1.7630652e+02	2.9636717e-47
1.7670615e+02	2.9645997e-47
1.7710668e+02	2.9655407e-47
1.7750811e+02	2.9664945e-47
1.7791046e+02	2.9674612e-47
1.7831372e+02	2.9684408e-47
1.7871790e+02	2.9694333e-47
1.7912299e+02	2.9704388e-47
1.7952899e+02	2.9714573e-47
1.7993592e+02	2.9724887e-47
1.8034377e+02	2.9735332e-47
1.8075255e+02	2.9745907e-47
1.8116225e+02	2.9756613e-47
1.8157288e+02	2.9767448e-47
1.8198444e+02	2.9778416e-47
1.8239693e+02	2.9789515e-47
1.8281036e+02	2.9800744e-47
1.8322473e+02	2.9812107e-47
1.8364003e+02	2.9823600e-47
1.8405628e+02	2.9835227e-47
1.8447347e+02	2.9846985e-47
1.8489161e+02	2.9858876e-47
1.8531069e+02	2.9870901e-47
1.8573072e+02	2.9883058e-47
1.8615171e+02	2.9895350e-47
1.8657365e+02	2.9907775e-47
1.8699654e+02	2.9920334e-47
1.8742040e+02	2.9933027e-47
1.8784521e+02	2.9945856e-47
1.8827099e+02	2.9958819e-47
1.8869774e+02	2.9971916e-47
1.8912545e+02	2.9985150e-47
1.8955413e+02	2.9998520e-47
1.8998378e+02	3.0012026e-47
1.9041440e+02	3.0025668e-47
1.9084600e+02	3.0039446e-47
1.9127858e+02	3.0053362e-47
1.9171214e+02	3.0067416e-47
1.9214669e+02	3.0081606e-47
1.9258222e+02	3.0095935e-47
1.9301873e+02	3.0110401e-47
1.9345624e+02	3.0125007e-47
1.9389473e+02	3.0139751e-47
1.9433422e+02	3.0154635e-47
1.9477471e+02	3.0169659e-47
1.9521619e+02	3.0184822e-47
1.9565868e+02	3.0200125e-47
1.9610217e+02	3.0215569e-47
1.9654666e+02	3.0231154e-47
1.9699216e+02	3.0246880e-47
1.9743867e+02	3.0262748e-47
1.9788620e+02	3.0278759e-47
1.9833473e+02	3.0294911e-47
1.9878429e+02	3.0311206e-47
1.9923486e+02	3.0327645e-47
1.9968646e+02	3.0344227e-47
2.0013907e+02	3.0360952e-47
2.0059272e+02	3.0377822e-47
2.0104739e+02	3.0394836e-47
2.0150309e+02	3.0411996e-47
2.0195983e+02	3.0429301e-47
2.0241760e+02	3.0446751e-47
2.0287641e+02	3.0464349e-47
2.0333626e+02	3.0482092e-47
2.0379715e+02	3.0499983e-47
2.0425908e+02	3.0518021e-47
2.0472207e+02	3.0536207e-47
2.0518610e+02	3.0554541e-47
2.0565118e+02	3.0573025e-47
2.0611732e+02	3.0591656e-47
2.0658451e+02	3.0610437e-47
2.0705277e+02	3.0629369e-47
2.0752208e+02	3.0648451e-47
2.0799246e+02	3.0667683e-47
2.0846391e+02	3.0687066e-47
2.0893642e+02	3.0706602e-47
2.0941000e+02	3.0726289e-47
2.0988466e+02	3.0746129e-47
2.1036040e+02	3.0766123e-47
2.1083721e+02	3.0786269e-47
2.1131510e+02	3.0806569e-47
2.1179408e+02	3.0827025e-47
2.1227414e+02	3.0847635e-47
2.1275529e+02	3.0868399e-47
2.1323753e+02	3.0889320e-47
2.1372086e+02	3.0910398e-47
2.1420529e+02	3.0931631e-47
2.1469082e+02	3.0953023e-47
2.1517745e+02	3.0974572e-47
2.1566518e+02	3.0996279e-47
2.1615401e+02	3.1018145e-47
2.1664396e+02	3.1040169e-47
2.1713501e+02	3.1062355e-47
2.1762718e+02	3.1084699e-47
2.1812046e+02	3.1107206e-47
2.1861486e+02	3.1129873e-47
2.1911039e+02	3.1152701e-47
2.1960703e+02	3.1175692e-47
2.2010480e+02	3.1198847e-47
2.2060370e+02	3.1222163e-47
2.2110373e+02	3.1245645e-47
2.2160489e+02	3.1269291e-47
2.2210719e+02	3.1293101e-47
2.2261063e+02	3.1317076e-47
2.2311521e+02	3.1341218e-47
2.2362093e+02	3.1365527e-47
2.2412780e+02	3.1390003e-47
2.2463582e+02	3.1414646e-47
2.2514499e+02	3.1439457e-47
2.2565531e+02	3.1464438e-47
2.2616679e+02	3.1489588e-47
2.2667943e+02	3.1514908e-47
2.2719323e+02	3.1540397e-47
2.2770820e+02	3.1566059e-47
2.2822433e+02	3.1591892e-47
2.2874164e+02	3.1617897e-47
2.2926011e+02	3.1644075e-47
2.2977976e+02	3.1670427e-47
2.3030059e+02	3.1696952e-47
2.3082260e+02	3.1723653e-47
2.3134580e+02	3.1750528e-47
2.3187017e+02	3.1777579e-47
2.3239574e+02	3.1804806e-47
2.3292250e+02	3.1832211e-47
2.3345045e+02	3.1859794e-47
2.3397960e+02	3.1887554e-47
2.3450995e+02	3.1915494e-47
2.3504150e+02	3.1943614e-47
2.3557425e+02	3.1971914e-47
2.3610822e+02	3.2000394e-47
2.3664339e+02	3.2029055e-47
2.3717978e+02	3.2057900e-47
2.3771738e+02	3.2086926e-47
2.3825620e+02	3.2116137e-47
2.3879624e+02	3.2145531e-47
2.3933751e+02	3.2175110e-47
2.3988000e+02	3.2204875e-47
2.4042372e+02	3.2234826e-47
2.4096868e+02	3.2264963e-47
2.4151487e+02	3.2295288e-47
2.4206230e+02	3.2325801e-47
2.4261097e+02	3.2356503e-47
2.4316088e+02	3.2387394e-47
2.4371204e+02	3.2418476e-47
2.4426445e+02	3.2449748e-47
2.4481811e+02	3.2481212e-47
2.4537302e+02	3.2512869e-47
2.4592919e+02	3.2544718e-47
2.4648663e+02	3.2576761e-47
2.4704533e+02	3.2608998e-47
2.4760529e+02	3.2641431e-47
2.4816652e+02	3.2674060e-47
2.4872903e+02	3.2706886e-47
2.4929281e+02	3.2739908e-47
2.4985787e+02	3.2773129e-47
2.5042420e+02	3.2806548e-47
2.5099183e+02	3.2840167e-47
2.5156074e+02	3.2873987e-47
2.5213093e+02	3.2908007e-47
2.5270243e+02	3.2942230e-47
2.5327521e+02	3.2976655e-47
2.5384930e+02	3.3011284e-47
2.5442468e+02	3.3046117e-47
2.5500137e+02	3.3081153e-47
2.5557937e+02	3.3116397e-47
2.5615868e+02	3.3151847e-47
2.5673930e+02	3.3187504e-47
2.5732123e+02	3.3223370e-47
2.5790449e+02	3.3259444e-47
2.5848907e+02	3.3295727e-47
2.5907497e+02	3.3332221e-47
2.5966220e+02	3.3368927e-47
2.6025076e+02	3.3405844e-47
2.6084066e+02	3.3442976e-47
2.6143189e+02	3.3480320e-47
2.6202446e+02	3.3517878e-47
2.6261838e+02	3.3555654e-47
2.6321364e+02	3.3593644e-47
2.6381025e+02	3.3631851e-47
2.6440822e+02	3.3670277e-47
2.6500754e+02	3.3708922e-47
2.6560821e+02	3.3747786e-47
2.6621025e+02	3.3786871e-47
2.6681366e+02	3.3826177e-47
2.6741843e+02	3.3865705e-47
2.6802457e+02	3.3905458e-47
2.6863209e+02	3.3945433e-47
2.6924098e+02	3.3985633e-47
2.6985125e+02	3.4026059e-47
2.7046291e+02	3.4066712e-47
2.7107595e+02	3.4107593e-47
2.7169039e+02	3.4148701e-47
2.7230621e+02	3.4190039e-47
2.7292343e+02	3.4231608e-47
2.7354205e+02	3.4273408e-47
2.7416208e+02	3.4315440e-47
2.7478350e+02	3.4357705e-47
2.7540634e+02	3.4400204e-47
2.7603059e+02	3.4442938e-47
2.7665625e+02	3.4485907e-47
2.7728333e+02	3.4529114e-47
2.7791183e+02	3.4572558e-47
2.7854176e+02	3.4616241e-47
2.7917312e+02	3.4660164e-47
2.7980590e+02	3.4704328e-47
2.8044012e+02	3.4748732e-47
2.8107578e+02	3.4793379e-47
2.8171288e+02	3.4838270e-47
2.8235142e+02	3.4883406e-47
2.8299141e+02	3.4928787e-47
2.8363285e+02	3.4974414e-47
2.8427575e+02	3.5020289e-47
2.8492010e+02	3.5066414e-47
2.8556591e+02	3.5112786e-47
2.8621319e+02	3.5159410e-47
2.8686193e+02	3.5206286e-47
2.8751214e+02	3.5253413e-47
2.8816383e+02	3.5300795e-47
2.8881700e+02	3.5348432e-47
2.8947164e+02	3.5396323e-47
2.9012777e+02	3.5444472e-47
2.9078539e+02	3.5492879e-47
2.9144449e+02	3.5541544e-47
2.9210510e+02	3.5590469e-47
2.9276719e+02	3.5639656e-47
2.9343079e+02	3.5689104e-47
2.9409590e+02	3.5738815e-47
2.9476251e+02	3.5788790e-47
2.9543063e+02	3.5839031e-47
2.9610026e+02	3.5889540e-47
2.9677142e+02	3.5940314e-47
2.9744409e+02	3.5991357e-47
2.9811829e+02	3.6042670e-47
2.9879402e+02	3.6094254e-47
2.9947128e+02	3.6146111e-47
3.0015007e+02	3.6198240e-47
3.0083041e+02	3.6250643e-47
3.0151228e+02	3.6303322e-47
3.0219570e+02	3.6356276e-47
3.0288067e+02	3.6409510e-47
3.0356720e+02	3.6463021e-47
3.0425528e+02	3.6516812e-47
3.0494491e+02	3.6570885e-47
3.0563612e+02	3.6625239e-47
3.0632888e+02	3.6679878e-47
3.0702322e+02	3.6734801e-47
3.0771913e+02	3.6790010e-47
3.0841662e+02	3.6845506e-47
3.0911569e+02	3.6901290e-47
3.0981635e+02	3.6957364e-47
3.1051859e+02	3.7013728e-47
3.1122243e+02	3.7070385e-47
3.1192786e+02	3.7127334e-47
3.1263489e+02	3.7184577e-47
3.1334352e+02	3.7242117e-47
3.1405376e+02	3.7299952e-47
3.1476561e+02	3.7358087e-47
3.1547907e+02	3.7416521e-47
3.1619415e+02	3.7475255e-47
3.1691085e+02	3.7534290e-47
3.1762917e+02	3.7593629e-47
3.1834912e+02	3.7653273e-47
3.1907071e+02	3.7713222e-47
3.1979393e+02	3.7773478e-47
3.2051878e+02	3.7834042e-47
3.2124529e+02	3.7894916e-47
3.2197343e+02	3.7956101e-47
3.2270323e+02	3.8017598e-47
3.2343469e+02	3.8079408e-47
3.2416780e+02	3.8141535e-47
3.2490257e+02	3.8203976e-47
3.2563901e+02	3.8266735e-47
3.2637712e+02	3.8329813e-47
3.2711690e+02	3.8393212e-47
3.2785835e+02	3.8456932e-47
3.2860149e+02	3.8520975e-47
3.2934632e+02	3.8585342e-47
3.3009283e+02	3.8650035e-47
3.3084103e+02	3.8715055e-47
3.3159093e+02	3.8780404e-47
3.3234253e+02	3.8846082e-47
3.3309583e+02	3.8912093e-47
3.3385084e+02	3.8978435e-47
3.3460756e+02	3.9045112e-47
3.3536600e+02	3.9112125e-47
3.3612615e+02	3.9179474e-47
3.3688803e+02	3.9247161e-47
3.3765163e+02	3.9315190e-47
3.3841697e+02	3.9383560e-47
3.3918404e+02	3.9452271e-47
3.3995285e+02	3.9521327e-47
3.4072340e+02	3.9590730e-47
3.4149570e+02	3.9660480e-47
3.4226975e+02	3.9730577e-47
3.4304555e+02	3.9801026e-47
3.4382312e+02	3.9871827e-47
3.4460244e+02	3.9942980e-47
3.4538353e+02	4.0014488e-47
3.4616639e+02	4.0086354e-47
3.4695103e+02	4.0158577e-47
3.4773744e+02	4.0231158e-47
3.4852564e+02	4.0304101e-47
3.4931562e+02	4.0377407e-47
3.5010740e+02	4.0451077e-47
3.5090097e+02	4.0525112e-47
3.5169633e+02	4.0599514e-47
3.5249350e+02	4.0674286e-47
3.5329248e+02	4.0749427e-47
3.5409327e+02	4.0824941e-47
3.5489587e+02	4.0900829e-47
3.5570029e+02	4.0977091e-47
3.5650654e+02	4.1053730e-47
3.5731461e+02	4.1130749e-47
3.5812452e+02	4.1208147e-47
3.5893626e+02	4.1285927e-47
3.5974984e+02	4.1364091e-47
3.6056526e+02	4.1442638e-47
3.6138254e+02	4.1521574e-47
3.6220166e+02	4.1600898e-47
3.6302265e+02	4.1680611e-47
3.6384549e+02	4.1760718e-47
3.6467020e+02	4.1841217e-47
3.6549677e+02	4.1922112e-47
3.6632522e+02	4.2003402e-47
3.6715555e+02	4.2085094e-47
3.6798776e+02	4.2167184e-47
3.6882186e+02	4.2249676e-47
3.6965785e+02	4.2332573e-47
3.7049573e+02	4.2415876e-47
3.7133551e+02	4.2499587e-47
3.7217720e+02	4.2583706e-47
3.7302079e+02	4.2668236e-47
3.7386630e+02	4.2753179e-47
3.7471372e+02	4.2838537e-47
3.7556306e+02	4.2924310e-47
3.7641433e+02	4.3010503e-47
3.7726753e+02	4.3097116e-47
3.7812266e+02	4.3184151e-47
3.7897973e+02	4.3271609e-47
3.7983874e+02	4.3359492e-47
3.8069970e+02	4.3447804e-47
3.8156261e+02	4.3536545e-47
3.8242747e+02	4.3625717e-47
3.8329430e+02	4.3715323e-47
3.8416309e+02	4.3805363e-47
3.8503385e+02	4.3895840e-47
3.8590659e+02	4.3986756e-47
3.8678130e+02	4.4078114e-47
3.8765800e+02	4.4169913e-47
3.8853668e+02	4.4262158e-47
3.8941735e+02	4.4354849e-47
3.9030002e+02	4.4447988e-47
3.9118470e+02	4.4541578e-47
3.9207137e+02	4.4635621e-47
3.9296006e+02	4.4730118e-47
3.9385076e+02	4.4825072e-47
3.9474348e+02	4.4920486e-47
3.9563822e+02	4.5016358e-47
3.9653499e+02	4.5112695e-47
3.9743379e+02	4.5209496e-47
3.9833464e+02	4.5306764e-47
3.9923752e+02	4.5404500e-47
4.0014245e+02	4.5502707e-47
4.0104943e+02	4.5601387e-47
4.0195846e+02	4.5700542e-47
4.0286956e+02	4.5800176e-47
4.0378272e+02	4.5900288e-47
4.0469795e+02	4.6000881e-47
4.0561526e+02	4.6101957e-47
4.0653465e+02	4.6203521e-47
4.0745611e+02	4.6305571e-47
4.0837967e+02	4.6408113e-47
4.0930532e+02	4.6511145e-47
4.1023307e+02	4.6614673e-47
4.1116293e+02	4.6718697e-47
4.1209489e+02	4.6823221e-47
4.1302896e+02	4.6928246e-47
4.1396515e+02	4.7033774e-47
4.1490346e+02	4.7139808e-47
4.1584390e+02	4.7246349e-47
4.1678647e+02	4.7353402e-47
4.1773117e+02	4.7460968e-47
4.1867802e+02	4.7569048e-47
4.1962701e+02	4.7677644e-47
4.2057816e+02	4.7786761e-47
4.2153146e+02	4.7896401e-47
4.2248692e+02	4.8006564e-47
4.2344455e+02	4.8117255e-47
4.2440435e+02	4.8228475e-47
4.2536632e+02	4.8340226e-47
4.2633047e+02	4.8452513e-47
4.2729681e+02	4.8565336e-47
4.2826534e+02	4.8678698e-47
4.2923607e+02	4.8792601e-47
4.3020899e+02	4.8907051e-47
4.3118412e+02	4.9022047e-47
4.3216147e+02	4.9137592e-47
4.3314102e+02	4.9253691e-47
4.3412280e+02	4.9370345e-47
4.3510680e+02	4.9487556e-47
4.3609303e+02	4.9605329e-47
4.3708150e+02	4.9723665e-47
4.3807221e+02	4.9842569e-47
4.3906516e+02	4.9962042e-47
4.4006037e+02	5.0082089e-47
4.4105783e+02	5.0202712e-47
4.4205755e+02	5.0323914e-47
4.4305953e+02	5.0445699e-47
4.4406379e+02	5.0568070e-47
4.4507033e+02	5.0691032e-47
4.4607914e+02	5.0814590e-47
4.4709024e+02	5.0938745e-47
4.4810364e+02	5.1063504e-47
4.4911933e+02	5.1188869e-47
4.5013732e+02	5.1314848e-47
4.5115762e+02	5.1441447e-47
4.5218024e+02	5.1568670e-47
4.5320517e+02	5.1696524e-47
4.5423242e+02	5.1825019e-47
4.5526201e+02	5.1954163e-47
4.5629392e+02	5.2083965e-47
4.5732818e+02	5.2214439e-47
4.5836478e+02	5.2345600e-47
4.5940373e+02	5.2477463e-47
4.6044503e+02	5.2610050e-47
4.6148870e+02	5.2743391e-47
4.6253473e+02	5.2877518e-47
4.6358313e+02	5.3012475e-47
4.6463391e+02	5.3148322e-47
4.6568707e+02	5.3285140e-47
4.6674261e+02	5.3423039e-47
4.6780055e+02	5.3562178e-47
4.6886089e+02	5.3702795e-47
4.6992363e+02	5.3845246e-47
4.7098878e+02	5.3990103e-47
4.7205634e+02	5.4138332e-47
4.7312633e+02	5.4291647e-47
4.7419874e+02	5.4453384e-47
4.7527358e+02	5.4630718e-47
4.7635085e+02	5.4841587e-47
4.7743057e+02	5.5142065e-47
4.7851274e+02	5.5790825e-47
4.7959735e+02	5.9827784e-47
4.8068443e+02	8.8821575e-47
4.8177397e+02	5.6891898e-47
4.8286598e+02	5.5988568e-47
4.8396047e+02	5.5888182e-47
4.8505743e+02	5.5940660e-47
4.8615688e+02	5.6042457e-47
4.8725883e+02	5.6165155e-47
4.8836327e+02	5.6298412e-47
4.8947022e+02	5.6437749e-47
4.9057967e+02	5.6580965e-47
4.9169164e+02	5.6726878e-47
4.9280613e+02	5.6874815e-47
4.9392315e+02	5.7024362e-47
4.9504269e+02	5.7175260e-47
4.9616478e+02	5.7327338e-47
4.9728941e+02	5.7480480e-47
4.9841659e+02	5.7634606e-47
4.9954632e+02	5.7789661e-47
5.0067861e+02	5.7945604e-47
5.0181347e+02	5.8102404e-47
5.0295090e+02	5.8260043e-47
5.0409091e+02	5.8418503e-47
5.0523351e+02	5.8577774e-47
5.0637869e+02	5.8737845e-47
5.0752647e+02	5.8898713e-47
5.0867686e+02	5.9060373e-47
5.0982984e+02	5.9222821e-47
5.1098545e+02	5.9386058e-47
5.1214367e+02	5.9550083e-47
5.1330452e+02	5.9714893e-47
5.1446799e+02	5.9880491e-47
5.1563411e+02	6.0046879e-47
5.1680287e+02	6.0214057e-47
5.1797428e+02	6.0382025e-47
5.1914834e+02	6.0550790e-47
5.2032506e+02	6.0720349e-47
5.2150446e+02	6.0890707e-47
5.2268652e+02	6.1061869e-47
5.2387127e+02	6.1233832e-47
5.2505869e+02	6.1406604e-47
5.2624882e+02	6.1580185e-47
5.2744163e+02	6.1754579e-47
5.2863716e+02	6.1929790e-47
5.2983539e+02	6.2105820e-47
5.3103634e+02	6.2282673e-47
5.3224001e+02	6.2460352e-47
5.3344641e+02	6.2638861e-47
5.3465554e+02	6.2818203e-47
5.3586741e+02	6.2998380e-47
5.3708203e+02	6.3179398e-47
5.3829941e+02	6.3361258e-47
5.3951954e+02	6.3543967e-47
5.4074244e+02	6.3727526e-47
5.4196811e+02	6.3911939e-47
5.4319656e+02	6.4097211e-47
5.4442779e+02	6.4283343e-47
5.4566181e+02	6.4470343e-47
5.4689863e+02	6.4658212e-47
5.4813826e+02	6.4846953e-47
5.4938069e+02	6.5036572e-47
5.5062594e+02	6.5227071e-47
5.5187402e+02	6.5418455e-47
5.5312492e+02	6.5610727e-47
5.5437866e+02	6.5803893e-47
5.5563523e+02	6.5997954e-47
5.5689466e+02	6.6192918e-47
5.5815694e+02	6.6388784e-47
5.5942209e+02	6.6585561e-47
5.6069010e+02	6.6783248e-47
5.6196098e+02	6.6981853e-47
5.6323475e+02	6.7181378e-47
5.6451140e+02	6.7381830e-47
5.6579095e+02	6.7583208e-47
5.6707339e+02	6.7785521e-47
5.6835874e+02	6.7988770e-47
5.6964701e+02	6.8192962e-47
5.7093820e+02	6.8398099e-47
5.7223231e+02	6.8604186e-47
5.7352936e+02	6.8811226e-47
5.7482935e+02	6.9019225e-47
5.7613228e+02	6.9228188e-47
5.7743817e+02	6.9438116e-47
5.7874701e+02	6.9649018e-47
5.8005883e+02	6.9860893e-47
5.8137361e+02	7.0073750e-47
5.8269138e+02	7.0287589e-47
5.8401213e+02	7.0502420e-47
5.8533588e+02	7.0718242e-47
5.8666263e+02	7.0935063e-47
5.8799238e+02	7.1152886e-47
5.8932515e+02	7.1371715e-47
5.9066094e+02	7.1591557e-47
5.9199976e+02	7.1812413e-47
5.9334161e+02	7.2034290e-47
5.9468651e+02	7.2257191e-47
5.9603445e+02	7.2481123e-47
5.9738545e+02	7.2706090e-47
5.9873951e+02	7.2932094e-47
6.0009664e+02	7.3159143e-47
6.0145684e+02	7.3387239e-47
6.0282013e+02	7.3616388e-47
6.0418651e+02	7.3846594e-47
6.0555598e+02	7.4077863e-47
6.0692856e+02	7.4310200e-47
6.0830425e+02	7.4543609e-47
6.0968306e+02	7.4778094e-47
6.1106500e+02	7.5013661e-47
6.1245006e+02	7.5250314e-47
6.1383827e+02	7.5488058e-47
6.1522962e+02	7.5726899e-47
6.1662413e+02	7.5966841e-47
6.1802180e+02	7.6207891e-47
6.1942263e+02	7.6450050e-47
6.2082664e+02	7.6693326e-47
6.2223384e+02	7.6937723e-47
6.2364422e+02	7.7183246e-47
6.2505780e+02	7.7429901e-47
6.2647458e+02	7.7677692e-47
6.2789458e+02	7.7926624e-47
6.2931779e+02	7.8176704e-47
6.3074423e+02	7.8427935e-47
6.3217390e+02	7.8680322e-47
6.3360681e+02	7.8933873e-47
6.3504297e+02	7.9188590e-47
6.3648239e+02	7.9444482e-47
6.3792507e+02	7.9701549e-47
6.3937102e+02	7.9959802e-47
6.4082024e+02	8.0219242e-47
6.4227276e+02	8.0479876e-47
6.4372856e+02	8.0741710e-47
6.4518766e+02	8.1004748e-47
6.4665007e+02	8.1268997e-47
6.4811580e+02	8.1534462e-47
6.4958485e+02	8.1801148e-47
6.5105722e+02	8.2069059e-47
6.5253294e+02	8.2338206e-47
6.5401200e+02	8.2608587e-47
6.5549441e+02	8.2880212e-47
6.5698018e+02	8.3153086e-47
6.5846932e+02	8.3427216e-47
6.5996184e+02	8.3702605e-47
6.6145774e+02	8.3979261e-47
6.6295703e+02	8.4257188e-47
6.6445971e+02	8.4536392e-47
6.6596581e+02	8.4816880e-47
6.6747531e+02	8.5098655e-47
6.6898824e+02	8.5381725e-47
6.7050460e+02	8.5666096e-47
6.7202439e+02	8.5951775e-47
6.7354763e+02	8.6238765e-47
6.7507433e+02	8.6527074e-47
6.7660448e+02	8.6816706e-47
6.7813810e+02	8.7107668e-47
6.7967520e+02	8.7399966e-47
6.8121578e+02	8.7693607e-47
6.8275985e+02	8.7988597e-47
6.8430743e+02	8.8284940e-47
6.8585851e+02	8.8582644e-47
6.8741311e+02	8.8881714e-47
6.8897123e+02	8.9182157e-47
6.9053288e+02	8.9483979e-47
6.9209807e+02	8.9787187e-47
6.9366681e+02	9.0091786e-47
6.9523911e+02	9.0397782e-47
6.9681497e+02	9.0705182e-47
6.9839440e+02	9.1013993e-47
6.9997741e+02	9.1324221e-47
7.0156401e+02	9.1635871e-47
7.0315420e+02	9.1948950e-47
7.0474800e+02	9.2263467e-47
7.0634542e+02	9.2579424e-47
7.0794645e+02	9.2896833e-47
7.0955111e+02	9.3215694e-47
7.1115941e+02	9.3536021e-47
7.1277136e+02	9.3857813e-47
7.1438695e+02	9.4181082e-47
7.1600622e+02	9.4505834e-47
7.1762915e+02	9.4832072e-47
7.1925576e+02	9.5159806e-47
7.2088605e+02	9.5489045e-47
7.2252004e+02	9.5819791e-47
7.2415774e+02	9.6152053e-47
7.2579915e+02	9.6485836e-47
7.2744428e+02	9.6821150e-47
7.2909313e+02	9.7158001e-47
7.3074573e+02	9.7496393e-47
7.3240207e+02	9.7836338e-47
7.3406216e+02	9.8177839e-47
7.3572602e+02	9.8520904e-47
7.3739365e+02	9.8865540e-47
7.3906506e+02	9.9211755e-47
7.4074025e+02	9.9559556e-47
7.4241925e+02	9.9908951e-47
7.4410205e+02	1.0025995e-46
7.4578866e+02	1.0061254e-46
7.4747910e+02	1.0096677e-46
7.4917337e+02	1.0132260e-46
7.5087148e+02	1.0168006e-46
7.5257344e+02	1.0203917e-46
7.5427925e+02	1.0239991e-46
7.5598893e+02	1.0276232e-46
7.5770249e+02	1.0312636e-46
7.5941993e+02	1.0349209e-46
7.6114127e+02	1.0385948e-46
7.6286650e+02	1.0422856e-46
7.6459565e+02	1.0459932e-46
7.6632872e+02	1.0497179e-46
7.6806571e+02	1.0534596e-46
7.6980664e+02	1.0572185e-46
7.7155152e+02	1.0609944e-46
7.7330035e+02	1.0647877e-46
7.7505315e+02	1.0685983e-46
7.7680992e+02	1.0724264e-46
7.7857067e+02	1.0762720e-46
7.8033541e+02	1.0801351e-46
7.8210415e+02	1.0840158e-46
7.8387690e+02	1.0879145e-46
7.8565367e+02	1.0918308e-46
7.8743447e+02	1.0957651e-46
7.8921930e+02	1.0997174e-46
7.9100818e+02	1.1036879e-46
7.9280112e+02	1.1076763e-46
7.9459812e+02	1.1116830e-46
7.9639919e+02	1.1157082e-46
7.9820434e+02	1.1197517e-46
8.0001358e+02	1.1238137e-46
8.0182693e+02	1.1278941e-46
8.0364439e+02	1.1319932e-46
8.0546596e+02	1.1361113e-46
8.0729167e+02	1.1402479e-46
8.0912151e+02	1.1444036e-46
8.1095550e+02	1.1485782e-46
8.1279365e+02	1.1527720e-46
8.1463596e+02	1.1569848e-46
8.1648245e+02	1.1612170e-46
8.1833312e+02	1.1654684e-46
8.2018799e+02	1.1697394e-46
8.2204707e+02	1.1740297e-46
8.2391036e+02	1.1783398e-46
8.2577787e+02	1.1826695e-46
8.2764961e+02	1.1870190e-46
8.2952560e+02	1.1913882e-46
8.3140584e+02	1.1957775e-46
8.3329034e+02	1.2001869e-46
8.3517911e+02	1.2046164e-46
8.3707216e+02	1.2090661e-46
8.3896951e+02	1.2135362e-46
8.4087115e+02	1.2180265e-46
8.4277711e+02	1.2225376e-46
8.4468738e+02	1.2270691e-46
8.4660199e+02	1.2316214e-46
8.4852093e+02	1.2361944e-46
8.5044423e+02	1.2407884e-46
8.5237188e+02	1.2454031e-46
8.5430391e+02	1.2500392e-46
8.5624031e+02	1.2546961e-46
8.5818110e+02	1.2593746e-46
8.6012629e+02	1.2640743e-46
8.6207589e+02	1.2687957e-46
8.6402991e+02	1.2735384e-46
8.6598836e+02	1.2783027e-46
8.6795124e+02	1.2830888e-46
8.6991858e+02	1.2878968e-46
8.7189038e+02	1.2927267e-46
8.7386664e+02	1.2975787e-46
8.7584739e+02	1.3024529e-46
8.7783262e+02	1.3073492e-46
8.7982235e+02	1.3122678e-46
8.8181660e+02	1.3172091e-46
8.8381536e+02	1.3221727e-46
8.8581866e+02	1.3271591e-46
8.8782649e+02	1.3321682e-46
8.8983888e+02	1.3372001e-46
8.9185583e+02	1.3422550e-46
8.9387734e+02	1.3473331e-46
8.9590345e+02	1.3524343e-46
8.9793414e+02	1.3575587e-46
8.9996944e+02	1.3627065e-46
9.0200935e+02	1.3678776e-46
9.0405388e+02	1.3730726e-46
9.0610305e+02	1.3782913e-46
9.0815686e+02	1.3835335e-46
9.1021533e+02	1.3887998e-46
9.1227846e+02	1.3940903e-46
9.1434627e+02	1.3994045e-46
9.1641877e+02	1.4047434e-46
9.1849597e+02	1.4101064e-46
9.2057787e+02	1.4154939e-46
9.2266449e+02	1.4209060e-46
9.2475584e+02	1.4263429e-46
9.2685193e+02	1.4318047e-46
9.2895278e+02	1.4372912e-46
9.3105838e+02	1.4428029e-46
9.3316876e+02	1.4483398e-46
9.3528392e+02	1.4539020e-46
9.3740388e+02	1.4594897e-46
9.3952864e+02	1.4651030e-46
9.4165821e+02	1.4707424e-46
9.4379262e+02	1.4764077e-46
9.4593186e+02	1.4820998e-46
9.4807595e+02	1.4878188e-46
9.5022490e+02	1.4935663e-46
9.5237872e+02	1.4993451e-46
9.5453743e+02	1.5051636e-46
9.5670102e+02	1.5110565e-46
9.5886952e+02	1.5173527e-46
9.6104294e+02	1.5513612e-46
9.6322128e+02	1.5288937e-46
9.6540456e+02	1.5345729e-46
9.6759279e+02	1.5404757e-46
9.6978598e+02	1.5464385e-46
9.7198413e+02	1.5524383e-46
9.7418728e+02	1.5584696e-46
9.7639541e+02	1.5645302e-46
9.7860855e+02	1.5706195e-46
9.8082671e+02	1.5767373e-46
9.8304989e+02	1.5828833e-46
9.8527812e+02	1.5890574e-46
9.8751139e+02	1.5952599e-46
9.8974973e+02	1.6014908e-46
9.9199314e+02	1.6077502e-46
9.9424163e+02	1.6140381e-46
9.9649523e+02	1.6203549e-46
9.9875393e+02	1.6267003e-46
1.0010177e+03	1.6330747e-46
1.0032867e+03	1.6394779e-46
1.0055608e+03	1.6459107e-46
1.0078400e+03	1.6523727e-46
1.0101245e+03	1.6588639e-46
1.0124140e+03	1.6653851e-46
1.0147088e+03	1.6719356e-46
1.0170088e+03	1.6785161e-46
1.0193140e+03	1.6851267e-46
1.0216244e+03	1.6917672e-46
1.0239401e+03	1.6984381e-46
1.0262610e+03	1.7051395e-46
1.0285872e+03	1.7118710e-46
1.0309186e+03	1.7186337e-46
1.0332553e+03	1.7254267e-46
1.0355973e+03	1.7322508e-46
1.0379447e+03	1.7391060e-46
1.0402973e+03	1.7459925e-46
1.0426553e+03	1.7529103e-46
1.0450186e+03	1.7598596e-46
1.0473873e+03	1.7668407e-46
1.0497614e+03	1.7738535e-46
1.0521408e+03	1.7808980e-46
1.0545256e+03	1.7879747e-46
1.0569159e+03	1.7950839e-46
1.0593115e+03	1.8022252e-46
1.0617126e+03	1.8093989e-46
1.0641191e+03	1.8166053e-46
1.0665311e+03	1.8238446e-46
1.0689486e+03	1.8311170e-46
1.0713715e+03	1.8384222e-46
1.0737999e+03	1.8457608e-46
1.0762338e+03	1.8531331e-46
1.0786733e+03	1.8605386e-46
1.0811182e+03	1.8679780e-46
1.0835687e+03	1.8754511e-46
1.0860248e+03	1.8829581e-46
1.0884864e+03	1.8904996e-46
1.0909536e+03	1.8980752e-46
1.0934265e+03	1.9056853e-46
1.0959049e+03	1.9133302e-46
1.0983889e+03	1.9210096e-46
1.1008785e+03	1.9287243e-46
1.1033738e+03	1.9364737e-46
1.1058748e+03	1.9442588e-46
1.1083814e+03	1.9520790e-46
1.1108937e+03	1.9599350e-46
1.1134117e+03	1.9678268e-46
1.1159354e+03	1.9757544e-46
1.1184649e+03	1.9837179e-46
1.1210000e+03	1.9917177e-46
1.1235409e+03	1.9997540e-46
1.1260876e+03	2.0078269e-46
1.1286400e+03	2.0159365e-46
1.1311983e+03	2.0240830e-46
1.1337623e+03	2.0322666e-46
1.1363321e+03	2.0404874e-46
1.1389078e+03	2.0487456e-46
1.1414893e+03	2.0570415e-46
1.1440766e+03	2.0653748e-46
1.1466698e+03	2.0737463e-46
1.1492689e+03	2.0821561e-46
1.1518739e+03	2.0906037e-46
1.1544848e+03	2.0990898e-46
1.1571016e+03	2.1076146e-46
1.1597243e+03	2.1161783e-46
1.1623530e+03	2.1247808e-46
1.1649877e+03	2.1334228e-46
1.1676283e+03	2.1421036e-46
1.1702749e+03	2.1508243e-46
1.1729275e+03	2.1595843e-46
1.1755861e+03	2.1683844e-46
1.1782507e+03	2.1772245e-46
1.1809214e+03	2.1861048e-46
1.1835981e+03	2.1950254e-46
1.1862809e+03	2.2039867e-46
1.1889698e+03	2.2129886e-46
1.1916648e+03	2.2220315e-46
1.1943658e+03	2.2311158e-46
1.1970730e+03	2.2402411e-46
1.1997864e+03	2.2494078e-46
1.2025059e+03	2.2586164e-46
1.2052315e+03	2.2678670e-46
1.2079634e+03	2.2771595e-46
1.2107014e+03	2.2864945e-46
1.2134456e+03	2.2958716e-46
1.2161961e+03	2.3052917e-46
1.2189527e+03	2.3147544e-46
1.2217157e+03	2.3242600e-46
1.2244849e+03	2.3338092e-46
1.2272603e+03	2.3434016e-46
1.2300421e+03	2.3530376e-46
1.2328302e+03	2.3627176e-46
1.2356246e+03	2.3724415e-46
1.2384253e+03	2.3822095e-46
1.2412323e+03	2.3920220e-46
1.2440458e+03	2.4018791e-46
1.2468656e+03	2.4117814e-46
1.2496918e+03	2.4217282e-46
1.2525244e+03	2.4317206e-46
1.2553634e+03	2.4417581e-46
1.2582089e+03	2.4518414e-46
1.2610608e+03	2.4619706e-46
1.2639192e+03	2.4721458e-46
1.2667840e+03	2.4823673e-46
1.2696554e+03	2.4926353e-46
1.2725332e+03	2.5029499e-46
1.2754176e+03	2.5133115e-46
1.2783085e+03	2.5237202e-46
1.2812060e+03	2.5341762e-46
1.2841100e+03	2.5446796e-46
1.2870206e+03	2.5552310e-46
1.2899379e+03	2.5658302e-46
1.2928617e+03	2.5764776e-46
1.2957922e+03	2.5871735e-46
1.2987292e+03	2.5979179e-46
1.3016730e+03	2.6087111e-46
1.3046234e+03	2.6195536e-46
1.3075806e+03	2.6304451e-46
1.3105444e+03	2.6413865e-46
1.3135149e+03	2.6523774e-46
1.3164922e+03	2.6634181e-46
1.3194762e+03	2.6745093e-46
1.3224670e+03	2.6856507e-46
1.3254645e+03	2.6968428e-46
1.3284689e+03	2.7080859e-46
1.3314801e+03	2.7193801e-46
1.3344981e+03	2.7307255e-46
1.3375229e+03	2.7421227e-46
1.3405546e+03	2.7535715e-46
1.3435931e+03	2.7650721e-46
1.3466386e+03	2.7766253e-46
1.3496909e+03	2.7882310e-46
1.3527502e+03	2.7998894e-46
1.3558164e+03	2.8116009e-46
1.3588896e+03	2.8233657e-46
1.3619697e+03	2.8351838e-46
1.3650568e+03	2.8470555e-46
1.3681509e+03	2.8589815e-46
1.3712520e+03	2.8709612e-46
1.3743601e+03	2.8829958e-46
1.3774753e+03	2.8950849e-46
1.3805976e+03	2.9072289e-46
1.3837269e+03	2.9194284e-46
1.3868633e+03	2.9316829e-46
1.3900068e+03	2.9439937e-46
1.3931575e+03	2.9563597e-46
1.3963153e+03	2.9687824e-46
1.3994802e+03	2.9812615e-46
1.4026523e+03	2.9937972e-46
1.4058316e+03	3.0063901e-46
1.4090182e+03	3.0190400e-46
1.4122119e+03	3.0317475e-46
1.4154129e+03	3.0445130e-46
1.4186211e+03	3.0573365e-46
1.4218366e+03	3.0702182e-46
1.4250594e+03	3.0831588e-46
1.4282895e+03	3.0961584e-46
1.4315270e+03	3.1092184e-46
1.4347717e+03	3.1223420e-46
1.4380238e+03	3.1355534e-46
1.4412833e+03	3.1784760e-46
1.4445502e+03	3.1620799e-46
1.4478245e+03	3.1754082e-46
1.4511062e+03	3.1888206e-46
1.4543953e+03	3.2022977e-46
1.4576919e+03	3.2158370e-46
1.4609960e+03	3.2294383e-46
1.4643075e+03	3.2431014e-46
1.4676266e+03	3.2568270e-46
1.4709532e+03	3.2706147e-46
1.4742873e+03	3.2844654e-46
1.4776290e+03	3.2983787e-46
1.4809783e+03	3.3123552e-46
1.4843351e+03	3.3263956e-46
1.4876996e+03	3.3404997e-46
1.4910717e+03	3.3546677e-46
1.4944514e+03	3.3689002e-46
1.4978388e+03	3.3831974e-46
1.5012338e+03	3.3975595e-46
1.5046366e+03	3.4119871e-46
1.5080471e+03	3.4264798e-46
1.5114653e+03	3.4410387e-46
1.5148912e+03	3.4556635e-46
1.5183250e+03	3.4703551e-46
1.5217665e+03	3.4851132e-46
1.5252158e+03	3.4999383e-46
1.5286729e+03	3.5148308e-46
1.5321378e+03	3.5297910e-46
1.5356106e+03	3.5448195e-46
1.5390913e+03	3.5599157e-46
1.5425799e+03	3.5750808e-46
1.5460764e+03	3.5903148e-46
1.5495808e+03	3.6056180e-46
1.5530931e+03	3.6209904e-46
1.5566134e+03	3.6364331e-46
1.5601417e+03	3.6519458e-46
1.5636780e+03	3.6675287e-46
1.5672223e+03	3.6831828e-46
1.5707746e+03	3.6989079e-46
1.5743350e+03	3.7147042e-46
1.5779035e+03	3.7305725e-46
1.5814800e+03	3.7465129e-46
1.5850647e+03	3.7625257e-46
1.5886575e+03	3.7786111e-46
1.5922584e+03	3.7947695e-46
1.5958675e+03	3.8110017e-46
1.5994847e+03	3.8273073e-46
1.6031102e+03	3.8436869e-46
1.6067439e+03	3.8601412e-46
1.6103858e+03	3.8766700e-46
1.6140360e+03	3.8932740e-46
1.6176944e+03	3.9099534e-46
1.6213611e+03	3.9267084e-46
1.6250362e+03	3.9435399e-46
1.6287196e+03	3.9604475e-46
1.6324113e+03	3.9774323e-46
1.6361114e+03	3.9944939e-46
1.6398199e+03	4.0116332e-46
1.6435368e+03	4.0288502e-46
1.6472621e+03	4.0461455e-46
1.6509958e+03	4.0635194e-46
1.6547380e+03	4.0809721e-46
1.6584887e+03	4.0985039e-46
1.6622479e+03	4.1161155e-46
1.6660157e+03	4.1338071e-46
1.6697919e+03	4.1515794e-46
1.6735768e+03	4.1694320e-46
1.6773702e+03	4.1873658e-46
1.6811722e+03	4.2053812e-46
1.6849828e+03	4.2234783e-46
1.6888020e+03	4.2416572e-46
1.6926299e+03	4.2599193e-46
1.6964665e+03	4.2782641e-46
1.7003118e+03	4.2966922e-46
1.7041658e+03	4.3152040e-46
1.7080286e+03	4.3338001e-46
1.7119001e+03	4.3524804e-46
1.7157803e+03	4.3712456e-46
1.7196694e+03	4.3900960e-46
1.7235673e+03	4.4090320e-46
1.7274740e+03	4.4280541e-46
1.7313895e+03	4.4471627e-46
1.7353140e+03	4.4663577e-46
1.7392473e+03	4.4856402e-46
1.7431896e+03	4.5050101e-46
1.7471408e+03	4.5244681e-46
1.7511009e+03	4.5440144e-46
1.7550700e+03	4.5636495e-46
1.7590482e+03	4.5833740e-46
1.7630353e+03	4.6031878e-46
1.7670315e+03	4.6230917e-46
1.7710367e+03	4.6430859e-46
1.7750510e+03	4.6631707e-46
1.7790744e+03	4.6833470e-46
1.7831069e+03	4.7036149e-46
1.7871486e+03	4.7239749e-46
1.7911994e+03	4.7444276e-46
1.7952594e+03	4.7649725e-46
1.7993287e+03	4.7856113e-46
1.8034071e+03	4.8063437e-46
1.8074948e+03	4.8271702e-46
1.8115917e+03	4.8480910e-46
1.8156980e+03	4.8691074e-46
1.8198135e+03	4.8902188e-46
1.8239384e+03	4.9114263e-46
1.8280726e+03	4.9327300e-46
1.8322162e+03	4.9541304e-46
1.8363692e+03	4.9756281e-46
1.8405316e+03	4.9972233e-46
1.8447034e+03	5.0189163e-46
1.8488847e+03	5.0407084e-46
1.8530754e+03	5.0625990e-46
1.8572757e+03	5.0845893e-46
1.8614855e+03	5.1066793e-46
1.8657048e+03	5.1288697e-46
1.8699337e+03	5.1511609e-46
1.8741722e+03	5.1735531e-46
1.8784202e+03	5.1960473e-46
1.8826780e+03	5.2186437e-46
1.8869453e+03	5.2413423e-46
1.8912223e+03	5.2641443e-46
1.8955091e+03	5.2870500e-46
1.8998055e+03	5.3100593e-46
1.9041117e+03	5.3331736e-46
1.9084276e+03	5.3563927e-46
1.9127534e+03	5.3797184e-46
1.9170889e+03	5.4031543e-46
1.9214343e+03	5.4386871e-46
1.9257895e+03	5.4503352e-46
1.9301545e+03	5.4740796e-46
1.9345295e+03	5.4979370e-46
1.9389144e+03	5.5219036e-46
1.9433092e+03	5.5459793e-46
1.9477140e+03	5.5701645e-46
1.9521288e+03	5.5944596e-46
1.9565536e+03	5.6188649e-46
1.9609884e+03	5.6433813e-46
1.9654332e+03	5.6680087e-46
1.9698882e+03	5.6927479e-46
1.9743532e+03	5.7175993e-46
1.9788284e+03	5.7425638e-46
1.9833137e+03	5.7676417e-46
1.9878091e+03	5.7928335e-46
1.9923148e+03	5.8181396e-46
1.9968307e+03	5.8435607e-46
2.0013568e+03	5.8690974e-46
2.0058931e+03	5.8947494e-46
2.0104398e+03	5.9205182e-46
2.0149967e+03	5.9464042e-46
2.0195640e+03	5.9724077e-46
2.0241416e+03	5.9985292e-46
2.0287296e+03	6.0247691e-46
2.0333280e+03	6.0511287e-46
2.0379369e+03	6.0776075e-46
2.0425562e+03	6.1042068e-46
2.0471859e+03	6.1309266e-46
2.0518261e+03	6.1577678e-46
2.0564769e+03	6.1847308e-46
2.0611382e+03	6.2118165e-46
2.0658101e+03	6.2390248e-46
2.0704925e+03	6.2663572e-46
2.0751856e+03	6.2938130e-46
2.0798893e+03	6.3213937e-46
2.0846037e+03	6.3490997e-46
2.0893287e+03	6.3769320e-46
2.0940645e+03	6.4048899e-46
2.0988110e+03	6.4329749e-46
2.1035682e+03	6.4611880e-46
2.1083363e+03	6.4895285e-46
2.1131151e+03	6.5179979e-46
2.1179048e+03	6.5465967e-46
2.1227053e+03	6.5753252e-46
2.1275168e+03	6.6041840e-46
2.1323391e+03	6.6331740e-46
2.1371723e+03	6.6622961e-46
2.1420165e+03	6.6915498e-46
2.1468717e+03	6.7209365e-46
2.1517379e+03	6.7504562e-46
2.1566151e+03	6.7801103e-46
2.1615034e+03	6.8098994e-46
2.1664028e+03	6.8398234e-46
2.1713132e+03	6.8698832e-46
2.1762348e+03	6.9000793e-46
2.1811676e+03	6.9304127e-46
2.1861115e+03	6.9608839e-46
2.1910667e+03	6.9914933e-46
2.1960330e+03	7.0222419e-46
2.2010106e+03	7.0531302e-46
2.2059996e+03	7.0841582e-46
2.2109998e+03	7.1153274e-46
2.2160113e+03	7.1466382e-46
2.2210342e+03	7.1780907e-46
2.2260685e+03	7.2096863e-46
2.2311142e+03	7.2414256e-46
2.2361714e+03	7.2733090e-46
2.2412400e+03	7.3053365e-46
2.2463201e+03	7.3375102e-46
2.2514117e+03	7.3698296e-46
2.2565148e+03	7.4022956e-46
2.2616295e+03	7.4349087e-46
2.2667558e+03	7.4676706e-46
2.2718938e+03	7.5005807e-46
2.2770433e+03	7.5336405e-46
2.2822046e+03	7.5668506e-46
2.2873775e+03	7.6002109e-46
2.2925622e+03	7.6337231e-46
2.2977586e+03	7.6673870e-46
2.3029668e+03	7.7012039e-46
2.3081868e+03	7.7351747e-46
2.3134187e+03	7.7692994e-46
2.3186624e+03	7.8035791e-46
2.3239179e+03	7.8380144e-46
2.3291854e+03	7.8726062e-46
2.3344649e+03	7.9073547e-46
2.3397563e+03	7.9422608e-46
2.3450597e+03	7.9773257e-46
2.3503751e+03	8.0125500e-46
2.3557025e+03	8.0479341e-46
2.3610421e+03	8.0834786e-46
2.3663937e+03	8.1191846e-46
2.3717575e+03	8.1550528e-46
2.3771334e+03	8.1910835e-46
2.3825215e+03	8.2272780e-46
2.3879219e+03	8.2636373e-46
2.3933344e+03	8.3001616e-46
2.3987593e+03	8.3368570e-46
2.4041964e+03	8.3737196e-46
2.4096459e+03	8.4107314e-46
2.4151077e+03	8.4479219e-46
2.4205819e+03	8.4852824e-46
2.4260685e+03	8.5228123e-46
2.4315675e+03	8.5605128e-46
2.4370790e+03	8.5983845e-46
2.4426030e+03	8.6364279e-46
2.4481395e+03	8.6746442e-46
2.4536885e+03	8.7130335e-46
2.4592502e+03	8.7515975e-46
2.4648244e+03	8.7903367e-46
2.4704113e+03	8.8292518e-46
2.4760108e+03	8.8683434e-46
2.4816231e+03	8.9076121e-46
2.4872480e+03	8.9470597e-46
2.4928857e+03	8.9866861e-46
2.4985362e+03	9.0264921e-46
2.5041995e+03	9.0664793e-46
2.5098756e+03	9.1066473e-46
2.5155646e+03	9.1469984e-46
2.5212665e+03	9.1875320e-46
2.5269813e+03	9.2282501e-46
2.5327091e+03	9.2691532e-46
2.5384499e+03	9.3102419e-46
2.5442036e+03	9.3515169e-46
2.5499704e+03	9.3929794e-46
2.5557503e+03	9.4346295e-46
2.5615433e+03	9.4764696e-46
2.5673494e+03	9.5184991e-46
2.5731686e+03	9.5607194e-46
2.5790011e+03	9.6031316e-46
2.5848468e+03	9.6457365e-46
2.5907057e+03	9.6885340e-46
2.5965779e+03	9.7315267e-46
2.6024634e+03	9.7747140e-46
2.6083623e+03	9.8180978e-46
2.6142745e+03	9.8616782e-46
2.6202001e+03	9.9054564e-46
2.6261392e+03	9.9494331e-46
2.6320917e+03	9.9936097e-46
2.6380577e+03	1.0037987e-45
2.6440373e+03	1.0082566e-45
2.6500304e+03	1.0127346e-45
2.6560370e+03	1.0172331e-45
2.6620573e+03	1.0217520e-45
2.6680913e+03	1.0262913e-45
2.6741389e+03	1.0308512e-45
2.6802002e+03	1.0354319e-45
2.6862753e+03	1.0400334e-45
2.6923641e+03	1.0446557e-45
2.6984667e+03	1.0492991e-45
2.7045832e+03	1.0539634e-45
2.7107135e+03	1.0586490e-45
2.7168577e+03	1.0633559e-45
2.7230159e+03	1.0680841e-45
2.7291880e+03	1.0728338e-45
2.7353741e+03	1.0776050e-45
2.7415742e+03	1.0823979e-45
2.7477884e+03	1.0872125e-45
2.7540166e+03	1.0920491e-45
2.7602590e+03	1.0969075e-45
2.7665155e+03	1.1017881e-45
2.7727862e+03	1.1066907e-45
2.7790712e+03	1.1116156e-45
2.7853703e+03	1.1165629e-45
2.7916838e+03	1.1215326e-45
2.7980115e+03	1.1265249e-45
2.8043536e+03	1.1315399e-45
2.8107101e+03	1.1365776e-45
2.8170810e+03	1.1416382e-45
2.8234663e+03	1.1467217e-45
2.8298661e+03	1.1518284e-45
2.8362804e+03	1.1569582e-45
2.8427092e+03	1.1621113e-45
2.8491526e+03	1.1672878e-45
2.8556106e+03	1.1724878e-45
2.8620833e+03	1.1777114e-45
2.8685706e+03	1.1829587e-45
2.8750726e+03	1.1882298e-45
2.8815894e+03	1.1935313e-45
2.8881209e+03	1.1988440e-45
2.8946673e+03	1.2041872e-45
2.9012285e+03	1.2095546e-45
2.9078045e+03	1.2149465e-45
2.9143955e+03	1.2203628e-45
2.9210014e+03	1.2258037e-45
2.9276222e+03	1.2312693e-45
2.9342581e+03	1.2367597e-45
2.9409090e+03	1.2422751e-45
2.9475750e+03	1.2478154e-45
2.9542561e+03	1.2533809e-45
2.9609524e+03	1.2589717e-45
2.9676638e+03	1.2645879e-45
2.9743904e+03	1.2702296e-45
2.9811323e+03	1.2758968e-45
2.9878895e+03	1.2815897e-45
2.9946620e+03	1.2873086e-45
3.0014498e+03	1.2930533e-45
3.0082530e+03	1.2988242e-45
3.0150716e+03	1.3046212e-45
3.0219057e+03	1.3104446e-45
3.0287553e+03	1.3162944e-45
3.0356204e+03	1.3221708e-45
3.0425011e+03	1.3280738e-45
3.0493974e+03	1.3340036e-45
3.0563093e+03	1.3399604e-45
3.0632368e+03	1.3459441e-45
3.0701801e+03	1.3519551e-45
3.0771391e+03	1.3579933e-45
3.0841139e+03	1.3640589e-45
3.0911045e+03	1.3701521e-45
3.0981109e+03	1.3762729e-45
3.1051332e+03	1.3824215e-45
3.1121714e+03	1.3885979e-45
3.1192256e+03	1.3948025e-45
3.1262958e+03	1.4010352e-45
3.1333820e+03	1.4072962e-45
3.1404843e+03	1.4135856e-45
3.1476026e+03	1.4199036e-45
3.1547371e+03	1.4262502e-45
3.1618878e+03	1.4326257e-45
3.1690546e+03	1.4390301e-45
3.1762378e+03	1.4454635e-45
3.1834372e+03	1.4519262e-45
3.1906529e+03	1.4584181e-45
3.1978850e+03	1.4649396e-45
3.2051334e+03	1.4714907e-45
3.2123983e+03	1.4780715e-45
3.2196797e+03	1.4846821e-45
3.2269775e+03	1.4913228e-45
3.2342919e+03	1.4979936e-45
3.2416229e+03	1.5046947e-45
3.2489705e+03	1.5114262e-45
3.2563348e+03	1.5181882e-45
3.2637158e+03	1.5249810e-45
3.2711134e+03	1.5318046e-45
3.2785279e+03	1.5386591e-45
3.2859591e+03	1.5455448e-45
3.2934072e+03	1.5524617e-45
3.3008722e+03	1.5594100e-45
3.3083541e+03	1.5663899e-45
3.3158530e+03	1.5734014e-45
3.3233688e+03	1.5804448e-45
3.3309017e+03	1.5875201e-45
3.3384517e+03	1.5946276e-45
3.3460188e+03	1.6017673e-45
3.3536030e+03	1.6089394e-45
3.3612044e+03	1.6161449e-45
3.3688231e+03	1.6233814e-45
3.3764590e+03	1.6306517e-45
3.3841122e+03	1.6379549e-45
3.3917828e+03	1.6452912e-45
3.3994708e+03	1.6526609e-45
3.4071762e+03	1.6600640e-45
3.4148990e+03	1.6675007e-45
3.4226394e+03	1.6749711e-45
3.4303973e+03	1.6824755e-45
3.4381728e+03	1.6900139e-45
3.4459659e+03	1.6975866e-45
3.4537767e+03	1.7051936e-45
3.4616051e+03	1.7128352e-45
3.4694514e+03	1.7205114e-45
3.4773154e+03	1.7282225e-45
3.4851972e+03	1.7359686e-45
3.4930969e+03	1.7437499e-45
3.5010145e+03	1.7515664e-45
3.5089501e+03	1.7594184e-45
3.5169036e+03	1.7673061e-45
3.5248752e+03	1.7752295e-45
3.5328648e+03	1.7831890e-45
3.5408726e+03	1.7911845e-45
3.5488985e+03	1.7992164e-45
3.5569425e+03	1.8072847e-45
3.5650049e+03	1.8153897e-45
3.5730855e+03	1.8235313e-45
3.5811844e+03	1.8317101e-45
3.5893016e+03	1.8399259e-45
3.5974373e+03	1.8481789e-45
3.6055914e+03	1.8564695e-45
3.6137640e+03	1.8647977e-45
3.6219551e+03	1.8731636e-45
3.6301648e+03	1.8815675e-45
3.6383931e+03	1.8900096e-45
3.6466400e+03	1.8984901e-45
3.6549057e+03	1.9070089e-45
3.6631900e+03	1.9155665e-45
3.6714932e+03	1.9241629e-45
3.6798152e+03	1.9327983e-45
3.6881560e+03	1.9414730e-45
3.6965157e+03	1.9501869e-45
3.7048944e+03	1.9589404e-45
3.7132921e+03	1.9677337e-45
3.7217088e+03	1.9765669e-45
3.7301446e+03	1.9854401e-45
3.7385995e+03	1.9943538e-45
3.7470736e+03	2.0033077e-45
3.7555668e+03	2.0123023e-45
3.7640794e+03	2.0213378e-45
3.7726112e+03	2.0304143e-45
3.7811624e+03	2.0395320e-45
3.7897329e+03	2.0486910e-45
3.7983229e+03	2.0578917e-45
3.8069323e+03	2.0671341e-45
3.8155613e+03	2.0764184e-45
3.8242098e+03	2.0857449e-45
3.8328779e+03	2.0951137e-45
3.8415657e+03	2.1045255e-45
3.8502732e+03	2.1139791e-45
3.8590004e+03	2.1234760e-45
3.8677473e+03	2.1330161e-45
3.8765141e+03	2.1425994e-45
3.8853008e+03	2.1522263e-45
3.8941074e+03	2.1618968e-45
3.9029340e+03	2.1716113e-45
3.9117805e+03	2.1813698e-45
3.9206471e+03	2.1911726e-45
3.9295339e+03	2.2010199e-45
3.9384407e+03	2.2109119e-45
3.9473677e+03	2.2208488e-45
3.9563150e+03	2.2308308e-45
3.9652826e+03	2.2408581e-45
3.9742705e+03	2.2509310e-45
3.9832787e+03	2.2610496e-45
3.9923074e+03	2.2712140e-45
4.0013565e+03	2.2814246e-45
4.0104262e+03	2.2916816e-45
4.0195164e+03	2.3019850e-45
4.0286272e+03	2.3123353e-45
4.0377587e+03	2.3227326e-45
4.0469108e+03	2.3331770e-45
4.0560837e+03	2.3436689e-45
4.0652774e+03	2.3542083e-45
4.0744920e+03	2.3647956e-45
4.0837274e+03	2.3754310e-45
4.0929837e+03	2.3861145e-45
4.1022611e+03	2.3968466e-45
4.1115594e+03	2.4076274e-45
4.1208789e+03	2.4184572e-45
4.1302194e+03	2.4293361e-45
4.1395812e+03	2.4402644e-45
4.1489641e+03	2.4512423e-45
4.1583684e+03	2.4622699e-45
4.1677939e+03	2.4733477e-45
4.1772408e+03	2.4844757e-45
4.1867091e+03	2.4956543e-45
4.1961989e+03	2.5068835e-45
4.2057102e+03	2.5181638e-45
4.2152430e+03	2.5294952e-45
4.2247975e+03	2.5408780e-45
4.2343736e+03	2.5523126e-45
4.2439714e+03	2.5637990e-45
4.2535910e+03	2.5753376e-45
4.2632324e+03	2.5869285e-45
4.2728956e+03	2.5985720e-45
4.2825807e+03	2.6102684e-45
4.2922878e+03	2.6220179e-45
4.3020169e+03	2.6338207e-45
4.3117680e+03	2.6456771e-45
4.3215413e+03	2.6575875e-45
4.3313367e+03	2.6695515e-45
4.3411543e+03	2.6815700e-45
4.3509941e+03	2.6936431e-45
4.3608563e+03	2.7057710e-45
4.3707408e+03	2.7179540e-45
4.3806477e+03	2.7301921e-45
4.3905771e+03	2.7424859e-45
4.4005289e+03	2.7548354e-45
4.4105034e+03	2.7672411e-45
4.4205004e+03	2.7797030e-45
4.4305201e+03	2.7922215e-45
4.4405625e+03	2.8047968e-45
4.4506277e+03	2.8174291e-45
4.4607157e+03	2.8301188e-45
4.4708265e+03	2.8428661e-45
4.4809603e+03	2.8556713e-45
4.4911170e+03	2.8685346e-45
4.5012968e+03	2.8814562e-45
4.5114996e+03	2.8944364e-45
4.5217256e+03	2.9074756e-45
4.5319747e+03	2.9205741e-45
4.5422471e+03	2.9337320e-45
4.5525428e+03	2.9469495e-45
4.5628618e+03	2.9602270e-45
4.5732041e+03	2.9735649e-45
4.5835700e+03	2.9869632e-45
4.5939593e+03	3.0004223e-45
4.6043722e+03	3.0139426e-45
4.6148086e+03	3.0275241e-45
4.6252688e+03	3.0411675e-45
4.6357526e+03	3.0548726e-45
4.6462602e+03	3.0686399e-45
4.6567916e+03	3.0824698e-45
4.6673469e+03	3.0963625e-45
4.6779261e+03	3.1103181e-45
4.6885293e+03	3.1243371e-45
4.6991565e+03	3.1384198e-45
4.7098078e+03	3.1525663e-45
4.7204833e+03	3.1667771e-45
4.7311829e+03	3.1810524e-45
4.7419069e+03	3.1953924e-45
4.7526551e+03	3.2097976e-45
4.7634276e+03	3.2242681e-45
4.7742246e+03	3.2388043e-45
4.7850461e+03	3.2534065e-45
4.7958921e+03	3.2680749e-45
4.8067627e+03	3.2828100e-45
4.8176579e+03	3.2976118e-45
4.8285778e+03	3.3124809e-45
4.8395225e+03	3.3274174e-45
4.8504919e+03	3.3424218e-45
4.8614863e+03	3.3574943e-45
4.8725055e+03	3.3726351e-45
4.8835498e+03	3.3878446e-45
4.8946190e+03	3.4031232e-45
4.9057134e+03	3.4184712e-45
4.9168329e+03	3.4338889e-45
4.9279776e+03	3.4493764e-45
4.9391476e+03	3.4649342e-45
4.9503429e+03	3.4805627e-45
4.9615635e+03	3.4962622e-45
4.9728096e+03	3.5120328e-45
4.9840812e+03	3.5278751e-45
4.9953784e+03	3.5437892e-45
5.0067011e+03	3.5597756e-45
5.0180495e+03	3.5758345e-45
5.0294236e+03	3.5919663e-45
5.0408236e+03	3.6081714e-45
5.0522493e+03	3.6244499e-45
5.0637010e+03	3.6408024e-45
5.0751786e+03	3.6572290e-45
5.0866822e+03	3.6737303e-45
5.0982119e+03	3.6903064e-45
5.1097677e+03	3.7069578e-45
5.1213497e+03	3.7236846e-45
5.1329580e+03	3.7404875e-45
5.1445926e+03	3.7573666e-45
5.1562535e+03	3.7743224e-45
5.1679409e+03	3.7913550e-45
5.1796548e+03	3.8084650e-45
5.1913953e+03	3.8256526e-45
5.2031623e+03	3.8429182e-45
5.2149560e+03	3.8602622e-45
5.2267765e+03	3.8776849e-45
5.2386237e+03	3.8951867e-45
5.2504978e+03	3.9127680e-45
5.2623988e+03	3.9304289e-45
5.2743268e+03	3.9481701e-45
5.2862818e+03	3.9659918e-45
5.2982639e+03	3.9838943e-45
5.3102732e+03	4.0018782e-45
5.3223097e+03	4.0199436e-45
5.3343735e+03	4.0380911e-45
5.3464646e+03	4.0563208e-45
5.3585831e+03	4.0746334e-45
5.3707291e+03	4.0930290e-45
5.3829027e+03	4.1115082e-45
5.3951038e+03	4.1300712e-45
5.4073326e+03	4.1487184e-45
5.4195891e+03	4.1674503e-45
5.4318733e+03	4.1862672e-45
5.4441855e+03	4.2051695e-45
5.4565255e+03	4.2241576e-45
5.4688935e+03	4.2432318e-45
5.4812895e+03	4.2623928e-45
5.4937136e+03	4.2816405e-45
5.5061659e+03	4.3009756e-45
5.5186465e+03	4.3203986e-45
5.5311553e+03	4.3399097e-45
5.5436924e+03	4.3595093e-45
5.5562580e+03	4.3791979e-45
5.5688521e+03	4.3989758e-45
5.5814747e+03	4.4188435e-45
5.5941259e+03	4.4388013e-45
5.6068058e+03	4.4588497e-45
5.6195144e+03	4.4789892e-45
5.6322518e+03	4.4992201e-45
5.6450181e+03	4.5195427e-45
5.6578134e+03	4.5399575e-45
5.6706376e+03	4.5604651e-45
5.6834909e+03	4.5810658e-45
5.6963734e+03	4.6017599e-45
5.7092850e+03	4.6225479e-45
5.7222260e+03	4.6434303e-45
5.7351962e+03	4.6644074e-45
5.7481959e+03	4.6854798e-45
5.7612250e+03	4.7066478e-45
5.7742836e+03	4.7279119e-45
5.7873719e+03	4.7492725e-45
5.8004898e+03	4.7707300e-45
5.8136374e+03	4.7922849e-45
5.8268149e+03	4.8139377e-45
5.8400222e+03	4.8356887e-45
5.8532594e+03	4.8575384e-45
5.8665267e+03	4.8794873e-45
5.8798240e+03	4.9015358e-45
5.8931515e+03	4.9236844e-45
5.9065091e+03	4.9459335e-45
5.9198971e+03	4.9682837e-45
5.9333154e+03	4.9907351e-45
5.9467641e+03	5.0132885e-45
5.9602433e+03	5.0359444e-45
5.9737530e+03	5.0587029e-45
5.9872934e+03	5.0815648e-45
6.0008645e+03	5.1045305e-45
6.0144663e+03	5.1276003e-45
6.0280989e+03	5.1507749e-45
6.0417625e+03	5.1740547e-45
6.0554570e+03	5.1974400e-45
6.0691826e+03	5.2209316e-45
6.0829393e+03	5.2445298e-45
6.0967271e+03	5.2682351e-45
6.1105462e+03	5.2920479e-45
6.1243967e+03	5.3159689e-45
6.1382785e+03	5.3399983e-45
6.1521918e+03	5.3641369e-45
6.1661366e+03	5.3883850e-45
6.1801130e+03	5.4127431e-45
6.1941211e+03	5.4372118e-45
6.2081610e+03	5.4617916e-45
6.2222327e+03	5.4864830e-45
6.2363363e+03	5.5112863e-45
6.2504718e+03	5.5362022e-45
6.2646394e+03	5.5612314e-45
6.2788391e+03	5.5863739e-45
6.2930710e+03	5.6116307e-45
6.3073352e+03	5.6370020e-45
6.3216317e+03	5.6624886e-45
6.3359605e+03	5.6880907e-45
6.3503219e+03	5.7138091e-45
6.3647158e+03	5.7396443e-45
6.3791424e+03	5.7655965e-45
6.3936016e+03	5.7916668e-45
6.4080936e+03	5.8178552e-45
6.4226185e+03	5.8441625e-45
6.4371763e+03	5.8705892e-45
6.4517671e+03	5.8971358e-45
6.4663909e+03	5.9238030e-45
6.4810479e+03	5.9505912e-45
6.4957382e+03	5.9775008e-45
6.5104617e+03	6.0045327e-45
6.5252186e+03	6.0316873e-45
6.5400089e+03	6.0589650e-45
6.5548328e+03	6.0863666e-45
6.5696903e+03	6.1138927e-45
6.5845814e+03	6.1415434e-45
6.5995063e+03	6.1693199e-45
6.6144650e+03	6.1972222e-45
6.6294577e+03	6.2252513e-45
6.6444843e+03	6.2534077e-45
6.6595450e+03	6.2816917e-45
6.6746398e+03	6.3101042e-45
6.6897688e+03	6.3386455e-45
6.7049321e+03	6.3673166e-45
6.7201298e+03	6.3961175e-45
6.7353620e+03	6.4250493e-45
6.7506286e+03	6.4541123e-45
6.7659299e+03	6.4833074e-45
6.7812659e+03	6.5126348e-45
6.7966366e+03	6.5420954e-45
6.8120421e+03	6.5716897e-45
6.8274826e+03	6.6014182e-45
6.8429581e+03	6.6312819e-45
6.8584686e+03	6.6612808e-45
6.8740143e+03	6.6914160e-45
6.8895953e+03	6.7216880e-45
6.9052115e+03	6.7520974e-45
6.9208632e+03	6.7826448e-45
6.9365503e+03	6.8133308e-45
6.9522730e+03	6.8441561e-45
6.9680313e+03	6.8751213e-45
6.9838254e+03	6.9062269e-45
6.9996552e+03	6.9374738e-45
7.0155209e+03	6.9688625e-45
7.0314226e+03	7.0003938e-45
7.0473604e+03	7.0320681e-45
7.0633342e+03	7.0638859e-45
7.0793443e+03	7.0958484e-45
7.0953906e+03	7.1279560e-45
7.1114734e+03	7.1602091e-45
7.1275925e+03	7.1926087e-45
7.1437482e+03	7.2251554e-45
7.1599406e+03	7.2578496e-45
7.1761696e+03	7.2906925e-45
7.1924354e+03	7.3236843e-45
7.2087381e+03	7.3568257e-45
7.2250778e+03	7.3901176e-45
7.2414544e+03	7.4235606e-45
7.2578682e+03	7.4571555e-45
7.2743192e+03	7.4909027e-45
7.2908075e+03	7.5248031e-45
7.3073332e+03	7.5588575e-45
7.3238963e+03	7.5930662e-45
7.3404970e+03	7.6274305e-45
7.3571353e+03	7.6619505e-45
7.3738113e+03	7.6966273e-45
7.3905251e+03	7.7314614e-45
7.4072768e+03	7.7664536e-45
7.4240664e+03	7.8016045e-45
7.4408941e+03	7.8369152e-45
7.4577600e+03	7.8723859e-45
7.4746641e+03	7.9080177e-45
7.4916065e+03	7.9438113e-45
7.5085873e+03	7.9797673e-45
7.5256066e+03	8.0158863e-45
7.5426644e+03	8.0521694e-45
7.5597610e+03	8.0886172e-45
7.5768963e+03	8.1252302e-45
7.5940704e+03	8.1620096e-45
7.6112834e+03	8.1989559e-45
7.6285355e+03	8.2360698e-45
7.6458267e+03	8.2733521e-45
7.6631570e+03	8.3108038e-45
7.6805267e+03	8.3484252e-45
7.6979357e+03	8.3862176e-45
7.7153842e+03	8.4241813e-45
7.7328722e+03	8.4623174e-45
7.7503999e+03	8.5006267e-45
7.7679673e+03	8.5391096e-45
7.7855745e+03	8.5777674e-45
7.8032216e+03	8.6166006e-45
7.8209087e+03	8.6556100e-45
7.8386359e+03	8.6947964e-45
7.8564033e+03	8.7341608e-45
7.8742110e+03	8.7737036e-45
7.8920590e+03	8.8134260e-45
7.9099475e+03	8.8533287e-45
7.9278766e+03	8.8934125e-45
7.9458462e+03	8.9336782e-45
7.9638566e+03	8.9741266e-45
7.9819079e+03	9.0147587e-45
8.0000000e+03	9.0555750e-45
