5.0000000e+00	3.5612092e-24
5.0115300e+00	3.5336699e-24
5.0230867e+00	3.5063609e-24
5.0346699e+00	3.4792785e-24
5.0462799e+00	3.4524206e-24
5.0579167e+00	3.4257910e-24
5.0695803e+00	3.3993842e-24
5.0812708e+00	3.3731965e-24
5.0929882e+00	3.3472261e-24
5.1047327e+00	3.3214768e-24
5.1165042e+00	3.2959431e-24
5.1283029e+00	3.2706215e-24
5.1401288e+00	3.2455102e-24
5.1519820e+00	3.2206131e-24
5.1638625e+00	3.1959248e-24
5.1757704e+00	3.1714419e-24
5.1877058e+00	3.1471625e-24
5.1996687e+00	3.1230909e-24
5.2116592e+00	3.0992216e-24
5.2236773e+00	3.0755510e-24
5.2357231e+00	3.0520776e-24
5.2477968e+00	3.0288058e-24
5.2598982e+00	3.0057301e-24
5.2720276e+00	2.9828469e-24
5.2841849e+00	2.9601547e-24
5.2963703e+00	2.9376582e-24
5.3085838e+00	2.9153517e-24
5.3208254e+00	2.8932319e-24
5.3330953e+00	2.8712972e-24
5.3453934e+00	2.8495526e-24
5.3577199e+00	2.8279923e-24
5.3700749e+00	2.8066130e-24
5.3824583e+00	2.7854132e-24
5.3948703e+00	2.7643982e-24
5.4073109e+00	2.7435621e-24
5.4197802e+00	2.7229015e-24
5.4322783e+00	2.7024150e-24
5.4448051e+00	2.6821083e-24
5.4573609e+00	2.6619753e-24
5.4699456e+00	2.6420127e-24
5.4825594e+00	2.6222191e-24
5.4952022e+00	2.6026006e-24
5.5078742e+00	2.5831510e-24
5.5205754e+00	2.5638668e-24
5.5333058e+00	2.5447468e-24
5.5460657e+00	2.5257975e-24
5.5588550e+00	2.5070125e-24
5.5716737e+00	2.4883883e-24
5.5845220e+00	2.4699236e-24
5.5974000e+00	2.4516257e-24
5.6103076e+00	2.4334878e-24
5.6232451e+00	2.4155063e-24
5.6362123e+00	2.3976802e-24
5.6492094e+00	2.3800170e-24
5.6622366e+00	2.3625099e-24
5.6752937e+00	2.3451553e-24
5.6883810e+00	2.3279519e-24
5.7014985e+00	2.3109082e-24
5.7146461e+00	2.2940170e-24
5.7278242e+00	2.2772744e-24
5.7410326e+00	2.2606795e-24
5.7542714e+00	2.2442414e-24
5.7675408e+00	2.2279524e-24
5.7808408e+00	2.2118087e-24
5.7941715e+00	2.1958093e-24
5.8075329e+00	2.1799642e-24
5.8209251e+00	2.1642653e-24
5.8343482e+00	2.1487086e-24
5.8478023e+00	2.1332931e-24
5.8612873e+00	2.1180299e-24
5.8748035e+00	2.1029102e-24
5.8883508e+00	2.0879301e-24
5.9019294e+00	2.0730884e-24
5.9155393e+00	2.0583975e-24
5.9291806e+00	2.0438478e-24
5.9428533e+00	2.0294353e-24
5.9565576e+00	2.0151588e-24
5.9702935e+00	2.0010319e-24
5.9840610e+00	1.9870445e-24
5.9978603e+00	1.9731920e-24
6.0116914e+00	1.9594736e-24
6.0255544e+00	1.9459040e-24
6.0394494e+00	1.9324723e-24
6.0533764e+00	1.9191738e-24
6.0673355e+00	1.9060076e-24
6.0813269e+00	1.8929900e-24
6.0953505e+00	1.8801090e-24
6.1094064e+00	1.8673597e-24
6.1234947e+00	1.8547412e-24
6.1376155e+00	1.8422713e-24
6.1517689e+00	1.8299373e-24
6.1659550e+00	1.8177335e-24
6.1801737e+00	1.8056594e-24
6.1944252e+00	1.7937342e-24
6.2087096e+00	1.7819441e-24
6.2230269e+00	1.7702833e-24
6.2373773e+00	1.7587511e-24
6.2517607e+00	1.7473684e-24
6.2661773e+00	1.7361202e-24
6.2806272e+00	1.7250004e-24
6.2951104e+00	1.7140081e-24
6.3096269e+00	1.7031662e-24
6.3241770e+00	1.6924583e-24
6.3387606e+00	1.6818778e-24
6.3533778e+00	1.6714240e-24
6.3680288e+00	1.6611212e-24
6.3827135e+00	1.6509520e-24
6.3974321e+00	1.6409091e-24
6.4121846e+00	1.6309920e-24
6.4269711e+00	1.6212264e-24
6.4417918e+00	1.6115938e-24
6.4566466e+00	1.6020864e-24
6.4715357e+00	1.5927035e-24
6.4864591e+00	1.5834725e-24
6.5014169e+00	1.5743735e-24
6.5164092e+00	1.5653984e-24
6.5314361e+00	1.5565463e-24
6.5464977e+00	1.5478460e-24
6.5615939e+00	1.5392762e-24
6.5767250e+00	1.5308286e-24
6.5918910e+00	1.5225023e-24
6.6070920e+00	1.5143269e-24
6.6223280e+00	1.5062803e-24
6.6375991e+00	1.4983536e-24
6.6529055e+00	1.4905459e-24
6.6682471e+00	1.4828876e-24
6.6836241e+00	1.4753557e-24
6.6990366e+00	1.4679410e-24
6.7144846e+00	1.4606426e-24
6.7299683e+00	1.4534912e-24
6.7454877e+00	1.4464631e-24
6.7610428e+00	1.4395490e-24
6.7766338e+00	1.4327479e-24
6.7922608e+00	1.4260905e-24
6.8079238e+00	1.4195528e-24
6.8236229e+00	1.4131253e-24
6.8393582e+00	1.4068069e-24
6.8551299e+00	1.4006280e-24
6.8709378e+00	1.3945646e-24
6.8867823e+00	1.3886071e-24
6.9026632e+00	1.3827542e-24
6.9185808e+00	1.3770361e-24
6.9345351e+00	1.3714285e-24
6.9505262e+00	1.3659219e-24
6.9665542e+00	1.3605153e-24
6.9826191e+00	1.3552377e-24
6.9987211e+00	1.3500654e-24
7.0148602e+00	1.3449889e-24
7.0310365e+00	1.3400072e-24
7.0472502e+00	1.3351484e-24
7.0635012e+00	1.3303891e-24
7.0797897e+00	1.3257203e-24
7.0961157e+00	1.3211409e-24
7.1124794e+00	1.3166776e-24
7.1288808e+00	1.3123081e-24
7.1453201e+00	1.3080235e-24
7.1617972e+00	1.3038226e-24
7.1783124e+00	1.2997311e-24
7.1948656e+00	1.2957274e-24
7.2114571e+00	1.2918030e-24
7.2280867e+00	1.2879568e-24
7.2447548e+00	1.2842131e-24
7.2614612e+00	1.2805512e-24
7.2782062e+00	1.2769631e-24
7.2949898e+00	1.2734477e-24
7.3118121e+00	1.2700280e-24
7.3286732e+00	1.2666842e-24
7.3455732e+00	1.2634090e-24
7.3625121e+00	1.2602013e-24
7.3794901e+00	1.2570825e-24
7.3965073e+00	1.2540342e-24
7.4135637e+00	1.2510494e-24
7.4306594e+00	1.2481270e-24
7.4477946e+00	1.2452872e-24
7.4649693e+00	1.2425126e-24
7.4821835e+00	1.2397968e-24
7.4994375e+00	1.2371387e-24
7.5167313e+00	1.2345572e-24
7.5340649e+00	1.2320361e-24
7.5514385e+00	1.2295692e-24
7.5688522e+00	1.2271558e-24
7.5863060e+00	1.2248133e-24
7.6038001e+00	1.2225268e-24
7.6213345e+00	1.2202904e-24
7.6389094e+00	1.2181035e-24
7.6565248e+00	1.2159824e-24
7.6741808e+00	1.2139131e-24
7.6918775e+00	1.2118902e-24
7.7096150e+00	1.2099131e-24
7.7273934e+00	1.2079971e-24
7.7452129e+00	1.2061291e-24
7.7630734e+00	1.2043041e-24
7.7809751e+00	1.2025215e-24
7.7989181e+00	1.2007957e-24
7.8169025e+00	1.1991143e-24
7.8349283e+00	1.1974729e-24
7.8529957e+00	1.1958707e-24
7.8711048e+00	1.1943212e-24
7.8892556e+00	1.1928129e-24
7.9074483e+00	1.1913415e-24
7.9256829e+00	1.1899064e-24
7.9439596e+00	1.1885201e-24
7.9622784e+00	1.1871717e-24
7.9806395e+00	1.1858574e-24
7.9990429e+00	1.1845764e-24
8.0174888e+00	1.1833402e-24
8.0359772e+00	1.1821388e-24
8.0545082e+00	1.1809683e-24
8.0730819e+00	1.1798282e-24
8.0916985e+00	1.1787288e-24
8.1103581e+00	1.1776609e-24
8.1290606e+00	1.1766208e-24
8.1478063e+00	1.1756082e-24
8.1665952e+00	1.1746321e-24
8.1854274e+00	1.1736842e-24
8.2043031e+00	1.1727613e-24
8.2232223e+00	1.1718629e-24
8.2421851e+00	1.1709975e-24
8.2611916e+00	1.1701575e-24
8.2802420e+00	1.1693401e-24
8.2993363e+00	1.1685451e-24
8.3184746e+00	1.1677803e-24
8.3376571e+00	1.1670389e-24
8.3568838e+00	1.1663187e-24
8.3761548e+00	1.1656193e-24
8.3954703e+00	1.1649485e-24
8.4148303e+00	1.1643000e-24
8.4342350e+00	1.1636717e-24
8.4536844e+00	1.1630633e-24
8.4731786e+00	1.1624824e-24
8.4927179e+00	1.1619230e-24
8.5123021e+00	1.1613831e-24
8.5319316e+00	1.1608624e-24
8.5516063e+00	1.1603682e-24
8.5713263e+00	1.1598947e-24
8.5910919e+00	1.1594397e-24
8.6109030e+00	1.1590031e-24
8.6307598e+00	1.1585917e-24
8.6506624e+00	1.1582000e-24
8.6706109e+00	1.1578257e-24
8.6906054e+00	1.1574688e-24
8.7106460e+00	1.1571356e-24
8.7307328e+00	1.1568207e-24
8.7508660e+00	1.1565221e-24
8.7710455e+00	1.1562397e-24
8.7912716e+00	1.1559792e-24
8.8115444e+00	1.1557357e-24
8.8318638e+00	1.1555073e-24
8.8522302e+00	1.1552938e-24
8.8726435e+00	1.1551005e-24
8.8931039e+00	1.1549227e-24
8.9136114e+00	1.1547588e-24
8.9341663e+00	1.1546085e-24
8.9547686e+00	1.1544766e-24
8.9754183e+00	1.1543589e-24
8.9961157e+00	1.1542539e-24
9.0168608e+00	1.1541612e-24
9.0376538e+00	1.1540853e-24
9.0584947e+00	1.1540222e-24
9.0793836e+00	1.1539706e-24
9.1003208e+00	1.1539302e-24
9.1213062e+00	1.1539049e-24
9.1423400e+00	1.1538912e-24
9.1634223e+00	1.1538878e-24
9.1845532e+00	1.1538945e-24
9.2057328e+00	1.1539147e-24
9.2269613e+00	1.1539454e-24
9.2482388e+00	1.1539853e-24
9.2695653e+00	1.1540342e-24
9.2909410e+00	1.1540952e-24
9.3123660e+00	1.1541654e-24
9.3338403e+00	1.1542438e-24
9.3553642e+00	1.1543303e-24
9.3769378e+00	1.1544274e-24
9.3985611e+00	1.1545327e-24
9.4202342e+00	1.1546452e-24
9.4419574e+00	1.1547648e-24
9.4637306e+00	1.1548937e-24
9.4855540e+00	1.1550297e-24
9.5074278e+00	1.1551720e-24
9.5293520e+00	1.1553204e-24
9.5513267e+00	1.1554770e-24
9.5733522e+00	1.1556396e-24
9.5954284e+00	1.1558077e-24
9.6175555e+00	1.1559810e-24
9.6397337e+00	1.1561612e-24
9.6619630e+00	1.1563466e-24
9.6842435e+00	1.1565365e-24
9.7065755e+00	1.1567308e-24
9.7289589e+00	1.1569309e-24
9.7513940e+00	1.1571353e-24
9.7738808e+00	1.1573434e-24
9.7964194e+00	1.1575551e-24
9.8190100e+00	1.1577715e-24
9.8416527e+00	1.1579914e-24
9.8643477e+00	1.1582142e-24
9.8870949e+00	1.1584399e-24
9.9098946e+00	1.1586692e-24
9.9327469e+00	1.1589011e-24
9.9556519e+00	1.1591353e-24
9.9786097e+00	1.1593716e-24
1.0001620e+01	1.1596105e-24
1.0024684e+01	1.1598513e-24
1.0047801e+01	1.1600937e-24
1.0070972e+01	1.1603375e-24
1.0094195e+01	1.1605830e-24
1.0117473e+01	1.1608296e-24
1.0140804e+01	1.1610772e-24
1.0164188e+01	1.1613255e-24
1.0187627e+01	1.1615746e-24
1.0211120e+01	1.1618242e-24
1.0234667e+01	1.1620740e-24
1.0258268e+01	1.1623240e-24
1.0281924e+01	1.1625740e-24
1.0305634e+01	1.1628237e-24
1.0329399e+01	1.1630731e-24
1.0353218e+01	1.1633221e-24
1.0377093e+01	1.1635702e-24
1.0401023e+01	1.1638175e-24
1.0425007e+01	1.1640639e-24
1.0449048e+01	1.1643093e-24
1.0473143e+01	1.1645531e-24
1.0497294e+01	1.1647955e-24
1.0521501e+01	1.1650364e-24
1.0545764e+01	1.1652758e-24
1.0570082e+01	1.1655129e-24
1.0594457e+01	1.1657479e-24
1.0618888e+01	1.1659810e-24
1.0643375e+01	1.1662121e-24
1.0667919e+01	1.1664402e-24
1.0692519e+01	1.1666657e-24
1.0717176e+01	1.1668888e-24
1.0741890e+01	1.1671094e-24
1.0766661e+01	1.1673264e-24
1.0791489e+01	1.1675402e-24
1.0816374e+01	1.1677512e-24
1.0841317e+01	1.1679592e-24
1.0866317e+01	1.1681630e-24
1.0891375e+01	1.1683632e-24
1.0916491e+01	1.1685601e-24
1.0941664e+01	1.1687536e-24
1.0966896e+01	1.1689422e-24
1.0992185e+01	1.1691268e-24
1.1017533e+01	1.1693077e-24
1.1042940e+01	1.1694849e-24
1.1068405e+01	1.1696566e-24
1.1093929e+01	1.1698238e-24
1.1119512e+01	1.1699870e-24
1.1145153e+01	1.1701460e-24
1.1170854e+01	1.1702990e-24
1.1196614e+01	1.1704472e-24
1.1222434e+01	1.1705909e-24
1.1248313e+01	1.1707301e-24
1.1274251e+01	1.1708628e-24
1.1300250e+01	1.1709903e-24
1.1326308e+01	1.1711130e-24
1.1352427e+01	1.1712308e-24
1.1378606e+01	1.1713417e-24
1.1404845e+01	1.1714470e-24
1.1431144e+01	1.1715471e-24
1.1457505e+01	1.1716421e-24
1.1483926e+01	1.1717297e-24
1.1510408e+01	1.1718113e-24
1.1536951e+01	1.1718875e-24
1.1563555e+01	1.1719582e-24
1.1590221e+01	1.1720212e-24
1.1616948e+01	1.1720778e-24
1.1643737e+01	1.1721287e-24
1.1670587e+01	1.1721739e-24
1.1697500e+01	1.1722108e-24
1.1724474e+01	1.1722412e-24
1.1751511e+01	1.1722656e-24
1.1778610e+01	1.1722839e-24
1.1805772e+01	1.1722937e-24
1.1832996e+01	1.1722966e-24
1.1860283e+01	1.1722933e-24
1.1887633e+01	1.1722836e-24
1.1915046e+01	1.1722651e-24
1.1942522e+01	1.1722394e-24
1.1970061e+01	1.1722072e-24
1.1997664e+01	1.1721685e-24
1.2025331e+01	1.1721206e-24
1.2053062e+01	1.1720653e-24
1.2080856e+01	1.1720033e-24
1.2108715e+01	1.1719345e-24
1.2136637e+01	1.1718561e-24
1.2164625e+01	1.1717702e-24
1.2192676e+01	1.1716773e-24
1.2220793e+01	1.1715775e-24
1.2248974e+01	1.1714679e-24
1.2277220e+01	1.1713504e-24
1.2305532e+01	1.1712258e-24
1.2333908e+01	1.1710941e-24
1.2362350e+01	1.1709523e-24
1.2390858e+01	1.1708024e-24
1.2419431e+01	1.1706453e-24
1.2448071e+01	1.1704809e-24
1.2476776e+01	1.1703061e-24
1.2505548e+01	1.1701231e-24
1.2534386e+01	1.1699327e-24
1.2563290e+01	1.1697348e-24
1.2592261e+01	1.1695264e-24
1.2621299e+01	1.1693096e-24
1.2650404e+01	1.1690852e-24
1.2679576e+01	1.1688532e-24
1.2708815e+01	1.1686105e-24
1.2738121e+01	1.1683593e-24
1.2767496e+01	1.1681004e-24
1.2796938e+01	1.1678337e-24
1.2826447e+01	1.1675562e-24
1.2856025e+01	1.1672700e-24
1.2885671e+01	1.1669761e-24
1.2915386e+01	1.1666744e-24
1.2945169e+01	1.1663615e-24
1.2975020e+01	1.1660401e-24
1.3004941e+01	1.1657108e-24
1.3034930e+01	1.1653736e-24
1.3064989e+01	1.1650252e-24
1.3095117e+01	1.1646681e-24
1.3125314e+01	1.1643032e-24
1.3155582e+01	1.1639305e-24
1.3185918e+01	1.1635463e-24
1.3216325e+01	1.1631535e-24
1.3246802e+01	1.1627531e-24
1.3277349e+01	1.1623448e-24
1.3307967e+01	1.1619248e-24
1.3338655e+01	1.1614966e-24
1.3369414e+01	1.1610612e-24
1.3400244e+01	1.1606186e-24
1.3431145e+01	1.1601645e-24
1.3462118e+01	1.1597010e-24
1.3493162e+01	1.1592293e-24
1.3524277e+01	1.1587499e-24
1.3555464e+01	1.1582617e-24
1.3586723e+01	1.1577653e-24
1.3618054e+01	1.1572612e-24
1.3649457e+01	1.1567495e-24
1.3680933e+01	1.1562287e-24
1.3712481e+01	1.1557003e-24
1.3744103e+01	1.1551650e-24
1.3775797e+01	1.1546230e-24
1.3807564e+01	1.1540730e-24
1.3839404e+01	1.1535165e-24
1.3871318e+01	1.1529543e-24
1.3903305e+01	1.1523867e-24
1.3935366e+01	1.1518133e-24
1.3967501e+01	1.1512355e-24
1.3999710e+01	1.1506541e-24
1.4031994e+01	1.1500697e-24
1.4064352e+01	1.1494838e-24
1.4096784e+01	1.1488977e-24
1.4129292e+01	1.1483123e-24
1.4161874e+01	1.1477286e-24
1.4194531e+01	1.1471526e-24
1.4227264e+01	1.1465852e-24
1.4260072e+01	1.1460281e-24
1.4292956e+01	1.1454837e-24
1.4325916e+01	1.1449680e-24
1.4358951e+01	1.1444835e-24
1.4392063e+01	1.1440338e-24
1.4425251e+01	1.1436259e-24
1.4458516e+01	1.1433061e-24
1.4491858e+01	1.1430866e-24
1.4525276e+01	1.1429816e-24
1.4558771e+01	1.1430160e-24
1.4592344e+01	1.1433585e-24
1.4625994e+01	1.1441050e-24
1.4659722e+01	1.1453285e-24
1.4693527e+01	1.1471670e-24
1.4727410e+01	1.1506281e-24
1.4761372e+01	1.1572139e-24
1.4795412e+01	1.1910971e-24
1.4829530e+01	1.2851079e-24
1.4863727e+01	1.6755787e-24
1.4898003e+01	2.0787861e-24
1.4932358e+01	2.3033905e-24
1.4966792e+01	2.1869975e-24
1.5001306e+01	1.7331125e-24
1.5035899e+01	1.3897587e-24
1.5070572e+01	1.2038199e-24
1.5105324e+01	1.1632948e-24
1.5140157e+01	1.1487551e-24
1.5175071e+01	1.1393543e-24
1.5210065e+01	1.1330420e-24
1.5245139e+01	1.1286964e-24
1.5280295e+01	1.1255529e-24
1.5315531e+01	1.1229543e-24
1.5350849e+01	1.1207115e-24
1.5386248e+01	1.1187240e-24
1.5421729e+01	1.1169609e-24
1.5457291e+01	1.1153203e-24
1.5492936e+01	1.1137668e-24
1.5528663e+01	1.1122820e-24
1.5564472e+01	1.1108606e-24
1.5600364e+01	1.1094755e-24
1.5636338e+01	1.1081169e-24
1.5672396e+01	1.1067796e-24
1.5708537e+01	1.1054609e-24
1.5744761e+01	1.1041524e-24
1.5781068e+01	1.1028510e-24
1.5817459e+01	1.1015548e-24
1.5853935e+01	1.1002611e-24
1.5890494e+01	1.0989676e-24
1.5927137e+01	1.0976736e-24
1.5963866e+01	1.0963783e-24
1.6000678e+01	1.0950785e-24
1.6037576e+01	1.0937746e-24
1.6074559e+01	1.0924668e-24
1.6111627e+01	1.0911546e-24
1.6148780e+01	1.0898347e-24
1.6186020e+01	1.0885086e-24
1.6223345e+01	1.0871769e-24
1.6260756e+01	1.0858393e-24
1.6298253e+01	1.0844923e-24
1.6335837e+01	1.0831381e-24
1.6373508e+01	1.0817774e-24
1.6411265e+01	1.0804101e-24
1.6449110e+01	1.0790326e-24
1.6487041e+01	1.0776473e-24
1.6525061e+01	1.0762550e-24
1.6563168e+01	1.0748558e-24
1.6601362e+01	1.0734460e-24
1.6639645e+01	1.0720281e-24
1.6678016e+01	1.0706032e-24
1.6716476e+01	1.0691712e-24
1.6755024e+01	1.0677283e-24
1.6793662e+01	1.0662773e-24
1.6832388e+01	1.0648193e-24
1.6871203e+01	1.0633542e-24
1.6910109e+01	1.0618782e-24
1.6949103e+01	1.0603942e-24
1.6988188e+01	1.0589032e-24
1.7027363e+01	1.0574053e-24
1.7066628e+01	1.0558966e-24
1.7105984e+01	1.0543800e-24
1.7145431e+01	1.0528566e-24
1.7184968e+01	1.0513264e-24
1.7224597e+01	1.0497856e-24
1.7264317e+01	1.0482372e-24
1.7304128e+01	1.0466823e-24
1.7344032e+01	1.0451208e-24
1.7384027e+01	1.0435490e-24
1.7424115e+01	1.0419697e-24
1.7464295e+01	1.0403842e-24
1.7504568e+01	1.0387925e-24
1.7544934e+01	1.0371910e-24
1.7585392e+01	1.0355823e-24
1.7625945e+01	1.0339672e-24
1.7666590e+01	1.0323460e-24
1.7707329e+01	1.0307160e-24
1.7748163e+01	1.0290794e-24
1.7789090e+01	1.0274369e-24
1.7830112e+01	1.0257886e-24
1.7871228e+01	1.0241317e-24
1.7912439e+01	1.0224686e-24
1.7953746e+01	1.0208002e-24
1.7995147e+01	1.0191264e-24
1.8036644e+01	1.0174446e-24
1.8078237e+01	1.0157571e-24
1.8119925e+01	1.0140647e-24
1.8161710e+01	1.0123676e-24
1.8203591e+01	1.0106631e-24
1.8245569e+01	1.0089534e-24
1.8287643e+01	1.0072395e-24
1.8329814e+01	1.0055213e-24
1.8372083e+01	1.0037966e-24
1.8414449e+01	1.0020675e-24
1.8456913e+01	1.0003346e-24
1.8499475e+01	9.9859830e-25
1.8542135e+01	9.9685632e-25
1.8584893e+01	9.9511068e-25
1.8627750e+01	9.9336217e-25
1.8670706e+01	9.9161091e-25
1.8713761e+01	9.8985512e-25
1.8756915e+01	9.8809664e-25
1.8800168e+01	9.8633618e-25
1.8843522e+01	9.8457392e-25
1.8886975e+01	9.8280850e-25
1.8930528e+01	9.8104155e-25
1.8974182e+01	9.7927374e-25
1.9017937e+01	9.7750529e-25
1.9061792e+01	9.7573539e-25
1.9105749e+01	9.7396545e-25
1.9149807e+01	9.7219608e-25
1.9193967e+01	9.7042755e-25
1.9238228e+01	9.6865982e-25
1.9282592e+01	9.6689404e-25
1.9327057e+01	9.6513073e-25
1.9371626e+01	9.6337026e-25
1.9416297e+01	9.6161372e-25
1.9461071e+01	9.5986192e-25
1.9505948e+01	9.5811531e-25
1.9550929e+01	9.5637443e-25
1.9596014e+01	9.5464210e-25
1.9641202e+01	9.5291876e-25
1.9686495e+01	9.5120482e-25
1.9731892e+01	9.4950113e-25
1.9777394e+01	9.4781344e-25
1.9823001e+01	9.4614180e-25
1.9868713e+01	9.4448668e-25
1.9914530e+01	9.4284963e-25
1.9960454e+01	9.4124185e-25
2.0006482e+01	9.3966325e-25
2.0052618e+01	9.3811477e-25
2.0098859e+01	9.3659951e-25
2.0145207e+01	9.3514029e-25
2.0191662e+01	9.3373824e-25
2.0238224e+01	9.3239617e-25
2.0284894e+01	9.3112146e-25
2.0331671e+01	9.2996600e-25
2.0378556e+01	9.2893901e-25
2.0425549e+01	9.2805114e-25
2.0472650e+01	9.2732396e-25
2.0519861e+01	9.2690134e-25
2.0567180e+01	9.2684140e-25
2.0614608e+01	9.2719425e-25
2.0662145e+01	9.2804590e-25
2.0709792e+01	9.2995312e-25
2.0757549e+01	9.3339777e-25
2.0805416e+01	9.3902700e-25
2.0853394e+01	9.4778301e-25
2.0901482e+01	9.6569984e-25
2.0949681e+01	9.9654473e-25
2.0997991e+01	1.0629236e-24
2.1046412e+01	1.1944943e-24
2.1094945e+01	1.5341176e-24
2.1143591e+01	1.8265165e-24
2.1192348e+01	1.9770735e-24
2.1241218e+01	1.9091316e-24
2.1290200e+01	1.5439737e-24
2.1339295e+01	1.1864147e-24
2.1388504e+01	9.8059958e-25
2.1437826e+01	9.2991113e-25
2.1487262e+01	9.1527371e-25
2.1536812e+01	9.0524013e-25
2.1586476e+01	8.9784210e-25
2.1636254e+01	8.9203761e-25
2.1686148e+01	8.8758008e-25
2.1736156e+01	8.8382376e-25
2.1786280e+01	8.8054734e-25
2.1836519e+01	8.7763705e-25
2.1886874e+01	8.7508115e-25
2.1937346e+01	8.7273144e-25
2.1987933e+01	8.7053623e-25
2.2038638e+01	8.6847088e-25
2.2089459e+01	8.6654481e-25
2.2140397e+01	8.6470835e-25
2.2191453e+01	8.6294364e-25
2.2242627e+01	8.6124319e-25
2.2293919e+01	8.5961763e-25
2.2345328e+01	8.5804457e-25
2.2396857e+01	8.5651581e-25
2.2448504e+01	8.5502860e-25
2.2500271e+01	8.5359318e-25
2.2552157e+01	8.5219647e-25
2.2604162e+01	8.5083366e-25
2.2656287e+01	8.4950367e-25
2.2708533e+01	8.4821658e-25
2.2760899e+01	8.4696288e-25
2.2813386e+01	8.4573906e-25
2.2865994e+01	8.4454473e-25
2.2918723e+01	8.4339011e-25
2.2971574e+01	8.4226708e-25
2.3024546e+01	8.4117265e-25
2.3077641e+01	8.4010670e-25
2.3130858e+01	8.3907984e-25
2.3184198e+01	8.3808434e-25
2.3237661e+01	8.3711740e-25
2.3291247e+01	8.3617902e-25
2.3344957e+01	8.3528026e-25
2.3398791e+01	8.3441340e-25
2.3452748e+01	8.3357561e-25
2.3506831e+01	8.3276697e-25
2.3561038e+01	8.3199899e-25
2.3615370e+01	8.3126374e-25
2.3669827e+01	8.3055830e-25
2.3724410e+01	8.2988279e-25
2.3779118e+01	8.2924913e-25
2.3833953e+01	8.2864909e-25
2.3888914e+01	8.2807965e-25
2.3944002e+01	8.2754091e-25
2.3999217e+01	8.2704515e-25
2.4054560e+01	8.2658382e-25
2.4110030e+01	8.2615377e-25
2.4165628e+01	8.2575509e-25
2.4221354e+01	8.2540031e-25
2.4277208e+01	8.2508057e-25
2.4333192e+01	8.2479263e-25
2.4389304e+01	8.2453653e-25
2.4445546e+01	8.2432494e-25
2.4501918e+01	8.2414876e-25
2.4558420e+01	8.2400465e-25
2.4615051e+01	8.2389260e-25
2.4671814e+01	8.2382530e-25
2.4728707e+01	8.2379347e-25
2.4785732e+01	8.2379369e-25
2.4842888e+01	8.2382593e-25
2.4900176e+01	8.2390272e-25
2.4957596e+01	8.2401469e-25
2.5015148e+01	8.2415841e-25
2.5072833e+01	8.2433379e-25
2.5130652e+01	8.2455307e-25
2.5188603e+01	8.2480690e-25
2.5246688e+01	8.2509184e-25
2.5304907e+01	8.2540778e-25
2.5363261e+01	8.2576650e-25
2.5421748e+01	8.2615880e-25
2.5480371e+01	8.2658126e-25
2.5539129e+01	8.2703373e-25
2.5598023e+01	8.2752743e-25
2.5657052e+01	8.2805337e-25
2.5716217e+01	8.2860825e-25
2.5775519e+01	8.2919184e-25
2.5834957e+01	8.2981466e-25
2.5894533e+01	8.3046809e-25
2.5954246e+01	8.3114893e-25
2.6014097e+01	8.3185691e-25
2.6074085e+01	8.3260175e-25
2.6134212e+01	8.3337524e-25
2.6194478e+01	8.3417436e-25
2.6254883e+01	8.3499879e-25
2.6315427e+01	8.3585736e-25
2.6376110e+01	8.3674237e-25
2.6436934e+01	8.3765098e-25
2.6497898e+01	8.3858285e-25
2.6559002e+01	8.3954580e-25
2.6620247e+01	8.4053276e-25
2.6681634e+01	8.4154108e-25
2.6743162e+01	8.4257040e-25
2.6804832e+01	8.4362747e-25
2.6866644e+01	8.4470589e-25
2.6928599e+01	8.4580325e-25
2.6990696e+01	8.4691915e-25
2.7052937e+01	8.4805924e-25
2.7115321e+01	8.4921781e-25
2.7177849e+01	8.5039274e-25
2.7240522e+01	8.5158359e-25
2.7303338e+01	8.5279481e-25
2.7366300e+01	8.5402150e-25
2.7429407e+01	8.5526179e-25
2.7492659e+01	8.5651521e-25
2.7556058e+01	8.5778500e-25
2.7619602e+01	8.5906706e-25
2.7683293e+01	8.6035981e-25
2.7747131e+01	8.6166275e-25
2.7811116e+01	8.6297787e-25
2.7875249e+01	8.6430190e-25
2.7939529e+01	8.6563356e-25
2.8003958e+01	8.6697233e-25
2.8068536e+01	8.6831889e-25
2.8133262e+01	8.6967085e-25
2.8198137e+01	8.7102726e-25
2.8263162e+01	8.7238755e-25
2.8328338e+01	8.7375107e-25
2.8393663e+01	8.7511635e-25
2.8459139e+01	8.7648274e-25
2.8524766e+01	8.7784968e-25
2.8590544e+01	8.7921512e-25
2.8656474e+01	8.8057855e-25
2.8722556e+01	8.8193965e-25
2.8788791e+01	8.8329785e-25
2.8855178e+01	8.8464970e-25
2.8921718e+01	8.8599566e-25
2.8988412e+01	8.8733577e-25
2.9055259e+01	8.8866942e-25
2.9122261e+01	8.8999179e-25
2.9189417e+01	8.9130433e-25
2.9256728e+01	8.9260742e-25
2.9324194e+01	8.9390044e-25
2.9391816e+01	8.9517721e-25
2.9459594e+01	8.9644016e-25
2.9527528e+01	8.9769005e-25
2.9595619e+01	8.9892626e-25
2.9663866e+01	9.0014125e-25
2.9732272e+01	9.0133846e-25
2.9800834e+01	9.0251902e-25
2.9869555e+01	9.0368231e-25
2.9938435e+01	9.0481950e-25
3.0007473e+01	9.0593503e-25
3.0076670e+01	9.0703040e-25
3.0146028e+01	9.0810501e-25
3.0215544e+01	9.0914879e-25
3.0285222e+01	9.1016717e-25
3.0355060e+01	9.1116201e-25
3.0425059e+01	9.1213276e-25
3.0495219e+01	9.1306817e-25
3.0565541e+01	9.1397467e-25
3.0636026e+01	9.1485446e-25
3.0706673e+01	9.1570701e-25
3.0777482e+01	9.1652008e-25
3.0848456e+01	9.1730096e-25
3.0919592e+01	9.1805222e-25
3.0990893e+01	9.1877340e-25
3.1062358e+01	9.1945131e-25
3.1133988e+01	9.2009412e-25
3.1205784e+01	9.2070473e-25
3.1277744e+01	9.2128272e-25
3.1349871e+01	9.2181415e-25
3.1422164e+01	9.2230796e-25
3.1494624e+01	9.2276734e-25
3.1567251e+01	9.2319196e-25
3.1640045e+01	9.2356725e-25
3.1713007e+01	9.2390284e-25
3.1786138e+01	9.2420220e-25
3.1859437e+01	9.2446506e-25
3.1932905e+01	9.2467641e-25
3.2006542e+01	9.2484647e-25
3.2080350e+01	9.2497895e-25
3.2154327e+01	9.2507364e-25
3.2228475e+01	9.2511525e-25
3.2302794e+01	9.2511448e-25
3.2377285e+01	9.2507522e-25
3.2451947e+01	9.2499738e-25
3.2526782e+01	9.2486552e-25
3.2601789e+01	9.2469069e-25
3.2676969e+01	9.2447695e-25
3.2752322e+01	9.2422430e-25
3.2827849e+01	9.2391730e-25
3.2903550e+01	9.2356727e-25
3.2979426e+01	9.2317838e-25
3.3055477e+01	9.2275069e-25
3.3131703e+01	9.2226897e-25
3.3208105e+01	9.2174463e-25
3.3284683e+01	9.2118193e-25
3.3361438e+01	9.2058099e-25
3.3438370e+01	9.1992689e-25
3.3515479e+01	9.1923107e-25
3.3592766e+01	9.1849778e-25
3.3670231e+01	9.1772724e-25
3.3747875e+01	9.1690496e-25
3.3825698e+01	9.1604226e-25
3.3903700e+01	9.1514338e-25
3.3981882e+01	9.1420859e-25
3.4060245e+01	9.1322396e-25
3.4138788e+01	9.1220059e-25
3.4217512e+01	9.1114266e-25
3.4296418e+01	9.1005049e-25
3.4375506e+01	9.0891079e-25
3.4454776e+01	9.0773435e-25
3.4534229e+01	9.0652525e-25
3.4613865e+01	9.0528386e-25
3.4693685e+01	9.0399760e-25
3.4773689e+01	9.0267686e-25
3.4853877e+01	9.0132560e-25
3.4934251e+01	8.9994421e-25
3.5014809e+01	8.9852088e-25
3.5095554e+01	8.9706555e-25
3.5176484e+01	8.9558200e-25
3.5257602e+01	8.9407067e-25
3.5338906e+01	8.9252053e-25
3.5420398e+01	8.9094102e-25
3.5502077e+01	8.8933572e-25
3.5583945e+01	8.8770509e-25
3.5666002e+01	8.8603893e-25
3.5748248e+01	8.8434612e-25
3.5830684e+01	8.8263003e-25
3.5913310e+01	8.8089114e-25
3.5996126e+01	8.7912007e-25
3.6079134e+01	8.7732511e-25
3.6162332e+01	8.7550943e-25
3.6245723e+01	8.7367347e-25
3.6329306e+01	8.7180873e-25
3.6413082e+01	8.6992287e-25
3.6497050e+01	8.6801881e-25
3.6581213e+01	8.6609701e-25
3.6665569e+01	8.6414978e-25
3.6750120e+01	8.6218416e-25
3.6834867e+01	8.6020283e-25
3.6919808e+01	8.5820625e-25
3.7004945e+01	8.5618752e-25
3.7090279e+01	8.5415305e-25
3.7175810e+01	8.5210530e-25
3.7261537e+01	8.5004469e-25
3.7347463e+01	8.4796512e-25
3.7433586e+01	8.4587237e-25
3.7519908e+01	8.4376867e-25
3.7606429e+01	8.4165442e-25
3.7693150e+01	8.3952425e-25
3.7780071e+01	8.3738334e-25
3.7867192e+01	8.3523368e-25
3.7954514e+01	8.3307566e-25
3.8042037e+01	8.3090462e-25
3.8129763e+01	8.2872515e-25
3.8217690e+01	8.2653901e-25
3.8305821e+01	8.2434657e-25
3.8394154e+01	8.2214382e-25
3.8482691e+01	8.1993480e-25
3.8571433e+01	8.1772107e-25
3.8660379e+01	8.1550294e-25
3.8749530e+01	8.1327706e-25
3.8838886e+01	8.1104691e-25
3.8928449e+01	8.0881384e-25
3.9018219e+01	8.0657816e-25
3.9108195e+01	8.0433708e-25
3.9198379e+01	8.0209357e-25
3.9288770e+01	7.9984881e-25
3.9379371e+01	7.9760307e-25
3.9470180e+01	7.9535408e-25
3.9561198e+01	7.9310437e-25
3.9652427e+01	7.9085492e-25
3.9743865e+01	7.8860596e-25
3.9835515e+01	7.8635574e-25
3.9927376e+01	7.8410634e-25
4.0019449e+01	7.8185857e-25
4.0111734e+01	7.7961263e-25
4.0204232e+01	7.7736723e-25
4.0296943e+01	7.7512404e-25
4.0389868e+01	7.7288369e-25
4.0483008e+01	7.7064640e-25
4.0576362e+01	7.6841126e-25
4.0669931e+01	7.6617958e-25
4.0763716e+01	7.6395184e-25
4.0857718e+01	7.6172823e-25
4.0951936e+01	7.5950822e-25
4.1046372e+01	7.5729278e-25
4.1141025e+01	7.5508225e-25
4.1235896e+01	7.5287680e-25
4.1330987e+01	7.5067625e-25
4.1426296e+01	7.4848124e-25
4.1521826e+01	7.4629200e-25
4.1617575e+01	7.4410867e-25
4.1713546e+01	7.4193139e-25
4.1809737e+01	7.3976049e-25
4.1906151e+01	7.3759612e-25
4.2002787e+01	7.3543838e-25
4.2099646e+01	7.3328768e-25
4.2196728e+01	7.3114411e-25
4.2294034e+01	7.2900771e-25
4.2391564e+01	7.2687857e-25
4.2489319e+01	7.2475735e-25
4.2587300e+01	7.2264389e-25
4.2685507e+01	7.2053815e-25
4.2783940e+01	7.1844020e-25
4.2882600e+01	7.1635092e-25
4.2981488e+01	7.1426994e-25
4.3080603e+01	7.1219716e-25
4.3179947e+01	7.1013261e-25
4.3279521e+01	7.0807736e-25
4.3379324e+01	7.0603090e-25
4.3479357e+01	7.0399300e-25
4.3579620e+01	7.0196372e-25
4.3680115e+01	6.9994430e-25
4.3780842e+01	6.9793404e-25
4.3881801e+01	6.9593268e-25
4.3982993e+01	6.9394026e-25
4.4084418e+01	6.9195818e-25
4.4186077e+01	6.8998561e-25
4.4287970e+01	6.8802224e-25
4.4390099e+01	6.8606810e-25
4.4492463e+01	6.8412480e-25
4.4595062e+01	6.8219143e-25
4.4697899e+01	6.8026766e-25
4.4800973e+01	6.7835358e-25
4.4904284e+01	6.7645123e-25
4.5007834e+01	6.7456016e-25
4.5111622e+01	6.7268226e-25
4.5215650e+01	6.7082192e-25
4.5319918e+01	6.6901747e-25
4.5424426e+01	6.6724259e-25
4.5529175e+01	6.6545372e-25
4.5634165e+01	6.6362644e-25
4.5739398e+01	6.6176877e-25
4.5844873e+01	6.5991532e-25
4.5950592e+01	6.5807102e-25
4.6056554e+01	6.5623849e-25
4.6162761e+01	6.5441460e-25
4.6269213e+01	6.5261157e-25
4.6375910e+01	6.5082879e-25
4.6482853e+01	6.4906593e-25
4.6590043e+01	6.4731879e-25
4.6697480e+01	6.4558265e-25
4.6805165e+01	6.4385663e-25
4.6913098e+01	6.4214050e-25
4.7021280e+01	6.4043614e-25
4.7129711e+01	6.3874195e-25
4.7238393e+01	6.3705734e-25
4.7347325e+01	6.3538226e-25
4.7456508e+01	6.3371866e-25
4.7565943e+01	6.3206505e-25
4.7675631e+01	6.3042084e-25
4.7785571e+01	6.2878601e-25
4.7895765e+01	6.2716254e-25
4.8006213e+01	6.2554893e-25
4.8116916e+01	6.2394460e-25
4.8227874e+01	6.2234952e-25
4.8339087e+01	6.2076568e-25
4.8450558e+01	6.1919157e-25
4.8562285e+01	6.1762661e-25
4.8674270e+01	6.1607077e-25
4.8786513e+01	6.1452604e-25
4.8899015e+01	6.1299090e-25
4.9011777e+01	6.1146476e-25
4.9124798e+01	6.0994759e-25
4.9238081e+01	6.0844139e-25
4.9351624e+01	6.0694463e-25
4.9465429e+01	6.0545672e-25
4.9579497e+01	6.0397761e-25
4.9693828e+01	6.0250931e-25
4.9808422e+01	6.0105028e-25
4.9923280e+01	5.9959993e-25
5.0038404e+01	5.9815822e-25
5.0153793e+01	5.9672713e-25
5.0269448e+01	5.9530514e-25
5.0385370e+01	5.9389165e-25
5.0501559e+01	5.9248663e-25
5.0618016e+01	5.9109204e-25
5.0734741e+01	5.8970635e-25
5.0851736e+01	5.8832898e-25
5.0969000e+01	5.8695990e-25
5.1086535e+01	5.8560104e-25
5.1204341e+01	5.8425089e-25
5.1322419e+01	5.8290888e-25
5.1440769e+01	5.8157495e-25
5.1559392e+01	5.8025104e-25
5.1678288e+01	5.7893563e-25
5.1797458e+01	5.7762817e-25
5.1916904e+01	5.7632860e-25
5.2036625e+01	5.7503882e-25
5.2156621e+01	5.7375735e-25
5.2276895e+01	5.7248362e-25
5.2397446e+01	5.7121758e-25
5.2518275e+01	5.6996111e-25
5.2639382e+01	5.6871274e-25
5.2760769e+01	5.6747191e-25
5.2882436e+01	5.6623857e-25
5.3004383e+01	5.6501457e-25
5.3126612e+01	5.6379845e-25
5.3249122e+01	5.6258968e-25
5.3371915e+01	5.6138821e-25
5.3494991e+01	5.6019582e-25
5.3618351e+01	5.5901112e-25
5.3741995e+01	5.5783355e-25
5.3865925e+01	5.5666309e-25
5.3990140e+01	5.5550148e-25
5.4114642e+01	5.5434733e-25
5.4239430e+01	5.5320013e-25
5.4364507e+01	5.5205982e-25
5.4489872e+01	5.5092812e-25
5.4615526e+01	5.4980369e-25
5.4741470e+01	5.4868599e-25
5.4867704e+01	5.4757499e-25
5.4994229e+01	5.4647238e-25
5.5121046e+01	5.4537680e-25
5.5248156e+01	5.4428777e-25
5.5375559e+01	5.4320524e-25
5.5503255e+01	5.4213085e-25
5.5631246e+01	5.4106330e-25
5.5759532e+01	5.4000209e-25
5.5888114e+01	5.3894719e-25
5.6016992e+01	5.3790020e-25
5.6146168e+01	5.3685984e-25
5.6275642e+01	5.3582563e-25
5.6405414e+01	5.3479753e-25
5.6535485e+01	5.3377710e-25
5.6665856e+01	5.3276311e-25
5.6796528e+01	5.3175508e-25
5.6927501e+01	5.3075297e-25
5.7058777e+01	5.2975830e-25
5.7190355e+01	5.2876986e-25
5.7322236e+01	5.2778720e-25
5.7454421e+01	5.2681027e-25
5.7586912e+01	5.2584056e-25
5.7719708e+01	5.2487689e-25
5.7852810e+01	5.2391880e-25
5.7986219e+01	5.2296626e-25
5.8119935e+01	5.2202072e-25
5.8253960e+01	5.2108103e-25
5.8388294e+01	5.2014674e-25
5.8522938e+01	5.1921782e-25
5.8657893e+01	5.1829568e-25
5.8793158e+01	5.1737920e-25
5.8928736e+01	5.1646795e-25
5.9064626e+01	5.1556189e-25
5.9200829e+01	5.1466240e-25
5.9337347e+01	5.1376837e-25
5.9474179e+01	5.1287941e-25
5.9611327e+01	5.1199548e-25
5.9748791e+01	5.1111789e-25
5.9886572e+01	5.1024560e-25
6.0024671e+01	5.0937820e-25
6.0163089e+01	5.0851566e-25
6.0301825e+01	5.0765926e-25
6.0440882e+01	5.0680798e-25
6.0580259e+01	5.0596143e-25
6.0719957e+01	5.0511958e-25
6.0859978e+01	5.0428367e-25
6.1000322e+01	5.0345271e-25
6.1140989e+01	5.0262632e-25
6.1281980e+01	5.0180446e-25
6.1423297e+01	5.0098836e-25
6.1564940e+01	5.0017703e-25
6.1706909e+01	4.9937013e-25
6.1849206e+01	4.9856761e-25
6.1991830e+01	4.9777064e-25
6.2134784e+01	4.9697830e-25
6.2278067e+01	4.9619022e-25
6.2421681e+01	4.9540638e-25
6.2565626e+01	4.9462791e-25
6.2709903e+01	4.9385390e-25
6.2854512e+01	4.9308401e-25
6.2999455e+01	4.9231822e-25
6.3144732e+01	4.9155762e-25
6.3290345e+01	4.9080132e-25
6.3436293e+01	4.9004901e-25
6.3582577e+01	4.8930066e-25
6.3729199e+01	4.8855731e-25
6.3876159e+01	4.8781813e-25
6.4023458e+01	4.8708280e-25
6.4171097e+01	4.8635128e-25
6.4319076e+01	4.8562460e-25
6.4467396e+01	4.8490195e-25
6.4616058e+01	4.8418301e-25
6.4765063e+01	4.8346776e-25
6.4914412e+01	4.8275718e-25
6.5064105e+01	4.8205049e-25
6.5214144e+01	4.8134739e-25
6.5364528e+01	4.8064784e-25
6.5515259e+01	4.7995281e-25
6.5666338e+01	4.7926153e-25
6.5817765e+01	4.7857372e-25
6.5969541e+01	4.7788934e-25
6.6121667e+01	4.7720932e-25
6.6274144e+01	4.7653293e-25
6.6426973e+01	4.7585988e-25
6.6580154e+01	4.7519014e-25
6.6733688e+01	4.7452463e-25
6.6887577e+01	4.7386260e-25
6.7041820e+01	4.7320381e-25
6.7196419e+01	4.7254822e-25
6.7351374e+01	4.7189670e-25
6.7506687e+01	4.7124855e-25
6.7662358e+01	4.7060353e-25
6.7818388e+01	4.6996159e-25
6.7974778e+01	4.6932359e-25
6.8131528e+01	4.6868884e-25
6.8288640e+01	4.6805711e-25
6.8446114e+01	4.6742836e-25
6.8603951e+01	4.6680341e-25
6.8762153e+01	4.6618161e-25
6.8920719e+01	4.6556271e-25
6.9079650e+01	4.6494670e-25
6.9238949e+01	4.6433435e-25
6.9398614e+01	4.6372505e-25
6.9558648e+01	4.6311855e-25
6.9719051e+01	4.6251483e-25
6.9879823e+01	4.6191466e-25
7.0040967e+01	4.6131742e-25
7.0202482e+01	4.6072289e-25
7.0364369e+01	4.6013106e-25
7.0526630e+01	4.5954264e-25
7.0689265e+01	4.5895706e-25
7.0852275e+01	4.5837410e-25
7.1015661e+01	4.5779374e-25
7.1179423e+01	4.5721668e-25
7.1343564e+01	4.5664236e-25
7.1508083e+01	4.5607057e-25
7.1672981e+01	4.5550129e-25
7.1838259e+01	4.5493520e-25
7.2003919e+01	4.5437176e-25
7.2169960e+01	4.5381076e-25
7.2336385e+01	4.5325220e-25
7.2503193e+01	4.5269671e-25
7.2670386e+01	4.5214378e-25
7.2837964e+01	4.5159321e-25
7.3005929e+01	4.5104499e-25
7.3174282e+01	4.5049975e-25
7.3343022e+01	4.4995698e-25
7.3512152e+01	4.4941649e-25
7.3681671e+01	4.4887827e-25
7.3851582e+01	4.4834293e-25
7.4021884e+01	4.4780998e-25
7.4192579e+01	4.4727923e-25
7.4363668e+01	4.4675068e-25
7.4535151e+01	4.4622491e-25
7.4707029e+01	4.4570145e-25
7.4879304e+01	4.4518012e-25
7.5051977e+01	4.4466092e-25
7.5225047e+01	4.4414441e-25
7.5398517e+01	4.4363013e-25
7.5572386e+01	4.4311791e-25
7.5746657e+01	4.4260774e-25
7.5921329e+01	4.4210018e-25
7.6096404e+01	4.4159478e-25
7.6271883e+01	4.4109138e-25
7.6447767e+01	4.4058995e-25
7.6624056e+01	4.4009105e-25
7.6800751e+01	4.3959424e-25
7.6977855e+01	4.3909936e-25
7.7155366e+01	4.3860640e-25
7.7333287e+01	4.3811587e-25
7.7511618e+01	4.3762737e-25
7.7690361e+01	4.3714074e-25
7.7869515e+01	4.3665597e-25
7.8049083e+01	4.3617356e-25
7.8229065e+01	4.3569310e-25
7.8409461e+01	4.3521446e-25
7.8590274e+01	4.3473761e-25
7.8771504e+01	4.3426305e-25
7.8953152e+01	4.3379039e-25
7.9135218e+01	4.3331947e-25
7.9317705e+01	4.3285031e-25
7.9500612e+01	4.3238335e-25
7.9683941e+01	4.3191823e-25
7.9867693e+01	4.3145481e-25
8.0051868e+01	4.3099308e-25
8.0236468e+01	4.3053349e-25
8.0421494e+01	4.3007568e-25
8.0606947e+01	4.2961952e-25
8.0792827e+01	4.2916499e-25
8.0979136e+01	4.2871254e-25
8.1165874e+01	4.2826182e-25
8.1353044e+01	4.2781269e-25
8.1540644e+01	4.2736515e-25
8.1728678e+01	4.2691962e-25
8.1917145e+01	4.2647577e-25
8.2106046e+01	4.2603346e-25
8.2295383e+01	4.2559270e-25
8.2485157e+01	4.2515388e-25
8.2675369e+01	4.2471669e-25
8.2866019e+01	4.2428100e-25
8.3057108e+01	4.2384681e-25
8.3248639e+01	4.2341451e-25
8.3440611e+01	4.2298378e-25
8.3633025e+01	4.2255451e-25
8.3825884e+01	4.2212670e-25
8.4019187e+01	4.2170071e-25
8.4212936e+01	4.2127626e-25
8.4407131e+01	4.2085323e-25
8.4601775e+01	4.2043160e-25
8.4796867e+01	4.2001176e-25
8.4992409e+01	4.1959340e-25
8.5188403e+01	4.1917642e-25
8.5384848e+01	4.1876081e-25
8.5581746e+01	4.1834693e-25
8.5779098e+01	4.1793449e-25
8.5976905e+01	4.1752339e-25
8.6175169e+01	4.1711362e-25
8.6373889e+01	4.1670553e-25
8.6573068e+01	4.1629885e-25
8.6772706e+01	4.1589347e-25
8.6972805e+01	4.1548938e-25
8.7173365e+01	4.1508692e-25
8.7374387e+01	4.1468583e-25
8.7575873e+01	4.1428601e-25
8.7777824e+01	4.1388744e-25
8.7980240e+01	4.1349047e-25
8.8183123e+01	4.1309482e-25
8.8386474e+01	4.1270041e-25
8.8590294e+01	4.1230721e-25
8.8794584e+01	4.1191557e-25
8.8999345e+01	4.1152522e-25
8.9204578e+01	4.1113607e-25
8.9410285e+01	4.1074811e-25
8.9616465e+01	4.1036166e-25
8.9823122e+01	4.0997646e-25
9.0030254e+01	4.0959244e-25
9.0237865e+01	4.0920957e-25
9.0445954e+01	4.0882818e-25
9.0654523e+01	4.0844801e-25
9.0863573e+01	4.0806898e-25
9.1073105e+01	4.0769108e-25
9.1283120e+01	4.0731461e-25
9.1493620e+01	4.0693934e-25
9.1704605e+01	4.0656517e-25
9.1916077e+01	4.0619211e-25
9.2128036e+01	4.0582045e-25
9.2340484e+01	4.0544995e-25
9.2553422e+01	4.0508053e-25
9.2766850e+01	4.0471219e-25
9.2980771e+01	4.0434521e-25
9.3195186e+01	4.0397937e-25
9.3410095e+01	4.0361459e-25
9.3625499e+01	4.0325086e-25
9.3841400e+01	4.0288845e-25
9.4057799e+01	4.0252716e-25
9.4274697e+01	4.0216690e-25
9.4492095e+01	4.0180767e-25
9.4709995e+01	4.0144973e-25
9.4928397e+01	4.0109288e-25
9.5147302e+01	4.0073704e-25
9.5366713e+01	4.0038220e-25
9.5586629e+01	4.0002862e-25
9.5807053e+01	3.9967611e-25
9.6027984e+01	3.9932459e-25
9.6249426e+01	3.9897404e-25
9.6471378e+01	3.9862474e-25
9.6693841e+01	3.9827647e-25
9.6916818e+01	3.9792916e-25
9.7140309e+01	3.9758282e-25
9.7364315e+01	3.9723769e-25
9.7588838e+01	3.9689357e-25
9.7813879e+01	3.9655040e-25
9.8039438e+01	3.9620816e-25
9.8265518e+01	3.9586711e-25
9.8492119e+01	3.9552706e-25
9.8719243e+01	3.9518793e-25
9.8946890e+01	3.9484971e-25
9.9175062e+01	3.9451266e-25
9.9403761e+01	3.9417659e-25
9.9632987e+01	3.9384142e-25
9.9862741e+01	3.9350715e-25
1.0009303e+02	3.9317402e-25
1.0032384e+02	3.9284184e-25
1.0055519e+02	3.9251055e-25
1.0078707e+02	3.9218014e-25
1.0101948e+02	3.9185085e-25
1.0125244e+02	3.9152249e-25
1.0148593e+02	3.9119501e-25
1.0171995e+02	3.9086839e-25
1.0195452e+02	3.9054286e-25
1.0218963e+02	3.9021826e-25
1.0242528e+02	3.8989450e-25
1.0266147e+02	3.8957160e-25
1.0289821e+02	3.8924977e-25
1.0313549e+02	3.8892884e-25
1.0337332e+02	3.8860876e-25
1.0361170e+02	3.8828950e-25
1.0385063e+02	3.8797130e-25
1.0409011e+02	3.8765399e-25
1.0433015e+02	3.8733750e-25
1.0457073e+02	3.8702183e-25
1.0481187e+02	3.8670720e-25
1.0505357e+02	3.8639343e-25
1.0529582e+02	3.8608048e-25
1.0553864e+02	3.8576833e-25
1.0578201e+02	3.8545720e-25
1.0602594e+02	3.8514693e-25
1.0627044e+02	3.8483746e-25
1.0651550e+02	3.8452877e-25
1.0676113e+02	3.8422109e-25
1.0700732e+02	3.8391425e-25
1.0725408e+02	3.8360820e-25
1.0750141e+02	3.8330292e-25
1.0774931e+02	3.8299863e-25
1.0799778e+02	3.8269518e-25
1.0824682e+02	3.8239249e-25
1.0849644e+02	3.8209057e-25
1.0874663e+02	3.8178962e-25
1.0899740e+02	3.8148949e-25
1.0924875e+02	3.8119012e-25
1.0950068e+02	3.8089150e-25
1.0975319e+02	3.8059385e-25
1.1000628e+02	3.8029699e-25
1.1025996e+02	3.8000089e-25
1.1051422e+02	3.7970553e-25
1.1076906e+02	3.7941112e-25
1.1102450e+02	3.7911750e-25
1.1128052e+02	3.7882462e-25
1.1153714e+02	3.7853247e-25
1.1179434e+02	3.7824126e-25
1.1205214e+02	3.7795083e-25
1.1231053e+02	3.7766113e-25
1.1256952e+02	3.7737215e-25
1.1282911e+02	3.7708409e-25
1.1308929e+02	3.7679681e-25
1.1335008e+02	3.7651025e-25
1.1361146e+02	3.7622440e-25
1.1387345e+02	3.7593946e-25
1.1413605e+02	3.7565528e-25
1.1439924e+02	3.7537181e-25
1.1466305e+02	3.7508906e-25
1.1492746e+02	3.7480719e-25
1.1519249e+02	3.7452609e-25
1.1545812e+02	3.7424568e-25
1.1572437e+02	3.7396598e-25
1.1599123e+02	3.7368716e-25
1.1625871e+02	3.7340909e-25
1.1652680e+02	3.7313171e-25
1.1679551e+02	3.7285502e-25
1.1706484e+02	3.7257921e-25
1.1733480e+02	3.7230414e-25
1.1760537e+02	3.7202976e-25
1.1787657e+02	3.7175605e-25
1.1814839e+02	3.7148322e-25
1.1842085e+02	3.7121112e-25
1.1869392e+02	3.7093970e-25
1.1896763e+02	3.7066895e-25
1.1924197e+02	3.7039907e-25
1.1951695e+02	3.7012991e-25
1.1979255e+02	3.6986142e-25
1.2006880e+02	3.6959360e-25
1.2034568e+02	3.6932663e-25
1.2062319e+02	3.6906038e-25
1.2090135e+02	3.6879480e-25
1.2118015e+02	3.6852988e-25
1.2145959e+02	3.6826580e-25
1.2173968e+02	3.6800244e-25
1.2202041e+02	3.6773973e-25
1.2230179e+02	3.6747769e-25
1.2258382e+02	3.6721648e-25
1.2286650e+02	3.6695598e-25
1.2314983e+02	3.6669613e-25
1.2343382e+02	3.6643693e-25
1.2371846e+02	3.6617857e-25
1.2400375e+02	3.6592090e-25
1.2428971e+02	3.6566388e-25
1.2457632e+02	3.6540751e-25
1.2486359e+02	3.6515197e-25
1.2515153e+02	3.6489712e-25
1.2544013e+02	3.6464292e-25
1.2572940e+02	3.6438935e-25
1.2601933e+02	3.6413661e-25
1.2630993e+02	3.6388456e-25
1.2660120e+02	3.6363314e-25
1.2689314e+02	3.6338236e-25
1.2718576e+02	3.6313240e-25
1.2747905e+02	3.6288313e-25
1.2777302e+02	3.6263449e-25
1.2806767e+02	3.6238648e-25
1.2836299e+02	3.6213928e-25
1.2865900e+02	3.6189277e-25
1.2895569e+02	3.6164688e-25
1.2925306e+02	3.6140162e-25
1.2955112e+02	3.6115718e-25
1.2984986e+02	3.6091341e-25
1.3014930e+02	3.6067026e-25
1.3044942e+02	3.6042774e-25
1.3075024e+02	3.6018603e-25
1.3105175e+02	3.5994498e-25
1.3135396e+02	3.5970456e-25
1.3165686e+02	3.5946476e-25
1.3196046e+02	3.5922577e-25
1.3226476e+02	3.5898744e-25
1.3256977e+02	3.5874973e-25
1.3287547e+02	3.5851265e-25
1.3318189e+02	3.5827636e-25
1.3348901e+02	3.5804073e-25
1.3379683e+02	3.5780573e-25
1.3410537e+02	3.5757133e-25
1.3441462e+02	3.5733774e-25
1.3472458e+02	3.5710481e-25
1.3503525e+02	3.5687249e-25
1.3534665e+02	3.5664078e-25
1.3565876e+02	3.5640987e-25
1.3597159e+02	3.5617963e-25
1.3628514e+02	3.5594999e-25
1.3659941e+02	3.5572096e-25
1.3691441e+02	3.5549272e-25
1.3723014e+02	3.5526515e-25
1.3754659e+02	3.5503818e-25
1.3786377e+02	3.5481182e-25
1.3818169e+02	3.5458625e-25
1.3850034e+02	3.5436134e-25
1.3881972e+02	3.5413704e-25
1.3913984e+02	3.5391334e-25
1.3946070e+02	3.5369043e-25
1.3978229e+02	3.5346818e-25
1.4010463e+02	3.5324653e-25
1.4042772e+02	3.5302549e-25
1.4075154e+02	3.5280524e-25
1.4107612e+02	3.5258564e-25
1.4140144e+02	3.5236664e-25
1.4172751e+02	3.5214825e-25
1.4205434e+02	3.5193064e-25
1.4238192e+02	3.5171369e-25
1.4271025e+02	3.5149734e-25
1.4303934e+02	3.5128159e-25
1.4336919e+02	3.5106663e-25
1.4369980e+02	3.5085232e-25
1.4403117e+02	3.5063861e-25
1.4436331e+02	3.5042550e-25
1.4469621e+02	3.5021318e-25
1.4502988e+02	3.5000152e-25
1.4536432e+02	3.4979045e-25
1.4569954e+02	3.4957998e-25
1.4603552e+02	3.4937030e-25
1.4637228e+02	3.4916127e-25
1.4670981e+02	3.4895284e-25
1.4704813e+02	3.4874501e-25
1.4738722e+02	3.4853796e-25
1.4772710e+02	3.4833157e-25
1.4806776e+02	3.4812577e-25
1.4840920e+02	3.4792058e-25
1.4875144e+02	3.4771617e-25
1.4909446e+02	3.4751242e-25
1.4943827e+02	3.4730926e-25
1.4978288e+02	3.4710670e-25
1.5012828e+02	3.4690493e-25
1.5047447e+02	3.4670381e-25
1.5082147e+02	3.4650329e-25
1.5116927e+02	3.4630337e-25
1.5151786e+02	3.4610424e-25
1.5186726e+02	3.4590575e-25
1.5221747e+02	3.4570787e-25
1.5256849e+02	3.4551059e-25
1.5292031e+02	3.4531410e-25
1.5327295e+02	3.4511826e-25
1.5362639e+02	3.4492301e-25
1.5398066e+02	3.4472837e-25
1.5433574e+02	3.4453452e-25
1.5469164e+02	3.4434133e-25
1.5504836e+02	3.4414873e-25
1.5540590e+02	3.4395673e-25
1.5576427e+02	3.4376553e-25
1.5612346e+02	3.4357498e-25
1.5648348e+02	3.4338503e-25
1.5684434e+02	3.4319568e-25
1.5720602e+02	3.4300712e-25
1.5756854e+02	3.4281922e-25
1.5793189e+02	3.4263193e-25
1.5829608e+02	3.4244523e-25
1.5866112e+02	3.4225933e-25
1.5902699e+02	3.4207409e-25
1.5939371e+02	3.4188945e-25
1.5976127e+02	3.4170541e-25
1.6012968e+02	3.4152217e-25
1.6049894e+02	3.4133959e-25
1.6086905e+02	3.4115762e-25
1.6124002e+02	3.4097624e-25
1.6161184e+02	3.4079567e-25
1.6198452e+02	3.4061576e-25
1.6235805e+02	3.4043646e-25
1.6273245e+02	3.4025776e-25
1.6310772e+02	3.4007986e-25
1.6348384e+02	3.3990263e-25
1.6386084e+02	3.3972600e-25
1.6423870e+02	3.3954997e-25
1.6461744e+02	3.3937476e-25
1.6499705e+02	3.3920021e-25
1.6537753e+02	3.3902627e-25
1.6575889e+02	3.3885293e-25
1.6614114e+02	3.3868041e-25
1.6652426e+02	3.3850855e-25
1.6690826e+02	3.3833731e-25
1.6729316e+02	3.3816667e-25
1.6767894e+02	3.3799685e-25
1.6806560e+02	3.3782769e-25
1.6845316e+02	3.3765915e-25
1.6884162e+02	3.3749122e-25
1.6923097e+02	3.3732410e-25
1.6962122e+02	3.3715766e-25
1.7001236e+02	3.3699183e-25
1.7040441e+02	3.3682662e-25
1.7079737e+02	3.3666223e-25
1.7119123e+02	3.3649851e-25
1.7158600e+02	3.3633540e-25
1.7198168e+02	3.3617292e-25
1.7237827e+02	3.3601126e-25
1.7277577e+02	3.3585027e-25
1.7317419e+02	3.3568991e-25
1.7357354e+02	3.3553016e-25
1.7397380e+02	3.3537124e-25
1.7437498e+02	3.3521301e-25
1.7477709e+02	3.3505539e-25
1.7518013e+02	3.3489839e-25
1.7558410e+02	3.3474223e-25
1.7598899e+02	3.3458676e-25
1.7639483e+02	3.3443190e-25
1.7680159e+02	3.3427767e-25
1.7720930e+02	3.3412428e-25
1.7761795e+02	3.3397157e-25
1.7802753e+02	3.3381950e-25
1.7843807e+02	3.3366804e-25
1.7884955e+02	3.3351744e-25
1.7926198e+02	3.3336752e-25
1.7967535e+02	3.3321823e-25
1.8008969e+02	3.3306957e-25
1.8050498e+02	3.3292176e-25
1.8092122e+02	3.3277464e-25
1.8133843e+02	3.3262816e-25
1.8175659e+02	3.3248230e-25
1.8217573e+02	3.3233731e-25
1.8259583e+02	3.3219301e-25
1.8301689e+02	3.3204934e-25
1.8343893e+02	3.3190631e-25
1.8386194e+02	3.3176414e-25
1.8428593e+02	3.3162268e-25
1.8471089e+02	3.3148185e-25
1.8513684e+02	3.3134166e-25
1.8556377e+02	3.3120233e-25
1.8599168e+02	3.3106371e-25
1.8642058e+02	3.3092574e-25
1.8685046e+02	3.3078840e-25
1.8728134e+02	3.3065194e-25
1.8771321e+02	3.3051619e-25
1.8814608e+02	3.3038108e-25
1.8857995e+02	3.3024662e-25
1.8901482e+02	3.3011304e-25
1.8945068e+02	3.2998017e-25
1.8988756e+02	3.2984795e-25
1.9032544e+02	3.2971638e-25
1.9076433e+02	3.2958570e-25
1.9120424e+02	3.2945573e-25
1.9164516e+02	3.2932641e-25
1.9208709e+02	3.2919775e-25
1.9253005e+02	3.2906999e-25
1.9297402e+02	3.2894294e-25
1.9341902e+02	3.2881655e-25
1.9386505e+02	3.2869082e-25
1.9431210e+02	3.2856599e-25
1.9476019e+02	3.2844188e-25
1.9520930e+02	3.2831844e-25
1.9565946e+02	3.2819565e-25
1.9611065e+02	3.2807378e-25
1.9656288e+02	3.2795263e-25
1.9701616e+02	3.2783215e-25
1.9747048e+02	3.2771234e-25
1.9792585e+02	3.2759344e-25
1.9838227e+02	3.2747527e-25
1.9883974e+02	3.2735778e-25
1.9929826e+02	3.2724095e-25
1.9975785e+02	3.2712505e-25
2.0021849e+02	3.2700989e-25
2.0068020e+02	3.2689540e-25
2.0114297e+02	3.2678159e-25
2.0160680e+02	3.2666870e-25
2.0207171e+02	3.2655657e-25
2.0253769e+02	3.2644511e-25
2.0300474e+02	3.2633433e-25
2.0347287e+02	3.2622449e-25
2.0394208e+02	3.2611540e-25
2.0441237e+02	3.2600699e-25
2.0488375e+02	3.2589927e-25
2.0535621e+02	3.2579249e-25
2.0582977e+02	3.2568647e-25
2.0630441e+02	3.2558113e-25
2.0678015e+02	3.2547649e-25
2.0725699e+02	3.2537280e-25
2.0773492e+02	3.2526987e-25
2.0821396e+02	3.2516764e-25
2.0869411e+02	3.2506610e-25
2.0917536e+02	3.2496552e-25
2.0965772e+02	3.2486571e-25
2.1014119e+02	3.2476660e-25
2.1062578e+02	3.2466819e-25
2.1111148e+02	3.2457074e-25
2.1159831e+02	3.2447407e-25
2.1208625e+02	3.2437811e-25
2.1257533e+02	3.2428285e-25
2.1306553e+02	3.2418857e-25
2.1355686e+02	3.2409507e-25
2.1404932e+02	3.2400228e-25
2.1454292e+02	3.2391020e-25
2.1503766e+02	3.2381910e-25
2.1553354e+02	3.2372880e-25
2.1603056e+02	3.2363920e-25
2.1652873e+02	3.2355033e-25
2.1702804e+02	3.2346245e-25
2.1752851e+02	3.2337536e-25
2.1803013e+02	3.2328900e-25
2.1853291e+02	3.2320335e-25
2.1903685e+02	3.2311871e-25
2.1954195e+02	3.2303487e-25
2.2004822e+02	3.2295176e-25
2.2055565e+02	3.2286937e-25
2.2106425e+02	3.2278800e-25
2.2157403e+02	3.2270743e-25
2.2208498e+02	3.2262760e-25
2.2259711e+02	3.2254851e-25
2.2311042e+02	3.2247043e-25
2.2362491e+02	3.2239316e-25
2.2414060e+02	3.2231664e-25
2.2465747e+02	3.2224086e-25
2.2517553e+02	3.2216611e-25
2.2569478e+02	3.2209217e-25
2.2621524e+02	3.2201899e-25
2.2673689e+02	3.2194655e-25
2.2725975e+02	3.2187515e-25
2.2778381e+02	3.2180458e-25
2.2830908e+02	3.2173476e-25
2.2883556e+02	3.2166570e-25
2.2936326e+02	3.2159768e-25
2.2989217e+02	3.2153050e-25
2.3042231e+02	3.2146408e-25
2.3095366e+02	3.2139842e-25
2.3148624e+02	3.2133382e-25
2.3202005e+02	3.2127006e-25
2.3255509e+02	3.2120707e-25
2.3309137e+02	3.2114484e-25
2.3362888e+02	3.2108368e-25
2.3416763e+02	3.2102338e-25
2.3470762e+02	3.2096384e-25
2.3524886e+02	3.2090508e-25
2.3579134e+02	3.2084740e-25
2.3633508e+02	3.2079058e-25
2.3688007e+02	3.2073453e-25
2.3742632e+02	3.2067927e-25
2.3797382e+02	3.2062509e-25
2.3852259e+02	3.2057179e-25
2.3907263e+02	3.2051927e-25
2.3962393e+02	3.2046753e-25
2.4017651e+02	3.2041690e-25
2.4073036e+02	3.2036714e-25
2.4128548e+02	3.2031817e-25
2.4184189e+02	3.2027000e-25
2.4239958e+02	3.2022294e-25
2.4295855e+02	3.2017676e-25
2.4351882e+02	3.2013139e-25
2.4408037e+02	3.2008681e-25
2.4464322e+02	3.2004336e-25
2.4520737e+02	3.2000080e-25
2.4577282e+02	3.1995904e-25
2.4633958e+02	3.1991810e-25
2.4690764e+02	3.1987828e-25
2.4747701e+02	3.1983937e-25
2.4804769e+02	3.1980127e-25
2.4861969e+02	3.1976399e-25
2.4919301e+02	3.1972786e-25
2.4976765e+02	3.1969263e-25
2.5034362e+02	3.1965822e-25
2.5092091e+02	3.1962464e-25
2.5149954e+02	3.1959221e-25
2.5207950e+02	3.1956070e-25
2.5266080e+02	3.1953003e-25
2.5324343e+02	3.1950018e-25
2.5382742e+02	3.1947150e-25
2.5441274e+02	3.1944375e-25
2.5499942e+02	3.1941683e-25
2.5558745e+02	3.1939076e-25
2.5617684e+02	3.1936586e-25
2.5676758e+02	3.1934190e-25
2.5735969e+02	3.1931878e-25
2.5795317e+02	3.1929651e-25
2.5854801e+02	3.1927543e-25
2.5914422e+02	3.1925530e-25
2.5974181e+02	3.1923602e-25
2.6034078e+02	3.1921760e-25
2.6094112e+02	3.1920038e-25
2.6154286e+02	3.1918411e-25
2.6214598e+02	3.1916871e-25
2.6275049e+02	3.1915417e-25
2.6335639e+02	3.1914084e-25
2.6396369e+02	3.1912847e-25
2.6457240e+02	3.1911698e-25
2.6518250e+02	3.1910636e-25
2.6579401e+02	3.1909697e-25
2.6640694e+02	3.1908855e-25
2.6702127e+02	3.1908100e-25
2.6763703e+02	3.1907435e-25
2.6825420e+02	3.1906892e-25
2.6887280e+02	3.1906448e-25
2.6949282e+02	3.1906093e-25
2.7011427e+02	3.1905827e-25
2.7073716e+02	3.1905686e-25
2.7136148e+02	3.1905644e-25
2.7198724e+02	3.1905691e-25
2.7261444e+02	3.1905829e-25
2.7324310e+02	3.1906093e-25
2.7387320e+02	3.1906457e-25
2.7450475e+02	3.1906912e-25
2.7513776e+02	3.1907457e-25
2.7577223e+02	3.1908130e-25
2.7640816e+02	3.1908904e-25
2.7704556e+02	3.1909770e-25
2.7768443e+02	3.1910728e-25
2.7832477e+02	3.1911814e-25
2.7896659e+02	3.1913002e-25
2.7960989e+02	3.1914283e-25
2.8025467e+02	3.1915657e-25
2.8090094e+02	3.1917160e-25
2.8154870e+02	3.1918767e-25
2.8219796e+02	3.1920467e-25
2.8284871e+02	3.1922261e-25
2.8350096e+02	3.1924186e-25
2.8415471e+02	3.1926215e-25
2.8480998e+02	3.1928338e-25
2.8546675e+02	3.1930557e-25
2.8612504e+02	3.1932907e-25
2.8678485e+02	3.1935363e-25
2.8744617e+02	3.1937915e-25
2.8810903e+02	3.1940562e-25
2.8877341e+02	3.1943342e-25
2.8943932e+02	3.1946229e-25
2.9010677e+02	3.1949213e-25
2.9077576e+02	3.1952293e-25
2.9144629e+02	3.1955508e-25
2.9211837e+02	3.1958830e-25
2.9279200e+02	3.1962250e-25
2.9346718e+02	3.1965767e-25
2.9414391e+02	3.1969421e-25
2.9482221e+02	3.1973183e-25
2.9550207e+02	3.1977044e-25
2.9618350e+02	3.1981003e-25
2.9686651e+02	3.1985100e-25
2.9755108e+02	3.1989306e-25
2.9823724e+02	3.1993612e-25
2.9892498e+02	3.1998018e-25
2.9961430e+02	3.2002562e-25
3.0030521e+02	3.2007218e-25
3.0099772e+02	3.2011973e-25
3.0169182e+02	3.2016829e-25
3.0238752e+02	3.2021826e-25
3.0308483e+02	3.2026935e-25
3.0378375e+02	3.2032145e-25
3.0448428e+02	3.2037456e-25
3.0518642e+02	3.2042910e-25
3.0589018e+02	3.2048476e-25
3.0659557e+02	3.2054145e-25
3.0730258e+02	3.2059917e-25
3.0801122e+02	3.2065832e-25
3.0872150e+02	3.2071861e-25
3.0943341e+02	3.2077993e-25
3.1014697e+02	3.2084229e-25
3.1086217e+02	3.2090610e-25
3.1157902e+02	3.2097107e-25
3.1229752e+02	3.2103707e-25
3.1301768e+02	3.2110413e-25
3.1373950e+02	3.2117265e-25
3.1446299e+02	3.2124233e-25
3.1518814e+02	3.2131307e-25
3.1591497e+02	3.2138487e-25
3.1664347e+02	3.2145814e-25
3.1737365e+02	3.2153259e-25
3.1810552e+02	3.2160811e-25
3.1883907e+02	3.2168470e-25
3.1957432e+02	3.2176278e-25
3.2031126e+02	3.2184205e-25
3.2104990e+02	3.2192240e-25
3.2179024e+02	3.2200383e-25
3.2253229e+02	3.2208676e-25
3.2327606e+02	3.2217089e-25
3.2402153e+02	3.2225612e-25
3.2476873e+02	3.2234244e-25
3.2551765e+02	3.2243028e-25
3.2626829e+02	3.2251933e-25
3.2702067e+02	3.2260948e-25
3.2777478e+02	3.2270074e-25
3.2853063e+02	3.2279353e-25
3.2928823e+02	3.2288755e-25
3.3004757e+02	3.2298269e-25
3.3080866e+02	3.2307894e-25
3.3157151e+02	3.2317674e-25
3.3233612e+02	3.2327578e-25
3.3310249e+02	3.2337594e-25
3.3387062e+02	3.2347724e-25
3.3464053e+02	3.2358010e-25
3.3541221e+02	3.2368421e-25
3.3618568e+02	3.2378946e-25
3.3696092e+02	3.2389586e-25
3.3773796e+02	3.2400383e-25
3.3851679e+02	3.2411307e-25
3.3929741e+02	3.2422346e-25
3.4007983e+02	3.2433501e-25
3.4086406e+02	3.2444815e-25
3.4165009e+02	3.2456258e-25
3.4243794e+02	3.2467817e-25
3.4322760e+02	3.2479492e-25
3.4401909e+02	3.2491329e-25
3.4481240e+02	3.2503296e-25
3.4560754e+02	3.2515380e-25
3.4640451e+02	3.2527582e-25
3.4720333e+02	3.2539948e-25
3.4800398e+02	3.2552445e-25
3.4880648e+02	3.2565061e-25
3.4961083e+02	3.2577796e-25
3.5041703e+02	3.2590696e-25
3.5122510e+02	3.2603729e-25
3.5203503e+02	3.2616883e-25
3.5284682e+02	3.2630158e-25
3.5366049e+02	3.2643600e-25
3.5447603e+02	3.2657176e-25
3.5529346e+02	3.2670874e-25
3.5611277e+02	3.2684695e-25
3.5693397e+02	3.2698685e-25
3.5775706e+02	3.2712811e-25
3.5858205e+02	3.2727061e-25
3.5940894e+02	3.2741436e-25
3.6023774e+02	3.2755982e-25
3.6106845e+02	3.2770666e-25
3.6190108e+02	3.2785476e-25
3.6273563e+02	3.2800412e-25
3.6357210e+02	3.2815523e-25
3.6441050e+02	3.2830773e-25
3.6525083e+02	3.2846152e-25
3.6609310e+02	3.2861659e-25
3.6693731e+02	3.2877344e-25
3.6778347e+02	3.2893171e-25
3.6863159e+02	3.2909129e-25
3.6948165e+02	3.2925218e-25
3.7033368e+02	3.2941488e-25
3.7118767e+02	3.2957904e-25
3.7204364e+02	3.2974453e-25
3.7290157e+02	3.2991137e-25
3.7376148e+02	3.3008006e-25
3.7462338e+02	3.3025024e-25
3.7548727e+02	3.3042181e-25
3.7635314e+02	3.3059475e-25
3.7722102e+02	3.3076961e-25
3.7809089e+02	3.3094602e-25
3.7896277e+02	3.3112385e-25
3.7983666e+02	3.3130312e-25
3.8071257e+02	3.3148439e-25
3.8159049e+02	3.3166727e-25
3.8247044e+02	3.3185166e-25
3.8335242e+02	3.3203756e-25
3.8423644e+02	3.3222557e-25
3.8512249e+02	3.3241531e-25
3.8601059e+02	3.3260666e-25
3.8690073e+02	3.3279963e-25
3.8779292e+02	3.3299490e-25
3.8868718e+02	3.3319207e-25
3.8958349e+02	3.3339103e-25
3.9048188e+02	3.3359180e-25
3.9138233e+02	3.3379517e-25
3.9228486e+02	3.3400074e-25
3.9318947e+02	3.3420840e-25
3.9409617e+02	3.3441820e-25
3.9500496e+02	3.3463116e-25
3.9591584e+02	3.3484688e-25
3.9682883e+02	3.3506526e-25
3.9774392e+02	3.3528644e-25
3.9866112e+02	3.3551189e-25
3.9958044e+02	3.3574126e-25
4.0050187e+02	3.3597454e-25
4.0142543e+02	3.3621206e-25
4.0235112e+02	3.3645644e-25
4.0327895e+02	3.3670752e-25
4.0420891e+02	3.3696568e-25
4.0514102e+02	3.3723180e-25
4.0607528e+02	3.3751189e-25
4.0701169e+02	3.3780706e-25
4.0795026e+02	3.3811935e-25
4.0889100e+02	3.3845201e-25
4.0983390e+02	3.3882467e-25
4.1077898e+02	3.3924735e-25
4.1172624e+02	3.3973427e-25
4.1267569e+02	3.4030479e-25
4.1362732e+02	3.4107288e-25
4.1458115e+02	3.4216948e-25
4.1553718e+02	3.4383632e-25
4.1649541e+02	3.4644472e-25
4.1745585e+02	3.5261936e-25
4.1841851e+02	3.7661170e-25
4.1938338e+02	8.9620028e-25
4.2035048e+02	5.1014087e-24
4.2131982e+02	6.6411765e-25
4.2229138e+02	3.6894017e-25
4.2326519e+02	3.5179415e-25
4.2424124e+02	3.4701033e-25
4.2521955e+02	3.4537727e-25
4.2620010e+02	3.4449065e-25
4.2718293e+02	3.4403174e-25
4.2816801e+02	3.4382620e-25
4.2915537e+02	3.4379888e-25
4.3014501e+02	3.4384761e-25
4.3113692e+02	3.4394802e-25
4.3213113e+02	3.4408741e-25
4.3312763e+02	3.4426255e-25
4.3412642e+02	3.4445671e-25
4.3512752e+02	3.4466503e-25
4.3613093e+02	3.4488518e-25
4.3713665e+02	3.4511778e-25
4.3814469e+02	3.4535799e-25
4.3915506e+02	3.4560424e-25
4.4016775e+02	3.4585587e-25
4.4118278e+02	3.4611371e-25
4.4220015e+02	3.4637575e-25
4.4321987e+02	3.4664129e-25
4.4424194e+02	3.4691011e-25
4.4526636e+02	3.4718293e-25
4.4629315e+02	3.4745867e-25
4.4732231e+02	3.4773694e-25
4.4835383e+02	3.4801763e-25
4.4938774e+02	3.4830141e-25
4.5042403e+02	3.4858754e-25
4.5146271e+02	3.4887577e-25
4.5250379e+02	3.4916603e-25
4.5354727e+02	3.4945895e-25
4.5459315e+02	3.4975396e-25
4.5564145e+02	3.5005084e-25
4.5669216e+02	3.5034957e-25
4.5774529e+02	3.5065074e-25
4.5880086e+02	3.5095385e-25
4.5985886e+02	3.5125873e-25
4.6091930e+02	3.5156536e-25
4.6198218e+02	3.5187431e-25
4.6304751e+02	3.5218512e-25
4.6411530e+02	3.5249765e-25
4.6518556e+02	3.5281188e-25
4.6625828e+02	3.5312835e-25
4.6733347e+02	3.5344666e-25
4.6841115e+02	3.5376665e-25
4.6949131e+02	3.5408831e-25
4.7057396e+02	3.5441219e-25
4.7165911e+02	3.5473787e-25
4.7274676e+02	3.5506523e-25
4.7383691e+02	3.5539424e-25
4.7492958e+02	3.5572545e-25
4.7602478e+02	3.5605847e-25
4.7712249e+02	3.5639314e-25
4.7822274e+02	3.5672947e-25
4.7932553e+02	3.5706799e-25
4.8043085e+02	3.5740832e-25
4.8153873e+02	3.5775030e-25
4.8264916e+02	3.5809395e-25
4.8376216e+02	3.5843979e-25
4.8487772e+02	3.5878743e-25
4.8599585e+02	3.5913673e-25
4.8711656e+02	3.5948771e-25
4.8823985e+02	3.5984088e-25
4.8936574e+02	3.6019585e-25
4.9049422e+02	3.6055251e-25
4.9162530e+02	3.6091084e-25
4.9275899e+02	3.6127137e-25
4.9389530e+02	3.6163371e-25
4.9503423e+02	3.6199775e-25
4.9617578e+02	3.6236346e-25
4.9731996e+02	3.6273139e-25
4.9846679e+02	3.6310115e-25
4.9961626e+02	3.6347260e-25
5.0076837e+02	3.6384575e-25
5.0192315e+02	3.6422111e-25
5.0308059e+02	3.6459832e-25
5.0424070e+02	3.6497723e-25
5.0540348e+02	3.6535786e-25
5.0656894e+02	3.6574071e-25
5.0773710e+02	3.6612541e-25
5.0890794e+02	3.6651184e-25
5.1008149e+02	3.6689998e-25
5.1125774e+02	3.6729037e-25
5.1243670e+02	3.6768262e-25
5.1361839e+02	3.6807660e-25
5.1480279e+02	3.6847232e-25
5.1598993e+02	3.6887029e-25
5.1717981e+02	3.6927014e-25
5.1837243e+02	3.6967174e-25
5.1956780e+02	3.7007508e-25
5.2076593e+02	3.7048069e-25
5.2196682e+02	3.7088819e-25
5.2317048e+02	3.7129745e-25
5.2437691e+02	3.7170847e-25
5.2558613e+02	3.7212176e-25
5.2679814e+02	3.7253697e-25
5.2801294e+02	3.7295395e-25
5.2923054e+02	3.7337270e-25
5.3045095e+02	3.7379374e-25
5.3167417e+02	3.7421671e-25
5.3290022e+02	3.7464145e-25
5.3412909e+02	3.7506799e-25
5.3536079e+02	3.7549684e-25
5.3659534e+02	3.7592762e-25
5.3783273e+02	3.7636019e-25
5.3907298e+02	3.7679457e-25
5.4031609e+02	3.7723127e-25
5.4156206e+02	3.7766992e-25
5.4281090e+02	3.7811038e-25
5.4406263e+02	3.7855266e-25
5.4531724e+02	3.7899728e-25
5.4657475e+02	3.7944385e-25
5.4783515e+02	3.7989226e-25
5.4909847e+02	3.8034249e-25
5.5036469e+02	3.8079507e-25
5.5163384e+02	3.8124963e-25
5.5290591e+02	3.8170603e-25
5.5418091e+02	3.8216428e-25
5.5545886e+02	3.8262489e-25
5.5673975e+02	3.8308749e-25
5.5802360e+02	3.8355195e-25
5.5931040e+02	3.8401827e-25
5.6060018e+02	3.8448696e-25
5.6189293e+02	3.8495766e-25
5.6318866e+02	3.8543023e-25
5.6448737e+02	3.8590468e-25
5.6578909e+02	3.8638152e-25
5.6709380e+02	3.8686037e-25
5.6840152e+02	3.8734111e-25
5.6971226e+02	3.8782375e-25
5.7102602e+02	3.8830879e-25
5.7234281e+02	3.8879586e-25
5.7366264e+02	3.8928483e-25
5.7498551e+02	3.8977571e-25
5.7631143e+02	3.9026901e-25
5.7764041e+02	3.9076435e-25
5.7897245e+02	3.9126162e-25
5.8030757e+02	3.9176080e-25
5.8164576e+02	3.9226241e-25
5.8298704e+02	3.9276609e-25
5.8433141e+02	3.9327171e-25
5.8567889e+02	3.9377925e-25
5.8702947e+02	3.9428925e-25
5.8838316e+02	3.9480132e-25
5.8973998e+02	3.9531534e-25
5.9109992e+02	3.9583131e-25
5.9246300e+02	3.9634974e-25
5.9382923e+02	3.9687026e-25
5.9519860e+02	3.9739275e-25
5.9657113e+02	3.9791720e-25
5.9794683e+02	3.9844413e-25
5.9932570e+02	3.9897316e-25
6.0070775e+02	3.9950418e-25
6.0209299e+02	4.0003718e-25
6.0348142e+02	4.0057266e-25
6.0487305e+02	4.0111027e-25
6.0626789e+02	4.0164987e-25
6.0766595e+02	4.0219147e-25
6.0906723e+02	4.0273557e-25
6.1047175e+02	4.0328181e-25
6.1187950e+02	4.0383007e-25
6.1329050e+02	4.0438033e-25
6.1470475e+02	4.0493311e-25
6.1612226e+02	4.0548805e-25
6.1754305e+02	4.0604501e-25
6.1896711e+02	4.0660400e-25
6.2039445e+02	4.0716552e-25
6.2182508e+02	4.0772921e-25
6.2325902e+02	4.0829494e-25
6.2469626e+02	4.0886271e-25
6.2613681e+02	4.0943303e-25
6.2758069e+02	4.1000554e-25
6.2902789e+02	4.1058010e-25
6.3047844e+02	4.1115673e-25
6.3193232e+02	4.1173591e-25
6.3338957e+02	4.1231729e-25
6.3485017e+02	4.1290075e-25
6.3631414e+02	4.1348628e-25
6.3778148e+02	4.1407439e-25
6.3925221e+02	4.1466472e-25
6.4072633e+02	4.1525713e-25
6.4220385e+02	4.1585164e-25
6.4368478e+02	4.1644873e-25
6.4516912e+02	4.1704806e-25
6.4665688e+02	4.1764949e-25
6.4814808e+02	4.1825303e-25
6.4964271e+02	4.1885917e-25
6.5114080e+02	4.1946757e-25
6.5264233e+02	4.2007808e-25
6.5414733e+02	4.2069072e-25
6.5565580e+02	4.2130598e-25
6.5716775e+02	4.2192350e-25
6.5868318e+02	4.2254315e-25
6.6020211e+02	4.2316495e-25
6.6172454e+02	4.2378939e-25
6.6325048e+02	4.2441610e-25
6.6477994e+02	4.2504497e-25
6.6631293e+02	4.2567599e-25
6.6784945e+02	4.2630966e-25
6.6938952e+02	4.2694563e-25
6.7093314e+02	4.2758377e-25
6.7248031e+02	4.2822409e-25
6.7403106e+02	4.2886706e-25
6.7558538e+02	4.2951235e-25
6.7714328e+02	4.3015983e-25
6.7870478e+02	4.3080950e-25
6.8026988e+02	4.3146184e-25
6.8183859e+02	4.3211651e-25
6.8341091e+02	4.3277339e-25
6.8498686e+02	4.3343248e-25
6.8656645e+02	4.3409426e-25
6.8814967e+02	4.3475838e-25
6.8973655e+02	4.3542472e-25
6.9132709e+02	4.3609330e-25
6.9292130e+02	4.3676457e-25
6.9451918e+02	4.3743821e-25
6.9612074e+02	4.3811409e-25
6.9772600e+02	4.3879221e-25
6.9933497e+02	4.3947305e-25
7.0094764e+02	4.4015627e-25
7.0256403e+02	4.4084175e-25
7.0418415e+02	4.4152949e-25
7.0580800e+02	4.4221996e-25
7.0743560e+02	4.4291283e-25
7.0906695e+02	4.4360797e-25
7.1070206e+02	4.4430539e-25
7.1234095e+02	4.4500556e-25
7.1398361e+02	4.4570814e-25
7.1563006e+02	4.4641302e-25
7.1728031e+02	4.4712019e-25
7.1893437e+02	4.4783013e-25
7.2059223e+02	4.4854249e-25
7.2225393e+02	4.4925717e-25
7.2391945e+02	4.4997416e-25
7.2558881e+02	4.5069393e-25
7.2726203e+02	4.5141615e-25
7.2893910e+02	4.5214069e-25
7.3062004e+02	4.5286757e-25
7.3230485e+02	4.5359724e-25
7.3399355e+02	4.5432938e-25
7.3568615e+02	4.5506386e-25
7.3738265e+02	4.5580069e-25
7.3908306e+02	4.5654034e-25
7.4078739e+02	4.5728246e-25
7.4249565e+02	4.5802695e-25
7.4420785e+02	4.5877381e-25
7.4592400e+02	4.5952350e-25
7.4764410e+02	4.6027568e-25
7.4936818e+02	4.6103025e-25
7.5109623e+02	4.6178720e-25
7.5282826e+02	4.6254700e-25
7.5456429e+02	4.6330932e-25
7.5630432e+02	4.6407404e-25
7.5804836e+02	4.6484116e-25
7.5979643e+02	4.6561115e-25
7.6154852e+02	4.6638367e-25
7.6330466e+02	4.6715861e-25
7.6506485e+02	4.6793598e-25
7.6682909e+02	4.6871622e-25
7.6859741e+02	4.6949902e-25
7.7036980e+02	4.7028426e-25
7.7214628e+02	4.7107194e-25
7.7392685e+02	4.7186252e-25
7.7571153e+02	4.7265568e-25
7.7750033e+02	4.7345129e-25
7.7929325e+02	4.7424937e-25
7.8109031e+02	4.7505037e-25
7.8289151e+02	4.7585396e-25
7.8469686e+02	4.7666004e-25
7.8650638e+02	4.7746860e-25
7.8832007e+02	4.7828010e-25
7.9013794e+02	4.7909422e-25
7.9196000e+02	4.7991085e-25
7.9378627e+02	4.8072999e-25
7.9561675e+02	4.8155210e-25
7.9745144e+02	4.8237686e-25
7.9929037e+02	4.8320416e-25
8.0113354e+02	4.8403401e-25
8.0298096e+02	4.8486686e-25
8.0483264e+02	4.8570241e-25
8.0668859e+02	4.8654055e-25
8.0854882e+02	4.8738129e-25
8.1041334e+02	4.8822513e-25
8.1228216e+02	4.8907176e-25
8.1415529e+02	4.8992109e-25
8.1603274e+02	4.9077316e-25
8.1791452e+02	4.9162856e-25
8.1980064e+02	4.9248708e-25
8.2169110e+02	4.9334871e-25
8.2358593e+02	4.9421360e-25
8.2548512e+02	4.9508305e-25
8.2738870e+02	4.9595758e-25
8.2929666e+02	4.9683845e-25
8.3120903e+02	4.9772760e-25
8.3312580e+02	4.9863810e-25
8.3504700e+02	4.9960994e-25
8.3697262e+02	5.0095451e-25
8.3890269e+02	5.0298067e-25
8.4083720e+02	5.0714068e-25
8.4277618e+02	5.0581982e-25
8.4471963e+02	5.0415417e-25
8.4666756e+02	5.0486958e-25
8.4861998e+02	5.0572087e-25
8.5057690e+02	5.0659583e-25
8.5253834e+02	5.0748464e-25
8.5450430e+02	5.0838192e-25
8.5647479e+02	5.0928589e-25
8.5844983e+02	5.1019405e-25
8.6042942e+02	5.1110581e-25
8.6241358e+02	5.1202091e-25
8.6440231e+02	5.1293969e-25
8.6639563e+02	5.1386155e-25
8.6839354e+02	5.1478631e-25
8.7039607e+02	5.1571393e-25
8.7240321e+02	5.1664483e-25
8.7441498e+02	5.1757865e-25
8.7643138e+02	5.1851524e-25
8.7845244e+02	5.1945462e-25
8.8047816e+02	5.2039719e-25
8.8250855e+02	5.2134264e-25
8.8454362e+02	5.2229085e-25
8.8658338e+02	5.2324184e-25
8.8862785e+02	5.2419600e-25
8.9067703e+02	5.2515304e-25
8.9273094e+02	5.2611285e-25
8.9478959e+02	5.2707544e-25
8.9685298e+02	5.2804121e-25
8.9892113e+02	5.2900987e-25
9.0099405e+02	5.2998132e-25
9.0307175e+02	5.3095557e-25
9.0515424e+02	5.3193301e-25
9.0724153e+02	5.3291335e-25
9.0933364e+02	5.3389650e-25
9.1143057e+02	5.3488247e-25
9.1353233e+02	5.3587165e-25
9.1563894e+02	5.3686375e-25
9.1775041e+02	5.3785868e-25
9.1986675e+02	5.3885644e-25
9.2198797e+02	5.3985744e-25
9.2411408e+02	5.4086137e-25
9.2624510e+02	5.4186816e-25
9.2838103e+02	5.4287780e-25
9.3052188e+02	5.4389069e-25
9.3266767e+02	5.4490655e-25
9.3481841e+02	5.4592527e-25
9.3697411e+02	5.4694688e-25
9.3913478e+02	5.4797175e-25
9.4130043e+02	5.4899961e-25
9.4347108e+02	5.5003036e-25
9.4564673e+02	5.5106401e-25
9.4782740e+02	5.5210094e-25
9.5001309e+02	5.5314089e-25
9.5220383e+02	5.5418375e-25
9.5439962e+02	5.5522954e-25
9.5660047e+02	5.5627863e-25
9.5880640e+02	5.5733075e-25
9.6101742e+02	5.5838581e-25
9.6323353e+02	5.5944382e-25
9.6545475e+02	5.6050515e-25
9.6768110e+02	5.6156954e-25
9.6991258e+02	5.6263689e-25
9.7214920e+02	5.6370721e-25
9.7439099e+02	5.6478087e-25
9.7663794e+02	5.6585761e-25
9.7889008e+02	5.6693734e-25
9.8114740e+02	5.6802006e-25
9.8340994e+02	5.6910614e-25
9.8567769e+02	5.7019533e-25
9.8795067e+02	5.7128753e-25
9.9022889e+02	5.7238274e-25
9.9251237e+02	5.7348134e-25
9.9480111e+02	5.7458306e-25
9.9709513e+02	5.7568782e-25
9.9939443e+02	5.7679562e-25
1.0016990e+03	5.7790683e-25
1.0040090e+03	5.7902118e-25
1.0063242e+03	5.8013860e-25
1.0086448e+03	5.8125907e-25
1.0109708e+03	5.8238298e-25
1.0133021e+03	5.8351006e-25
1.0156387e+03	5.8464022e-25
1.0179808e+03	5.8577347e-25
1.0203283e+03	5.8691018e-25
1.0226812e+03	5.8805007e-25
1.0250395e+03	5.8919308e-25
1.0274032e+03	5.9033920e-25
1.0297724e+03	5.9148879e-25
1.0321471e+03	5.9264161e-25
1.0345272e+03	5.9379755e-25
1.0369129e+03	5.9495664e-25
1.0393040e+03	5.9611922e-25
1.0417006e+03	5.9728505e-25
1.0441028e+03	5.9845403e-25
1.0465105e+03	5.9962618e-25
1.0489238e+03	6.0080185e-25
1.0513426e+03	6.0198078e-25
1.0537670e+03	6.0316290e-25
1.0561970e+03	6.0434821e-25
1.0586326e+03	6.0553706e-25
1.0610738e+03	6.0672921e-25
1.0635207e+03	6.0792456e-25
1.0659731e+03	6.0912314e-25
1.0684313e+03	6.1032527e-25
1.0708951e+03	6.1153073e-25
1.0733646e+03	6.1273942e-25
1.0758398e+03	6.1395135e-25
1.0783207e+03	6.1516687e-25
1.0808073e+03	6.1638574e-25
1.0832996e+03	6.1760786e-25
1.0857977e+03	6.1883326e-25
1.0883016e+03	6.2006227e-25
1.0908112e+03	6.2129465e-25
1.0933266e+03	6.2253032e-25
1.0958479e+03	6.2376928e-25
1.0983749e+03	6.2501188e-25
1.1009078e+03	6.2625787e-25
1.1034465e+03	6.2750718e-25
1.1059910e+03	6.2875982e-25
1.1085414e+03	6.3001611e-25
1.1110977e+03	6.3127583e-25
1.1136599e+03	6.3253888e-25
1.1162281e+03	6.3380529e-25
1.1188021e+03	6.3507539e-25
1.1213820e+03	6.3634893e-25
1.1239680e+03	6.3762584e-25
1.1265598e+03	6.3890613e-25
1.1291577e+03	6.4019013e-25
1.1317615e+03	6.4147761e-25
1.1343714e+03	6.4276848e-25
1.1369873e+03	6.4406276e-25
1.1396092e+03	6.4536077e-25
1.1422371e+03	6.4666229e-25
1.1448711e+03	6.4796723e-25
1.1475112e+03	6.4927561e-25
1.1501574e+03	6.5058775e-25
1.1528096e+03	6.5190341e-25
1.1554680e+03	6.5322253e-25
1.1581325e+03	6.5454512e-25
1.1608032e+03	6.5587149e-25
1.1634800e+03	6.5720141e-25
1.1661630e+03	6.5853483e-25
1.1688522e+03	6.5987173e-25
1.1715476e+03	6.6121244e-25
1.1742492e+03	6.6255674e-25
1.1769570e+03	6.6390456e-25
1.1796711e+03	6.6525589e-25
1.1823914e+03	6.6661106e-25
1.1851180e+03	6.6796985e-25
1.1878509e+03	6.6933218e-25
1.1905901e+03	6.7069806e-25
1.1933356e+03	6.7206780e-25
1.1960875e+03	6.7344119e-25
1.1988456e+03	6.7481816e-25
1.2016102e+03	6.7619870e-25
1.2043811e+03	6.7758314e-25
1.2071584e+03	6.7897125e-25
1.2099421e+03	6.8036297e-25
1.2127323e+03	6.8175830e-25
1.2155288e+03	6.8315755e-25
1.2183319e+03	6.8456052e-25
1.2211413e+03	6.8596713e-25
1.2239573e+03	6.8737739e-25
1.2267798e+03	6.8879162e-25
1.2296087e+03	6.9020961e-25
1.2324442e+03	6.9163130e-25
1.2352862e+03	6.9305671e-25
1.2381348e+03	6.9448619e-25
1.2409900e+03	6.9591961e-25
1.2438517e+03	6.9735697e-25
1.2467200e+03	6.9879844e-25
1.2495950e+03	7.0024516e-25
1.2524766e+03	7.0169967e-25
1.2553648e+03	7.0318212e-25
1.2582597e+03	7.0471800e-25
1.2611612e+03	7.0646842e-25
1.2640695e+03	7.0775242e-25
1.2669844e+03	7.0900620e-25
1.2699061e+03	7.1046383e-25
1.2728345e+03	7.1193543e-25
1.2757697e+03	7.1341241e-25
1.2787116e+03	7.1489400e-25
1.2816603e+03	7.1637980e-25
1.2846158e+03	7.1786995e-25
1.2875782e+03	7.1936408e-25
1.2905473e+03	7.2086210e-25
1.2935233e+03	7.2236399e-25
1.2965062e+03	7.2387004e-25
1.2994960e+03	7.2538003e-25
1.3024926e+03	7.2689388e-25
1.3054962e+03	7.2841161e-25
1.3085067e+03	7.2993348e-25
1.3115241e+03	7.3145932e-25
1.3145485e+03	7.3298904e-25
1.3175798e+03	7.3452266e-25
1.3206182e+03	7.3606045e-25
1.3236635e+03	7.3760223e-25
1.3267159e+03	7.3914793e-25
1.3297753e+03	7.4069756e-25
1.3328418e+03	7.4225139e-25
1.3359154e+03	7.4380923e-25
1.3389960e+03	7.4537103e-25
1.3420837e+03	7.4693678e-25
1.3451786e+03	7.4850678e-25
1.3482806e+03	7.5008081e-25
1.3513897e+03	7.5165884e-25
1.3545060e+03	7.5324085e-25
1.3576295e+03	7.5482713e-25
1.3607602e+03	7.5641749e-25
1.3638982e+03	7.5801187e-25
1.3670433e+03	7.5961028e-25
1.3701957e+03	7.6121298e-25
1.3733554e+03	7.6281980e-25
1.3765224e+03	7.6443066e-25
1.3796966e+03	7.6604559e-25
1.3828782e+03	7.6766485e-25
1.3860672e+03	7.6928826e-25
1.3892634e+03	7.7091575e-25
1.3924671e+03	7.7254734e-25
1.3956781e+03	7.7418329e-25
1.3988966e+03	7.7582342e-25
1.4021224e+03	7.7746767e-25
1.4053558e+03	7.7911605e-25
1.4085965e+03	7.8076883e-25
1.4118448e+03	7.8242582e-25
1.4151005e+03	7.8408697e-25
1.4183637e+03	7.8575229e-25
1.4216345e+03	7.8742203e-25
1.4249128e+03	7.8909603e-25
1.4281986e+03	7.9077421e-25
1.4314921e+03	7.9245660e-25
1.4347931e+03	7.9414345e-25
1.4381017e+03	7.9583459e-25
1.4414180e+03	7.9752995e-25
1.4447419e+03	7.9922955e-25
1.4480735e+03	8.0093365e-25
1.4514128e+03	8.0264207e-25
1.4547598e+03	8.0435475e-25
1.4581144e+03	8.0607171e-25
1.4614769e+03	8.0779320e-25
1.4648470e+03	8.0951911e-25
1.4682250e+03	8.1124938e-25
1.4716107e+03	8.1298399e-25
1.4750043e+03	8.1472316e-25
1.4784056e+03	8.1646673e-25
1.4818149e+03	8.1821463e-25
1.4852319e+03	8.1996689e-25
1.4886569e+03	8.2172374e-25
1.4920897e+03	8.2348502e-25
1.4955305e+03	8.2525068e-25
1.4989792e+03	8.2702072e-25
1.5024359e+03	8.2879540e-25
1.5059005e+03	8.3057455e-25
1.5093731e+03	8.3235811e-25
1.5128538e+03	8.3414609e-25
1.5163424e+03	8.3593875e-25
1.5198391e+03	8.3773591e-25
1.5233439e+03	8.3953752e-25
1.5268567e+03	8.4134360e-25
1.5303776e+03	8.4315438e-25
1.5339067e+03	8.4496970e-25
1.5374439e+03	8.4678952e-25
1.5409893e+03	8.4861383e-25
1.5445428e+03	8.5044289e-25
1.5481045e+03	8.5227653e-25
1.5516745e+03	8.5411476e-25
1.5552526e+03	8.5595772e-25
1.5588391e+03	8.5780682e-25
1.5624338e+03	8.5966054e-25
1.5660367e+03	8.6151883e-25
1.5696480e+03	8.6338171e-25
1.5732677e+03	8.6524938e-25
1.5768956e+03	8.6712172e-25
1.5805320e+03	8.6899867e-25
1.5841767e+03	8.7088023e-25
1.5878298e+03	8.7276664e-25
1.5914913e+03	8.7465775e-25
1.5951613e+03	8.7655351e-25
1.5988398e+03	8.7845393e-25
1.6025267e+03	8.8035923e-25
1.6062222e+03	8.8226927e-25
1.6099261e+03	8.8418400e-25
1.6136386e+03	8.8610343e-25
1.6173597e+03	8.8802778e-25
1.6210893e+03	8.8995692e-25
1.6248276e+03	8.9189078e-25
1.6285744e+03	8.9382939e-25
1.6323300e+03	8.9577297e-25
1.6360941e+03	8.9772136e-25
1.6398670e+03	8.9967453e-25
1.6436485e+03	9.0163250e-25
1.6474388e+03	9.0359547e-25
1.6512378e+03	9.0556332e-25
1.6550456e+03	9.0753601e-25
1.6588621e+03	9.0951355e-25
1.6626874e+03	9.1149624e-25
1.6665216e+03	9.1348405e-25
1.6703646e+03	9.1547741e-25
1.6742165e+03	9.1747919e-25
1.6780773e+03	9.1952116e-25
1.6819469e+03	9.2151706e-25
1.6858255e+03	9.2350690e-25
1.6897130e+03	9.2551318e-25
1.6936095e+03	9.2753400e-25
1.6975150e+03	9.2956046e-25
1.7014295e+03	9.3159217e-25
1.7053530e+03	9.3362896e-25
1.7092855e+03	9.3567099e-25
1.7132272e+03	9.3771808e-25
1.7171779e+03	9.3977016e-25
1.7211377e+03	9.4182726e-25
1.7251067e+03	9.4388957e-25
1.7290848e+03	9.4595696e-25
1.7330721e+03	9.4802938e-25
1.7370685e+03	9.5010684e-25
1.7410742e+03	9.5218956e-25
1.7450892e+03	9.5427739e-25
1.7491133e+03	9.5637030e-25
1.7531468e+03	9.5846830e-25
1.7571896e+03	9.6057158e-25
1.7612417e+03	9.6268003e-25
1.7653031e+03	9.6479360e-25
1.7693739e+03	9.6691231e-25
1.7734541e+03	9.6903634e-25
1.7775437e+03	9.7116558e-25
1.7816427e+03	9.7329999e-25
1.7857512e+03	9.7543958e-25
1.7898692e+03	9.7758454e-25
1.7939966e+03	9.7973476e-25
1.7981336e+03	9.8189018e-25
1.8022801e+03	9.8405083e-25
1.8064362e+03	9.8621690e-25
1.8106018e+03	9.8838827e-25
1.8147771e+03	9.9056489e-25
1.8189620e+03	9.9274679e-25
1.8231565e+03	9.9493415e-25
1.8273607e+03	9.9712686e-25
1.8315746e+03	9.9932486e-25
1.8357983e+03	1.0015282e-24
1.8400316e+03	1.0037370e-24
1.8442748e+03	1.0059513e-24
1.8485277e+03	1.0081708e-24
1.8527904e+03	1.0103958e-24
1.8570629e+03	1.0126263e-24
1.8613453e+03	1.0148622e-24
1.8656376e+03	1.0171035e-24
1.8699398e+03	1.0193503e-24
1.8742519e+03	1.0216026e-24
1.8785739e+03	1.0238605e-24
1.8829059e+03	1.0261238e-24
1.8872479e+03	1.0283925e-24
1.8915999e+03	1.0306669e-24
1.8959620e+03	1.0329468e-24
1.9003341e+03	1.0352322e-24
1.9047163e+03	1.0375232e-24
1.9091086e+03	1.0398198e-24
1.9135110e+03	1.0421220e-24
1.9179235e+03	1.0444298e-24
1.9223463e+03	1.0467431e-24
1.9267792e+03	1.0490621e-24
1.9312224e+03	1.0513868e-24
1.9356758e+03	1.0537171e-24
1.9401395e+03	1.0560534e-24
1.9446135e+03	1.0584006e-24
1.9490978e+03	1.0607554e-24
1.9535924e+03	1.0631165e-24
1.9580974e+03	1.0654832e-24
1.9626128e+03	1.0678558e-24
1.9671386e+03	1.0702340e-24
1.9716748e+03	1.0726179e-24
1.9762215e+03	1.0750076e-24
1.9807787e+03	1.0774030e-24
1.9853464e+03	1.0798043e-24
1.9899246e+03	1.0822113e-24
1.9945134e+03	1.0846240e-24
1.9991128e+03	1.0870427e-24
2.0037227e+03	1.0894671e-24
2.0083433e+03	1.0918974e-24
2.0129746e+03	1.0943334e-24
2.0176165e+03	1.0967754e-24
2.0222692e+03	1.0992233e-24
2.0269325e+03	1.1016770e-24
2.0316067e+03	1.1041366e-24
2.0362916e+03	1.1066022e-24
2.0409873e+03	1.1090737e-24
2.0456938e+03	1.1115511e-24
2.0504112e+03	1.1140344e-24
2.0551394e+03	1.1165238e-24
2.0598786e+03	1.1190191e-24
2.0646287e+03	1.1215204e-24
2.0693898e+03	1.1240276e-24
2.0741618e+03	1.1265410e-24
2.0789448e+03	1.1290605e-24
2.0837389e+03	1.1315859e-24
2.0885440e+03	1.1341176e-24
2.0933602e+03	1.1366561e-24
2.0981875e+03	1.1419919e-24
2.1030259e+03	1.1452804e-24
2.1078755e+03	1.1443054e-24
2.1127363e+03	1.1468664e-24
2.1176083e+03	1.1494341e-24
2.1224915e+03	1.1520082e-24
2.1273860e+03	1.1545885e-24
2.1322918e+03	1.1571751e-24
2.1372088e+03	1.1597678e-24
2.1421373e+03	1.1623668e-24
2.1470771e+03	1.1649719e-24
2.1520282e+03	1.1675834e-24
2.1569908e+03	1.1702011e-24
2.1619649e+03	1.1728251e-24
2.1669504e+03	1.1754552e-24
2.1719474e+03	1.1780918e-24
2.1769559e+03	1.1807346e-24
2.1819760e+03	1.1833838e-24
2.1870076e+03	1.1860392e-24
2.1920509e+03	1.1887011e-24
2.1971058e+03	1.1913693e-24
2.2021723e+03	1.1940438e-24
2.2072505e+03	1.1967247e-24
2.2123405e+03	1.1994121e-24
2.2174421e+03	1.2021059e-24
2.2225556e+03	1.2048061e-24
2.2276808e+03	1.2075127e-24
2.2328179e+03	1.2102259e-24
2.2379668e+03	1.2129455e-24
2.2431275e+03	1.2156716e-24
2.2483002e+03	1.2184041e-24
2.2534848e+03	1.2211433e-24
2.2586814e+03	1.2238890e-24
2.2638899e+03	1.2266411e-24
2.2691104e+03	1.2293998e-24
2.2743430e+03	1.2321652e-24
2.2795877e+03	1.2349372e-24
2.2848444e+03	1.2377157e-24
2.2901133e+03	1.2405008e-24
2.2953943e+03	1.2432927e-24
2.3006875e+03	1.2460911e-24
2.3059929e+03	1.2488962e-24
2.3113105e+03	1.2517080e-24
2.3166404e+03	1.2545265e-24
2.3219826e+03	1.2573518e-24
2.3273371e+03	1.2601837e-24
2.3327040e+03	1.2630223e-24
2.3380832e+03	1.2658678e-24
2.3434749e+03	1.2687201e-24
2.3488789e+03	1.2715790e-24
2.3542955e+03	1.2744448e-24
2.3597245e+03	1.2773175e-24
2.3651660e+03	1.2801969e-24
2.3706201e+03	1.2830832e-24
2.3760868e+03	1.2859764e-24
2.3815661e+03	1.2888765e-24
2.3870580e+03	1.2917834e-24
2.3925626e+03	1.2946973e-24
2.3980798e+03	1.2976180e-24
2.4036098e+03	1.3005458e-24
2.4091526e+03	1.3034805e-24
2.4147081e+03	1.3064222e-24
2.4202764e+03	1.3093708e-24
2.4258576e+03	1.3123265e-24
2.4314516e+03	1.3152892e-24
2.4370586e+03	1.3182589e-24
2.4426785e+03	1.3212356e-24
2.4483113e+03	1.3242195e-24
2.4539571e+03	1.3272104e-24
2.4596160e+03	1.3302084e-24
2.4652879e+03	1.3332135e-24
2.4709728e+03	1.3362259e-24
2.4766709e+03	1.3392453e-24
2.4823821e+03	1.3422719e-24
2.4881065e+03	1.3453056e-24
2.4938441e+03	1.3483466e-24
2.4995949e+03	1.3513949e-24
2.5053590e+03	1.3544504e-24
2.5111364e+03	1.3575133e-24
2.5169271e+03	1.3605857e-24
2.5227312e+03	1.3636624e-24
2.5285486e+03	1.3667455e-24
2.5343794e+03	1.3698365e-24
2.5402237e+03	1.3729355e-24
2.5460815e+03	1.3760420e-24
2.5519528e+03	1.3791558e-24
2.5578376e+03	1.3822770e-24
2.5637360e+03	1.3854056e-24
2.5696480e+03	1.3885417e-24
2.5755736e+03	1.3916852e-24
2.5815129e+03	1.3948360e-24
2.5874659e+03	1.3979944e-24
2.5934326e+03	1.4011603e-24
2.5994131e+03	1.4043337e-24
2.6054074e+03	1.4075145e-24
2.6114155e+03	1.4107029e-24
2.6174374e+03	1.4138989e-24
2.6234732e+03	1.4171024e-24
2.6295230e+03	1.4203134e-24
2.6355867e+03	1.4235322e-24
2.6416644e+03	1.4267585e-24
2.6477561e+03	1.4299924e-24
2.6538618e+03	1.4332340e-24
2.6599816e+03	1.4364833e-24
2.6661156e+03	1.4397403e-24
2.6722637e+03	1.4430049e-24
2.6784259e+03	1.4462773e-24
2.6846024e+03	1.4495574e-24
2.6907931e+03	1.4528453e-24
2.6969981e+03	1.4561410e-24
2.7032174e+03	1.4594444e-24
2.7094510e+03	1.4627557e-24
2.7156991e+03	1.4660748e-24
2.7219615e+03	1.4694017e-24
2.7282383e+03	1.4727364e-24
2.7345297e+03	1.4760792e-24
2.7408355e+03	1.4794298e-24
2.7471559e+03	1.4827882e-24
2.7534909e+03	1.4861546e-24
2.7598405e+03	1.4895290e-24
2.7662047e+03	1.4929114e-24
2.7725836e+03	1.4963018e-24
2.7789772e+03	1.4997001e-24
2.7853855e+03	1.5031065e-24
2.7918086e+03	1.5065209e-24
2.7982465e+03	1.5099434e-24
2.8046993e+03	1.5133739e-24
2.8111670e+03	1.5168126e-24
2.8176496e+03	1.5202595e-24
2.8241471e+03	1.5237144e-24
2.8306596e+03	1.5271774e-24
2.8371871e+03	1.5306487e-24
2.8437297e+03	1.5341282e-24
2.8502873e+03	1.5376159e-24
2.8568601e+03	1.5411117e-24
2.8634481e+03	1.5446159e-24
2.8700512e+03	1.5481283e-24
2.8766696e+03	1.5516490e-24
2.8833032e+03	1.5551780e-24
2.8899521e+03	1.5587154e-24
2.8966164e+03	1.5622611e-24
2.9032960e+03	1.5658151e-24
2.9099910e+03	1.5693775e-24
2.9167015e+03	1.5729484e-24
2.9234274e+03	1.5765277e-24
2.9301688e+03	1.5801155e-24
2.9369258e+03	1.5837120e-24
2.9436984e+03	1.5873171e-24
2.9504866e+03	1.5909298e-24
2.9572904e+03	1.5945510e-24
2.9641100e+03	1.5981811e-24
2.9709452e+03	1.6018198e-24
2.9777963e+03	1.6054672e-24
2.9846631e+03	1.6091231e-24
2.9915457e+03	1.6127876e-24
2.9984443e+03	1.6164608e-24
3.0053587e+03	1.6201427e-24
3.0122891e+03	1.6238332e-24
3.0192354e+03	1.6275323e-24
3.0261978e+03	1.6312403e-24
3.0331763e+03	1.6349570e-24
3.0401708e+03	1.6386824e-24
3.0471814e+03	1.6424166e-24
3.0542083e+03	1.6461596e-24
3.0612513e+03	1.6499114e-24
3.0683106e+03	1.6536721e-24
3.0753861e+03	1.6574415e-24
3.0824780e+03	1.6612200e-24
3.0895862e+03	1.6650073e-24
3.0967108e+03	1.6688035e-24
3.1038518e+03	1.6726086e-24
3.1110093e+03	1.6764227e-24
3.1181833e+03	1.6802458e-24
3.1253739e+03	1.6840779e-24
3.1325810e+03	1.6879190e-24
3.1398048e+03	1.6917692e-24
3.1470452e+03	1.6956284e-24
3.1543023e+03	1.6994967e-24
3.1615762e+03	1.7033741e-24
3.1688668e+03	1.7072607e-24
3.1761742e+03	1.7111564e-24
3.1834985e+03	1.7150612e-24
3.1908397e+03	1.7189753e-24
3.1981978e+03	1.7228986e-24
3.2055728e+03	1.7268311e-24
3.2129649e+03	1.7307728e-24
3.2203740e+03	1.7347238e-24
3.2278002e+03	1.7386842e-24
3.2352436e+03	1.7426539e-24
3.2427041e+03	1.7466328e-24
3.2501818e+03	1.7506212e-24
3.2576767e+03	1.7546189e-24
3.2651889e+03	1.7586261e-24
3.2727185e+03	1.7626427e-24
3.2802654e+03	1.7666686e-24
3.2878297e+03	1.7707042e-24
3.2954115e+03	1.7747492e-24
3.3030107e+03	1.7788037e-24
3.3106275e+03	1.7828677e-24
3.3182618e+03	1.7869413e-24
3.3259138e+03	1.7910245e-24
3.3335833e+03	1.7951173e-24
3.3412706e+03	1.7992197e-24
3.3489756e+03	1.8033318e-24
3.3566984e+03	1.8074676e-24
3.3644389e+03	1.8116027e-24
3.3721974e+03	1.8157261e-24
3.3799737e+03	1.8198769e-24
3.3877679e+03	1.8240376e-24
3.3955801e+03	1.8282080e-24
3.4034104e+03	1.8323882e-24
3.4112587e+03	1.8365783e-24
3.4191251e+03	1.8407782e-24
3.4270096e+03	1.8449880e-24
3.4349123e+03	1.8492076e-24
3.4428332e+03	1.8534373e-24
3.4507724e+03	1.8576769e-24
3.4587299e+03	1.8619264e-24
3.4667058e+03	1.8661858e-24
3.4747000e+03	1.8704554e-24
3.4827127e+03	1.8747350e-24
3.4907439e+03	1.8790246e-24
3.4987936e+03	1.8833243e-24
3.5068618e+03	1.8876341e-24
3.5149487e+03	1.8919541e-24
3.5230542e+03	1.8962842e-24
3.5311784e+03	1.9006244e-24
3.5393213e+03	1.9049749e-24
3.5474830e+03	1.9093356e-24
3.5556635e+03	1.9137066e-24
3.5638629e+03	1.9180878e-24
3.5720812e+03	1.9224793e-24
3.5803184e+03	1.9268812e-24
3.5885747e+03	1.9312934e-24
3.5968500e+03	1.9357159e-24
3.6051443e+03	1.9401489e-24
3.6134578e+03	1.9445923e-24
3.6217905e+03	1.9490461e-24
3.6301424e+03	1.9535104e-24
3.6385135e+03	1.9579852e-24
3.6469039e+03	1.9624705e-24
3.6553137e+03	1.9669663e-24
3.6637429e+03	1.9714727e-24
3.6721915e+03	1.9759897e-24
3.6806596e+03	1.9805173e-24
3.6891472e+03	1.9850556e-24
3.6976544e+03	1.9896045e-24
3.7061813e+03	1.9941641e-24
3.7147277e+03	1.9987344e-24
3.7232939e+03	2.0033155e-24
3.7318799e+03	2.0079073e-24
3.7404856e+03	2.0125099e-24
3.7491112e+03	2.0171233e-24
3.7577567e+03	2.0217476e-24
3.7664221e+03	2.0263827e-24
3.7751075e+03	2.0310289e-24
3.7838129e+03	2.0356859e-24
3.7925384e+03	2.0403537e-24
3.8012841e+03	2.0450324e-24
3.8100498e+03	2.0497223e-24
3.8188359e+03	2.0544232e-24
3.8276421e+03	2.0591351e-24
3.8364687e+03	2.0638580e-24
3.8453156e+03	2.0685921e-24
3.8541829e+03	2.0733374e-24
3.8630707e+03	2.0780937e-24
3.8719790e+03	2.0828612e-24
3.8809078e+03	2.0876400e-24
3.8898572e+03	2.0924300e-24
3.8988272e+03	2.0972312e-24
3.9078180e+03	2.1020436e-24
3.9168294e+03	2.1068675e-24
3.9258617e+03	2.1117027e-24
3.9349147e+03	2.1165492e-24
3.9439887e+03	2.1214070e-24
3.9530835e+03	2.1262764e-24
3.9621994e+03	2.1311571e-24
3.9713362e+03	2.1360493e-24
3.9804942e+03	2.1409530e-24
3.9896732e+03	2.1458683e-24
3.9988734e+03	2.1507951e-24
4.0080949e+03	2.1557335e-24
4.0173376e+03	2.1606834e-24
4.0266016e+03	2.1656451e-24
4.0358870e+03	2.1706183e-24
4.0451937e+03	2.1756033e-24
4.0545220e+03	2.1805999e-24
4.0638718e+03	2.1856084e-24
4.0732431e+03	2.1906286e-24
4.0826360e+03	2.1956606e-24
4.0920506e+03	2.2007043e-24
4.1014869e+03	2.2057600e-24
4.1109450e+03	2.2108276e-24
4.1204248e+03	2.2159070e-24
4.1299266e+03	2.2209984e-24
4.1394502e+03	2.2261018e-24
4.1489958e+03	2.2312172e-24
4.1585634e+03	2.2363445e-24
4.1681531e+03	2.2414839e-24
4.1777649e+03	2.2466355e-24
4.1873988e+03	2.2517991e-24
4.1970550e+03	2.2569750e-24
4.2067335e+03	2.2621630e-24
4.2164342e+03	2.2673629e-24
4.2261574e+03	2.2725753e-24
4.2359029e+03	2.2777998e-24
4.2456709e+03	2.2830367e-24
4.2554615e+03	2.2882859e-24
4.2652746e+03	2.2935475e-24
4.2751104e+03	2.2988214e-24
4.2849688e+03	2.3041076e-24
4.2948500e+03	2.3094064e-24
4.3047539e+03	2.3147176e-24
4.3146807e+03	2.3200413e-24
4.3246304e+03	2.3253774e-24
4.3346030e+03	2.3307262e-24
4.3445987e+03	2.3360875e-24
4.3546173e+03	2.3414615e-24
4.3646591e+03	2.3468480e-24
4.3747241e+03	2.3522472e-24
4.3848122e+03	2.3576592e-24
4.3949236e+03	2.3630839e-24
4.4050583e+03	2.3685212e-24
4.4152164e+03	2.3739715e-24
4.4253980e+03	2.3794345e-24
4.4356030e+03	2.3849104e-24
4.4458315e+03	2.3903991e-24
4.4560836e+03	2.3959008e-24
4.4663594e+03	2.4014154e-24
4.4766588e+03	2.4069430e-24
4.4869821e+03	2.4124835e-24
4.4973291e+03	2.4180372e-24
4.5076999e+03	2.4236039e-24
4.5180947e+03	2.4291837e-24
4.5285135e+03	2.4347765e-24
4.5389563e+03	2.4403826e-24
4.5494231e+03	2.4460019e-24
4.5599142e+03	2.4516344e-24
4.5704294e+03	2.4572801e-24
4.5809688e+03	2.4629392e-24
4.5915325e+03	2.4686115e-24
4.6021207e+03	2.4742972e-24
4.6127332e+03	2.4799963e-24
4.6233702e+03	2.4857089e-24
4.6340317e+03	2.4914348e-24
4.6447178e+03	2.4971742e-24
4.6554286e+03	2.5029270e-24
4.6661640e+03	2.5086935e-24
4.6769242e+03	2.5144736e-24
4.6877093e+03	2.5202673e-24
4.6985192e+03	2.5260745e-24
4.7093540e+03	2.5318955e-24
4.7202138e+03	2.5377302e-24
4.7310986e+03	2.5435786e-24
4.7420086e+03	2.5494408e-24
4.7529437e+03	2.5553168e-24
4.7639040e+03	2.5612067e-24
4.7748896e+03	2.5671104e-24
4.7859005e+03	2.5730279e-24
4.7969369e+03	2.5789595e-24
4.8079986e+03	2.5849051e-24
4.8190859e+03	2.5908646e-24
4.8301988e+03	2.5968381e-24
4.8413372e+03	2.6028258e-24
4.8525014e+03	2.6088276e-24
4.8636913e+03	2.6148435e-24
4.8749070e+03	2.6208735e-24
4.8861486e+03	2.6269179e-24
4.8974161e+03	2.6329764e-24
4.9087096e+03	2.6390492e-24
4.9200291e+03	2.6451363e-24
4.9313747e+03	2.6512378e-24
4.9427465e+03	2.6573537e-24
4.9541445e+03	2.6634840e-24
4.9655688e+03	2.6696287e-24
4.9770194e+03	2.6757879e-24
4.9884965e+03	2.6819617e-24
5.0000000e+03	2.6881500e-24
