9.0000000e+00	6.5805327e-42
9.0203998e+00	8.2468217e-42
9.0408458e+00	1.2006122e-41
9.0613382e+00	2.3607307e-41
9.0818770e+00	1.0251135e-40
9.1024624e+00	1.7142766e-39
9.1230944e+00	4.7214828e-41
9.1437733e+00	1.6096829e-41
9.1644989e+00	9.2313027e-42
9.1852716e+00	6.6614325e-42
9.2060913e+00	5.4228493e-42
9.2269583e+00	4.7274261e-42
9.2478725e+00	4.2939544e-42
9.2688341e+00	4.0020011e-42
9.2898433e+00	3.7930784e-42
9.3109000e+00	3.6360350e-42
9.3320045e+00	3.5130608e-42
9.3531568e+00	3.4133845e-42
9.3743571e+00	3.3301863e-42
9.3956054e+00	3.2589806e-42
9.4169019e+00	3.1967223e-42
9.4382467e+00	3.1412851e-42
9.4596398e+00	3.0911498e-42
9.4810815e+00	3.0452068e-42
9.5025717e+00	3.0026322e-42
9.5241107e+00	2.9628031e-42
9.5456984e+00	2.9252410e-42
9.5673351e+00	2.8895754e-42
9.5890209e+00	2.8555139e-42
9.6107557e+00	2.8228247e-42
9.6325399e+00	2.7913210e-42
9.6543734e+00	2.7608514e-42
9.6762565e+00	2.7312927e-42
9.6981891e+00	2.7025423e-42
9.7201714e+00	2.6745162e-42
9.7422036e+00	2.6471430e-42
9.7642857e+00	2.6203629e-42
9.7864179e+00	2.5941255e-42
9.8086002e+00	2.5683880e-42
9.8308328e+00	2.5431124e-42
9.8531158e+00	2.5182678e-42
9.8754493e+00	2.4938259e-42
9.8978334e+00	2.4697628e-42
9.9202683e+00	2.4460569e-42
9.9427540e+00	2.4226904e-42
9.9652907e+00	2.3996461e-42
9.9878784e+00	2.3769098e-42
1.0010517e+01	2.3544687e-42
1.0033208e+01	2.3323105e-42
1.0055949e+01	2.3104249e-42
1.0078743e+01	2.2888029e-42
1.0101588e+01	2.2674351e-42
1.0124484e+01	2.2463145e-42
1.0147433e+01	2.2254335e-42
1.0170433e+01	2.2047855e-42
1.0193486e+01	2.1843643e-42
1.0216591e+01	2.1641649e-42
1.0239749e+01	2.1441818e-42
1.0262958e+01	2.1244100e-42
1.0286221e+01	2.1048453e-42
1.0309536e+01	2.0854834e-42
1.0332904e+01	2.0663206e-42
1.0356325e+01	2.0473529e-42
1.0379799e+01	2.0285769e-42
1.0403327e+01	2.0099893e-42
1.0426907e+01	1.9915870e-42
1.0450541e+01	1.9733672e-42
1.0474229e+01	1.9553265e-42
1.0497970e+01	1.9374630e-42
1.0521765e+01	1.9197735e-42
1.0545615e+01	1.9022555e-42
1.0569518e+01	1.8849069e-42
1.0593475e+01	1.8677254e-42
1.0617487e+01	1.8507086e-42
1.0641553e+01	1.8338544e-42
1.0665673e+01	1.8171609e-42
1.0689849e+01	1.8006261e-42
1.0714079e+01	1.7842478e-42
1.0738364e+01	1.7680242e-42
1.0762704e+01	1.7519535e-42
1.0787099e+01	1.7360339e-42
1.0811549e+01	1.7202639e-42
1.0836055e+01	1.7046415e-42
1.0860617e+01	1.6891650e-42
1.0885234e+01	1.6738331e-42
1.0909907e+01	1.6586439e-42
1.0934636e+01	1.6435960e-42
1.0959421e+01	1.6286880e-42
1.0984262e+01	1.6139182e-42
1.1009159e+01	1.5992852e-42
1.1034113e+01	1.5847877e-42
1.1059124e+01	1.5704243e-42
1.1084191e+01	1.5561931e-42
1.1109315e+01	1.5420933e-42
1.1134495e+01	1.5281237e-42
1.1159733e+01	1.5142823e-42
1.1185028e+01	1.5005684e-42
1.1210381e+01	1.4869805e-42
1.1235791e+01	1.4735175e-42
1.1261258e+01	1.4601779e-42
1.1286784e+01	1.4469605e-42
1.1312367e+01	1.4338645e-42
1.1338008e+01	1.4208883e-42
1.1363707e+01	1.4080310e-42
1.1389465e+01	1.3952911e-42
1.1415280e+01	1.3826677e-42
1.1441155e+01	1.3701597e-42
1.1467088e+01	1.3577661e-42
1.1493080e+01	1.3454856e-42
1.1519130e+01	1.3333171e-42
1.1545240e+01	1.3212594e-42
1.1571409e+01	1.3093120e-42
1.1597637e+01	1.2974734e-42
1.1623925e+01	1.2857426e-42
1.1650272e+01	1.2741188e-42
1.1676679e+01	1.2626008e-42
1.1703146e+01	1.2511874e-42
1.1729673e+01	1.2398782e-42
1.1756260e+01	1.2286718e-42
1.1782907e+01	1.2175673e-42
1.1809615e+01	1.2065638e-42
1.1836383e+01	1.1956602e-42
1.1863212e+01	1.1848558e-42
1.1890102e+01	1.1741495e-42
1.1917052e+01	1.1635406e-42
1.1944064e+01	1.1530280e-42
1.1971137e+01	1.1426109e-42
1.1998271e+01	1.1322884e-42
1.2025467e+01	1.1220595e-42
1.2052725e+01	1.1119234e-42
1.2080044e+01	1.1018793e-42
1.2107425e+01	1.0919266e-42
1.2134868e+01	1.0820639e-42
1.2162374e+01	1.0722907e-42
1.2189941e+01	1.0626062e-42
1.2217572e+01	1.0530095e-42
1.2245264e+01	1.0434996e-42
1.2273020e+01	1.0340761e-42
1.2300839e+01	1.0247379e-42
1.2328720e+01	1.0154845e-42
1.2356665e+01	1.0063149e-42
1.2384673e+01	9.9722834e-43
1.2412745e+01	9.8822409e-43
1.2440880e+01	9.7930143e-43
1.2469079e+01	9.7045956e-43
1.2497342e+01	9.6169778e-43
1.2525669e+01	9.5301535e-43
1.2554060e+01	9.4441155e-43
1.2582516e+01	9.3588563e-43
1.2611036e+01	9.2743689e-43
1.2639621e+01	9.1906464e-43
1.2668270e+01	9.1076818e-43
1.2696985e+01	9.0254680e-43
1.2725764e+01	8.9439982e-43
1.2754609e+01	8.8632658e-43
1.2783519e+01	8.7832637e-43
1.2812495e+01	8.7039858e-43
1.2841536e+01	8.6254248e-43
1.2870644e+01	8.5475748e-43
1.2899817e+01	8.4704289e-43
1.2929056e+01	8.3939809e-43
1.2958362e+01	8.3182243e-43
1.2987734e+01	8.2431531e-43
1.3017172e+01	8.1687606e-43
1.3046677e+01	8.0950410e-43
1.3076250e+01	8.0219879e-43
1.3105889e+01	7.9495955e-43
1.3135595e+01	7.8778576e-43
1.3165369e+01	7.8067684e-43
1.3195210e+01	7.7363218e-43
1.3225119e+01	7.6665121e-43
1.3255096e+01	7.5973335e-43
1.3285140e+01	7.5287802e-43
1.3315253e+01	7.4608465e-43
1.3345434e+01	7.3935270e-43
1.3375683e+01	7.3268158e-43
1.3406001e+01	7.2607076e-43
1.3436388e+01	7.1951968e-43
1.3466843e+01	7.1302781e-43
1.3497368e+01	7.0659461e-43
1.3527961e+01	7.0021953e-43
1.3558624e+01	6.9390206e-43
1.3589357e+01	6.8764168e-43
1.3620159e+01	6.8143785e-43
1.3651031e+01	6.7529007e-43
1.3681973e+01	6.6919785e-43
1.3712985e+01	6.6316066e-43
1.3744068e+01	6.5717800e-43
1.3775221e+01	6.5124940e-43
1.3806444e+01	6.4537436e-43
1.3837739e+01	6.3955237e-43
1.3869104e+01	6.3378298e-43
1.3900540e+01	6.2806570e-43
1.3932048e+01	6.2240005e-43
1.3963627e+01	6.1678559e-43
1.3995277e+01	6.1122183e-43
1.4027000e+01	6.0570832e-43
1.4058794e+01	6.0024460e-43
1.4090660e+01	5.9483022e-43
1.4122599e+01	5.8946474e-43
1.4154610e+01	5.8414770e-43
1.4186693e+01	5.7887869e-43
1.4218849e+01	5.7365724e-43
1.4251078e+01	5.6848296e-43
1.4283380e+01	5.6335538e-43
1.4315756e+01	5.5827411e-43
1.4348204e+01	5.5323872e-43
1.4380727e+01	5.4824880e-43
1.4413323e+01	5.4330392e-43
1.4445993e+01	5.3840369e-43
1.4478736e+01	5.3354769e-43
1.4511555e+01	5.2873555e-43
1.4544447e+01	5.2396684e-43
1.4577414e+01	5.1924117e-43
1.4610456e+01	5.1455818e-43
1.4643573e+01	5.0991746e-43
1.4676764e+01	5.0531863e-43
1.4710031e+01	5.0076130e-43
1.4743374e+01	4.9624512e-43
1.4776792e+01	4.9176971e-43
1.4810286e+01	4.8733469e-43
1.4843855e+01	4.8293970e-43
1.4877501e+01	4.7858438e-43
1.4911223e+01	4.7426838e-43
1.4945021e+01	4.6999132e-43
1.4978896e+01	4.6575287e-43
1.5012848e+01	4.6155267e-43
1.5046877e+01	4.5739039e-43
1.5080983e+01	4.5326567e-43
1.5115166e+01	4.4917817e-43
1.5149427e+01	4.4512756e-43
1.5183765e+01	4.4111350e-43
1.5218181e+01	4.3713568e-43
1.5252676e+01	4.3319375e-43
1.5287248e+01	4.2928739e-43
1.5321899e+01	4.2541629e-43
1.5356628e+01	4.2158011e-43
1.5391436e+01	4.1777856e-43
1.5426323e+01	4.1401131e-43
1.5461289e+01	4.1027805e-43
1.5496334e+01	4.0657848e-43
1.5531459e+01	4.0291230e-43
1.5566663e+01	3.9927920e-43
1.5601947e+01	3.9567888e-43
1.5637311e+01	3.9211104e-43
1.5672755e+01	3.8857540e-43
1.5708280e+01	3.8507165e-43
1.5743885e+01	3.8159953e-43
1.5779571e+01	3.7815873e-43
1.5815337e+01	3.7474897e-43
1.5851185e+01	3.7136999e-43
1.5887114e+01	3.6802149e-43
1.5923125e+01	3.6470319e-43
1.5959217e+01	3.6141484e-43
1.5995390e+01	3.5815616e-43
1.6031646e+01	3.5492687e-43
1.6067984e+01	3.5172672e-43
1.6104405e+01	3.4855544e-43
1.6140908e+01	3.4541278e-43
1.6177493e+01	3.4229846e-43
1.6214162e+01	3.3921224e-43
1.6250914e+01	3.3615386e-43
1.6287749e+01	3.3312307e-43
1.6324667e+01	3.3011963e-43
1.6361670e+01	3.2714327e-43
1.6398756e+01	3.2419378e-43
1.6435926e+01	3.2127089e-43
1.6473180e+01	3.1837436e-43
1.6510519e+01	3.1550397e-43
1.6547942e+01	3.1265947e-43
1.6585451e+01	3.0984063e-43
1.6623044e+01	3.0704721e-43
1.6660723e+01	3.0427900e-43
1.6698486e+01	3.0153576e-43
1.6736336e+01	2.9881726e-43
1.6774271e+01	2.9612329e-43
1.6812293e+01	2.9345361e-43
1.6850400e+01	2.9080802e-43
1.6888594e+01	2.8818629e-43
1.6926874e+01	2.8558821e-43
1.6965242e+01	2.8301356e-43
1.7003696e+01	2.8046215e-43
1.7042237e+01	2.7793374e-43
1.7080866e+01	2.7542814e-43
1.7119582e+01	2.7294514e-43
1.7158386e+01	2.7048454e-43
1.7197278e+01	2.6804612e-43
1.7236258e+01	2.6562971e-43
1.7275326e+01	2.6323509e-43
1.7314483e+01	2.6086207e-43
1.7353729e+01	2.5851045e-43
1.7393064e+01	2.5618005e-43
1.7432488e+01	2.5387066e-43
1.7472001e+01	2.5158210e-43
1.7511604e+01	2.4931418e-43
1.7551296e+01	2.4706672e-43
1.7591079e+01	2.4483953e-43
1.7630952e+01	2.4263243e-43
1.7670915e+01	2.4044523e-43
1.7710968e+01	2.3827776e-43
1.7751113e+01	2.3612984e-43
1.7791348e+01	2.3400129e-43
1.7831675e+01	2.3189193e-43
1.7872093e+01	2.2980161e-43
1.7912603e+01	2.2773014e-43
1.7953204e+01	2.2567735e-43
1.7993898e+01	2.2364306e-43
1.8034683e+01	2.2162713e-43
1.8075562e+01	2.1962938e-43
1.8116532e+01	2.1764965e-43
1.8157596e+01	2.1568778e-43
1.8198753e+01	2.1374359e-43
1.8240003e+01	2.1181695e-43
1.8281347e+01	2.0990766e-43
1.8322784e+01	2.0801561e-43
1.8364315e+01	2.0614062e-43
1.8405941e+01	2.0428254e-43
1.8447660e+01	2.0244121e-43
1.8489475e+01	2.0061649e-43
1.8531384e+01	1.9880823e-43
1.8573388e+01	1.9701627e-43
1.8615487e+01	1.9524048e-43
1.8657682e+01	1.9348070e-43
1.8699972e+01	1.9173678e-43
1.8742358e+01	1.9000860e-43
1.8784840e+01	1.8829600e-43
1.8827419e+01	1.8659885e-43
1.8870094e+01	1.8491700e-43
1.8912866e+01	1.8325032e-43
1.8955734e+01	1.8159867e-43
1.8998700e+01	1.7996191e-43
1.9041764e+01	1.7833991e-43
1.9084925e+01	1.7673254e-43
1.9128183e+01	1.7513967e-43
1.9171540e+01	1.7356116e-43
1.9214995e+01	1.7199688e-43
1.9258549e+01	1.7044672e-43
1.9302201e+01	1.6891053e-43
1.9345952e+01	1.6738819e-43
1.9389802e+01	1.6587958e-43
1.9433752e+01	1.6438458e-43
1.9477802e+01	1.6290305e-43
1.9521951e+01	1.6143489e-43
1.9566200e+01	1.5997997e-43
1.9610550e+01	1.5853816e-43
1.9655000e+01	1.5710936e-43
1.9699551e+01	1.5569344e-43
1.9744203e+01	1.5429029e-43
1.9788956e+01	1.5289980e-43
1.9833810e+01	1.5152184e-43
1.9878766e+01	1.5015630e-43
1.9923825e+01	1.4880309e-43
1.9968985e+01	1.4746207e-43
2.0014247e+01	1.4613315e-43
2.0059612e+01	1.4481621e-43
2.0105080e+01	1.4351115e-43
2.0150652e+01	1.4221785e-43
2.0196326e+01	1.4093621e-43
2.0242104e+01	1.3966614e-43
2.0287985e+01	1.3840751e-43
2.0333971e+01	1.3716023e-43
2.0380061e+01	1.3592421e-43
2.0426255e+01	1.3469933e-43
2.0472554e+01	1.3348549e-43
2.0518958e+01	1.3228259e-43
2.0565467e+01	1.3109055e-43
2.0612082e+01	1.2990925e-43
2.0658802e+01	1.2873860e-43
2.0705628e+01	1.2757852e-43
2.0752561e+01	1.2642889e-43
2.0799599e+01	1.2528962e-43
2.0846745e+01	1.2416064e-43
2.0893997e+01	1.2304182e-43
2.0941356e+01	1.2193310e-43
2.0988823e+01	1.2083438e-43
2.1036397e+01	1.1974556e-43
2.1084079e+01	1.1866656e-43
2.1131869e+01	1.1759729e-43
2.1179767e+01	1.1653766e-43
2.1227774e+01	1.1548759e-43
2.1275890e+01	1.1444698e-43
2.1324115e+01	1.1341576e-43
2.1372449e+01	1.1239384e-43
2.1420893e+01	1.1138113e-43
2.1469446e+01	1.1037754e-43
2.1518110e+01	1.0938301e-43
2.1566884e+01	1.0839746e-43
2.1615768e+01	1.0742078e-43
2.1664764e+01	1.0645291e-43
2.1713870e+01	1.0549377e-43
2.1763087e+01	1.0454327e-43
2.1812417e+01	1.0360135e-43
2.1861858e+01	1.0266792e-43
2.1911411e+01	1.0174290e-43
2.1961076e+01	1.0082623e-43
2.2010854e+01	9.9917819e-44
2.2060745e+01	9.9017599e-44
2.2110749e+01	9.8125500e-44
2.2160866e+01	9.7241441e-44
2.2211097e+01	9.6365357e-44
2.2261441e+01	9.5497168e-44
2.2311900e+01	9.4636808e-44
2.2362473e+01	9.3784205e-44
2.2413161e+01	9.2939290e-44
2.2463963e+01	9.2101992e-44
2.2514881e+01	9.1272247e-44
2.2565914e+01	9.0449979e-44
2.2617063e+01	8.9635127e-44
2.2668328e+01	8.8827627e-44
2.2719709e+01	8.8027401e-44
2.2771207e+01	8.7234393e-44
2.2822821e+01	8.6448531e-44
2.2874552e+01	8.5669760e-44
2.2926401e+01	8.4898010e-44
2.2978367e+01	8.4133214e-44
2.3030450e+01	8.3375315e-44
2.3082652e+01	8.2624249e-44
2.3134972e+01	8.1879957e-44
2.3187411e+01	8.1142377e-44
2.3239969e+01	8.0411446e-44
2.3292645e+01	7.9687102e-44
2.3345442e+01	7.8969290e-44
2.3398357e+01	7.8257953e-44
2.3451393e+01	7.7553026e-44
2.3504549e+01	7.6854460e-44
2.3557825e+01	7.6162184e-44
2.3611223e+01	7.5476155e-44
2.3664741e+01	7.4796310e-44
2.3718380e+01	7.4122600e-44
2.3772142e+01	7.3454957e-44
2.3826025e+01	7.2793335e-44
2.3880030e+01	7.2137682e-44
2.3934157e+01	7.1487936e-44
2.3988407e+01	7.0844047e-44
2.4042781e+01	7.0205969e-44
2.4097277e+01	6.9573637e-44
2.4151897e+01	6.8947012e-44
2.4206641e+01	6.8326034e-44
2.4261508e+01	6.7710654e-44
2.4316501e+01	6.7100825e-44
2.4371617e+01	6.6496493e-44
2.4426859e+01	6.5897611e-44
2.4482226e+01	6.5304126e-44
2.4537719e+01	6.4715992e-44
2.4593337e+01	6.4133162e-44
2.4649081e+01	6.3555585e-44
2.4704952e+01	6.2983215e-44
2.4760949e+01	6.2416008e-44
2.4817074e+01	6.1853913e-44
2.4873325e+01	6.1296886e-44
2.4929704e+01	6.0744878e-44
2.4986211e+01	6.0197849e-44
2.5042846e+01	5.9655757e-44
2.5099609e+01	5.9118548e-44
2.5156501e+01	5.8586179e-44
2.5213522e+01	5.8058613e-44
2.5270672e+01	5.7535803e-44
2.5327951e+01	5.7017708e-44
2.5385361e+01	5.6504285e-44
2.5442900e+01	5.5995489e-44
2.5500570e+01	5.5491279e-44
2.5558371e+01	5.4991615e-44
2.5616303e+01	5.4496456e-44
2.5674366e+01	5.4005763e-44
2.5732560e+01	5.3519496e-44
2.5790887e+01	5.3037606e-44
2.5849346e+01	5.2560065e-44
2.5907937e+01	5.2086829e-44
2.5966661e+01	5.1617859e-44
2.6025518e+01	5.1153118e-44
2.6084509e+01	5.0692568e-44
2.6143633e+01	5.0236167e-44
2.6202891e+01	4.9783882e-44
2.6262284e+01	4.9335673e-44
2.6321811e+01	4.8891507e-44
2.6381473e+01	4.8451344e-44
2.6441271e+01	4.8015152e-44
2.6501204e+01	4.7582887e-44
2.6561272e+01	4.7154522e-44
2.6621477e+01	4.6730022e-44
2.6681819e+01	4.6309344e-44
2.6742297e+01	4.5892462e-44
2.6802912e+01	4.5479337e-44
2.6863665e+01	4.5069940e-44
2.6924555e+01	4.4664228e-44
2.6985584e+01	4.4262176e-44
2.7046750e+01	4.3863752e-44
2.7108056e+01	4.3468914e-44
2.7169500e+01	4.3077642e-44
2.7231084e+01	4.2689895e-44
2.7292807e+01	4.2305640e-44
2.7354670e+01	4.1924852e-44
2.7416673e+01	4.1547496e-44
2.7478817e+01	4.1173544e-44
2.7541102e+01	4.0802962e-44
2.7603527e+01	4.0435724e-44
2.7666095e+01	4.0071792e-44
2.7728804e+01	3.9711143e-44
2.7791655e+01	3.9353744e-44
2.7854649e+01	3.8999571e-44
2.7917786e+01	3.8648587e-44
2.7981065e+01	3.8300768e-44
2.8044488e+01	3.7956087e-44
2.8108055e+01	3.7614512e-44
2.8171766e+01	3.7276013e-44
2.8235622e+01	3.6940571e-44
2.8299622e+01	3.6608149e-44
2.8363767e+01	3.6278726e-44
2.8428057e+01	3.5952271e-44
2.8492494e+01	3.5628760e-44
2.8557076e+01	3.5308165e-44
2.8621805e+01	3.4990463e-44
2.8686680e+01	3.4675624e-44
2.8751703e+01	3.4363620e-44
2.8816873e+01	3.4054432e-44
2.8882190e+01	3.3748030e-44
2.8947656e+01	3.3444392e-44
2.9013270e+01	3.3143488e-44
2.9079033e+01	3.2845299e-44
2.9144944e+01	3.2549800e-44
2.9211006e+01	3.2256961e-44
2.9277216e+01	3.1966765e-44
2.9343577e+01	3.1679184e-44
2.9410089e+01	3.1394195e-44
2.9476751e+01	3.1111774e-44
2.9543564e+01	3.0831901e-44
2.9610529e+01	3.0554551e-44
2.9677646e+01	3.0279699e-44
2.9744914e+01	3.0007330e-44
2.9812335e+01	2.9737413e-44
2.9879909e+01	2.9469930e-44
2.9947636e+01	2.9204855e-44
3.0015517e+01	2.8942172e-44
3.0083552e+01	2.8681858e-44
3.0151740e+01	2.8423890e-44
3.0220084e+01	2.8168248e-44
3.0288582e+01	2.7914911e-44
3.0357235e+01	2.7663856e-44
3.0426044e+01	2.7415067e-44
3.0495009e+01	2.7168517e-44
3.0564130e+01	2.6924192e-44
3.0633408e+01	2.6682069e-44
3.0702844e+01	2.6442129e-44
3.0772436e+01	2.6204354e-44
3.0842186e+01	2.5968720e-44
3.0912094e+01	2.5735208e-44
3.0982161e+01	2.5503806e-44
3.1052387e+01	2.5274488e-44
3.1122771e+01	2.5047237e-44
3.1193315e+01	2.4822034e-44
3.1264020e+01	2.4598861e-44
3.1334884e+01	2.4377701e-44
3.1405909e+01	2.4158535e-44
3.1477095e+01	2.3941342e-44
3.1548442e+01	2.3726110e-44
3.1619951e+01	2.3512815e-44
3.1691623e+01	2.3301445e-44
3.1763456e+01	2.3091981e-44
3.1835453e+01	2.2884404e-44
3.1907612e+01	2.2678700e-44
3.1979936e+01	2.2474849e-44
3.2052423e+01	2.2272834e-44
3.2125074e+01	2.2072644e-44
3.2197890e+01	2.1874256e-44
3.2270871e+01	2.1677656e-44
3.2344018e+01	2.1482829e-44
3.2417330e+01	2.1289757e-44
3.2490809e+01	2.1098428e-44
3.2564454e+01	2.0908822e-44
3.2638266e+01	2.0720926e-44
3.2712245e+01	2.0534724e-44
3.2786392e+01	2.0350201e-44
3.2860707e+01	2.0167340e-44
3.2935191e+01	1.9986127e-44
3.3009843e+01	1.9806549e-44
3.3084665e+01	1.9628587e-44
3.3159656e+01	1.9452232e-44
3.3234817e+01	1.9277468e-44
3.3310148e+01	1.9104276e-44
3.3385651e+01	1.8932648e-44
3.3461324e+01	1.8762564e-44
3.3537169e+01	1.8594017e-44
3.3613186e+01	1.8426987e-44
3.3689375e+01	1.8261463e-44
3.3765737e+01	1.8097430e-44
3.3842272e+01	1.7934877e-44
3.3918980e+01	1.7773788e-44
3.3995862e+01	1.7614152e-44
3.4072919e+01	1.7455956e-44
3.4150150e+01	1.7299186e-44
3.4227556e+01	1.7143828e-44
3.4305138e+01	1.6989871e-44
3.4382895e+01	1.6837302e-44
3.4460829e+01	1.6686108e-44
3.4538940e+01	1.6536275e-44
3.4617227e+01	1.6387794e-44
3.4695692e+01	1.6240653e-44
3.4774335e+01	1.6094837e-44
3.4853156e+01	1.5950336e-44
3.4932155e+01	1.5807138e-44
3.5011334e+01	1.5665228e-44
3.5090692e+01	1.5524599e-44
3.5170230e+01	1.5385239e-44
3.5249949e+01	1.5247133e-44
3.5329848e+01	1.5110273e-44
3.5409928e+01	1.4974647e-44
3.5490190e+01	1.4840244e-44
3.5570633e+01	1.4707051e-44
3.5651259e+01	1.4575059e-44
3.5732068e+01	1.4444256e-44
3.5813060e+01	1.4314634e-44
3.5894235e+01	1.4186180e-44
3.5975595e+01	1.4058883e-44
3.6057139e+01	1.3932733e-44
3.6138867e+01	1.3807721e-44
3.6220781e+01	1.3683836e-44
3.6302881e+01	1.3561068e-44
3.6385167e+01	1.3439406e-44
3.6467639e+01	1.3318840e-44
3.6550298e+01	1.3199363e-44
3.6633144e+01	1.3080961e-44
3.6716179e+01	1.2963626e-44
3.6799401e+01	1.2847350e-44
3.6882812e+01	1.2732121e-44
3.6966413e+01	1.2617930e-44
3.7050202e+01	1.2504770e-44
3.7134182e+01	1.2392630e-44
3.7218352e+01	1.2281500e-44
3.7302713e+01	1.2171372e-44
3.7387265e+01	1.2062236e-44
3.7472008e+01	1.1954085e-44
3.7556944e+01	1.1846907e-44
3.7642072e+01	1.1740698e-44
3.7727393e+01	1.1635443e-44
3.7812908e+01	1.1531139e-44
3.7898616e+01	1.1427775e-44
3.7984519e+01	1.1325342e-44
3.8070616e+01	1.1223832e-44
3.8156909e+01	1.1123237e-44
3.8243397e+01	1.1023549e-44
3.8330081e+01	1.0924761e-44
3.8416962e+01	1.0826860e-44
3.8504039e+01	1.0729844e-44
3.8591314e+01	1.0633703e-44
3.8678787e+01	1.0538427e-44
3.8766458e+01	1.0444010e-44
3.8854328e+01	1.0350446e-44
3.8942397e+01	1.0257723e-44
3.9030665e+01	1.0165836e-44
3.9119134e+01	1.0074777e-44
3.9207803e+01	9.9845406e-45
3.9296673e+01	9.8951163e-45
3.9385745e+01	9.8064982e-45
3.9475018e+01	9.7186789e-45
3.9564494e+01	9.6316510e-45
3.9654172e+01	9.5454074e-45
3.9744054e+01	9.4599414e-45
3.9834140e+01	9.3752456e-45
3.9924430e+01	9.2913132e-45
4.0014924e+01	9.2081374e-45
4.0105624e+01	9.1257111e-45
4.0196529e+01	9.0440279e-45
4.0287640e+01	8.9630809e-45
4.0378958e+01	8.8828634e-45
4.0470483e+01	8.8033691e-45
4.0562215e+01	8.7245912e-45
4.0654155e+01	8.6465234e-45
4.0746303e+01	8.5691592e-45
4.0838661e+01	8.4924922e-45
4.0931227e+01	8.4165164e-45
4.1024004e+01	8.3412253e-45
4.1116991e+01	8.2666128e-45
4.1210188e+01	8.1926729e-45
4.1303597e+01	8.1193992e-45
4.1397218e+01	8.0467861e-45
4.1491050e+01	7.9748274e-45
4.1585096e+01	7.9035172e-45
4.1679354e+01	7.8328499e-45
4.1773827e+01	7.7628195e-45
4.1868513e+01	7.6934202e-45
4.1963414e+01	7.6246464e-45
4.2058530e+01	7.5564925e-45
4.2153862e+01	7.4889528e-45
4.2249410e+01	7.4220219e-45
4.2345174e+01	7.3556942e-45
4.2441155e+01	7.2899643e-45
4.2537354e+01	7.2248269e-45
4.2633771e+01	7.1602765e-45
4.2730407e+01	7.0963080e-45
4.2827262e+01	7.0329159e-45
4.2924336e+01	6.9700952e-45
4.3021630e+01	6.9078406e-45
4.3119145e+01	6.8461472e-45
4.3216880e+01	6.7850098e-45
4.3314838e+01	6.7244235e-45
4.3413017e+01	6.6643831e-45
4.3511419e+01	6.6048839e-45
4.3610044e+01	6.5459210e-45
4.3708892e+01	6.4874895e-45
4.3807965e+01	6.4295845e-45
4.3907262e+01	6.3722016e-45
4.4006784e+01	6.3153356e-45
4.4106531e+01	6.2589823e-45
4.4206505e+01	6.2031370e-45
4.4306706e+01	6.1477947e-45
4.4407133e+01	6.0929515e-45
4.4507788e+01	6.0386023e-45
4.4608672e+01	5.9847430e-45
4.4709784e+01	5.9313692e-45
4.4811125e+01	5.8784764e-45
4.4912696e+01	5.8260602e-45
4.5014497e+01	5.7741166e-45
4.5116528e+01	5.7226409e-45
4.5218792e+01	5.6716294e-45
4.5321286e+01	5.6210774e-45
4.5424014e+01	5.5709811e-45
4.5526974e+01	5.5213363e-45
4.5630167e+01	5.4721389e-45
4.5733594e+01	5.4233848e-45
4.5837256e+01	5.3750702e-45
4.5941153e+01	5.3271911e-45
4.6045285e+01	5.2797433e-45
4.6149653e+01	5.2327232e-45
4.6254258e+01	5.1861268e-45
4.6359100e+01	5.1399505e-45
4.6464180e+01	5.0941902e-45
4.6569498e+01	5.0488424e-45
4.6675054e+01	5.0039033e-45
4.6780850e+01	4.9593691e-45
4.6886885e+01	4.9152363e-45
4.6993161e+01	4.8715012e-45
4.7099678e+01	4.8281602e-45
4.7206436e+01	4.7852100e-45
4.7313436e+01	4.7426466e-45
4.7420679e+01	4.7004670e-45
4.7528165e+01	4.6586674e-45
4.7635894e+01	4.6172445e-45
4.7743868e+01	4.5761949e-45
4.7852086e+01	4.5355154e-45
4.7960550e+01	4.4952025e-45
4.8069259e+01	4.4552527e-45
4.8178215e+01	4.4156630e-45
4.8287418e+01	4.3764300e-45
4.8396868e+01	4.3375508e-45
4.8506567e+01	4.2990218e-45
4.8616514e+01	4.2608401e-45
4.8726710e+01	4.2230024e-45
4.8837156e+01	4.1855058e-45
4.8947853e+01	4.1483471e-45
4.9058800e+01	4.1115232e-45
4.9169999e+01	4.0750311e-45
4.9281450e+01	4.0388679e-45
4.9393153e+01	4.0030306e-45
4.9505110e+01	3.9675164e-45
4.9617320e+01	3.9323220e-45
4.9729785e+01	3.8974450e-45
4.9842505e+01	3.8628820e-45
4.9955480e+01	3.8286307e-45
5.0068711e+01	3.7946880e-45
5.0182199e+01	3.7610512e-45
5.0295944e+01	3.7277175e-45
5.0409947e+01	3.6946843e-45
5.0524209e+01	3.6619487e-45
5.0638729e+01	3.6295081e-45
5.0753509e+01	3.5973598e-45
5.0868549e+01	3.5655012e-45
5.0983850e+01	3.5339298e-45
5.1099412e+01	3.5026428e-45
5.1215237e+01	3.4716377e-45
5.1331323e+01	3.4409121e-45
5.1447673e+01	3.4104634e-45
5.1564287e+01	3.3802890e-45
5.1681164e+01	3.3503866e-45
5.1798307e+01	3.3207536e-45
5.1915716e+01	3.2913877e-45
5.2033390e+01	3.2622863e-45
5.2151331e+01	3.2334473e-45
5.2269540e+01	3.2048680e-45
5.2388016e+01	3.1765464e-45
5.2506761e+01	3.1484800e-45
5.2625775e+01	3.1206664e-45
5.2745059e+01	3.0931035e-45
5.2864613e+01	3.0657891e-45
5.2984439e+01	3.0387206e-45
5.3104535e+01	3.0118962e-45
5.3224904e+01	2.9853134e-45
5.3345546e+01	2.9589702e-45
5.3466462e+01	2.9328644e-45
5.3587651e+01	2.9069938e-45
5.3709115e+01	2.8813563e-45
5.3830855e+01	2.8559499e-45
5.3952870e+01	2.8307725e-45
5.4075162e+01	2.8058219e-45
5.4197731e+01	2.7810960e-45
5.4320578e+01	2.7565930e-45
5.4443703e+01	2.7323109e-45
5.4567108e+01	2.7082475e-45
5.4690792e+01	2.6844010e-45
5.4814757e+01	2.6607694e-45
5.4939002e+01	2.6373506e-45
5.5063529e+01	2.6141429e-45
5.5188339e+01	2.5911443e-45
5.5313431e+01	2.5683530e-45
5.5438807e+01	2.5457671e-45
5.5564467e+01	2.5233846e-45
5.5690412e+01	2.5012038e-45
5.5816642e+01	2.4792230e-45
5.5943158e+01	2.4574402e-45
5.6069962e+01	2.4358536e-45
5.6197052e+01	2.4144617e-45
5.6324431e+01	2.3932624e-45
5.6452098e+01	2.3722542e-45
5.6580055e+01	2.3514352e-45
5.6708302e+01	2.3308039e-45
5.6836840e+01	2.3103584e-45
5.6965668e+01	2.2900972e-45
5.7094789e+01	2.2700186e-45
5.7224203e+01	2.2501209e-45
5.7353910e+01	2.2304025e-45
5.7483911e+01	2.2108617e-45
5.7614206e+01	2.1914970e-45
5.7744797e+01	2.1723069e-45
5.7875684e+01	2.1532896e-45
5.8006867e+01	2.1344437e-45
5.8138348e+01	2.1157676e-45
5.8270127e+01	2.0972598e-45
5.8402205e+01	2.0789188e-45
5.8534582e+01	2.0607430e-45
5.8667259e+01	2.0427310e-45
5.8800237e+01	2.0248813e-45
5.8933516e+01	2.0071924e-45
5.9067097e+01	1.9896629e-45
5.9200981e+01	1.9722914e-45
5.9335169e+01	1.9550765e-45
5.9469660e+01	1.9380166e-45
5.9604457e+01	1.9211105e-45
5.9739559e+01	1.9043566e-45
5.9874967e+01	1.8877537e-45
6.0010683e+01	1.8713005e-45
6.0146705e+01	1.8549955e-45
6.0283037e+01	1.8388374e-45
6.0419677e+01	1.8228249e-45
6.0556627e+01	1.8069567e-45
6.0693887e+01	1.7912315e-45
6.0831458e+01	1.7756480e-45
6.0969342e+01	1.7602048e-45
6.1107537e+01	1.7449008e-45
6.1246046e+01	1.7297348e-45
6.1384869e+01	1.7147054e-45
6.1524007e+01	1.6998114e-45
6.1663460e+01	1.6850516e-45
6.1803229e+01	1.6704247e-45
6.1943315e+01	1.6559298e-45
6.2083718e+01	1.6415654e-45
6.2224440e+01	1.6273304e-45
6.2365481e+01	1.6132237e-45
6.2506841e+01	1.5992442e-45
6.2648522e+01	1.5853905e-45
6.2790524e+01	1.5716617e-45
6.2932847e+01	1.5580566e-45
6.3075494e+01	1.5445741e-45
6.3218463e+01	1.5312131e-45
6.3361757e+01	1.5179725e-45
6.3505376e+01	1.5048512e-45
6.3649320e+01	1.4918481e-45
6.3793590e+01	1.4789622e-45
6.3938187e+01	1.4661923e-45
6.4083113e+01	1.4535377e-45
6.4228366e+01	1.4409969e-45
6.4373949e+01	1.4285692e-45
6.4519862e+01	1.4162535e-45
6.4666105e+01	1.4040487e-45
6.4812680e+01	1.3919539e-45
6.4959588e+01	1.3799681e-45
6.5106828e+01	1.3680903e-45
6.5254402e+01	1.3563196e-45
6.5402310e+01	1.3446548e-45
6.5550554e+01	1.3330953e-45
6.5699134e+01	1.3216398e-45
6.5848050e+01	1.3102876e-45
6.5997304e+01	1.2990377e-45
6.6146897e+01	1.2878891e-45
6.6296828e+01	1.2768410e-45
6.6447099e+01	1.2658925e-45
6.6597711e+01	1.2550426e-45
6.6748665e+01	1.2442905e-45
6.6899960e+01	1.2336352e-45
6.7051599e+01	1.2230760e-45
6.7203581e+01	1.2126120e-45
6.7355907e+01	1.2022422e-45
6.7508579e+01	1.1919659e-45
6.7661597e+01	1.1817822e-45
6.7814962e+01	1.1716902e-45
6.7968674e+01	1.1616892e-45
6.8122735e+01	1.1517783e-45
6.8277145e+01	1.1419567e-45
6.8431905e+01	1.1322236e-45
6.8587015e+01	1.1225783e-45
6.8742478e+01	1.1130198e-45
6.8898292e+01	1.1035475e-45
6.9054460e+01	1.0941606e-45
6.9210982e+01	1.0848582e-45
6.9367859e+01	1.0756397e-45
6.9525091e+01	1.0665042e-45
6.9682680e+01	1.0574511e-45
6.9840626e+01	1.0484796e-45
6.9998929e+01	1.0395888e-45
7.0157592e+01	1.0307782e-45
7.0316614e+01	1.0220471e-45
7.0475997e+01	1.0133946e-45
7.0635741e+01	1.0048201e-45
7.0795847e+01	9.9632284e-46
7.0956316e+01	9.8790217e-46
7.1117149e+01	9.7955736e-46
7.1278346e+01	9.7128783e-46
7.1439908e+01	9.6309277e-46
7.1601837e+01	9.5497155e-46
7.1764133e+01	9.4692362e-46
7.1926797e+01	9.3894810e-46
7.2089829e+01	9.3104457e-46
7.2253231e+01	9.2321219e-46
7.2417004e+01	9.1545047e-46
7.2581147e+01	9.0775863e-46
7.2745663e+01	9.0013615e-46
7.2910551e+01	8.9258237e-46
7.3075813e+01	8.8509671e-46
7.3241450e+01	8.7767849e-46
7.3407463e+01	8.7032711e-46
7.3573851e+01	8.6304197e-46
7.3740617e+01	8.5582255e-46
7.3907761e+01	8.4866818e-46
7.4075283e+01	8.4157830e-46
7.4243185e+01	8.3455237e-46
7.4411468e+01	8.2758971e-46
7.4580133e+01	8.2068980e-46
7.4749179e+01	8.1385215e-46
7.4918609e+01	8.0707605e-46
7.5088423e+01	8.0036110e-46
7.5258621e+01	7.9370666e-46
7.5429206e+01	7.8711220e-46
7.5600177e+01	7.8057722e-46
7.5771536e+01	7.7410113e-46
7.5943283e+01	7.6768339e-46
7.6115419e+01	7.6132354e-46
7.6287946e+01	7.5502103e-46
7.6460863e+01	7.4877531e-46
7.6634173e+01	7.4258588e-46
7.6807875e+01	7.3645232e-46
7.6981971e+01	7.3037397e-46
7.7156462e+01	7.2435048e-46
7.7331348e+01	7.1838130e-46
7.7506631e+01	7.1246591e-46
7.7682311e+01	7.0660384e-46
7.7858389e+01	7.0079469e-46
7.8034866e+01	6.9503788e-46
7.8211743e+01	6.8933295e-46
7.8389021e+01	6.8367947e-46
7.8566701e+01	6.7807702e-46
7.8744784e+01	6.7252500e-46
7.8923271e+01	6.6702313e-46
7.9102161e+01	6.6157082e-46
7.9281458e+01	6.5616767e-46
7.9461161e+01	6.5081326e-46
7.9641271e+01	6.4550716e-46
7.9821789e+01	6.4024889e-46
8.0002717e+01	6.3503803e-46
8.0184054e+01	6.2987422e-46
8.0365803e+01	6.2475692e-46
8.0547964e+01	6.1968579e-46
8.0730537e+01	6.1466042e-46
8.0913525e+01	6.0968035e-46
8.1096927e+01	6.0474517e-46
8.1280745e+01	5.9985454e-46
8.1464979e+01	5.9500806e-46
8.1649631e+01	5.9020524e-46
8.1834702e+01	5.8544574e-46
8.2020192e+01	5.8072922e-46
8.2206103e+01	5.7605520e-46
8.2392434e+01	5.7142340e-46
8.2579189e+01	5.6683334e-46
8.2766366e+01	5.6228470e-46
8.2953968e+01	5.5777710e-46
8.3141995e+01	5.5331017e-46
8.3330449e+01	5.4888355e-46
8.3519329e+01	5.4449684e-46
8.3708638e+01	5.4014975e-46
8.3898375e+01	5.3584185e-46
8.4088543e+01	5.3157286e-46
8.4279142e+01	5.2734236e-46
8.4470173e+01	5.2315007e-46
8.4661636e+01	5.1899556e-46
8.4853534e+01	5.1487858e-46
8.5045867e+01	5.1079878e-46
8.5238636e+01	5.0675575e-46
8.5431841e+01	5.0274927e-46
8.5625485e+01	4.9877888e-46
8.5819567e+01	4.9484439e-46
8.6014090e+01	4.9094541e-46
8.6209053e+01	4.8708159e-46
8.6404458e+01	4.8325268e-46
8.6600306e+01	4.7945833e-46
8.6796598e+01	4.7569822e-46
8.6993335e+01	4.7197206e-46
8.7190518e+01	4.6827956e-46
8.7388148e+01	4.6462040e-46
8.7586226e+01	4.6099431e-46
8.7784753e+01	4.5740090e-46
8.7983729e+01	4.5384001e-46
8.8183157e+01	4.5031123e-46
8.8383037e+01	4.4681433e-46
8.8583370e+01	4.4334899e-46
8.8784157e+01	4.3991497e-46
8.8985399e+01	4.3651198e-46
8.9187097e+01	4.3313972e-46
8.9389252e+01	4.2979795e-46
8.9591866e+01	4.2648635e-46
8.9794939e+01	4.2320463e-46
8.9998472e+01	4.1995260e-46
9.0202466e+01	4.1672997e-46
9.0406923e+01	4.1353642e-46
9.0611843e+01	4.1037178e-46
9.0817228e+01	4.0723567e-46
9.1023079e+01	4.0412796e-46
9.1229395e+01	4.0104833e-46
9.1436180e+01	3.9799652e-46
9.1643433e+01	3.9497230e-46
9.1851156e+01	3.9197542e-46
9.2059350e+01	3.8900560e-46
9.2268016e+01	3.8606269e-46
9.2477155e+01	3.8314633e-46
9.2686767e+01	3.8025640e-46
9.2896855e+01	3.7739255e-46
9.3107419e+01	3.7455463e-46
9.3318461e+01	3.7174238e-46
9.3529980e+01	3.6895552e-46
9.3741979e+01	3.6619392e-46
9.3954459e+01	3.6345730e-46
9.4167420e+01	3.6074541e-46
9.4380864e+01	3.5805805e-46
9.4594792e+01	3.5539504e-46
9.4809205e+01	3.5275609e-46
9.5024104e+01	3.5014104e-46
9.5239489e+01	3.4754967e-46
9.5455363e+01	3.4498174e-46
9.5671727e+01	3.4243702e-46
9.5888580e+01	3.3991537e-46
9.6105926e+01	3.3741656e-46
9.6323764e+01	3.3494036e-46
9.6542095e+01	3.3248660e-46
9.6760922e+01	3.3005504e-46
9.6980244e+01	3.2764551e-46
9.7200064e+01	3.2525780e-46
9.7420382e+01	3.2289172e-46
9.7641199e+01	3.2054706e-46
9.7862517e+01	3.1822364e-46
9.8084336e+01	3.1592130e-46
9.8306659e+01	3.1363981e-46
9.8529485e+01	3.1137899e-46
9.8752816e+01	3.0913868e-46
9.8976653e+01	3.0691865e-46
9.9200998e+01	3.0471878e-46
9.9425852e+01	3.0253882e-46
9.9651215e+01	3.0037867e-46
9.9877088e+01	2.9823808e-46
1.0010347e+02	2.9611692e-46
1.0033037e+02	2.9401498e-46
1.0055779e+02	2.9193211e-46
1.0078571e+02	2.8986813e-46
1.0101416e+02	2.8782290e-46
1.0124312e+02	2.8579623e-46
1.0147261e+02	2.8378795e-46
1.0170261e+02	2.8179790e-46
1.0193313e+02	2.7982592e-46
1.0216418e+02	2.7787183e-46
1.0239575e+02	2.7593549e-46
1.0262784e+02	2.7401674e-46
1.0286046e+02	2.7211541e-46
1.0309361e+02	2.7023138e-46
1.0332729e+02	2.6836445e-46
1.0356149e+02	2.6651447e-46
1.0379623e+02	2.6468134e-46
1.0403150e+02	2.6286484e-46
1.0426730e+02	2.6106487e-46
1.0450364e+02	2.5928126e-46
1.0474051e+02	2.5751388e-46
1.0497792e+02	2.5576258e-46
1.0521587e+02	2.5402721e-46
1.0545435e+02	2.5230762e-46
1.0569338e+02	2.5060369e-46
1.0593295e+02	2.4891524e-46
1.0617306e+02	2.4724219e-46
1.0641372e+02	2.4558435e-46
1.0665492e+02	2.4394163e-46
1.0689667e+02	2.4231387e-46
1.0713897e+02	2.4070092e-46
1.0738181e+02	2.3910267e-46
1.0762521e+02	2.3751902e-46
1.0786916e+02	2.3594975e-46
1.0811366e+02	2.3439481e-46
1.0835871e+02	2.3285408e-46
1.0860432e+02	2.3132737e-46
1.0885049e+02	2.2981459e-46
1.0909722e+02	2.2831561e-46
1.0934450e+02	2.2683032e-46
1.0959235e+02	2.2535858e-46
1.0984075e+02	2.2390029e-46
1.1008972e+02	2.2245529e-46
1.1033926e+02	2.2102350e-46
1.1058936e+02	2.1960481e-46
1.1084002e+02	2.1819904e-46
1.1109126e+02	2.1680616e-46
1.1134306e+02	2.1542601e-46
1.1159544e+02	2.1405847e-46
1.1184839e+02	2.1270344e-46
1.1210191e+02	2.1136080e-46
1.1235600e+02	2.1003044e-46
1.1261067e+02	2.0871228e-46
1.1286592e+02	2.0740617e-46
1.1312175e+02	2.0611205e-46
1.1337815e+02	2.0482977e-46
1.1363514e+02	2.0355922e-46
1.1389271e+02	2.0230033e-46
1.1415087e+02	2.0105297e-46
1.1440961e+02	1.9981708e-46
1.1466893e+02	1.9859250e-46
1.1492885e+02	1.9737918e-46
1.1518935e+02	1.9617697e-46
1.1545044e+02	1.9498581e-46
1.1571213e+02	1.9380560e-46
1.1597440e+02	1.9263622e-46
1.1623728e+02	1.9147760e-46
1.1650075e+02	1.9032962e-46
1.1676481e+02	1.8919221e-46
1.1702948e+02	1.8806524e-46
1.1729474e+02	1.8694866e-46
1.1756060e+02	1.8584236e-46
1.1782707e+02	1.8474622e-46
1.1809414e+02	1.8366020e-46
1.1836182e+02	1.8258417e-46
1.1863011e+02	1.8151809e-46
1.1889900e+02	1.8046182e-46
1.1916850e+02	1.7941528e-46
1.1943861e+02	1.7837841e-46
1.1970934e+02	1.7735112e-46
1.1998068e+02	1.7633330e-46
1.2025263e+02	1.7532490e-46
1.2052520e+02	1.7432584e-46
1.2079839e+02	1.7333597e-46
1.2107219e+02	1.7235528e-46
1.2134662e+02	1.7138368e-46
1.2162167e+02	1.7042104e-46
1.2189734e+02	1.6946733e-46
1.2217364e+02	1.6852248e-46
1.2245057e+02	1.6758636e-46
1.2272812e+02	1.6665893e-46
1.2300630e+02	1.6574011e-46
1.2328511e+02	1.6482983e-46
1.2356455e+02	1.6392797e-46
1.2384463e+02	1.6303452e-46
1.2412534e+02	1.6214936e-46
1.2440669e+02	1.6127242e-46
1.2468868e+02	1.6040367e-46
1.2497130e+02	1.5954299e-46
1.2525457e+02	1.5869033e-46
1.2553847e+02	1.5784560e-46
1.2582302e+02	1.5700877e-46
1.2610822e+02	1.5617973e-46
1.2639406e+02	1.5535843e-46
1.2668055e+02	1.5454480e-46
1.2696769e+02	1.5373877e-46
1.2725548e+02	1.5294029e-46
1.2754393e+02	1.5214926e-46
1.2783302e+02	1.5136565e-46
1.2812277e+02	1.5058939e-46
1.2841318e+02	1.4982039e-46
1.2870425e+02	1.4905858e-46
1.2899598e+02	1.4830395e-46
1.2928836e+02	1.4755639e-46
1.2958142e+02	1.4681585e-46
1.2987513e+02	1.4608227e-46
1.3016951e+02	1.4535560e-46
1.3046456e+02	1.4463576e-46
1.3076028e+02	1.4392271e-46
1.3105666e+02	1.4321639e-46
1.3135372e+02	1.4251670e-46
1.3165145e+02	1.4182364e-46
1.3194986e+02	1.4113713e-46
1.3224894e+02	1.4045710e-46
1.3254870e+02	1.3978349e-46
1.3284915e+02	1.3911627e-46
1.3315027e+02	1.3845537e-46
1.3345207e+02	1.3780074e-46
1.3375456e+02	1.3715230e-46
1.3405773e+02	1.3651004e-46
1.3436159e+02	1.3587388e-46
1.3466614e+02	1.3524376e-46
1.3497138e+02	1.3461963e-46
1.3527732e+02	1.3400146e-46
1.3558394e+02	1.3338919e-46
1.3589126e+02	1.3278276e-46
1.3619928e+02	1.3218211e-46
1.3650800e+02	1.3158721e-46
1.3681741e+02	1.3099798e-46
1.3712753e+02	1.3041444e-46
1.3743835e+02	1.2983645e-46
1.3774987e+02	1.2926403e-46
1.3806210e+02	1.2869709e-46
1.3837504e+02	1.2813561e-46
1.3868868e+02	1.2757953e-46
1.3900304e+02	1.2702881e-46
1.3931811e+02	1.2648340e-46
1.3963390e+02	1.2594325e-46
1.3995040e+02	1.2540833e-46
1.4026761e+02	1.2487857e-46
1.4058555e+02	1.2435392e-46
1.4090421e+02	1.2383439e-46
1.4122359e+02	1.2331989e-46
1.4154369e+02	1.2281039e-46
1.4186452e+02	1.2230584e-46
1.4218608e+02	1.2180621e-46
1.4250836e+02	1.2131143e-46
1.4283138e+02	1.2082149e-46
1.4315513e+02	1.2033634e-46
1.4347961e+02	1.1985595e-46
1.4380482e+02	1.1938023e-46
1.4413078e+02	1.1890919e-46
1.4445747e+02	1.1844278e-46
1.4478491e+02	1.1798096e-46
1.4511308e+02	1.1752368e-46
1.4544200e+02	1.1707093e-46
1.4577167e+02	1.1662261e-46
1.4610208e+02	1.1617876e-46
1.4643324e+02	1.1573928e-46
1.4676515e+02	1.1530415e-46
1.4709782e+02	1.1487336e-46
1.4743123e+02	1.1444684e-46
1.4776541e+02	1.1402455e-46
1.4810034e+02	1.1360650e-46
1.4843603e+02	1.1319262e-46
1.4877248e+02	1.1278287e-46
1.4910970e+02	1.1237722e-46
1.4944768e+02	1.1197566e-46
1.4978642e+02	1.1157811e-46
1.5012593e+02	1.1118458e-46
1.5046621e+02	1.1079499e-46
1.5080727e+02	1.1040936e-46
1.5114909e+02	1.1002764e-46
1.5149170e+02	1.0964976e-46
1.5183507e+02	1.0927572e-46
1.5217923e+02	1.0890550e-46
1.5252417e+02	1.0853904e-46
1.5286988e+02	1.0817633e-46
1.5321638e+02	1.0781732e-46
1.5356367e+02	1.0746198e-46
1.5391175e+02	1.0711031e-46
1.5426061e+02	1.0676223e-46
1.5461026e+02	1.0641775e-46
1.5496071e+02	1.0607684e-46
1.5531195e+02	1.0573943e-46
1.5566399e+02	1.0540554e-46
1.5601682e+02	1.0507511e-46
1.5637046e+02	1.0474810e-46
1.5672489e+02	1.0442453e-46
1.5708013e+02	1.0410433e-46
1.5743618e+02	1.0378750e-46
1.5779303e+02	1.0347398e-46
1.5815069e+02	1.0316376e-46
1.5850916e+02	1.0285682e-46
1.5886844e+02	1.0255313e-46
1.5922854e+02	1.0225265e-46
1.5958946e+02	1.0195537e-46
1.5995119e+02	1.0166124e-46
1.6031374e+02	1.0137028e-46
1.6067712e+02	1.0108241e-46
1.6104131e+02	1.0079764e-46
1.6140634e+02	1.0051594e-46
1.6177219e+02	1.0023728e-46
1.6213887e+02	9.9961622e-47
1.6250638e+02	9.9688960e-47
1.6287472e+02	9.9419266e-47
1.6324390e+02	9.9152513e-47
1.6361392e+02	9.8888679e-47
1.6398477e+02	9.8627740e-47
1.6435647e+02	9.8369674e-47
1.6472900e+02	9.8114455e-47
1.6510239e+02	9.7862061e-47
1.6547661e+02	9.7612469e-47
1.6585169e+02	9.7365660e-47
1.6622762e+02	9.7121606e-47
1.6660440e+02	9.6880291e-47
1.6698203e+02	9.6641689e-47
1.6736052e+02	9.6405780e-47
1.6773986e+02	9.6172542e-47
1.6812007e+02	9.5941954e-47
1.6850114e+02	9.5713994e-47
1.6888307e+02	9.5488644e-47
1.6926587e+02	9.5265881e-47
1.6964953e+02	9.5045686e-47
1.7003407e+02	9.4828036e-47
1.7041948e+02	9.4612914e-47
1.7080576e+02	9.4400300e-47
1.7119291e+02	9.4190173e-47
1.7158095e+02	9.3982514e-47
1.7196986e+02	9.3777305e-47
1.7235965e+02	9.3574524e-47
1.7275033e+02	9.3374155e-47
1.7314189e+02	9.3176179e-47
1.7353435e+02	9.2980576e-47
1.7392769e+02	9.2787328e-47
1.7432192e+02	9.2596419e-47
1.7471704e+02	9.2407827e-47
1.7511306e+02	9.2221537e-47
1.7550998e+02	9.2037531e-47
1.7590780e+02	9.1855793e-47
1.7630652e+02	9.1676303e-47
1.7670615e+02	9.1499045e-47
1.7710668e+02	9.1324001e-47
1.7750811e+02	9.1151157e-47
1.7791046e+02	9.0980495e-47
1.7831372e+02	9.0811997e-47
1.7871790e+02	9.0645648e-47
1.7912299e+02	9.0481431e-47
1.7952899e+02	9.0319333e-47
1.7993592e+02	9.0159336e-47
1.8034377e+02	9.0001422e-47
1.8075255e+02	8.9845579e-47
1.8116225e+02	8.9691791e-47
1.8157288e+02	8.9540042e-47
1.8198444e+02	8.9390318e-47
1.8239693e+02	8.9242603e-47
1.8281036e+02	8.9096881e-47
1.8322473e+02	8.8953141e-47
1.8364003e+02	8.8811365e-47
1.8405628e+02	8.8671542e-47
1.8447347e+02	8.8533656e-47
1.8489161e+02	8.8397692e-47
1.8531069e+02	8.8263637e-47
1.8573072e+02	8.8131480e-47
1.8615171e+02	8.8001202e-47
1.8657365e+02	8.7872793e-47
1.8699654e+02	8.7746240e-47
1.8742040e+02	8.7621529e-47
1.8784521e+02	8.7498646e-47
1.8827099e+02	8.7377579e-47
1.8869774e+02	8.7258316e-47
1.8912545e+02	8.7140843e-47
1.8955413e+02	8.7025147e-47
1.8998378e+02	8.6911219e-47
1.9041440e+02	8.6799043e-47
1.9084600e+02	8.6688608e-47
1.9127858e+02	8.6579902e-47
1.9171214e+02	8.6472913e-47
1.9214669e+02	8.6367629e-47
1.9258222e+02	8.6264039e-47
1.9301873e+02	8.6162133e-47
1.9345624e+02	8.6061896e-47
1.9389473e+02	8.5963319e-47
1.9433422e+02	8.5866390e-47
1.9477471e+02	8.5771098e-47
1.9521619e+02	8.5677435e-47
1.9565868e+02	8.5585384e-47
1.9610217e+02	8.5494940e-47
1.9654666e+02	8.5406089e-47
1.9699216e+02	8.5318823e-47
1.9743867e+02	8.5233129e-47
1.9788620e+02	8.5148999e-47
1.9833473e+02	8.5066422e-47
1.9878429e+02	8.4985388e-47
1.9923486e+02	8.4905886e-47
1.9968646e+02	8.4827907e-47
2.0013907e+02	8.4751443e-47
2.0059272e+02	8.4676482e-47
2.0104739e+02	8.4603016e-47
2.0150309e+02	8.4531033e-47
2.0195983e+02	8.4460528e-47
2.0241760e+02	8.4391486e-47
2.0287641e+02	8.4323904e-47
2.0333626e+02	8.4257770e-47
2.0379715e+02	8.4193074e-47
2.0425908e+02	8.4129809e-47
2.0472207e+02	8.4067966e-47
2.0518610e+02	8.4007536e-47
2.0565118e+02	8.3948511e-47
2.0611732e+02	8.3890882e-47
2.0658451e+02	8.3834641e-47
2.0705277e+02	8.3779780e-47
2.0752208e+02	8.3726290e-47
2.0799246e+02	8.3674164e-47
2.0846391e+02	8.3623393e-47
2.0893642e+02	8.3573970e-47
2.0941000e+02	8.3525885e-47
2.0988466e+02	8.3479135e-47
2.1036040e+02	8.3433708e-47
2.1083721e+02	8.3389598e-47
2.1131510e+02	8.3346797e-47
2.1179408e+02	8.3305300e-47
2.1227414e+02	8.3265098e-47
2.1275529e+02	8.3226182e-47
2.1323753e+02	8.3188548e-47
2.1372086e+02	8.3152187e-47
2.1420529e+02	8.3117094e-47
2.1469082e+02	8.3083261e-47
2.1517745e+02	8.3050680e-47
2.1566518e+02	8.3019347e-47
2.1615401e+02	8.2989254e-47
2.1664396e+02	8.2960393e-47
2.1713501e+02	8.2932761e-47
2.1762718e+02	8.2906348e-47
2.1812046e+02	8.2881150e-47
2.1861486e+02	8.2857159e-47
2.1911039e+02	8.2834372e-47
2.1960703e+02	8.2812781e-47
2.2010480e+02	8.2792380e-47
2.2060370e+02	8.2773162e-47
2.2110373e+02	8.2755122e-47
2.2160489e+02	8.2738257e-47
2.2210719e+02	8.2722556e-47
2.2261063e+02	8.2708019e-47
2.2311521e+02	8.2694636e-47
2.2362093e+02	8.2682403e-47
2.2412780e+02	8.2671318e-47
2.2463582e+02	8.2661369e-47
2.2514499e+02	8.2652556e-47
2.2565531e+02	8.2644872e-47
2.2616679e+02	8.2638314e-47
2.2667943e+02	8.2632872e-47
2.2719323e+02	8.2628545e-47
2.2770820e+02	8.2625329e-47
2.2822433e+02	8.2623215e-47
2.2874164e+02	8.2622203e-47
2.2926011e+02	8.2622284e-47
2.2977976e+02	8.2623455e-47
2.3030059e+02	8.2625713e-47
2.3082260e+02	8.2629051e-47
2.3134580e+02	8.2633467e-47
2.3187017e+02	8.2638954e-47
2.3239574e+02	8.2645510e-47
2.3292250e+02	8.2653128e-47
2.3345045e+02	8.2661807e-47
2.3397960e+02	8.2671541e-47
2.3450995e+02	8.2682327e-47
2.3504150e+02	8.2694161e-47
2.3557425e+02	8.2707036e-47
2.3610822e+02	8.2720953e-47
2.3664339e+02	8.2735904e-47
2.3717978e+02	8.2751887e-47
2.3771738e+02	8.2768899e-47
2.3825620e+02	8.2786935e-47
2.3879624e+02	8.2805991e-47
2.3933751e+02	8.2826066e-47
2.3988000e+02	8.2847154e-47
2.4042372e+02	8.2869252e-47
2.4096868e+02	8.2892357e-47
2.4151487e+02	8.2916466e-47
2.4206230e+02	8.2941576e-47
2.4261097e+02	8.2967683e-47
2.4316088e+02	8.2994786e-47
2.4371204e+02	8.3022878e-47
2.4426445e+02	8.3051958e-47
2.4481811e+02	8.3082024e-47
2.4537302e+02	8.3113070e-47
2.4592919e+02	8.3145096e-47
2.4648663e+02	8.3178101e-47
2.4704533e+02	8.3212077e-47
2.4760529e+02	8.3247024e-47
2.4816652e+02	8.3282940e-47
2.4872903e+02	8.3319822e-47
2.4929281e+02	8.3357665e-47
2.4985787e+02	8.3396470e-47
2.5042420e+02	8.3436233e-47
2.5099183e+02	8.3476952e-47
2.5156074e+02	8.3518621e-47
2.5213093e+02	8.3561245e-47
2.5270243e+02	8.3604816e-47
2.5327521e+02	8.3649332e-47
2.5384930e+02	8.3694794e-47
2.5442468e+02	8.3741198e-47
2.5500137e+02	8.3788541e-47
2.5557937e+02	8.3836823e-47
2.5615868e+02	8.3886039e-47
2.5673930e+02	8.3936192e-47
2.5732123e+02	8.3987274e-47
2.5790449e+02	8.4039288e-47
2.5848907e+02	8.4092231e-47
2.5907497e+02	8.4146099e-47
2.5966220e+02	8.4200894e-47
2.6025076e+02	8.4256611e-47
2.6084066e+02	8.4313249e-47
2.6143189e+02	8.4370809e-47
2.6202446e+02	8.4429286e-47
2.6261838e+02	8.4488680e-47
2.6321364e+02	8.4548990e-47
2.6381025e+02	8.4610215e-47
2.6440822e+02	8.4672352e-47
2.6500754e+02	8.4735401e-47
2.6560821e+02	8.4799360e-47
2.6621025e+02	8.4864229e-47
2.6681366e+02	8.4930004e-47
2.6741843e+02	8.4996687e-47
2.6802457e+02	8.5064275e-47
2.6863209e+02	8.5132768e-47
2.6924098e+02	8.5202165e-47
2.6985125e+02	8.5272465e-47
2.7046291e+02	8.5343665e-47
2.7107595e+02	8.5415765e-47
2.7169039e+02	8.5488767e-47
2.7230621e+02	8.5562667e-47
2.7292343e+02	8.5637465e-47
2.7354205e+02	8.5713160e-47
2.7416208e+02	8.5789753e-47
2.7478350e+02	8.5867242e-47
2.7540634e+02	8.5945626e-47
2.7603059e+02	8.6024905e-47
2.7665625e+02	8.6105078e-47
2.7728333e+02	8.6186144e-47
2.7791183e+02	8.6268105e-47
2.7854176e+02	8.6350960e-47
2.7917312e+02	8.6434705e-47
2.7980590e+02	8.6519342e-47
2.8044012e+02	8.6604873e-47
2.8107578e+02	8.6691295e-47
2.8171288e+02	8.6778607e-47
2.8235142e+02	8.6866812e-47
2.8299141e+02	8.6955907e-47
2.8363285e+02	8.7045892e-47
2.8427575e+02	8.7136770e-47
2.8492010e+02	8.7228537e-47
2.8556591e+02	8.7321194e-47
2.8621319e+02	8.7414743e-47
2.8686193e+02	8.7509183e-47
2.8751214e+02	8.7604514e-47
2.8816383e+02	8.7700734e-47
2.8881700e+02	8.7797846e-47
2.8947164e+02	8.7895851e-47
2.9012777e+02	8.7994745e-47
2.9078539e+02	8.8094531e-47
2.9144449e+02	8.8195210e-47
2.9210510e+02	8.8296781e-47
2.9276719e+02	8.8399246e-47
2.9343079e+02	8.8502603e-47
2.9409590e+02	8.8606853e-47
2.9476251e+02	8.8711998e-47
2.9543063e+02	8.8818037e-47
2.9610026e+02	8.8924972e-47
2.9677142e+02	8.9032801e-47
2.9744409e+02	8.9141528e-47
2.9811829e+02	8.9251150e-47
2.9879402e+02	8.9361671e-47
2.9947128e+02	8.9473090e-47
3.0015007e+02	8.9585407e-47
3.0083041e+02	8.9698625e-47
3.0151228e+02	8.9812742e-47
3.0219570e+02	8.9927763e-47
3.0288067e+02	9.0043683e-47
3.0356720e+02	9.0160509e-47
3.0425528e+02	9.0278238e-47
3.0494491e+02	9.0396871e-47
3.0563612e+02	9.0516411e-47
3.0632888e+02	9.0636858e-47
3.0702322e+02	9.0758213e-47
3.0771913e+02	9.0880478e-47
3.0841662e+02	9.1003653e-47
3.0911569e+02	9.1127739e-47
3.0981635e+02	9.1252738e-47
3.1051859e+02	9.1378651e-47
3.1122243e+02	9.1505479e-47
3.1192786e+02	9.1633221e-47
3.1263489e+02	9.1761883e-47
3.1334352e+02	9.1891465e-47
3.1405376e+02	9.2021967e-47
3.1476561e+02	9.2153390e-47
3.1547907e+02	9.2285736e-47
3.1619415e+02	9.2419007e-47
3.1691085e+02	9.2553204e-47
3.1762917e+02	9.2688331e-47
3.1834912e+02	9.2824386e-47
3.1907071e+02	9.2961370e-47
3.1979393e+02	9.3099289e-47
3.2051878e+02	9.3238141e-47
3.2124529e+02	9.3377929e-47
3.2197343e+02	9.3518655e-47
3.2270323e+02	9.3660320e-47
3.2343469e+02	9.3802927e-47
3.2416780e+02	9.3946475e-47
3.2490257e+02	9.4090970e-47
3.2563901e+02	9.4236411e-47
3.2637712e+02	9.4382799e-47
3.2711690e+02	9.4530137e-47
3.2785835e+02	9.4678429e-47
3.2860149e+02	9.4827676e-47
3.2934632e+02	9.4977877e-47
3.3009283e+02	9.5129038e-47
3.3084103e+02	9.5281158e-47
3.3159093e+02	9.5434242e-47
3.3234253e+02	9.5588290e-47
3.3309583e+02	9.5743305e-47
3.3385084e+02	9.5899290e-47
3.3460756e+02	9.6056245e-47
3.3536600e+02	9.6214174e-47
3.3612615e+02	9.6373079e-47
3.3688803e+02	9.6532961e-47
3.3765163e+02	9.6693824e-47
3.3841697e+02	9.6855669e-47
3.3918404e+02	9.7018499e-47
3.3995285e+02	9.7182317e-47
3.4072340e+02	9.7347126e-47
3.4149570e+02	9.7512927e-47
3.4226975e+02	9.7679722e-47
3.4304555e+02	9.7847515e-47
3.4382312e+02	9.8016308e-47
3.4460244e+02	9.8186105e-47
3.4538353e+02	9.8356905e-47
3.4616639e+02	9.8528716e-47
3.4695103e+02	9.8701535e-47
3.4773744e+02	9.8875368e-47
3.4852564e+02	9.9050218e-47
3.4931562e+02	9.9226085e-47
3.5010740e+02	9.9402976e-47
3.5090097e+02	9.9580888e-47
3.5169633e+02	9.9759830e-47
3.5249350e+02	9.9939801e-47
3.5329248e+02	1.0012082e-46
3.5409327e+02	1.0030285e-46
3.5489587e+02	1.0048593e-46
3.5570029e+02	1.0067006e-46
3.5650654e+02	1.0085522e-46
3.5731461e+02	1.0104144e-46
3.5812452e+02	1.0122869e-46
3.5893626e+02	1.0141702e-46
3.5974984e+02	1.0160640e-46
3.6056526e+02	1.0179684e-46
3.6138254e+02	1.0198833e-46
3.6220166e+02	1.0218090e-46
3.6302265e+02	1.0237455e-46
3.6384549e+02	1.0256925e-46
3.6467020e+02	1.0276505e-46
3.6549677e+02	1.0296191e-46
3.6632522e+02	1.0315988e-46
3.6715555e+02	1.0335890e-46
3.6798776e+02	1.0355904e-46
3.6882186e+02	1.0376026e-46
3.6965785e+02	1.0396260e-46
3.7049573e+02	1.0416601e-46
3.7133551e+02	1.0437054e-46
3.7217720e+02	1.0457617e-46
3.7302079e+02	1.0478292e-46
3.7386630e+02	1.0499078e-46
3.7471372e+02	1.0519977e-46
3.7556306e+02	1.0540987e-46
3.7641433e+02	1.0562111e-46
3.7726753e+02	1.0583346e-46
3.7812266e+02	1.0604695e-46
3.7897973e+02	1.0626158e-46
3.7983874e+02	1.0647737e-46
3.8069970e+02	1.0669427e-46
3.8156261e+02	1.0691233e-46
3.8242747e+02	1.0713157e-46
3.8329430e+02	1.0735194e-46
3.8416309e+02	1.0757347e-46
3.8503385e+02	1.0779618e-46
3.8590659e+02	1.0802006e-46
3.8678130e+02	1.0824511e-46
3.8765800e+02	1.0847133e-46
3.8853668e+02	1.0869872e-46
3.8941735e+02	1.0892732e-46
3.9030002e+02	1.0915709e-46
3.9118470e+02	1.0938807e-46
3.9207137e+02	1.0962025e-46
3.9296006e+02	1.0985362e-46
3.9385076e+02	1.1008819e-46
3.9474348e+02	1.1032400e-46
3.9563822e+02	1.1056100e-46
3.9653499e+02	1.1079922e-46
3.9743379e+02	1.1103867e-46
3.9833464e+02	1.1127935e-46
3.9923752e+02	1.1152127e-46
4.0014245e+02	1.1176444e-46
4.0104943e+02	1.1200882e-46
4.0195846e+02	1.1225447e-46
4.0286956e+02	1.1250136e-46
4.0378272e+02	1.1274951e-46
4.0469795e+02	1.1299892e-46
4.0561526e+02	1.1324959e-46
4.0653465e+02	1.1350154e-46
4.0745611e+02	1.1375477e-46
4.0837967e+02	1.1400926e-46
4.0930532e+02	1.1426505e-46
4.1023307e+02	1.1452212e-46
4.1116293e+02	1.1478050e-46
4.1209489e+02	1.1504017e-46
4.1302896e+02	1.1530114e-46
4.1396515e+02	1.1556342e-46
4.1490346e+02	1.1582702e-46
4.1584390e+02	1.1609194e-46
4.1678647e+02	1.1635818e-46
4.1773117e+02	1.1662574e-46
4.1867802e+02	1.1689465e-46
4.1962701e+02	1.1716491e-46
4.2057816e+02	1.1743649e-46
4.2153146e+02	1.1770944e-46
4.2248692e+02	1.1798374e-46
4.2344455e+02	1.1825940e-46
4.2440435e+02	1.1853644e-46
4.2536632e+02	1.1881484e-46
4.2633047e+02	1.1909462e-46
4.2729681e+02	1.1937579e-46
4.2826534e+02	1.1965833e-46
4.2923607e+02	1.1994227e-46
4.3020899e+02	1.2022763e-46
4.3118412e+02	1.2051438e-46
4.3216147e+02	1.2080254e-46
4.3314102e+02	1.2109213e-46
4.3412280e+02	1.2138315e-46
4.3510680e+02	1.2167559e-46
4.3609303e+02	1.2196945e-46
4.3708150e+02	1.2226477e-46
4.3807221e+02	1.2256153e-46
4.3906516e+02	1.2285976e-46
4.4006037e+02	1.2315943e-46
4.4105783e+02	1.2346059e-46
4.4205755e+02	1.2376320e-46
4.4305953e+02	1.2406732e-46
4.4406379e+02	1.2437290e-46
4.4507033e+02	1.2468000e-46
4.4607914e+02	1.2498858e-46
4.4709024e+02	1.2529870e-46
4.4810364e+02	1.2561030e-46
4.4911933e+02	1.2592345e-46
4.5013732e+02	1.2623812e-46
4.5115762e+02	1.2655436e-46
4.5218024e+02	1.2687213e-46
4.5320517e+02	1.2719148e-46
4.5423242e+02	1.2751240e-46
4.5526201e+02	1.2783493e-46
4.5629392e+02	1.2815904e-46
4.5732818e+02	1.2848479e-46
4.5836478e+02	1.2881215e-46
4.5940373e+02	1.2914118e-46
4.6044503e+02	1.2947190e-46
4.6148870e+02	1.2980432e-46
4.6253473e+02	1.3013852e-46
4.6358313e+02	1.3047449e-46
4.6463391e+02	1.3081233e-46
4.6568707e+02	1.3115213e-46
4.6674261e+02	1.3149399e-46
4.6780055e+02	1.3183809e-46
4.6886089e+02	1.3218464e-46
4.6992363e+02	1.3253402e-46
4.7098878e+02	1.3288681e-46
4.7205634e+02	1.3324397e-46
4.7312633e+02	1.3360722e-46
4.7419874e+02	1.3397991e-46
4.7527358e+02	1.3436920e-46
4.7635085e+02	1.3479303e-46
4.7743057e+02	1.3530752e-46
4.7851274e+02	1.3617130e-46
4.7959735e+02	1.4042432e-46
4.8068443e+02	1.6963520e-46
4.8177397e+02	1.3792365e-46
4.8286598e+02	1.3723949e-46
4.8396047e+02	1.3735934e-46
4.8505743e+02	1.3763309e-46
4.8615688e+02	1.3795722e-46
4.8725883e+02	1.3830329e-46
4.8836327e+02	1.3866101e-46
4.8947022e+02	1.3902587e-46
4.9057967e+02	1.3939566e-46
4.9169164e+02	1.3976926e-46
4.9280613e+02	1.4014594e-46
4.9392315e+02	1.4052533e-46
4.9504269e+02	1.4090716e-46
4.9616478e+02	1.4129128e-46
4.9728941e+02	1.4167755e-46
4.9841659e+02	1.4206590e-46
4.9954632e+02	1.4245630e-46
5.0067861e+02	1.4284870e-46
5.0181347e+02	1.4324308e-46
5.0295090e+02	1.4363941e-46
5.0409091e+02	1.4403771e-46
5.0523351e+02	1.4443792e-46
5.0637869e+02	1.4484009e-46
5.0752647e+02	1.4524420e-46
5.0867686e+02	1.4565026e-46
5.0982984e+02	1.4605825e-46
5.1098545e+02	1.4646816e-46
5.1214367e+02	1.4688005e-46
5.1330452e+02	1.4729388e-46
5.1446799e+02	1.4770968e-46
5.1563411e+02	1.4812742e-46
5.1680287e+02	1.4854715e-46
5.1797428e+02	1.4896886e-46
5.1914834e+02	1.4939256e-46
5.2032506e+02	1.4981824e-46
5.2150446e+02	1.5024594e-46
5.2268652e+02	1.5067562e-46
5.2387127e+02	1.5110733e-46
5.2505869e+02	1.5154107e-46
5.2624882e+02	1.5197682e-46
5.2744163e+02	1.5241463e-46
5.2863716e+02	1.5285448e-46
5.2983539e+02	1.5329639e-46
5.3103634e+02	1.5374038e-46
5.3224001e+02	1.5418643e-46
5.3344641e+02	1.5463455e-46
5.3465554e+02	1.5508478e-46
5.3586741e+02	1.5553711e-46
5.3708203e+02	1.5599156e-46
5.3829941e+02	1.5644811e-46
5.3951954e+02	1.5690679e-46
5.4074244e+02	1.5736762e-46
5.4196811e+02	1.5783058e-46
5.4319656e+02	1.5829570e-46
5.4442779e+02	1.5876297e-46
5.4566181e+02	1.5923245e-46
5.4689863e+02	1.5970408e-46
5.4813826e+02	1.6017793e-46
5.4938069e+02	1.6065395e-46
5.5062594e+02	1.6113220e-46
5.5187402e+02	1.6161269e-46
5.5312492e+02	1.6209540e-46
5.5437866e+02	1.6258032e-46
5.5563523e+02	1.6306754e-46
5.5689466e+02	1.6355699e-46
5.5815694e+02	1.6404871e-46
5.5942209e+02	1.6454273e-46
5.6069010e+02	1.6503904e-46
5.6196098e+02	1.6553764e-46
5.6323475e+02	1.6603853e-46
5.6451140e+02	1.6654179e-46
5.6579095e+02	1.6704733e-46
5.6707339e+02	1.6755524e-46
5.6835874e+02	1.6806550e-46
5.6964701e+02	1.6857813e-46
5.7093820e+02	1.6909312e-46
5.7223231e+02	1.6961048e-46
5.7352936e+02	1.7013026e-46
5.7482935e+02	1.7065242e-46
5.7613228e+02	1.7117703e-46
5.7743817e+02	1.7170404e-46
5.7874701e+02	1.7223347e-46
5.8005883e+02	1.7276537e-46
5.8137361e+02	1.7329974e-46
5.8269138e+02	1.7383655e-46
5.8401213e+02	1.7437585e-46
5.8533588e+02	1.7491766e-46
5.8666263e+02	1.7546195e-46
5.8799238e+02	1.7600875e-46
5.8932515e+02	1.7655808e-46
5.9066094e+02	1.7710994e-46
5.9199976e+02	1.7766435e-46
5.9334161e+02	1.7822133e-46
5.9468651e+02	1.7878086e-46
5.9603445e+02	1.7934299e-46
5.9738545e+02	1.7990768e-46
5.9873951e+02	1.8047502e-46
6.0009664e+02	1.8104494e-46
6.0145684e+02	1.8161748e-46
6.0282013e+02	1.8219268e-46
6.0418651e+02	1.8277053e-46
6.0555598e+02	1.8335102e-46
6.0692856e+02	1.8393419e-46
6.0830425e+02	1.8452006e-46
6.0968306e+02	1.8510862e-46
6.1106500e+02	1.8569990e-46
6.1245006e+02	1.8629389e-46
6.1383827e+02	1.8689061e-46
6.1522962e+02	1.8749006e-46
6.1662413e+02	1.8809231e-46
6.1802180e+02	1.8869728e-46
6.1942263e+02	1.8930507e-46
6.2082664e+02	1.8991566e-46
6.2223384e+02	1.9052902e-46
6.2364422e+02	1.9114522e-46
6.2505780e+02	1.9176428e-46
6.2647458e+02	1.9238614e-46
6.2789458e+02	1.9301089e-46
6.2931779e+02	1.9363850e-46
6.3074423e+02	1.9426899e-46
6.3217390e+02	1.9490237e-46
6.3360681e+02	1.9553866e-46
6.3504297e+02	1.9617790e-46
6.3648239e+02	1.9682005e-46
6.3792507e+02	1.9746514e-46
6.3937102e+02	1.9811320e-46
6.4082024e+02	1.9876423e-46
6.4227276e+02	1.9941826e-46
6.4372856e+02	2.0007531e-46
6.4518766e+02	2.0073534e-46
6.4665007e+02	2.0139842e-46
6.4811580e+02	2.0206452e-46
6.4958485e+02	2.0273371e-46
6.5105722e+02	2.0340596e-46
6.5253294e+02	2.0408125e-46
6.5401200e+02	2.0475967e-46
6.5549441e+02	2.0544122e-46
6.5698018e+02	2.0612586e-46
6.5846932e+02	2.0681365e-46
6.5996184e+02	2.0750460e-46
6.6145774e+02	2.0819872e-46
6.6295703e+02	2.0889603e-46
6.6445971e+02	2.0959650e-46
6.6596581e+02	2.1030020e-46
6.6747531e+02	2.1100715e-46
6.6898824e+02	2.1171728e-46
6.7050460e+02	2.1243071e-46
6.7202439e+02	2.1314739e-46
6.7354763e+02	2.1386737e-46
6.7507433e+02	2.1459062e-46
6.7660448e+02	2.1531721e-46
6.7813810e+02	2.1604711e-46
6.7967520e+02	2.1678033e-46
6.8121578e+02	2.1751695e-46
6.8275985e+02	2.1825692e-46
6.8430743e+02	2.1900028e-46
6.8585851e+02	2.1974703e-46
6.8741311e+02	2.2049723e-46
6.8897123e+02	2.2125081e-46
6.9053288e+02	2.2200788e-46
6.9209807e+02	2.2276840e-46
6.9366681e+02	2.2353240e-46
6.9523911e+02	2.2429990e-46
6.9681497e+02	2.2507093e-46
6.9839440e+02	2.2584544e-46
6.9997741e+02	2.2662352e-46
7.0156401e+02	2.2740516e-46
7.0315420e+02	2.2819036e-46
7.0474800e+02	2.2897918e-46
7.0634542e+02	2.2977157e-46
7.0794645e+02	2.3056761e-46
7.0955111e+02	2.3136728e-46
7.1115941e+02	2.3217059e-46
7.1277136e+02	2.3297761e-46
7.1438695e+02	2.3378829e-46
7.1600622e+02	2.3460268e-46
7.1762915e+02	2.3542078e-46
7.1925576e+02	2.3624262e-46
7.2088605e+02	2.3706822e-46
7.2252004e+02	2.3789762e-46
7.2415774e+02	2.3873077e-46
7.2579915e+02	2.3956774e-46
7.2744428e+02	2.4040856e-46
7.2909313e+02	2.4125318e-46
7.3074573e+02	2.4210168e-46
7.3240207e+02	2.4295404e-46
7.3406216e+02	2.4381030e-46
7.3572602e+02	2.4467047e-46
7.3739365e+02	2.4553458e-46
7.3906506e+02	2.4640262e-46
7.4074025e+02	2.4727465e-46
7.4241925e+02	2.4815064e-46
7.4410205e+02	2.4903062e-46
7.4578866e+02	2.4991465e-46
7.4747910e+02	2.5080268e-46
7.4917337e+02	2.5169477e-46
7.5087148e+02	2.5259095e-46
7.5257344e+02	2.5349120e-46
7.5427925e+02	2.5439558e-46
7.5598893e+02	2.5530406e-46
7.5770249e+02	2.5621672e-46
7.5941993e+02	2.5713351e-46
7.6114127e+02	2.5805451e-46
7.6286650e+02	2.5897969e-46
7.6459565e+02	2.5990911e-46
7.6632872e+02	2.6084275e-46
7.6806571e+02	2.6178069e-46
7.6980664e+02	2.6272286e-46
7.7155152e+02	2.6366936e-46
7.7330035e+02	2.6462017e-46
7.7505315e+02	2.6557533e-46
7.7680992e+02	2.6653481e-46
7.7857067e+02	2.6749868e-46
7.8033541e+02	2.6846695e-46
7.8210415e+02	2.6943965e-46
7.8387690e+02	2.7041678e-46
7.8565367e+02	2.7139834e-46
7.8743447e+02	2.7238439e-46
7.8921930e+02	2.7337494e-46
7.9100818e+02	2.7437004e-46
7.9280112e+02	2.7536963e-46
7.9459812e+02	2.7637380e-46
7.9639919e+02	2.7738253e-46
7.9820434e+02	2.7839587e-46
8.0001358e+02	2.7941382e-46
8.0182693e+02	2.8043642e-46
8.0364439e+02	2.8146367e-46
8.0546596e+02	2.8249562e-46
8.0729167e+02	2.8353225e-46
8.0912151e+02	2.8457365e-46
8.1095550e+02	2.8561977e-46
8.1279365e+02	2.8667065e-46
8.1463596e+02	2.8772630e-46
8.1648245e+02	2.8878679e-46
8.1833312e+02	2.8985209e-46
8.2018799e+02	2.9092228e-46
8.2204707e+02	2.9199732e-46
8.2391036e+02	2.9307725e-46
8.2577787e+02	2.9416212e-46
8.2764961e+02	2.9525191e-46
8.2952560e+02	2.9634669e-46
8.3140584e+02	2.9744645e-46
8.3329034e+02	2.9855123e-46
8.3517911e+02	2.9966103e-46
8.3707216e+02	3.0077587e-46
8.3896951e+02	3.0189580e-46
8.4087115e+02	3.0302085e-46
8.4277711e+02	3.0415102e-46
8.4468738e+02	3.0528630e-46
8.4660199e+02	3.0642681e-46
8.4852093e+02	3.0757246e-46
8.5044423e+02	3.0872335e-46
8.5237188e+02	3.0987948e-46
8.5430391e+02	3.1104088e-46
8.5624031e+02	3.1220756e-46
8.5818110e+02	3.1337957e-46
8.6012629e+02	3.1455690e-46
8.6207589e+02	3.1573960e-46
8.6402991e+02	3.1692769e-46
8.6598836e+02	3.1812115e-46
8.6795124e+02	3.1932010e-46
8.6991858e+02	3.2052446e-46
8.7189038e+02	3.2173432e-46
8.7386664e+02	3.2294969e-46
8.7584739e+02	3.2417063e-46
8.7783262e+02	3.2539708e-46
8.7982235e+02	3.2662914e-46
8.8181660e+02	3.2786678e-46
8.8381536e+02	3.2911007e-46
8.8581866e+02	3.3035901e-46
8.8782649e+02	3.3161364e-46
8.8983888e+02	3.3287400e-46
8.9185583e+02	3.3414008e-46
8.9387734e+02	3.3541194e-46
8.9590345e+02	3.3668954e-46
8.9793414e+02	3.3797300e-46
8.9996944e+02	3.3926229e-46
9.0200935e+02	3.4055746e-46
9.0405388e+02	3.4185850e-46
9.0610305e+02	3.4316547e-46
9.0815686e+02	3.4447843e-46
9.1021533e+02	3.4579731e-46
9.1227846e+02	3.4712221e-46
9.1434627e+02	3.4845312e-46
9.1641877e+02	3.4979013e-46
9.1849597e+02	3.5113318e-46
9.2057787e+02	3.5248238e-46
9.2266449e+02	3.5383769e-46
9.2475584e+02	3.5519919e-46
9.2685193e+02	3.5656690e-46
9.2895278e+02	3.5794082e-46
9.3105838e+02	3.5932099e-46
9.3316876e+02	3.6070746e-46
9.3528392e+02	3.6210022e-46
9.3740388e+02	3.6349935e-46
9.3952864e+02	3.6490486e-46
9.4165821e+02	3.6631682e-46
9.4379262e+02	3.6773520e-46
9.4593186e+02	3.6916016e-46
9.4807595e+02	3.7059168e-46
9.5022490e+02	3.7202995e-46
9.5237872e+02	3.7347530e-46
9.5453743e+02	3.7492852e-46
9.5670102e+02	3.7639314e-46
9.5886952e+02	3.7790209e-46
9.6104294e+02	3.8218627e-46
9.6322128e+02	3.8082683e-46
9.6540456e+02	3.8228610e-46
9.6759279e+02	3.8377178e-46
9.6978598e+02	3.8526753e-46
9.7198413e+02	3.8677110e-46
9.7418728e+02	3.8828190e-46
9.7639541e+02	3.8979975e-46
9.7860855e+02	3.9132460e-46
9.8082671e+02	3.9285646e-46
9.8304989e+02	3.9439533e-46
9.8527812e+02	3.9594119e-46
9.8751139e+02	3.9749414e-46
9.8974973e+02	3.9905412e-46
9.9199314e+02	4.0062124e-46
9.9424163e+02	4.0219548e-46
9.9649523e+02	4.0377687e-46
9.9875393e+02	4.0536547e-46
1.0010177e+03	4.0696131e-46
1.0032867e+03	4.0856440e-46
1.0055608e+03	4.1017477e-46
1.0078400e+03	4.1179246e-46
1.0101245e+03	4.1341751e-46
1.0124140e+03	4.1504996e-46
1.0147088e+03	4.1668983e-46
1.0170088e+03	4.1833715e-46
1.0193140e+03	4.1999194e-46
1.0216244e+03	4.2165427e-46
1.0239401e+03	4.2332421e-46
1.0262610e+03	4.2500169e-46
1.0285872e+03	4.2668678e-46
1.0309186e+03	4.2837955e-46
1.0332553e+03	4.3008003e-46
1.0355973e+03	4.3178824e-46
1.0379447e+03	4.3350417e-46
1.0402973e+03	4.3522797e-46
1.0426553e+03	4.3695957e-46
1.0450186e+03	4.3869902e-46
1.0473873e+03	4.4044640e-46
1.0497614e+03	4.4220172e-46
1.0521408e+03	4.4396504e-46
1.0545256e+03	4.4573635e-46
1.0569159e+03	4.4751570e-46
1.0593115e+03	4.4930319e-46
1.0617126e+03	4.5109877e-46
1.0641191e+03	4.5290250e-46
1.0665311e+03	4.5471447e-46
1.0689486e+03	4.5653463e-46
1.0713715e+03	4.5836309e-46
1.0737999e+03	4.6019985e-46
1.0762338e+03	4.6204496e-46
1.0786733e+03	4.6389845e-46
1.0811182e+03	4.6576037e-46
1.0835687e+03	4.6763076e-46
1.0860248e+03	4.6950963e-46
1.0884864e+03	4.7139705e-46
1.0909536e+03	4.7329303e-46
1.0934265e+03	4.7519767e-46
1.0959049e+03	4.7711093e-46
1.0983889e+03	4.7903289e-46
1.1008785e+03	4.8096363e-46
1.1033738e+03	4.8290309e-46
1.1058748e+03	4.8485138e-46
1.1083814e+03	4.8680853e-46
1.1108937e+03	4.8877454e-46
1.1134117e+03	4.9074952e-46
1.1159354e+03	4.9273349e-46
1.1184649e+03	4.9472645e-46
1.1210000e+03	4.9672847e-46
1.1235409e+03	4.9873957e-46
1.1260876e+03	5.0075980e-46
1.1286400e+03	5.0278927e-46
1.1311983e+03	5.0482792e-46
1.1337623e+03	5.0687583e-46
1.1363321e+03	5.0893307e-46
1.1389078e+03	5.1099963e-46
1.1414893e+03	5.1307559e-46
1.1440766e+03	5.1516098e-46
1.1466698e+03	5.1725588e-46
1.1492689e+03	5.1936026e-46
1.1518739e+03	5.2147417e-46
1.1544848e+03	5.2359773e-46
1.1571016e+03	5.2573097e-46
1.1597243e+03	5.2787383e-46
1.1623530e+03	5.3002648e-46
1.1649877e+03	5.3218891e-46
1.1676283e+03	5.3436115e-46
1.1702749e+03	5.3654324e-46
1.1729275e+03	5.3873525e-46
1.1755861e+03	5.4093726e-46
1.1782507e+03	5.4314922e-46
1.1809214e+03	5.4537125e-46
1.1835981e+03	5.4760338e-46
1.1862809e+03	5.4984566e-46
1.1889698e+03	5.5209811e-46
1.1916648e+03	5.5436081e-46
1.1943658e+03	5.5663380e-46
1.1970730e+03	5.5891707e-46
1.1997864e+03	5.6121075e-46
1.2025059e+03	5.6351482e-46
1.2052315e+03	5.6582941e-46
1.2079634e+03	5.6815447e-46
1.2107014e+03	5.7049007e-46
1.2134456e+03	5.7283636e-46
1.2161961e+03	5.7519326e-46
1.2189527e+03	5.7756086e-46
1.2217157e+03	5.7993921e-46
1.2244849e+03	5.8232838e-46
1.2272603e+03	5.8472840e-46
1.2300421e+03	5.8713933e-46
1.2328302e+03	5.8956118e-46
1.2356246e+03	5.9199406e-46
1.2384253e+03	5.9443799e-46
1.2412323e+03	5.9689301e-46
1.2440458e+03	5.9935922e-46
1.2468656e+03	6.0183659e-46
1.2496918e+03	6.0432522e-46
1.2525244e+03	6.0682519e-46
1.2553634e+03	6.0933649e-46
1.2582089e+03	6.1185921e-46
1.2610608e+03	6.1439334e-46
1.2639192e+03	6.1693901e-46
1.2667840e+03	6.1949627e-46
1.2696554e+03	6.2206510e-46
1.2725332e+03	6.2464565e-46
1.2754176e+03	6.2723790e-46
1.2783085e+03	6.2984189e-46
1.2812060e+03	6.3245772e-46
1.2841100e+03	6.3508546e-46
1.2870206e+03	6.3772512e-46
1.2899379e+03	6.4037678e-46
1.2928617e+03	6.4304049e-46
1.2957922e+03	6.4571628e-46
1.2987292e+03	6.4840419e-46
1.3016730e+03	6.5110438e-46
1.3046234e+03	6.5381677e-46
1.3075806e+03	6.5654151e-46
1.3105444e+03	6.5927860e-46
1.3135149e+03	6.6202817e-46
1.3164922e+03	6.6479021e-46
1.3194762e+03	6.6756478e-46
1.3224670e+03	6.7035196e-46
1.3254645e+03	6.7315179e-46
1.3284689e+03	6.7596433e-46
1.3314801e+03	6.7878966e-46
1.3344981e+03	6.8162782e-46
1.3375229e+03	6.8447887e-46
1.3405546e+03	6.8734283e-46
1.3435931e+03	6.9021988e-46
1.3466386e+03	6.9310993e-46
1.3496909e+03	6.9601314e-46
1.3527502e+03	6.9892951e-46
1.3558164e+03	7.0185913e-46
1.3588896e+03	7.0480204e-46
1.3619697e+03	7.0775834e-46
1.3650568e+03	7.1072803e-46
1.3681509e+03	7.1371126e-46
1.3712520e+03	7.1670802e-46
1.3743601e+03	7.1971840e-46
1.3774753e+03	7.2274241e-46
1.3805976e+03	7.2578020e-46
1.3837269e+03	7.2883175e-46
1.3868633e+03	7.3189716e-46
1.3900068e+03	7.3497650e-46
1.3931575e+03	7.3806985e-46
1.3963153e+03	7.4117721e-46
1.3994802e+03	7.4429868e-46
1.4026523e+03	7.4743437e-46
1.4058316e+03	7.5058427e-46
1.4090182e+03	7.5374847e-46
1.4122119e+03	7.5692704e-46
1.4154129e+03	7.6012006e-46
1.4186211e+03	7.6332760e-46
1.4218366e+03	7.6654970e-46
1.4250594e+03	7.6978641e-46
1.4282895e+03	7.7303795e-46
1.4315270e+03	7.7630431e-46
1.4347717e+03	7.7958593e-46
1.4380238e+03	7.8288527e-46
1.4412833e+03	7.8916473e-46
1.4445502e+03	7.8952132e-46
1.4478245e+03	7.9285945e-46
1.4511062e+03	7.9621506e-46
1.4543953e+03	7.9958630e-46
1.4576919e+03	8.0297287e-46
1.4609960e+03	8.0637496e-46
1.4643075e+03	8.0979248e-46
1.4676266e+03	8.1322551e-46
1.4709532e+03	8.1667413e-46
1.4742873e+03	8.2013842e-46
1.4776290e+03	8.2361848e-46
1.4809783e+03	8.2711430e-46
1.4843351e+03	8.3062600e-46
1.4876996e+03	8.3415369e-46
1.4910717e+03	8.3769736e-46
1.4944514e+03	8.4125713e-46
1.4978388e+03	8.4483305e-46
1.5012338e+03	8.4842524e-46
1.5046366e+03	8.5203368e-46
1.5080471e+03	8.5565856e-46
1.5114653e+03	8.5929987e-46
1.5148912e+03	8.6295772e-46
1.5183250e+03	8.6663217e-46
1.5217665e+03	8.7032334e-46
1.5252158e+03	8.7403128e-46
1.5286729e+03	8.7775599e-46
1.5321378e+03	8.8149764e-46
1.5356106e+03	8.8525630e-46
1.5390913e+03	8.8903202e-46
1.5425799e+03	8.9282486e-46
1.5460764e+03	8.9663493e-46
1.5495808e+03	9.0046230e-46
1.5530931e+03	9.0430708e-46
1.5566134e+03	9.0816927e-46
1.5601417e+03	9.1204906e-46
1.5636780e+03	9.1594638e-46
1.5672223e+03	9.1986146e-46
1.5707746e+03	9.2379426e-46
1.5743350e+03	9.2774495e-46
1.5779035e+03	9.3171360e-46
1.5814800e+03	9.3570026e-46
1.5850647e+03	9.3970499e-46
1.5886575e+03	9.4372792e-46
1.5922584e+03	9.4776911e-46
1.5958675e+03	9.5182869e-46
1.5994847e+03	9.5590665e-46
1.6031102e+03	9.6000311e-46
1.6067439e+03	9.6411821e-46
1.6103858e+03	9.6825201e-46
1.6140360e+03	9.7240450e-46
1.6176944e+03	9.7657594e-46
1.6213611e+03	9.8076626e-46
1.6250362e+03	9.8497560e-46
1.6287196e+03	9.8920409e-46
1.6324113e+03	9.9345171e-46
1.6361114e+03	9.9771867e-46
1.6398199e+03	1.0020050e-45
1.6435368e+03	1.0063108e-45
1.6472621e+03	1.0106361e-45
1.6509958e+03	1.0149811e-45
1.6547380e+03	1.0193458e-45
1.6584887e+03	1.0237303e-45
1.6622479e+03	1.0281347e-45
1.6660157e+03	1.0325591e-45
1.6697919e+03	1.0370036e-45
1.6735768e+03	1.0414683e-45
1.6773702e+03	1.0459532e-45
1.6811722e+03	1.0504585e-45
1.6849828e+03	1.0549843e-45
1.6888020e+03	1.0595306e-45
1.6926299e+03	1.0640975e-45
1.6964665e+03	1.0686852e-45
1.7003118e+03	1.0732937e-45
1.7041658e+03	1.0779232e-45
1.7080286e+03	1.0825736e-45
1.7119001e+03	1.0872452e-45
1.7157803e+03	1.0919379e-45
1.7196694e+03	1.0966520e-45
1.7235673e+03	1.1013875e-45
1.7274740e+03	1.1061445e-45
1.7313895e+03	1.1109230e-45
1.7353140e+03	1.1157233e-45
1.7392473e+03	1.1205454e-45
1.7431896e+03	1.1253893e-45
1.7471408e+03	1.1302552e-45
1.7511009e+03	1.1351432e-45
1.7550700e+03	1.1400535e-45
1.7590482e+03	1.1449859e-45
1.7630353e+03	1.1499409e-45
1.7670315e+03	1.1549182e-45
1.7710367e+03	1.1599183e-45
1.7750510e+03	1.1649409e-45
1.7790744e+03	1.1699864e-45
1.7831069e+03	1.1750548e-45
1.7871486e+03	1.1801463e-45
1.7911994e+03	1.1852607e-45
1.7952594e+03	1.1903985e-45
1.7993287e+03	1.1955595e-45
1.8034071e+03	1.2007441e-45
1.8074948e+03	1.2059521e-45
1.8115917e+03	1.2111837e-45
1.8156980e+03	1.2164392e-45
1.8198135e+03	1.2217184e-45
1.8239384e+03	1.2270217e-45
1.8280726e+03	1.2323490e-45
1.8322162e+03	1.2377005e-45
1.8363692e+03	1.2430763e-45
1.8405316e+03	1.2484765e-45
1.8447034e+03	1.2539012e-45
1.8488847e+03	1.2593505e-45
1.8530754e+03	1.2648246e-45
1.8572757e+03	1.2703235e-45
1.8614855e+03	1.2758475e-45
1.8657048e+03	1.2813964e-45
1.8699337e+03	1.2869706e-45
1.8741722e+03	1.2925700e-45
1.8784202e+03	1.2981949e-45
1.8826780e+03	1.3038453e-45
1.8869453e+03	1.3095214e-45
1.8912223e+03	1.3152232e-45
1.8955091e+03	1.3209510e-45
1.8998055e+03	1.3267046e-45
1.9041117e+03	1.3324845e-45
1.9084276e+03	1.3382906e-45
1.9127534e+03	1.3441231e-45
1.9170889e+03	1.3499826e-45
1.9214343e+03	1.3570678e-45
1.9257895e+03	1.3617804e-45
1.9301545e+03	1.3677188e-45
1.9345295e+03	1.3736847e-45
1.9389144e+03	1.3796778e-45
1.9433092e+03	1.3856980e-45
1.9477140e+03	1.3917457e-45
1.9521288e+03	1.3978207e-45
1.9565536e+03	1.4039234e-45
1.9609884e+03	1.4100537e-45
1.9654332e+03	1.4162119e-45
1.9698882e+03	1.4223981e-45
1.9743532e+03	1.4286123e-45
1.9788284e+03	1.4348547e-45
1.9833137e+03	1.4411255e-45
1.9878091e+03	1.4474248e-45
1.9923148e+03	1.4537525e-45
1.9968307e+03	1.4601091e-45
2.0013568e+03	1.4664945e-45
2.0058931e+03	1.4729090e-45
2.0104398e+03	1.4793524e-45
2.0149967e+03	1.4858252e-45
2.0195640e+03	1.4923274e-45
2.0241416e+03	1.4988590e-45
2.0287296e+03	1.5054203e-45
2.0333280e+03	1.5120114e-45
2.0379369e+03	1.5186324e-45
2.0425562e+03	1.5252834e-45
2.0471859e+03	1.5319647e-45
2.0518261e+03	1.5386763e-45
2.0564769e+03	1.5454183e-45
2.0611382e+03	1.5521910e-45
2.0658101e+03	1.5589944e-45
2.0704925e+03	1.5658287e-45
2.0751856e+03	1.5726940e-45
2.0798893e+03	1.5795904e-45
2.0846037e+03	1.5865182e-45
2.0893287e+03	1.5934774e-45
2.0940645e+03	1.6004682e-45
2.0988110e+03	1.6074907e-45
2.1035682e+03	1.6145451e-45
2.1083363e+03	1.6216316e-45
2.1131151e+03	1.6287502e-45
2.1179048e+03	1.6359011e-45
2.1227053e+03	1.6430844e-45
2.1275168e+03	1.6503004e-45
2.1323391e+03	1.6575492e-45
2.1371723e+03	1.6648308e-45
2.1420165e+03	1.6721455e-45
2.1468717e+03	1.6794934e-45
2.1517379e+03	1.6868747e-45
2.1566151e+03	1.6942894e-45
2.1615034e+03	1.7017378e-45
2.1664028e+03	1.7092200e-45
2.1713132e+03	1.7167362e-45
2.1762348e+03	1.7242865e-45
2.1811676e+03	1.7318711e-45
2.1861115e+03	1.7394900e-45
2.1910667e+03	1.7471436e-45
2.1960330e+03	1.7548319e-45
2.2010106e+03	1.7625552e-45
2.2059996e+03	1.7703135e-45
2.2109998e+03	1.7781069e-45
2.2160113e+03	1.7859357e-45
2.2210342e+03	1.7938002e-45
2.2260685e+03	1.8017003e-45
2.2311142e+03	1.8096362e-45
2.2361714e+03	1.8176082e-45
2.2412400e+03	1.8256164e-45
2.2463201e+03	1.8336609e-45
2.2514117e+03	1.8417419e-45
2.2565148e+03	1.8498597e-45
2.2616295e+03	1.8580142e-45
2.2667558e+03	1.8662058e-45
2.2718938e+03	1.8744345e-45
2.2770433e+03	1.8827006e-45
2.2822046e+03	1.8910042e-45
2.2873775e+03	1.8993456e-45
2.2925622e+03	1.9077247e-45
2.2977586e+03	1.9161419e-45
2.3029668e+03	1.9245973e-45
2.3081868e+03	1.9330911e-45
2.3134187e+03	1.9416235e-45
2.3186624e+03	1.9501945e-45
2.3239179e+03	1.9588046e-45
2.3291854e+03	1.9674536e-45
2.3344649e+03	1.9761419e-45
2.3397563e+03	1.9848697e-45
2.3450597e+03	1.9936371e-45
2.3503751e+03	2.0024442e-45
2.3557025e+03	2.0112913e-45
2.3610421e+03	2.0201786e-45
2.3663937e+03	2.0291063e-45
2.3717575e+03	2.0380744e-45
2.3771334e+03	2.0470832e-45
2.3825215e+03	2.0561330e-45
2.3879219e+03	2.0652238e-45
2.3933344e+03	2.0743560e-45
2.3987593e+03	2.0835301e-45
2.4041964e+03	2.0927460e-45
2.4096459e+03	2.1020018e-45
2.4151077e+03	2.1113008e-45
2.4205819e+03	2.1206419e-45
2.4260685e+03	2.1300256e-45
2.4315675e+03	2.1394518e-45
2.4370790e+03	2.1489208e-45
2.4426030e+03	2.1584328e-45
2.4481395e+03	2.1679880e-45
2.4536885e+03	2.1775865e-45
2.4592502e+03	2.1872286e-45
2.4648244e+03	2.1969145e-45
2.4704113e+03	2.2066442e-45
2.4760108e+03	2.2164183e-45
2.4816231e+03	2.2262366e-45
2.4872480e+03	2.2360995e-45
2.4928857e+03	2.2460073e-45
2.4985362e+03	2.2559599e-45
2.5041995e+03	2.2659577e-45
2.5098756e+03	2.2760009e-45
2.5155646e+03	2.2860897e-45
2.5212665e+03	2.2962243e-45
2.5269813e+03	2.3064049e-45
2.5327091e+03	2.3166317e-45
2.5384499e+03	2.3269048e-45
2.5442036e+03	2.3372247e-45
2.5499704e+03	2.3475914e-45
2.5557503e+03	2.3580051e-45
2.5615433e+03	2.3684662e-45
2.5673494e+03	2.3789746e-45
2.5731686e+03	2.3895308e-45
2.5790011e+03	2.4001349e-45
2.5848468e+03	2.4107871e-45
2.5907057e+03	2.4214877e-45
2.5965779e+03	2.4322368e-45
2.6024634e+03	2.4430348e-45
2.6083623e+03	2.4538817e-45
2.6142745e+03	2.4647778e-45
2.6202001e+03	2.4757234e-45
2.6261392e+03	2.4867188e-45
2.6320917e+03	2.4977640e-45
2.6380577e+03	2.5088593e-45
2.6440373e+03	2.5200051e-45
2.6500304e+03	2.5312013e-45
2.6560370e+03	2.5424485e-45
2.6620573e+03	2.5537466e-45
2.6680913e+03	2.5650960e-45
2.6741389e+03	2.5764970e-45
2.6802002e+03	2.5879497e-45
2.6862753e+03	2.5994543e-45
2.6923641e+03	2.6110112e-45
2.6984667e+03	2.6226206e-45
2.7045832e+03	2.6342826e-45
2.7107135e+03	2.6459977e-45
2.7168577e+03	2.6577657e-45
2.7230159e+03	2.6695873e-45
2.7291880e+03	2.6814625e-45
2.7353741e+03	2.6933917e-45
2.7415742e+03	2.7053750e-45
2.7477884e+03	2.7174125e-45
2.7540166e+03	2.7295048e-45
2.7602590e+03	2.7416520e-45
2.7665155e+03	2.7538543e-45
2.7727862e+03	2.7661120e-45
2.7790712e+03	2.7784254e-45
2.7853703e+03	2.7907945e-45
2.7916838e+03	2.8032199e-45
2.7980115e+03	2.8157016e-45
2.8043536e+03	2.8282400e-45
2.8107101e+03	2.8408353e-45
2.8170810e+03	2.8534879e-45
2.8234663e+03	2.8661977e-45
2.8298661e+03	2.8789653e-45
2.8362804e+03	2.8917908e-45
2.8427092e+03	2.9046746e-45
2.8491526e+03	2.9176168e-45
2.8556106e+03	2.9306177e-45
2.8620833e+03	2.9436777e-45
2.8685706e+03	2.9567970e-45
2.8750726e+03	2.9699759e-45
2.8815894e+03	2.9832209e-45
2.8881209e+03	2.9965131e-45
2.8946673e+03	3.0098722e-45
2.9012285e+03	3.0232918e-45
2.9078045e+03	3.0367724e-45
2.9143955e+03	3.0503141e-45
2.9210014e+03	3.0639174e-45
2.9276222e+03	3.0775824e-45
2.9342581e+03	3.0913094e-45
2.9409090e+03	3.1050986e-45
2.9475750e+03	3.1189506e-45
2.9542561e+03	3.1328653e-45
2.9609524e+03	3.1468432e-45
2.9676638e+03	3.1608846e-45
2.9743904e+03	3.1749897e-45
2.9811323e+03	3.1891588e-45
2.9878895e+03	3.2033922e-45
2.9946620e+03	3.2176902e-45
3.0014498e+03	3.2320531e-45
3.0082530e+03	3.2464813e-45
3.0150716e+03	3.2609749e-45
3.0219057e+03	3.2755342e-45
3.0287553e+03	3.2901597e-45
3.0356204e+03	3.3048515e-45
3.0425011e+03	3.3196100e-45
3.0493974e+03	3.3344355e-45
3.0563093e+03	3.3493283e-45
3.0632368e+03	3.3642887e-45
3.0701801e+03	3.3793170e-45
3.0771391e+03	3.3944135e-45
3.0841139e+03	3.4095785e-45
3.0911045e+03	3.4248123e-45
3.0981109e+03	3.4401153e-45
3.1051332e+03	3.4554876e-45
3.1121714e+03	3.4709299e-45
3.1192256e+03	3.4864422e-45
3.1262958e+03	3.5020249e-45
3.1333820e+03	3.5176782e-45
3.1404843e+03	3.5334027e-45
3.1476026e+03	3.5491986e-45
3.1547371e+03	3.5650660e-45
3.1618878e+03	3.5810056e-45
3.1690546e+03	3.5970175e-45
3.1762378e+03	3.6131021e-45
3.1834372e+03	3.6292597e-45
3.1906529e+03	3.6454906e-45
3.1978850e+03	3.6617951e-45
3.2051334e+03	3.6781736e-45
3.2123983e+03	3.6946266e-45
3.2196797e+03	3.7111542e-45
3.2269775e+03	3.7277567e-45
3.2342919e+03	3.7444347e-45
3.2416229e+03	3.7611882e-45
3.2489705e+03	3.7780179e-45
3.2563348e+03	3.7949239e-45
3.2637158e+03	3.8119068e-45
3.2711134e+03	3.8289666e-45
3.2785279e+03	3.8461039e-45
3.2859591e+03	3.8633190e-45
3.2934072e+03	3.8806122e-45
3.3008722e+03	3.8979839e-45
3.3083541e+03	3.9154344e-45
3.3158530e+03	3.9329641e-45
3.3233688e+03	3.9505735e-45
3.3309017e+03	3.9682627e-45
3.3384517e+03	3.9860323e-45
3.3460188e+03	4.0038824e-45
3.3536030e+03	4.0218136e-45
3.3612044e+03	4.0398269e-45
3.3688231e+03	4.0579205e-45
3.3764590e+03	4.0760968e-45
3.3841122e+03	4.0943557e-45
3.3917828e+03	4.1126976e-45
3.3994708e+03	4.1311225e-45
3.4071762e+03	4.1496313e-45
3.4148990e+03	4.1682240e-45
3.4226394e+03	4.1869010e-45
3.4303973e+03	4.2056628e-45
3.4381728e+03	4.2245098e-45
3.4459659e+03	4.2434423e-45
3.4537767e+03	4.2624608e-45
3.4616051e+03	4.2815654e-45
3.4694514e+03	4.3007570e-45
3.4773154e+03	4.3200355e-45
3.4851972e+03	4.3394015e-45
3.4930969e+03	4.3588555e-45
3.5010145e+03	4.3783978e-45
3.5089501e+03	4.3980287e-45
3.5169036e+03	4.4177488e-45
3.5248752e+03	4.4375584e-45
3.5328648e+03	4.4574579e-45
3.5408726e+03	4.4774475e-45
3.5488985e+03	4.4975281e-45
3.5569425e+03	4.5176997e-45
3.5650049e+03	4.5379629e-45
3.5730855e+03	4.5583180e-45
3.5811844e+03	4.5787656e-45
3.5893016e+03	4.5993059e-45
3.5974373e+03	4.6199395e-45
3.6055914e+03	4.6406667e-45
3.6137640e+03	4.6614881e-45
3.6219551e+03	4.6824038e-45
3.6301648e+03	4.7034145e-45
3.6383931e+03	4.7245206e-45
3.6466400e+03	4.7457224e-45
3.6549057e+03	4.7670205e-45
3.6631900e+03	4.7884152e-45
3.6714932e+03	4.8099071e-45
3.6798152e+03	4.8314965e-45
3.6881560e+03	4.8531839e-45
3.6965157e+03	4.8749697e-45
3.7048944e+03	4.8968544e-45
3.7132921e+03	4.9188384e-45
3.7217088e+03	4.9409222e-45
3.7301446e+03	4.9631061e-45
3.7385995e+03	4.9853910e-45
3.7470736e+03	5.0077768e-45
3.7555668e+03	5.0302641e-45
3.7640794e+03	5.0528537e-45
3.7726112e+03	5.0755457e-45
3.7811624e+03	5.0983407e-45
3.7897329e+03	5.1212392e-45
3.7983229e+03	5.1442415e-45
3.8069323e+03	5.1673484e-45
3.8155613e+03	5.1905601e-45
3.8242098e+03	5.2138771e-45
3.8328779e+03	5.2373000e-45
3.8415657e+03	5.2608295e-45
3.8502732e+03	5.2844650e-45
3.8590004e+03	5.3082082e-45
3.8677473e+03	5.3320591e-45
3.8765141e+03	5.3560183e-45
3.8853008e+03	5.3800864e-45
3.8941074e+03	5.4042635e-45
3.9029340e+03	5.4285504e-45
3.9117805e+03	5.4529476e-45
3.9206471e+03	5.4774555e-45
3.9295339e+03	5.5020745e-45
3.9384407e+03	5.5268054e-45
3.9473677e+03	5.5516485e-45
3.9563150e+03	5.5766043e-45
3.9652826e+03	5.6016734e-45
3.9742705e+03	5.6268563e-45
3.9832787e+03	5.6521534e-45
3.9923074e+03	5.6775655e-45
4.0013565e+03	5.7030928e-45
4.0104262e+03	5.7287360e-45
4.0195164e+03	5.7544955e-45
4.0286272e+03	5.7803720e-45
4.0377587e+03	5.8063659e-45
4.0469108e+03	5.8324777e-45
4.0560837e+03	5.8587082e-45
4.0652774e+03	5.8850576e-45
4.0744920e+03	5.9115267e-45
4.0837274e+03	5.9381158e-45
4.0929837e+03	5.9648257e-45
4.1022611e+03	5.9916566e-45
4.1115594e+03	6.0186095e-45
4.1208789e+03	6.0456847e-45
4.1302194e+03	6.0728828e-45
4.1395812e+03	6.1002042e-45
4.1489641e+03	6.1276496e-45
4.1583684e+03	6.1552197e-45
4.1677939e+03	6.1829148e-45
4.1772408e+03	6.2107357e-45
4.1867091e+03	6.2386828e-45
4.1961989e+03	6.2667568e-45
4.2057102e+03	6.2949583e-45
4.2152430e+03	6.3232876e-45
4.2247975e+03	6.3517455e-45
4.2343736e+03	6.3803327e-45
4.2439714e+03	6.4090494e-45
4.2535910e+03	6.4378967e-45
4.2632324e+03	6.4668747e-45
4.2728956e+03	6.4959844e-45
4.2825807e+03	6.5252262e-45
4.2922878e+03	6.5546006e-45
4.3020169e+03	6.5841084e-45
4.3117680e+03	6.6137501e-45
4.3215413e+03	6.6435265e-45
4.3313367e+03	6.6734376e-45
4.3411543e+03	6.7034848e-45
4.3509941e+03	6.7336683e-45
4.3608563e+03	6.7639887e-45
4.3707408e+03	6.7944469e-45
4.3806477e+03	6.8250431e-45
4.3905771e+03	6.8557782e-45
4.4005289e+03	6.8866530e-45
4.4105034e+03	6.9176678e-45
4.4205004e+03	6.9488234e-45
4.4305201e+03	6.9801203e-45
4.4405625e+03	7.0115593e-45
4.4506277e+03	7.0431409e-45
4.4607157e+03	7.0748661e-45
4.4708265e+03	7.1067350e-45
4.4809603e+03	7.1387487e-45
4.4911170e+03	7.1709077e-45
4.5012968e+03	7.2032124e-45
4.5114996e+03	7.2356640e-45
4.5217256e+03	7.2682628e-45
4.5319747e+03	7.3010095e-45
4.5422471e+03	7.3339049e-45
4.5525428e+03	7.3669496e-45
4.5628618e+03	7.4001442e-45
4.5732041e+03	7.4334894e-45
4.5835700e+03	7.4669860e-45
4.5939593e+03	7.5006347e-45
4.6043722e+03	7.5344360e-45
4.6148086e+03	7.5683908e-45
4.6252688e+03	7.6024998e-45
4.6357526e+03	7.6367634e-45
4.6462602e+03	7.6711825e-45
4.6567916e+03	7.7057580e-45
4.6673469e+03	7.7404903e-45
4.6779261e+03	7.7753801e-45
4.6885293e+03	7.8104286e-45
4.6991565e+03	7.8456359e-45
4.7098078e+03	7.8810031e-45
4.7204833e+03	7.9165307e-45
4.7311829e+03	7.9522197e-45
4.7419069e+03	7.9880704e-45
4.7526551e+03	8.0240841e-45
4.7634276e+03	8.0602611e-45
4.7742246e+03	8.0966023e-45
4.7850461e+03	8.1331086e-45
4.7958921e+03	8.1697803e-45
4.8067627e+03	8.2066188e-45
4.8176579e+03	8.2436242e-45
4.8285778e+03	8.2807974e-45
4.8395225e+03	8.3181397e-45
4.8504919e+03	8.3556512e-45
4.8614863e+03	8.3933331e-45
4.8725055e+03	8.4311860e-45
4.8835498e+03	8.4692106e-45
4.8946190e+03	8.5074079e-45
4.9057134e+03	8.5457785e-45
4.9168329e+03	8.5843232e-45
4.9279776e+03	8.6230429e-45
4.9391476e+03	8.6619383e-45
4.9503429e+03	8.7010103e-45
4.9615635e+03	8.7402595e-45
4.9728096e+03	8.7796870e-45
4.9840812e+03	8.8192932e-45
4.9953784e+03	8.8590795e-45
5.0067011e+03	8.8990460e-45
5.0180495e+03	8.9391940e-45
5.0294236e+03	8.9795243e-45
5.0408236e+03	9.0200377e-45
5.0522493e+03	9.0607348e-45
5.0637010e+03	9.1016166e-45
5.0751786e+03	9.1426841e-45
5.0866822e+03	9.1839378e-45
5.0982119e+03	9.2253789e-45
5.1097677e+03	9.2670080e-45
5.1213497e+03	9.3088261e-45
5.1329580e+03	9.3508339e-45
5.1445926e+03	9.3930324e-45
5.1562535e+03	9.4354223e-45
5.1679409e+03	9.4780048e-45
5.1796548e+03	9.5207803e-45
5.1913953e+03	9.5637501e-45
5.2031623e+03	9.6069149e-45
5.2149560e+03	9.6502757e-45
5.2267765e+03	9.6938332e-45
5.2386237e+03	9.7375883e-45
5.2504978e+03	9.7815421e-45
5.2623988e+03	9.8256954e-45
5.2743268e+03	9.8700489e-45
5.2862818e+03	9.9146041e-45
5.2982639e+03	9.9593612e-45
5.3102732e+03	1.0004320e-44
5.3223097e+03	1.0049485e-44
5.3343735e+03	1.0094856e-44
5.3464646e+03	1.0140430e-44
5.3585831e+03	1.0186213e-44
5.3707291e+03	1.0232203e-44
5.3829027e+03	1.0278401e-44
5.3951038e+03	1.0324810e-44
5.4073326e+03	1.0371428e-44
5.4195891e+03	1.0418258e-44
5.4318733e+03	1.0465300e-44
5.4441855e+03	1.0512557e-44
5.4565255e+03	1.0560029e-44
5.4688935e+03	1.0607715e-44
5.4812895e+03	1.0655617e-44
5.4937136e+03	1.0703738e-44
5.5061659e+03	1.0752076e-44
5.5186465e+03	1.0800634e-44
5.5311553e+03	1.0849414e-44
5.5436924e+03	1.0898412e-44
5.5562580e+03	1.0947636e-44
5.5688521e+03	1.0997079e-44
5.5814747e+03	1.1046750e-44
5.5941259e+03	1.1096646e-44
5.6068058e+03	1.1146767e-44
5.6195144e+03	1.1197117e-44
5.6322518e+03	1.1247695e-44
5.6450181e+03	1.1298502e-44
5.6578134e+03	1.1349540e-44
5.6706376e+03	1.1400809e-44
5.6834909e+03	1.1452311e-44
5.6963734e+03	1.1504047e-44
5.7092850e+03	1.1556018e-44
5.7222260e+03	1.1608224e-44
5.7351962e+03	1.1660670e-44
5.7481959e+03	1.1713350e-44
5.7612250e+03	1.1766270e-44
5.7742836e+03	1.1819432e-44
5.7873719e+03	1.1872835e-44
5.8004898e+03	1.1926479e-44
5.8136374e+03	1.1980366e-44
5.8268149e+03	1.2034498e-44
5.8400222e+03	1.2088877e-44
5.8532594e+03	1.2143502e-44
5.8665267e+03	1.2198376e-44
5.8798240e+03	1.2253498e-44
5.8931515e+03	1.2308868e-44
5.9065091e+03	1.2364493e-44
5.9198971e+03	1.2420369e-44
5.9333154e+03	1.2476499e-44
5.9467641e+03	1.2532883e-44
5.9602433e+03	1.2589522e-44
5.9737530e+03	1.2646419e-44
5.9872934e+03	1.2703576e-44
6.0008645e+03	1.2760990e-44
6.0144663e+03	1.2818667e-44
6.0280989e+03	1.2876603e-44
6.0417625e+03	1.2934802e-44
6.0554570e+03	1.2993266e-44
6.0691826e+03	1.3051995e-44
6.0829393e+03	1.3110992e-44
6.0967271e+03	1.3170257e-44
6.1105462e+03	1.3229789e-44
6.1243967e+03	1.3289591e-44
6.1382785e+03	1.3349667e-44
6.1521918e+03	1.3410013e-44
6.1661366e+03	1.3470634e-44
6.1801130e+03	1.3531531e-44
6.1941211e+03	1.3592703e-44
6.2081610e+03	1.3654154e-44
6.2222327e+03	1.3715883e-44
6.2363363e+03	1.3777891e-44
6.2504718e+03	1.3840181e-44
6.2646394e+03	1.3902756e-44
6.2788391e+03	1.3965612e-44
6.2930710e+03	1.4028756e-44
6.3073352e+03	1.4092185e-44
6.3216317e+03	1.4155900e-44
6.3359605e+03	1.4219907e-44
6.3503219e+03	1.4284203e-44
6.3647158e+03	1.4348794e-44
6.3791424e+03	1.4413674e-44
6.3936016e+03	1.4478849e-44
6.4080936e+03	1.4544321e-44
6.4226185e+03	1.4610091e-44
6.4371763e+03	1.4676159e-44
6.4517671e+03	1.4742525e-44
6.4663909e+03	1.4809194e-44
6.4810479e+03	1.4876166e-44
6.4957382e+03	1.4943439e-44
6.5104617e+03	1.5011021e-44
6.5252186e+03	1.5078907e-44
6.5400089e+03	1.5147104e-44
6.5548328e+03	1.5215607e-44
6.5696903e+03	1.5284424e-44
6.5845814e+03	1.5353552e-44
6.5995063e+03	1.5422992e-44
6.6144650e+03	1.5492749e-44
6.6294577e+03	1.5562822e-44
6.6444843e+03	1.5633214e-44
6.6595450e+03	1.5703924e-44
6.6746398e+03	1.5774956e-44
6.6897688e+03	1.5846311e-44
6.7049321e+03	1.5917988e-44
6.7201298e+03	1.5989992e-44
6.7353620e+03	1.6062323e-44
6.7506286e+03	1.6134980e-44
6.7659299e+03	1.6207969e-44
6.7812659e+03	1.6281288e-44
6.7966366e+03	1.6354939e-44
6.8120421e+03	1.6428925e-44
6.8274826e+03	1.6503249e-44
6.8429581e+03	1.6577909e-44
6.8584686e+03	1.6652906e-44
6.8740143e+03	1.6728246e-44
6.8895953e+03	1.6803927e-44
6.9052115e+03	1.6879950e-44
6.9208632e+03	1.6956319e-44
6.9365503e+03	1.7033035e-44
6.9522730e+03	1.7110100e-44
6.9680313e+03	1.7187512e-44
6.9838254e+03	1.7265277e-44
6.9996552e+03	1.7343397e-44
7.0155209e+03	1.7421867e-44
7.0314226e+03	1.7500697e-44
7.0473604e+03	1.7579883e-44
7.0633342e+03	1.7659428e-44
7.0793443e+03	1.7739336e-44
7.0953906e+03	1.7819604e-44
7.1114734e+03	1.7900238e-44
7.1275925e+03	1.7981238e-44
7.1437482e+03	1.8062605e-44
7.1599406e+03	1.8144341e-44
7.1761696e+03	1.8226450e-44
7.1924354e+03	1.8308929e-44
7.2087381e+03	1.8391784e-44
7.2250778e+03	1.8475013e-44
7.2414544e+03	1.8558624e-44
7.2578682e+03	1.8642609e-44
7.2743192e+03	1.8726978e-44
7.2908075e+03	1.8811730e-44
7.3073332e+03	1.8896868e-44
7.3238963e+03	1.8982389e-44
7.3404970e+03	1.9068301e-44
7.3571353e+03	1.9154602e-44
7.3738113e+03	1.9241294e-44
7.3905251e+03	1.9328382e-44
7.4072768e+03	1.9415861e-44
7.4240664e+03	1.9503740e-44
7.4408941e+03	1.9592018e-44
7.4577600e+03	1.9680695e-44
7.4746641e+03	1.9769774e-44
7.4916065e+03	1.9859258e-44
7.5085873e+03	1.9949150e-44
7.5256066e+03	2.0039449e-44
7.5426644e+03	2.0130156e-44
7.5597610e+03	2.0221275e-44
7.5768963e+03	2.0312811e-44
7.5940704e+03	2.0404760e-44
7.6112834e+03	2.0497125e-44
7.6285355e+03	2.0589911e-44
7.6458267e+03	2.0683117e-44
7.6631570e+03	2.0776746e-44
7.6805267e+03	2.0870801e-44
7.6979357e+03	2.0965282e-44
7.7153842e+03	2.1060195e-44
7.7328722e+03	2.1155534e-44
7.7503999e+03	2.1251307e-44
7.7679673e+03	2.1347516e-44
7.7855745e+03	2.1444161e-44
7.8032216e+03	2.1541245e-44
7.8209087e+03	2.1638769e-44
7.8386359e+03	2.1736734e-44
7.8564033e+03	2.1835148e-44
7.8742110e+03	2.1934004e-44
7.8920590e+03	2.2033311e-44
7.9099475e+03	2.2133069e-44
7.9278766e+03	2.2233279e-44
7.9458462e+03	2.2333946e-44
7.9638566e+03	2.2435067e-44
7.9819079e+03	2.2536648e-44
8.0000000e+03	2.2638687e-44
