# Segment list file created Thu Apr 24 18:30:58 PDT 2008 by kipp on ldas-pcdev1.ligo.caltech.edu
# Input: S4H1H2L1v11_segs.txt (run S4, ifos H1H2L1, version 11)
# Don't analyze data with the following flags: H1:ADC_OVERFLOW H1:INJECTION_BURST H1:INJECTION_INSPIRAL H1:INJECTION_PULSTART H1:INJECTION_STOCHASTIC H1:JET H1:OUTSIDE_S4 H1:PRELOCKLOSS_30 H1:RDS_C04_LX_HFHTDIFF_GT_10_PERCENT H1:SEISMIC_0D9_1D1 H2:ADC_OVERFLOW H2:INJECTION_BURST H2:INJECTION_INSPIRAL H2:INJECTION_PULSTART H2:INJECTION_STOCHASTIC H2:JET H2:OUTSIDE_S4 H2:PRELOCKLOSS_30 H2:RDS_C04_LX_HFHTDIFF_GT_10_PERCENT H2:SEISMIC_0D9_1D1 H2:WIND_OVER_30MPH L1:ADC_OVERFLOW L1:INJECTION_BURST L1:INJECTION_INSPIRAL L1:INJECTION_PULSTART L1:INJECTION_STOCHASTIC L1:NO_DATA L1:NO_RDS L1:OUT_OF_LOCK L1:OUTSIDE_S4 L1:PRELOCKLOSS_30 L1:RDS_C04_LX_HFHTDIFF_GT_10_PERCENT
# Total duration of segments to be analyzed: 1356922
#seg    start      stop    duration
   1  793154935  793156001   1066
   2  793162420  793162750    330
   3  793166407  793166820    413
   3  793166940  793170711   3771
   4  793171761  793175899   4138
   5  793176592  793179865   3273
   6  793180277  793181022    745
   6  793181082  793181720    638
   6  793181780  793183448   1668
   7  793184321  793189026   4705
   7  793189086  793190923   1837
   8  793191605  793191943    338
   9  793194920  793195513    593
   9  793195573  793197114   1541
  10  793199648  793199893    245
  10  793199953  793201701   1748
  10  793201761  793201821     60
  10  793201881  793203420   1539
  10  793203480  793205013   1533
  10  793205073  793206929   1856
  11  793208144  793210521   2377
  11  793210581  793211121    540
  11  793211181  793211643    462
  12  793213244  793213637    393
  12  793213697  793213802    105
  12  793213862  793214582    720
  12  793214762  793215066    304
  12  793215186  793217724   2538
  12  793217784  793217788      4
  12  793217848  793217880     32
  12  793217940  793224840   6900
  13  793228229  793228248     19
  14  793228930  793229601    671
  15  793230989  793232879   1890
  15  793232939  793233324    385
  16  793235111  793236180   1069
  16  793236240  793236420    180
  17  793239210  793239588    378
  18  793246615  793246740    125
  18  793246800  793250143   3343
  19  793250186  793253698   3512
  20  793253709  793253952    243
  21  793254583  793256820   2237
  22  793257669  793259820   2151
  23  793260719  793260793     74
  23  793260853  793269967   9114
  24  793270357  793271127    770
  25  793272235  793273664   1429
  42  793410032  793410899    867
  43  793411990  793412699    709
  44  793413502  793414637   1135
  45  793415238  793416464   1226
  46  793417079  793417500    421
  46  793417560  793422405   4845
  46  793422465  793423500   1035
  46  793423620  793425640   2020
  47  793425708  793425772     64
  48  793425811  793425813      2
  49  793428190  793441055  12865
  50  793441532  793442283    751
  51  793442970  793445340   2370
  52  793449323  793452540   3217
  52  793452600  793457280   4680
  53  793481587  793484160   2573
  54  793488344  793488537    193
  55  793488999  793489020     21
  55  793489080  793491060   1980
  56  793497113  793497180     67
  57  793500961  793502597   1636
  57  793502657  793510680   8023
  57  793510800  793515960   5160
  58  793519223  793519310     87
  59  793520008  793520053     45
  59  793520113  793520473    360
  59  793520533  793521240    707
  59  793521317  793522085    768
  60  793529807  793530073    266
  60  793530133  793531641   1508
  60  793531701  793532039    338
  61  793532853  793533600    747
  61  793533660  793535121   1461
  61  793535241  793536085    844
  61  793536145  793536845    700
  61  793536905  793537080    175
  62  793538262  793538409    147
  62  793538469  793538520     51
  63  793539605  793542720   3115
  63  793542780  793545780   3000
  63  793545840  793549497   3657
  64  793551160  793552616   1456
  65  793555921  793557600   1679
  65  793557660  793557780    120
  65  793557840  793558980   1140
  65  793559040  793560000    960
  65  793560060  793562160   2100
  65  793562220  793564440   2220
  65  793564500  793566480   1980
  65  793566540  793567320    780
  65  793567380  793570140   2760
  66  793573066  793573500    434
  66  793573620  793573752    132
  67  793575395  793578387   2992
  68  793579253  793582320   3067
  68  793582380  793582440     60
  68  793582500  793584564   2064
  69  793585142  793587600   2458
  69  793587660  793587900    240
  69  793587960  793588212    252
  70  793591375  793591675    300
  70  793591735  793591795     60
  70  793591855  793596314   4459
  71  793596872  793597020    148
  71  793597080  793597380    300
  71  793597440  793597571    131
  72  793598265  793598460    195
  72  793598520  793598740    220
  73  793599374  793600320    946
  73  793600380  793600542    162
  74  793602211  793603201    990
  75  793605813  793606828   1015
  76  793610664  793610704     40
  77  793612085  793612337    252
  77  793612440  793612620    180
  77  793612680  793612683      3
  78  793612953  793613340    387
  78  793613400  793613556    156
  79  793617933  793618080    147
  79  793618200  793618440    240
  79  793618500  793618556     56
  80  793620892  793620937     45
  81  793621788  793621860     72
  81  793621980  793622100    120
  81  793622220  793622238     18
  82  793627776  793627816     40
  83  793668064  793668240    176
  83  793668300  793668378     78
  84  793669308  793669680    372
  85  793671505  793672033    528
  85  793672153  793672440    287
  86  793674580  793675860   1280
  86  793675920  793676061    141
  86  793676121  793676884    763
  86  793676944  793677060    116
  86  793677120  793677769    649
  87  793703763  793712571   8808
  88  793717227  793718943   1716
  88  793719003  793719621    618
  88  793719681  793719897    216
  89  793723924  793724888    964
  90  793725777  793728600   2823
  91  793764485  793767200   2715
  92  793767679  793774800   7121
  92  793774860  793779060   4200
  92  793779180  793784082   4902
  93  793784732  793787351   2619
  94  793788056  793789080   1024
  94  793789140  793795331   6191
  94  793795391  793796160    769
  95  793808248  793811491   3243
  96  793812189  793817220   5031
  96  793817280  793822135   4855
  96  793822195  793823323   1128
  97  793823679  793831883   8204
  98  793831894  793832485    591
 100  793839576  793839900    324
 101  793841043  793842721   1678
 102  793843889  793845420   1531
 102  793845600  793845928    328
 103  793845948  793847399   1451
 104  793849818  793850957   1139
 104  793851017  793855199   4182
 105  793856139  793861764   5625
 105  793861824  793864200   2376
 105  793864320  793873805   9485
 106  793877308  793878000    692
 106  793878120  793879456   1336
 107  793879839  793881135   1296
 108  793881409  793888380   6971
 109  793890758  793895938   5180
 110  793898385  793902705   4320
 111  793903532  793907638   4106
 112  793908082  793908720    638
 112  793908780  793908886    106
 113  793931292  793934893   3601
 113  793934953  793935073    120
 113  793935133  793935253    120
 113  793935313  793936277    964
 113  793936337  793950125  13788
 114  793951441  793958094   6653
 115  793958930  793960800   1870
 116  793963081  793970346   7265
 117  793971041  793975709   4668
 118  793976166  793978748   2582
 119  793979514  793982905   3391
 119  793982965  793983780    815
 119  793983900  793984260    360
 119  793984320  793985911   1591
 120  793986886  793997363  10477
 120  793998070  794001737   3667
 121  794004919  794006962   2043
 121  794007530  794008140    610
 121  794008517  794011736   3219
 122  794018388  794018580    192
 122  794018700  794021220   2520
 122  794021340  794022300    960
 123  794024535  794027184   2649
 124  794028147  794039640  11493
 124  794039760  794042940   3180
 125  794046530  794056766  10236
 126  794057805  794058180    375
 127  794059712  794063520   3808
 128  794068099  794069121   1022
 128  794069181  794069541    360
 128  794069601  794072387   2786
 129  794073182  794074500   1318
 130  794076101  794078520   2419
 130  794078580  794079085    505
 130  794079145  794079329    184
 130  794079389  794080508   1119
 131  794082719  794085587   2868
 132  794088370  794088900    530
 133  794096013  794096672    659
 134  794097296  794099809   2513
 135  794101270  794104946   3676
 135  794105651  794106956   1305
 135  794107016  794120980  13964
 136  794131532  794132587   1055
 137  794133537  794140676   7139
 137  794140736  794144220   3484
 137  794144314  794148171   3857
 137  794148231  794149380   1149
 138  794158558  794159244    686
 138  794159304  794160692   1388
 138  794160752  794163280   2528
 138  794163340  794171400   8060
 138  794171460  794174864   3404
 139  794182662  794185800   3138
 139  794185860  794186250    390
 140  794187029  794195083   8054
 141  794196506  794198114   1608
 142  794201406  794202780   1374
 143  794206067  794211780   5713
 143  794211840  794212459    619
 144  794216478  794218020   1542
 144  794218140  794224620   6480
 144  794224800  794225510    710
 145  794225744  794234989   9245
 146  794235351  794235769    418
 147  794238628  794243160   4532
 147  794243220  794244420   1200
 147  794244480  794246537   2057
 147  794246597  794253810   7213
 147  794254464  794254538     74
 148  794255098  794255182     84
 149  794258842  794258983    141
 150  794259435  794262349   2914
 151  794263546  794263864    318
 152  794264878  794268240   3362
 152  794268300  794268939    639
 153  794269296  794271676   2380
 154  794274816  794275157    341
 155  794275532  794276280    748
 155  794276400  794276605    205
 156  794276677  794278646   1969
 156  794278840  794279293    453
 156  794279390  794280016    626
 156  794280129  794282054   1925
 157  794284239  794291317   7078
 157  794291377  794297745   6368
 157  794297905  794302920   5015
 157  794303040  794308840   5800
 158  794309795  794315940   6145
 159  794317004  794317260    256
 159  794317320  794321065   3745
 159  794321125  794325621   4496
 160  794326608  794333400   6792
 160  794333460  794336613   3153
 161  794361070  794361180    110
 161  794361300  794361397     97
 162  794448010  794450214   2204
 163  794452839  794454558   1719
 164  794463084  794464327   1243
 165  794467897  794469132   1235
 165  794469192  794469796    604
 165  794469856  794472975   3119
 165  794473095  794473275    180
 165  794473395  794473759    364
 165  794473819  794477926   4107
 166  794479274  794480760   1486
 166  794480820  794484084   3264
 167  794484148  794488509   4361
 167  794488569  794489700   1131
 167  794489760  794494536   4776
 168  794495210  794495422    212
 169  794495948  794496941    993
 169  794497001  794504411   7410
 170  794506532  794508017   1485
 170  794508137  794509401   1264
 170  794509461  794509705    244
 170  794509765  794509785     20
 170  794509845  794510325    480
 170  794510385  794511098    713
 171  794518193  794518839    646
 172  794524109  794524817    708
 172  794524877  794525740    863
 173  794526248  794526445    197
 173  794526505  794529121   2616
 173  794529181  794534100   4919
 174  794536130  794542680   6550
 174  794542740  794553780  11040
 174  794553840  794556146   2306
 174  794556206  794562802   6596
 175  794564851  794577330  12479
 176  794584280  794584760    480
 176  794584820  794586603   1783
 176  794586663  794587158    495
 177  794596096  794596573    477
 177  794596633  794599527   2894
 178  794608688  794608902    214
 179  794611586  794615340   3754
 179  794615400  794618428   3028
 180  794619365  794620862   1497
 181  794622484  794622956    472
 181  794630496  794635380   4884
 181  794635440  794642160   6720
 181  794642220  794645220   3000
 181  794645400  794645460     60
 181  794645580  794645880    300
 181  794645940  794646300    360
 181  794646360  794646600    240
 181  794646720  794646780     60
 181  794646840  794646900     60
 181  794646960  794647380    420
 181  794647440  794647860    420
 181  794647920  794648667    747
 182  794651105  794658900   7795
 182  794658960  794670384  11424
 182  794670444  794671618   1174
 183  794672387  794675436   3049
 183  794675496  794675796    300
 183  794675856  794675946     90
 184  794676612  794677580    968
 184  794677640  794677820    180
 184  794677880  794678820    940
 184  794678880  794680554   1674
 185  794682321  794682626    305
 185  794682686  794683560    874
 185  794683620  794683930    310
 186  794685119  794685120      1
 186  794685180  794689920   4740
 186  794690040  794690542    502
 187  794691527  794691817    290
 187  794692829  794692920     91
 187  794692980  794693040     60
 188  794699317  794699880    563
 188  794699940  794700120    180
 188  794700300  794701410   1110
 189  794702248  794710094   7846
 189  794710154  794717040   6886
 189  794717100  794720280   3180
 190  794723770  794724504    734
 191  794725814  794729017   3203
 191  794729077  794732989   3912
 191  794733049  794734786   1737
 192  794735382  794736098    716
 192  794736158  794736398    240
 192  794736458  794736578    120
 193  794737334  794737842    508
 193  794737902  794738439    537
 193  794738499  794738739    240
 193  794738799  794739583    784
 193  794739643  794739703     60
 193  794739763  794739823     60
 193  794739883  794740063    180
 193  794740123  794740307    184
 193  794740427  794740747    320
 193  794740807  794740867     60
 193  794741047  794741107     60
 193  794741167  794741227     60
 193  794741287  794741407    120
 193  794741527  794741771    244
 193  794741951  794742191    240
 193  794742251  794742351    100
 193  794742411  794742711    300
 193  794742771  794743071    300
 193  794743131  794743191     60
 193  794743371  794743375      4
 193  794743495  794743555     60
 193  794743615  794743702     87
 193  794743822  794743942    120
 193  794744002  794744062     60
 193  794744182  794744302    120
 193  794744362  794744542    180
 193  794744722  794744786     64
 193  794744906  794745086    180
 193  794745146  794745446    300
 193  794745506  794745626    120
 193  794745746  794745810     64
 193  794745870  794745930     60
 193  794746110  794746230    120
 193  794746290  794746470    180
 193  794746530  794746894    364
 193  794746954  794747021     67
 193  794747081  794747141     60
 193  794747201  794747561    360
 193  794747621  794747681     60
 193  794747741  794747801     60
 193  794747861  794747914     53
 193  794747974  794748034     60
 193  794748094  794748214    120
 193  794748454  794748634    180
 193  794748694  794748799    105
 193  794748979  794749039     60
 193  794749099  794749219    120
 193  794749279  794749339     60
 193  794749639  794749823    184
 193  794749883  794750003    120
 193  794750063  794750226    163
 193  794750286  794750406    120
 193  794750526  794750646    120
 193  794750766  794750886    120
 193  794751066  794751126     60
 193  794751186  794751310    124
 193  794751610  794751670     60
 193  794751730  794751850    120
 193  794752030  794752150    120
 193  794752210  794752274     64
 193  794752334  794752380     46
 193  794752454  794752694    240
 193  794752754  794752814     60
 193  794752874  794752934     60
 193  794753174  794753298    124
 193  794753538  794753658    120
 193  794753778  794754198    420
 193  794754258  794754502    244
 193  794754562  794754802    240
 193  794754862  794754982    120
 193  794755042  794755162    120
 193  794755222  794755289     67
 193  794755409  794755529    120
 193  794755589  794755769    180
 193  794755889  794755949     60
 193  794756009  794756129    120
 193  794756189  794756373    184
 193  794756553  794756733    180
 193  794756853  794756973    120
 193  794757033  794757213    180
 193  794757273  794757457    184
 193  794757517  794757842    325
 193  794757902  794758693    791
 193  794758753  794758813     60
 193  794758873  794758933     60
 193  794758993  794758997      4
 193  794759057  794759117     60
 193  794759177  794759237     60
 193  794759417  794759477     60
 193  794759537  794759639    102
 193  794759759  794759879    120
 193  794760299  794760479    180
 193  794760539  794760562     23
 193  794760802  794760982    180
 193  794761042  794761102     60
 193  794761342  794761356     14
 193  794761476  794762016    540
 193  794762136  794762196     60
 193  794762256  794762493    237
 193  794762553  794762613     60
 193  794762673  794762733     60
 193  794762793  794762853     60
 193  794763033  794763153    120
 193  794763273  794763337     64
 193  794763397  794763577    180
 193  794763817  794763997    180
 193  794764057  794764117     60
 193  794764177  794764237     60
 193  794764357  794764361      4
 193  794764541  794764601     60
 193  794764781  794764901    120
 193  794764961  794765021     60
 193  794765081  794765099     18
 194  794766396  794766486     90
 194  794766546  794766606     60
 194  794766666  794766726     60
 194  794766786  794766846     60
 194  794766906  794767150    244
 194  794767390  794767450     60
 194  794767510  794767630    120
 194  794767690  794767750     60
 194  794767990  794768054     64
 194  794768114  794768234    120
 194  794768354  794768474    120
 194  794768714  794768774     60
 194  794769014  794769018      4
 194  794769198  794769258     60
 194  794769318  794769438    120
 194  794769558  794769858    300
 194  794770038  794770042      4
 194  794770222  794770402    180
 194  794770462  794770522     60
 194  794770702  794770740     38
 194  794770942  794771002     60
 194  794771062  794771246    184
 194  794771306  794771412    106
 194  794771472  794771652    180
 194  794771712  794771772     60
 194  794771832  794771892     60
 194  794771952  794772012     60
 194  794772072  794772132     60
 194  794772252  794772312     60
 194  794772372  794772676    304
 194  794772916  794773156    240
 194  794773336  794773700    364
 194  794773880  794774000    120
 194  794774060  794774376    316
 194  794774436  794774820    384
 194  794774880  794775425    545
 194  794775485  794776089    604
 194  794776209  794776629    420
 194  794776689  794776980    291
 195  794781638  794784960   3322
 196  794786335  794786746    411
 197  794790002  794790920    918
 197  794790980  794800320   9340
 197  794800380  794800742    362
 198  794800804  794815266  14462
 198  794815859  794817950   2091
 198  794818436  794819215    779
 198  794819275  794820120    845
 198  794820180  794820359    179
 198  794820419  794820752    333
 199  794822233  794822531    298
 199  794822591  794822651     60
 199  794822760  794822891    131
 199  794822951  794825239   2288
 199  794825299  794825963    664
 199  794826023  794826503    480
 199  794826563  794826627     64
 199  794826687  794827047    360
 199  794827107  794828015    908
 199  794828075  794828128     53
 199  794828188  794830476   2288
 199  794830536  794831200    664
 199  794831320  794831440    120
 199  794831500  794831620    120
 199  794831680  794832284    604
 199  794832344  794832584    240
 199  794832764  794832944    180
 199  794833004  794833064     60
 199  794833124  794833248    124
 199  794833308  794833368     60
 199  794833428  794833612    184
 200  794835538  794835613     75
 200  794835793  794835853     60
 200  794835973  794836033     60
 200  794836093  794836153     60
 200  794836213  794836393    180
 200  794836513  794836872    359
 200  794836992  794837291    299
 201  794838856  794838957    101
 201  794839017  794839137    120
 201  794839317  794839501    184
 201  794839621  794839741    120
 201  794839981  794840041     60
 201  794840101  794840221    120
 201  794840341  794840401     60
 201  794840521  794840525      4
 201  794840585  794840629     44
 201  794840689  794840809    120
 201  794840929  794841289    360
 201  794841409  794841469     60
 201  794841529  794841724    195
 201  794841844  794841964    120
 201  794842024  794842144    120
 201  794842264  794842361     97
 203  794843785  794844111    326
 204  794844615  794847540   2925
 204  794847600  794849306   1706
 205  794849930  794851685   1755
 206  794852479  794852849    370
 206  794852909  794853209    300
 207  794853869  794854113    244
 207  794854173  794854233     60
 207  794854293  794854417    124
 207  794854477  794854560     83
 207  794854620  794854881    261
 207  794854941  794854980     39
 207  794855100  794855165     65
 207  794855285  794855463    178
 208  794856362  794856719    357
 208  794856779  794856839     60
 208  794856899  794857245    346
 208  794857305  794857366     61
 208  794857426  794857546    120
 208  794857666  794857726     60
 208  794857786  794857800     14
 208  794857860  794858145    285
 208  794858205  794858385    180
 208  794858445  794858466     21
 209  794859577  794859873    296
 209  794859933  794859952     19
 209  794860012  794860132    120
 209  794860372  794860432     60
 209  794860492  794860900    408
 209  794861020  794861408    388
 209  794861468  794861588    120
 209  794861760  794861880    120
 209  794861948  794862128    180
 209  794862188  794862312    124
 209  794862372  794862672    300
 209  794862732  794863560    828
 209  794863620  794864075    455
 209  794864135  794864307    172
 210  794867121  794867627    506
 211  794868287  794869043    756
 212  794870049  794870081     32
 214  794885696  794885981    285
 214  794887283  794910900  23617
 214  794910960  794928543  17583
 215  794929426  794934232   4806
 216  794936465  794940013   3548
 217  794940884  794941477    593
 218  794942565  794943600   1035
 218  794943720  794946753   3033
 219  794947123  794952659   5536
 220  794959809  794961840   2031
 220  794961960  794962380    420
 220  794962440  794963400    960
 220  794963520  794965080   1560
 221  794965758  794974440   8682
 221  794974500  794975340    840
 221  794975400  794986876  11476
 221  794987414  794992606   5192
 221  794993063  794998140   5077
 222  795001391  795004149   2758
 223  795004935  795007020   2085
 224  795009324  795012600   3276
 224  795012660  795015240   2580
 225  795017940  795018065    125
 226  795018561  795019279    718
 227  795020040  795020100     60
 227  795020340  795022369   2029
 228  795023059  795023460    401
 228  795023520  795023772    252
 229  795024627  795025769   1142
 230  795026904  795028620   1716
 231  795030078  795030300    222
 232  795037563  795037620     57
 232  795037680  795038040    360
 232  795038100  795038340    240
 232  795038460  795038580    120
 232  795038640  795038700     60
 233  795094982  795097605   2623
 234  795099705  795101100   1395
 234  795101160  795101200     40
 235  795106277  795106412    135
 236  795107228  795108728   1500
 237  795110586  795110593      7
 238  795110681  795111217    536
 238  795111277  795111701    424
 238  795111761  795113379   1618
 239  795114409  795114600    191
 239  795114660  795114911    251
 240  795115858  795119113   3255
 240  795119413  795121486   2073
 241  795122918  795123546    628
 242  795124110  795124200     90
 242  795124260  795128580   4320
 242  795128640  795129000    360
 242  795129120  795130560   1440
 242  795130620  795131498    878
 243  795133171  795136980   3809
 243  795137160  795137676    516
 244  795138963  795144920   5957
 244  795146097  795155580   9483
 245  795156829  795157195    366
 246  795160115  795165931   5816
 247  795169179  795174480   5301
 247  795174600  795186192  11592
 247  795186252  795187936   1684
 247  795187996  795188180    184
 247  795188240  795192396   4156
 247  795192456  795192576    120
 247  795192636  795192696     60
 247  795192756  795193300    544
 247  795193360  795194384   1024
 247  795194444  795204660  10216
 247  795204720  795211620   6900
 248  795223844  795223980    136
 249  795226666  795255865  29199
 250  795256629  795257070    441
 251  795257344  795261802   4458
 251  795262648  795265762   3114
 251  795265822  795266707    885
 252  795266860  795266889     29
 253  795267713  795272180   4467
 254  795272231  795273977   1746
 254  795274037  795280497   6460
 255  795287278  795287852    574
 256  795302885  795309600   6715
 256  795309660  795310214    554
 257  795313539  795319532   5993
 258  795329858  795337719   7861
 259  795338572  795340320   1748
 259  795340380  795341520   1140
 259  795341580  795341880    300
 259  795341940  795342960   1020
 259  795343020  795343380    360
 259  795343440  795343620    180
 259  795343680  795344357    677
 259  795345172  795346020    848
 259  795346080  795346140     60
 259  795346260  795346380    120
 259  795346440  795346560    120
 259  795346680  795346920    240
 259  795346980  795347040     60
 259  795347100  795347220    120
 259  795347400  795347520    120
 259  795347760  795347880    120
 259  795347940  795348360    420
 259  795348420  795348600    180
 259  795348720  795348900    180
 259  795349080  795349140     60
 259  795349200  795349440    240
 259  795349500  795349620    120
 259  795349740  795349800     60
 259  795349860  795349920     60
 259  795349980  795350100    120
 259  795350160  795350543    383
 260  795358094  795360480   2386
 260  795360540  795363720   3180
 260  795363780  795363960    180
 260  795364320  795364380     60
 260  795364440  795364560    120
 260  795364620  795364740    120
 260  795364800  795365520    720
 260  795365580  795376500  10920
 260  795376560  795376620     60
 260  795376680  795377100    420
 260  795377160  795377220     60
 260  795377280  795377340     60
 260  795377400  795378060    660
 260  795378180  795378480    300
 260  795378540  795379440    900
 260  795379560  795380160    600
 260  795380220  795380280     60
 260  795380400  795380700    300
 260  795380820  795381120    300
 260  795381180  795381240     60
 260  795381300  795381360     60
 260  795381420  795381780    360
 260  795381840  795382057    217
 261  795384630  795384900    270
 261  795384960  795385440    480
 261  795385500  795385800    300
 261  795386040  795386078     38
 262  795396170  795396420    250
 262  795396480  795396900    420
 262  795396960  795398711   1751
 263  795398826  795400440   1614
 263  795400500  795400560     60
 263  795400620  795400920    300
 263  795400980  795401100    120
 263  795401160  795401232     72
 263  795401663  795403080   1417
 263  795403140  795403696    556
 264  795408344  795408360     16
 264  795408420  795408540    120
 264  795408720  795409500    780
 264  795409620  795409740    120
 264  795409800  795410280    480
 264  795410520  795410640    120
 264  795410700  795410820    120
 264  795411420  795411480     60
 264  795411540  795411600     60
 264  795411720  795411900    180
 264  795412260  795416040   3780
 265  795431822  795432120    298
 265  795432180  795432360    180
 265  795432420  795432600    180
 265  795432720  795433800   1080
 265  795433860  795435325   1465
 265  795435385  795435929    544
 265  795435989  795436260    271
 265  795436740  795436800     60
 266  795437217  795437220      3
 266  795437280  795438000    720
 266  795438180  795438420    240
 266  795438480  795438540     60
 266  795438600  795438780    180
 266  795438840  795439020    180
 266  795439080  795439200    120
 266  795439320  795439380     60
 266  795439500  795439620    120
 266  795439680  795440100    420
 266  795440160  795440640    480
 266  795441180  795441240     60
 266  795441780  795441900    120
 266  795442140  795443700   1560
 267  795450543  795450625     82
 267  795450685  795453973   3288
 267  795454033  795454439    406
 267  795454499  795455763   1264
 267  795455883  795456487    604
 267  795456547  795457045    498
 267  795457105  795458429   1324
 267  795458489  795459051    562
 267  795459111  795459651    540
 267  795459711  795459873    162
 268  795460401  795461035    634
 268  795461095  795462663   1568
 268  795462723  795463327    604
 268  795463387  795463980    593
 268  795464040  795464520    480
 268  795464580  795468060   3480
 268  795468120  795470580   2460
 268  795470647  795471709   1062
 269  795474768  795474900    132
 269  795475020  795475620    600
 270  795477237  795485040   7803
 270  795485100  795486897   1797
 270  795487779  795491091   3312
 270  795491151  795514403  23252
 271  795515010  795515190    180
 271  795515250  795515794    544
 271  795515854  795516214    360
 271  795516274  795516394    120
 271  795516454  795516514     60
 271  795516574  795516758    184
 271  795516818  795516938    120
 271  795517118  795517358    240
 271  795517478  795517538     60
 271  795517658  795517782    124
 271  795517962  795518555    593
 272  795524120  795524357    237
 272  795524417  795524421      4
 272  795524601  795524781    180
 272  795524841  795525081    240
 272  795525141  795525381    240
 272  795525441  795525445      4
 272  795525505  795525625    120
 272  795525865  795525925     60
 272  795526105  795526225    120
 272  795526285  795526469    184
 272  795526589  795526649     60
 272  795526709  795527069    360
 272  795527249  795527369    120
 272  795527429  795527481     52
 273  795528453  795528517     64
 273  795528577  795528757    180
 273  795528817  795528877     60
 273  795528937  795529117    180
 273  795529177  795529297    120
 273  795529357  795529541    184
 273  795529601  795529661     60
 273  795529721  795529781     60
 273  795529841  795529961    120
 273  795530081  795530261    180
 273  795530381  795530441     60
 273  795530501  795530685    184
 273  795530745  795530805     60
 273  795530985  795531105    120
 273  795531285  795531589    304
 273  795531649  795532249    600
 273  795532309  795532793    484
 273  795532853  795533393    540
 273  795533573  795533877    304
 273  795533937  795534237    300
 273  795534297  795534353     56
 274  795535865  795536105    240
 274  795536165  795536225     60
 274  795536345  795536585    240
 274  795536645  795536829    184
 274  795536889  795537069    180
 274  795537129  795537249    120
 274  795537309  795537429    120
 274  795537609  795537853    244
 274  795537973  795538033     60
 274  795538093  795538287    194
 274  795538347  795538407     60
 274  795538467  795538527     60
 274  795538587  795538767    180
 274  795538827  795538947    120
 274  795539187  795539191      4
 274  795539251  795539311     60
 274  795539371  795539431     60
 274  795539551  795539791    240
 274  795539851  795539911     60
 274  795540031  795540275    244
 274  795540335  795541229    894
 275  795542019  795542199    180
 275  795542259  795542443    184
 275  795542503  795542803    300
 275  795542863  795544067   1204
 275  795544127  795544791    664
 275  795544851  795545335    484
 275  795545395  795545637    242
 276  795546542  795546773    231
 277  795548057  795548163    106
 277  795548223  795549187    964
 277  795549247  795549371    124
 277  795549431  795549491     60
 277  795549551  795549791    240
 277  795549911  795550455    544
 277  795550515  795550815    300
 277  795550875  795551115    240
 277  795551175  795551235     60
 277  795551295  795552040    745
 277  795552100  795552709    609
 277  795552769  795553493    724
 277  795553553  795554237    684
 278  795555913  795555952     39
 279  795559975  795561880   1905
 280  795562355  795564146   1791
 280  795564206  795565654   1448
 281  795566258  795566400    142
 282  795569397  795570480   1083
 282  795570540  795574284   3744
 282  795575040  795578880   3840
 282  795578940  795579945   1005
 283  795582231  795583671   1440
 283  795583749  795589080   5331
 284  795591622  795593294   1672
 285  795595755  795601068   5313
 286  795601387  795601553    166
 287  795602844  795609185   6341
 288  795610002  795610980    978
 288  795611040  795611823    783
 289  795612587  795627240  14653
 289  795627300  795627540    240
 289  795627600  795627720    120
 289  795627900  795627960     60
 289  795628080  795628140     60
 289  795628200  795628320    120
 289  795628440  795628680    240
 289  795628800  795628920    120
 289  795629040  795631082   2042
 290  795631607  795632700   1093
 290  795632940  795633300    360
 290  795633360  795635880   2520
 290  795636000  795636840    840
 290  795636960  795637020     60
 290  795637140  795637200     60
 290  795637260  795637620    360
 290  795637680  795640860   3180
 290  795641040  795641220    180
 290  795641280  795641340     60
 290  795641400  795641912    512
 291  795642682  795643680    998
 291  795643740  795643920    180
 291  795643980  795644100    120
 291  795644160  795644640    480
 291  795644700  795645060    360
 291  795645120  795645731    611
 292  795646386  795646500    114
 292  795646860  795646920     60
 292  795647160  795647220     60
 292  795647460  795647511     51
 293  795667815  795674052   6237
 294  795675933  795676055    122
 295  795676722  795679213   2491
